 + ++++++++++++++++++++++++++++++++++++++++++++++++++++++++++++++++++++ +
 +                                                                      +
 +           You have chose to blind your fitting according to          +
 +                omega_ref * (1 + (R +/- deltaR) *10^{-6})             +
 +                                                                      +
 + ++++++++++++++++++++++++++++++++++++++++++++++++++++++++++++++++++++ +
In main()...
reading format from /gm2data/zkhechad/run45/envelope/formats/formatB_sBin_constraintOn.txt
pBinTau 	= 0  
pBinPhi 	= 0  
constraintau 	= 1 
includeMopTerm 	= 0    
constrainMop    = 0   
Parameters after format file: pBinTau 0 pBinPhi 0 constraintau 1 includeMopTerm 0 constrainMop 0 c_e_scale 0.000000 
Opening file /gm2data/tbarrett/gm2fr/studies/run23_bunch_corrections/CorrectedFourier_Run3b.root.
reading full fit data from /gm2data/zkhechad/cboTemplates/Run4CBOTemplates/fullFits/noRF/sBin_constraintOn_cE0.0_seed0_noRF_calo22.root
windowBins = 69
fitting sliding window 1260 from bin 1396 at 208.134000 to bin 1465 at 218.578000 (69 bins)

Reading data from /gm2data/cornell/histograms/aMethod/histogram_a_noRF.root
 **********
 **    1 **SET PRINTOUT            1
 **********
 **********
 **    2 **SET NOWARNINGS 
 **********
 PARAMETER DEFINITIONS:
    NO.   NAME         VALUE      STEP SIZE      LIMITS
     1 N0           3.01041e+06  1.00000e+02     no limits
     2 tau          6.44059e+01  constant
     3 A0           3.51736e-01  1.00000e-04     no limits
     4 phi          4.11589e+00  1.00000e-02     no limits
     5 R           -6.13499e+01  constant
     6 alpha_CBO    0.00000e+00  1.00000e-03     no limits
     7 w_CBO        2.32500e+00  constant
     8 beta_CBO     0.00000e+00  1.00000e-03     no limits
     9 alpha_2CBO   0.00000e+00  1.00000e-03     no limits
    10 beta_2CBO    0.00000e+00  1.00000e-03     no limits
    11 alpha_y      0.00000e+00  1.00000e-03     no limits
    12 w_y          1.38860e+01  constant
    13 beta_y       0.00000e+00  1.00000e-03     no limits
    14 alpha_vw     0.00000e+00  1.00000e-03     no limits
    15 w_vw         1.43404e+01  constant
    16 beta_vw      0.00000e+00  1.00000e-03     no limits
    17 LM           1.16863e-04  constant
    18 zeta_y       0.00000e+00  constant
    19 zeta_vw      0.00000e+00  constant
    20 T_CBO        1.00000e+02  1.00000e+00    0.00000e+00  1.00000e+03
    21 alpha_A0     0.00000e+00  1.00000e-04   -1.00000e-02  1.00000e-02
    22 beta_A0      0.00000e+00  1.00000e-04   -1.00000e-02  1.00000e-02
    23 alpha_phi    0.00000e+00  1.00000e-04   -1.00000e-02  1.00000e-02
    24 beta_phi     0.00000e+00  1.00000e-04   -1.00000e-02  1.00000e-02
MINUIT - FIT ONLY WIGGLE
 **********
 **    3 **FIX            5
 **********
 PARAMETER    5  IS CONSTANT.   IGNORED.
 **********
 **    4 **FIX            6
 **********
 **********
 **    5 **FIX            7
 **********
 PARAMETER    7  IS CONSTANT.   IGNORED.
 **********
 **    6 **FIX            8
 **********
 **********
 **    7 **FIX            9
 **********
 **********
 **    8 **FIX           10
 **********
 **********
 **    9 **FIX           11
 **********
 **********
 **   10 **FIX           12
 **********
 PARAMETER   12  IS CONSTANT.   IGNORED.
 **********
 **   11 **FIX           13
 **********
 **********
 **   12 **FIX           14
 **********
 **********
 **   13 **FIX           15
 **********
 PARAMETER   15  IS CONSTANT.   IGNORED.
 **********
 **   14 **FIX           16
 **********
 **********
 **   15 **MIGRAD
 **********
 FIRST CALL TO USER FUNCTION AT NEW START POINT, WITH IFLAG=4.
 START MIGRAD MINIMIZATION.  STRATEGY  1.  CONVERGENCE WHEN EDM .LT. 1.00e-04
 FCN=269.163 FROM MIGRAD    STATUS=INITIATE      437 CALLS         438 TOTAL
                     EDM= unknown      STRATEGY= 1      NO ERROR MATRIX       
  EXT PARAMETER               CURRENT GUESS       STEP         FIRST   
  NO.   NAME      VALUE            ERROR          SIZE      DERIVATIVE 
   1  N0           3.01041e+06   1.00000e+02   0.00000e+00  -5.57975e-03
   2  tau          6.44059e+01   constant   
   3  A0           3.51736e-01   1.00000e-04   0.00000e+00   5.79914e+03
   4  phi          4.11589e+00   1.00000e-02   0.00000e+00  -6.35403e+03
   5  R           -6.13499e+01   constant   
   6  alpha_CBO    0.00000e+00     fixed    
   7  w_CBO        2.32500e+00   constant   
   8  beta_CBO     0.00000e+00     fixed    
   9  alpha_2CBO   0.00000e+00     fixed    
  10  beta_2CBO    0.00000e+00     fixed    
  11  alpha_y      0.00000e+00     fixed    
  12  w_y          1.38860e+01   constant   
  13  beta_y       0.00000e+00     fixed    
  14  alpha_vw     0.00000e+00     fixed    
  15  w_vw         1.43404e+01   constant   
  16  beta_vw      0.00000e+00     fixed    
  17  LM           1.16863e-04   constant   
  18  zeta_y       0.00000e+00   constant   
  19  zeta_vw      0.00000e+00   constant   
  20  T_CBO        1.00000e+02   1.00000e+00   0.00000e+00   0.00000e+00
  21  alpha_A0     0.00000e+00   1.00000e-04   0.00000e+00   3.64080e+00
  22  beta_A0      0.00000e+00   1.00000e-04   0.00000e+00   1.18327e+00
  23  alpha_phi    0.00000e+00   1.00000e-04   0.00000e+00   1.85329e+00
  24  beta_phi     0.00000e+00   1.00000e-04   0.00000e+00  -8.95546e-01
 MIGRAD MINIMIZATION HAS CONVERGED.
 FCN=254.646 FROM MIGRAD    STATUS=CONVERGED     645 CALLS         646 TOTAL
                     EDM=7.37843e-06    STRATEGY= 1  ERROR MATRIX UNCERTAINTY   0.7 per cent
  EXT PARAMETER                                   STEP         FIRST   
  NO.   NAME      VALUE            ERROR          SIZE      DERIVATIVE 
   1  N0           3.01121e+06   6.63708e+02  -4.93197e-01   1.04860e-06
   2  tau          6.44059e+01   constant   
   3  A0           3.51436e-01   2.91364e-04   3.82752e-07   7.05158e+00
   4  phi          4.11812e+00   8.58049e-04  -2.38115e-07   2.89301e-01
   5  R           -6.13499e+01   constant   
   6  alpha_CBO    0.00000e+00     fixed    
   7  w_CBO        2.32500e+00   constant   
   8  beta_CBO     0.00000e+00     fixed    
   9  alpha_2CBO   0.00000e+00     fixed    
  10  beta_2CBO    0.00000e+00     fixed    
  11  alpha_y      0.00000e+00     fixed    
  12  w_y          1.38860e+01   constant   
  13  beta_y       0.00000e+00     fixed    
  14  alpha_vw     0.00000e+00     fixed    
  15  w_vw         1.43404e+01   constant   
  16  beta_vw      0.00000e+00     fixed    
  17  LM           1.16863e-04   constant   
  18  zeta_y       0.00000e+00   constant   
  19  zeta_vw      0.00000e+00   constant   
  20  T_CBO        1.19278e+02   3.20687e+01   4.35920e-04   1.18996e-02
  21  alpha_A0    -9.89822e-03   1.31848e-02   1.81840e-03  -2.89750e-03
  22  beta_A0     -4.87749e-03   6.58856e-03   1.22393e-03   2.53867e-04
  23  alpha_phi   -9.99871e-03   1.02287e-02  -8.69539e-03   6.57578e-04
  24  beta_phi     9.91431e-04   6.35427e-03   1.07971e-03   3.62056e-04
 EXTERNAL ERROR MATRIX.    NDIM=  25    NPAR=  8    ERR DEF=1
  4.405e+05  1.752e-03 -9.633e-02 -2.797e+03  4.042e-03 -6.449e-01 -2.516e-02 -8.522e-01 
  1.752e-03  8.489e-08 -8.847e-09 -9.586e-04  4.796e-08  6.277e-08 -1.627e-08  1.580e-07 
 -9.633e-02 -8.847e-09  7.362e-07  2.796e-03  1.817e-08  3.668e-07 -6.698e-09  2.922e-07 
 -2.797e+03 -9.586e-04  2.796e-03  1.032e+03  7.480e-03  8.460e-02  2.540e-03 -2.513e-02 
  4.042e-03  4.796e-08  1.817e-08  7.480e-03  2.307e-06  8.694e-07  1.580e-07  1.233e-06 
 -6.449e-01  6.277e-08  3.668e-07  8.460e-02  8.694e-07  5.574e-05  3.074e-07  1.937e-07 
 -2.516e-02 -1.627e-08 -6.698e-09  2.540e-03  1.580e-07  3.074e-07  9.270e-07 -6.554e-07 
 -8.522e-01  1.580e-07  2.922e-07 -2.513e-02  1.233e-06  1.937e-07 -6.554e-07  4.750e-05 
 PARAMETER  CORRELATION COEFFICIENTS  
       NO.  GLOBAL      1      3      4     20     21     22     23     24
        1  0.30114   1.000  0.009 -0.169 -0.131  0.004 -0.130 -0.039 -0.186
        3  0.19302   0.009  1.000 -0.035 -0.102  0.108  0.029 -0.058  0.079
        4  0.19280  -0.169 -0.035  1.000  0.101  0.014  0.057 -0.008  0.049
       20  0.43479  -0.131 -0.102  0.101  1.000  0.153  0.353  0.082 -0.114
       21  0.26806   0.004  0.108  0.014  0.153  1.000  0.077  0.108  0.118
       22  0.36995  -0.130  0.029  0.057  0.353  0.077  1.000  0.043  0.004
       23  0.18392  -0.039 -0.058 -0.008  0.082  0.108  0.043  1.000 -0.099
       24  0.29896  -0.186  0.079  0.049 -0.114  0.118  0.004 -0.099  1.000
MINUIT - FIT ONLY 1-CBO + wiggle
 **********
 **   16 **RES 
 **********
                   PARAMETER   16  beta_vw RESTORED TO VARIABLE.
                   PARAMETER   14  alpha_vw RESTORED TO VARIABLE.
                   PARAMETER   13  beta_y RESTORED TO VARIABLE.
                   PARAMETER   11  alpha_y RESTORED TO VARIABLE.
                   PARAMETER   10  beta_2CBO RESTORED TO VARIABLE.
                   PARAMETER    9  alpha_2CBO RESTORED TO VARIABLE.
                   PARAMETER    8  beta_CBO RESTORED TO VARIABLE.
                   PARAMETER    6  alpha_CBO RESTORED TO VARIABLE.
 **********
 **   17 **FIX            8
 **********
 **********
 **   18 **FIX            9
 **********
 **********
 **   19 **FIX           11
 **********
 **********
 **   20 **FIX           12
 **********
 PARAMETER   12  IS CONSTANT.   IGNORED.
 **********
 **   21 **FIX           14
 **********
 **********
 **   22 **FIX           15
 **********
 PARAMETER   15  IS CONSTANT.   IGNORED.
 **********
 **   23 **FIX           16
 **********
 **********
 **   24 **MIGRAD
 **********
 START MIGRAD MINIMIZATION.  STRATEGY  1.  CONVERGENCE WHEN EDM .LT. 1.00e-04
 FCN=254.646 FROM MIGRAD    STATUS=INITIATE       28 CALLS         674 TOTAL
                     EDM= unknown      STRATEGY= 1      NO ERROR MATRIX       
  EXT PARAMETER               CURRENT GUESS       STEP         FIRST   
  NO.   NAME      VALUE            ERROR          SIZE      DERIVATIVE 
   1  N0           3.01121e+06   6.63708e+02  -4.93197e-01   1.04860e-06
   2  tau          6.44059e+01   constant   
   3  A0           3.51436e-01   2.91364e-04   3.82752e-07   7.05158e+00
   4  phi          4.11812e+00   8.58049e-04  -2.38115e-07   2.89301e-01
   5  R           -6.13499e+01   constant   
   6  alpha_CBO    0.00000e+00   1.00000e-03   1.00000e-03   7.25986e+04
   7  w_CBO        2.32500e+00   constant   
   8  beta_CBO     0.00000e+00     fixed    
   9  alpha_2CBO   0.00000e+00     fixed    
  10  beta_2CBO    0.00000e+00   1.00000e-03   1.00000e-03  -6.80757e+03
  11  alpha_y      0.00000e+00     fixed    
  12  w_y          1.38860e+01   constant   
  13  beta_y       0.00000e+00   1.00000e-03   1.00000e-03  -1.57146e+04
  14  alpha_vw     0.00000e+00     fixed    
  15  w_vw         1.43404e+01   constant   
  16  beta_vw      0.00000e+00     fixed    
  17  LM           1.16863e-04   constant   
  18  zeta_y       0.00000e+00   constant   
  19  zeta_vw      0.00000e+00   constant   
  20  T_CBO        1.19278e+02   3.20687e+01   4.35920e-04   1.18995e-02
  21  alpha_A0    -9.89822e-03   1.31848e-02   1.81840e-03   2.93255e-03
  22  beta_A0     -4.87749e-03   6.58856e-03   1.22393e-03   2.53681e-04
  23  alpha_phi   -9.99871e-03   1.02287e-02  -8.69539e-03   6.76716e-04
  24  beta_phi     9.91431e-04   6.35427e-03   1.07971e-03   3.62080e-04
 MIGRAD MINIMIZATION HAS CONVERGED.
 FCN=108.27 FROM MIGRAD    STATUS=CONVERGED     291 CALLS         937 TOTAL
                     EDM=4.43022e-06    STRATEGY= 1  ERROR MATRIX UNCERTAINTY   1.0 per cent
  EXT PARAMETER                                   STEP         FIRST   
  NO.   NAME      VALUE            ERROR          SIZE      DERIVATIVE 
   1  N0           3.01120e+06   6.60544e+02   8.70266e-01  -3.10799e-06
   2  tau          6.44059e+01   constant   
   3  A0           3.51623e-01   3.07552e-04  -4.86093e-07   9.32672e-01
   4  phi          4.11612e+00   8.96788e-04  -1.25983e-06   1.36427e+00
   5  R           -6.13499e+01   constant   
   6  alpha_CBO   -3.78981e-03   3.19572e-04  -1.15117e-07  -3.92647e+00
   7  w_CBO        2.32500e+00   constant   
   8  beta_CBO     0.00000e+00     fixed    
   9  alpha_2CBO   0.00000e+00     fixed    
  10  beta_2CBO    6.79403e-04   3.09295e-04   4.27659e-07   4.91600e+00
  11  alpha_y      0.00000e+00     fixed    
  12  w_y          1.38860e+01   constant   
  13  beta_y       8.28976e-04   3.08353e-04  -3.22849e-08   2.53582e+00
  14  alpha_vw     0.00000e+00     fixed    
  15  w_vw         1.43404e+01   constant   
  16  beta_vw      0.00000e+00     fixed    
  17  LM           1.16863e-04   constant   
  18  zeta_y       0.00000e+00   constant   
  19  zeta_vw      0.00000e+00   constant   
  20  T_CBO        1.33371e+02   5.54798e+01  -4.30417e-05   1.00678e-02
  21  alpha_A0     6.61884e-04   5.84778e-03  -4.29483e-05  -1.39136e-03
  22  beta_A0     -8.94373e-04   6.51166e-03  -2.80612e-03  -2.41308e-03
  23  alpha_phi   -9.99900e-03   1.32767e-02   1.50705e-04   7.50828e-04
  24  beta_phi     1.94442e-03   6.49533e-03  -3.30408e-03   1.23501e-03
 EXTERNAL ERROR MATRIX.    NDIM=  25    NPAR= 11    ERR DEF=1
  4.363e+05 
 -7.345e-03  9.459e-08 
 -7.593e-02 -5.517e-10  8.042e-07 
 -1.011e-04 -4.925e-09  5.612e-08  1.021e-07 
  2.150e-02 -3.542e-09 -9.176e-09 -8.574e-09  9.566e-08 
  2.436e-03 -5.138e-10 -1.273e-10 -2.103e-09  3.042e-10  9.508e-08 
  4.793e+03 -3.544e-03  1.173e-03  2.565e-04  2.674e-03  4.280e-04  3.106e+03 
  7.360e-01 -1.356e-07 -3.988e-07 -2.583e-07  2.711e-08  6.369e-09  2.016e-03  3.904e-05 
 -3.048e-01 -1.576e-08  3.121e-07 -1.028e-07  1.530e-07  7.389e-09  4.345e-02 -7.483e-06  5.037e-05 
  4.551e-03 -4.299e-09  1.038e-08  4.260e-11  1.896e-09  3.164e-10  1.330e-05 -5.051e-09  3.291e-08  3.046e-08 
 -9.237e-01  3.644e-07  1.728e-07 -1.748e-08 -1.085e-07 -2.135e-08 -1.247e-01  3.811e-06 -1.141e-05 -3.263e-08  5.040e-05 
 PARAMETER  CORRELATION COEFFICIENTS  
       NO.  GLOBAL      1      3      4      6     10     13     20     21     22     23     24
        1  0.33533   1.000 -0.036 -0.128 -0.000  0.105  0.012  0.130  0.178 -0.065  0.039 -0.197
        3  0.26766  -0.036  1.000 -0.002 -0.050 -0.037 -0.005 -0.207 -0.071 -0.007 -0.080  0.167
        4  0.25405  -0.128 -0.002  1.000  0.196 -0.033 -0.000  0.023 -0.071  0.049  0.066  0.027
        6  0.26448  -0.000 -0.050  0.196  1.000 -0.087 -0.021  0.014 -0.129 -0.045  0.001 -0.008
       10  0.21077   0.105 -0.037 -0.033 -0.087  1.000  0.003  0.155  0.014  0.070  0.035 -0.049
       13  0.03507   0.012 -0.005 -0.000 -0.021  0.003  1.000  0.025  0.003  0.003  0.006 -0.010
       20  0.38777   0.130 -0.207  0.023  0.014  0.155  0.025  1.000  0.006  0.110  0.001 -0.315
       21  0.30150   0.178 -0.071 -0.071 -0.129  0.014  0.003  0.006  1.000 -0.169 -0.005  0.086
       22  0.30696  -0.065 -0.007  0.049 -0.045  0.070  0.003  0.110 -0.169  1.000  0.027 -0.227
       23  0.12500   0.039 -0.080  0.066  0.001  0.035  0.006  0.001 -0.005  0.027  1.000 -0.026
       24  0.43359  -0.197  0.167  0.027 -0.008 -0.049 -0.010 -0.315  0.086 -0.227 -0.026  1.000
MINUIT - FIT ONLY 2-CBO
 **********
 **   25 **RES 
 **********
                   PARAMETER   16  beta_vw RESTORED TO VARIABLE.
                   PARAMETER   14  alpha_vw RESTORED TO VARIABLE.
                   PARAMETER   11  alpha_y RESTORED TO VARIABLE.
                   PARAMETER    9  alpha_2CBO RESTORED TO VARIABLE.
                   PARAMETER    8  beta_CBO RESTORED TO VARIABLE.
 **********
 **   26 **FIX            0
 **********
 PARAMETER    0  IS UNDEFINED. IGNORED.
 **********
 **   27 **FIX            1
 **********
 **********
 **   28 **FIX            2
 **********
 PARAMETER    2  IS CONSTANT.   IGNORED.
 **********
 **   29 **FIX            3
 **********
 **********
 **   30 **FIX            4
 **********
 **********
 **   31 **FIX            5
 **********
 PARAMETER    5  IS CONSTANT.   IGNORED.
 **********
 **   32 **FIX            6
 **********
 **********
 **   33 **FIX            7
 **********
 PARAMETER    7  IS CONSTANT.   IGNORED.
 **********
 **   34 **FIX           10
 **********
 **********
 **   35 **FIX           11
 **********
 **********
 **   36 **FIX           12
 **********
 PARAMETER   12  IS CONSTANT.   IGNORED.
 **********
 **   37 **FIX           13
 **********
 **********
 **   38 **FIX           14
 **********
 **********
 **   39 **FIX           15
 **********
 PARAMETER   15  IS CONSTANT.   IGNORED.
 **********
 **   40 **FIX           16
 **********
 **********
 **   41 **MIGRAD
 **********
 START MIGRAD MINIMIZATION.  STRATEGY  1.  CONVERGENCE WHEN EDM .LT. 1.00e-04
 FCN=108.27 FROM MIGRAD    STATUS=INITIATE       18 CALLS         955 TOTAL
                     EDM= unknown      STRATEGY= 1      NO ERROR MATRIX       
  EXT PARAMETER               CURRENT GUESS       STEP         FIRST   
  NO.   NAME      VALUE            ERROR          SIZE      DERIVATIVE 
   1  N0           3.01120e+06     fixed    
   2  tau          6.44059e+01   constant   
   3  A0           3.51623e-01     fixed    
   4  phi          4.11612e+00     fixed    
   5  R           -6.13499e+01   constant   
   6  alpha_CBO   -3.78981e-03     fixed    
   7  w_CBO        2.32500e+00   constant   
   8  beta_CBO     0.00000e+00   1.00000e-03   1.00000e-03  -2.50587e+04
   9  alpha_2CBO   0.00000e+00   1.00000e-03   1.00000e-03   4.03220e+03
  10  beta_2CBO    6.79403e-04     fixed    
  11  alpha_y      0.00000e+00     fixed    
  12  w_y          1.38860e+01   constant   
  13  beta_y       8.28976e-04     fixed    
  14  alpha_vw     0.00000e+00     fixed    
  15  w_vw         1.43404e+01   constant   
  16  beta_vw      0.00000e+00     fixed    
  17  LM           1.16863e-04   constant   
  18  zeta_y       0.00000e+00   constant   
  19  zeta_vw      0.00000e+00   constant   
  20  T_CBO        1.33371e+02   5.54798e+01  -4.30417e-05   1.00678e-02
  21  alpha_A0     6.61884e-04   5.84778e-03  -4.29483e-05  -1.39134e-03
  22  beta_A0     -8.94373e-04   6.51166e-03  -2.80612e-03  -2.41309e-03
  23  alpha_phi   -9.99900e-03   1.32767e-02   1.50705e-04   7.48455e-04
  24  beta_phi     1.94442e-03   6.49533e-03  -3.30408e-03   1.23502e-03
 MIGRAD MINIMIZATION HAS CONVERGED.
 MIGRAD WILL VERIFY CONVERGENCE AND ERROR MATRIX.
 COVARIANCE MATRIX CALCULATED SUCCESSFULLY
 FCN=92.8932 FROM MIGRAD    STATUS=CONVERGED     132 CALLS        1069 TOTAL
                     EDM=1.89003e-05    STRATEGY= 1      ERROR MATRIX ACCURATE 
  EXT PARAMETER                                   STEP         FIRST   
  NO.   NAME      VALUE            ERROR          SIZE      DERIVATIVE 
   1  N0           3.01120e+06     fixed    
   2  tau          6.44059e+01   constant   
   3  A0           3.51623e-01     fixed    
   4  phi          4.11612e+00     fixed    
   5  R           -6.13499e+01   constant   
   6  alpha_CBO   -3.78981e-03     fixed    
   7  w_CBO        2.32500e+00   constant   
   8  beta_CBO     1.20144e-03   3.10512e-04   1.44101e-06  -1.43176e+00
   9  alpha_2CBO  -1.60432e-04   3.14318e-04   1.45316e-06  -8.23365e+00
  10  beta_2CBO    6.79403e-04     fixed    
  11  alpha_y      0.00000e+00     fixed    
  12  w_y          1.38860e+01   constant   
  13  beta_y       8.28976e-04     fixed    
  14  alpha_vw     0.00000e+00     fixed    
  15  w_vw         1.43404e+01   constant   
  16  beta_vw      0.00000e+00     fixed    
  17  LM           1.16863e-04   constant   
  18  zeta_y       0.00000e+00   constant   
  19  zeta_vw      0.00000e+00   constant   
  20  T_CBO        1.38831e+02   5.16618e+01   6.20124e-04   1.74881e-02
  21  alpha_A0     1.03807e-04   5.30985e-03   2.61969e-03   2.11213e-03
  22  beta_A0     -4.92033e-03   5.69500e-03   3.00980e-03   4.02553e-03
  23  alpha_phi   -1.00000e-02   1.16695e-02   2.21900e-02** at limit **
  24  beta_phi     1.97799e-03   5.27506e-03   2.59039e-03  -3.86427e-03
 EXTERNAL ERROR MATRIX.    NDIM=  25    NPAR=  7    ERR DEF=1
  9.642e-08  3.116e-09  5.769e-04 -2.406e-09 -2.952e-07 -3.252e-13  4.232e-08 
  3.116e-09  9.880e-08  8.884e-04  2.472e-07  5.203e-08 -6.074e-14  2.475e-07 
  5.769e-04  8.884e-04  2.689e+03  2.273e-02  1.314e-01  3.018e-05 -6.500e-02 
 -2.406e-09  2.472e-07  2.273e-02  3.133e-05 -7.924e-07 -2.242e-11  1.003e-06 
 -2.952e-07  5.203e-08  1.314e-01 -7.924e-07  3.854e-05  1.637e-09 -1.610e-06 
 -3.252e-13 -6.074e-14  3.018e-05 -2.242e-11  1.637e-09  3.046e-11 -6.890e-10 
  4.232e-08  2.475e-07 -6.500e-02  1.003e-06 -1.610e-06 -6.890e-10  3.102e-05 
 PARAMETER  CORRELATION COEFFICIENTS  
       NO.  GLOBAL      8      9     20     21     22     23     24
        8  0.19478   1.000  0.032  0.036 -0.001 -0.153 -0.000  0.024
        9  0.21257   0.032  1.000  0.055  0.141  0.027 -0.000  0.141
       20  0.48861   0.036  0.055  1.000  0.078  0.408  0.105 -0.225
       21  0.17330  -0.001  0.141  0.078  1.000 -0.023 -0.001  0.032
       22  0.44845  -0.153  0.027  0.408 -0.023  1.000  0.048 -0.047
       23  0.10613  -0.000 -0.000  0.105 -0.001  0.048  1.000 -0.022
       24  0.28144   0.024  0.141 -0.225  0.032 -0.047 -0.022  1.000
MINUIT - FIT wiggle + 1-CBO + 2-CBO
 **********
 **   42 **RES 
 **********
                   PARAMETER   16  beta_vw RESTORED TO VARIABLE.
                   PARAMETER   14  alpha_vw RESTORED TO VARIABLE.
                   PARAMETER   13  beta_y RESTORED TO VARIABLE.
                   PARAMETER   11  alpha_y RESTORED TO VARIABLE.
                   PARAMETER   10  beta_2CBO RESTORED TO VARIABLE.
                   PARAMETER    6  alpha_CBO RESTORED TO VARIABLE.
                   PARAMETER    4  phi RESTORED TO VARIABLE.
                   PARAMETER    3  A0 RESTORED TO VARIABLE.
                   PARAMETER    1  N0 RESTORED TO VARIABLE.
 **********
 **   43 **FIX           10
 **********
 **********
 **   44 **FIX           11
 **********
 **********
 **   45 **FIX           12
 **********
 PARAMETER   12  IS CONSTANT.   IGNORED.
 **********
 **   46 **FIX           13
 **********
 **********
 **   47 **FIX           14
 **********
 **********
 **   48 **FIX           15
 **********
 PARAMETER   15  IS CONSTANT.   IGNORED.
 **********
 **   49 **FIX           16
 **********
 **********
 **   50 **MIGRAD
 **********
 START MIGRAD MINIMIZATION.  STRATEGY  1.  CONVERGENCE WHEN EDM .LT. 1.00e-04
 FCN=92.8932 FROM MIGRAD    STATUS=INITIATE       22 CALLS        1091 TOTAL
                     EDM= unknown      STRATEGY= 1      NO ERROR MATRIX       
  EXT PARAMETER               CURRENT GUESS       STEP         FIRST   
  NO.   NAME      VALUE            ERROR          SIZE      DERIVATIVE 
   1  N0           3.01120e+06   6.60544e+02   6.60544e+02   9.77553e-04
   2  tau          6.44059e+01   constant   
   3  A0           3.51623e-01   3.07552e-04   3.07552e-04   6.29874e+03
   4  phi          4.11612e+00   8.96788e-04   8.96788e-04   3.28338e+02
   5  R           -6.13499e+01   constant   
   6  alpha_CBO   -3.78981e-03   3.19572e-04   3.19572e-04   8.98055e+02
   7  w_CBO        2.32500e+00   constant   
   8  beta_CBO     1.20144e-03   3.10512e-04   1.44101e-06  -1.43110e+00
   9  alpha_2CBO  -1.60432e-04   3.14318e-04   1.45316e-06  -8.23264e+00
  10  beta_2CBO    6.79403e-04     fixed    
  11  alpha_y      0.00000e+00     fixed    
  12  w_y          1.38860e+01   constant   
  13  beta_y       8.28976e-04     fixed    
  14  alpha_vw     0.00000e+00     fixed    
  15  w_vw         1.43404e+01   constant   
  16  beta_vw      0.00000e+00     fixed    
  17  LM           1.16863e-04   constant   
  18  zeta_y       0.00000e+00   constant   
  19  zeta_vw      0.00000e+00   constant   
  20  T_CBO        1.38831e+02   5.16618e+01   6.20124e-04   1.74410e-02
  21  alpha_A0     1.03807e-04   5.30985e-03   2.61969e-03   2.11290e-03
  22  beta_A0     -4.92033e-03   5.69500e-03   3.00980e-03   4.03726e-03
  23  alpha_phi   -9.99998e-03   1.16695e-02   2.21900e-02   1.35910e-04
  24  beta_phi     1.97799e-03   5.27506e-03   2.59039e-03  -3.86889e-03
 MIGRAD MINIMIZATION HAS CONVERGED.
 MIGRAD WILL VERIFY CONVERGENCE AND ERROR MATRIX.
 COVARIANCE MATRIX CALCULATED SUCCESSFULLY
 FCN=91.7849 FROM MIGRAD    STATUS=CONVERGED     243 CALLS        1312 TOTAL
                     EDM=1.49862e-05    STRATEGY= 1      ERROR MATRIX ACCURATE 
  EXT PARAMETER                                   STEP         FIRST   
  NO.   NAME      VALUE            ERROR          SIZE      DERIVATIVE 
   1  N0           3.01098e+06   7.00664e+02   3.05721e+00  -6.29306e-07
   2  tau          6.44059e+01   constant   
   3  A0           3.51313e-01   3.16192e-04   1.39101e-06  -2.22320e+00
   4  phi          4.11604e+00   8.77565e-04   3.96395e-06   5.61411e-01
   5  R           -6.13499e+01   constant   
   6  alpha_CBO   -3.82389e-03   3.19831e-04   1.45848e-06   1.11863e+01
   7  w_CBO        2.32500e+00   constant   
   8  beta_CBO     1.29199e-03   3.22210e-04   1.43258e-06  -5.31663e-01
   9  alpha_2CBO  -1.48312e-04   3.15224e-04   1.44467e-06   3.27841e+00
  10  beta_2CBO    6.79403e-04     fixed    
  11  alpha_y      0.00000e+00     fixed    
  12  w_y          1.38860e+01   constant   
  13  beta_y       8.28976e-04     fixed    
  14  alpha_vw     0.00000e+00     fixed    
  15  w_vw         1.43404e+01   constant   
  16  beta_vw      0.00000e+00     fixed    
  17  LM           1.16863e-04   constant   
  18  zeta_y       0.00000e+00   constant   
  19  zeta_vw      0.00000e+00   constant   
  20  T_CBO        1.48699e+02   5.54594e+01   6.20215e-04  -1.44174e-02
  21  alpha_A0     4.02168e-04   4.98165e-03   2.34869e-03   6.52128e-03
  22  beta_A0     -5.06275e-03   5.25505e-03   2.74789e-03  -7.12586e-04
  23  alpha_phi   -1.00000e-02   1.19264e-02   2.30976e-02** at limit **
  24  beta_phi     1.80714e-03   4.97559e-03   2.31509e-03   9.05572e-04
 EXTERNAL ERROR MATRIX.    NDIM=  25    NPAR= 11    ERR DEF=1
  4.909e+05 
 -2.826e-03  9.998e-08 
 -1.069e-01 -5.156e-09  7.701e-07 
 -1.100e-03 -6.210e-09  5.325e-08  1.023e-07 
 -1.688e-02 -2.554e-08 -4.150e-09 -2.440e-09  1.038e-07 
  2.497e-03 -5.057e-09  1.437e-08  2.047e-09  4.115e-09  9.937e-08 
  3.428e+03 -3.958e-03  2.702e-03  2.570e-04  1.457e-03  1.197e-03  3.101e+03 
  7.130e-01 -1.490e-07 -2.564e-07 -2.107e-07  1.722e-08  2.276e-07  2.250e-02  2.720e-05 
 -2.646e-02  3.404e-08  1.606e-07 -1.384e-08 -2.747e-07  4.931e-08  1.274e-01 -1.099e-06  3.193e-05 
  1.912e-08 -6.877e-15 -7.698e-14  1.637e-15 -2.392e-15 -2.160e-15  4.122e-07 -1.573e-12  2.006e-11  4.148e-15 
 -9.043e-01  1.779e-07  4.033e-07 -4.091e-08  2.554e-08  2.162e-07 -6.812e-02 -4.567e-07 -1.015e-06 -7.522e-12  2.721e-05 
 PARAMETER  CORRELATION COEFFICIENTS  
       NO.  GLOBAL      1      3      4      6      8      9     20     21     22     23     24
        1  0.35834   1.000 -0.013 -0.174 -0.005 -0.075  0.011  0.088  0.195 -0.007  0.000 -0.247
        3  0.35374  -0.013  1.000 -0.019 -0.061 -0.251 -0.051 -0.225 -0.090  0.019 -0.000  0.108
        4  0.27871  -0.174 -0.019  1.000  0.190 -0.015  0.052  0.055 -0.056  0.032 -0.001  0.088
        6  0.24489  -0.005 -0.061  0.190  1.000 -0.024  0.020  0.014 -0.126 -0.008  0.000 -0.025
        8  0.32620  -0.075 -0.251 -0.015 -0.024  1.000  0.041  0.081  0.010 -0.151 -0.000  0.015
        9  0.22480   0.011 -0.051  0.052  0.020  0.041  1.000  0.068  0.138  0.028 -0.000  0.131
       20  0.53639   0.088 -0.225  0.055  0.014  0.081  0.068  1.000  0.077  0.405  0.115 -0.234
       21  0.29539   0.195 -0.090 -0.056 -0.126  0.010  0.138  0.077  1.000 -0.037 -0.005 -0.017
       22  0.46090  -0.007  0.019  0.032 -0.008 -0.151  0.028  0.405 -0.037  1.000  0.055 -0.034
       23  0.11942   0.000 -0.000 -0.001  0.000 -0.000 -0.000  0.115 -0.005  0.055  1.000 -0.022
       24  0.37644  -0.247  0.108  0.088 -0.025  0.015  0.131 -0.234 -0.017 -0.034 -0.022  1.000
MINUIT - FIT ONLY 1-y
 **********
 **   51 **RES 
 **********
                   PARAMETER   16  beta_vw RESTORED TO VARIABLE.
                   PARAMETER   14  alpha_vw RESTORED TO VARIABLE.
                   PARAMETER   13  beta_y RESTORED TO VARIABLE.
                   PARAMETER   11  alpha_y RESTORED TO VARIABLE.
                   PARAMETER   10  beta_2CBO RESTORED TO VARIABLE.
 **********
 **   52 **FIX            0
 **********
 PARAMETER    0  IS UNDEFINED. IGNORED.
 **********
 **   53 **FIX            1
 **********
 **********
 **   54 **FIX            2
 **********
 PARAMETER    2  IS CONSTANT.   IGNORED.
 **********
 **   55 **FIX            3
 **********
 **********
 **   56 **FIX            4
 **********
 **********
 **   57 **FIX            5
 **********
 PARAMETER    5  IS CONSTANT.   IGNORED.
 **********
 **   58 **FIX            6
 **********
 **********
 **   59 **FIX            7
 **********
 PARAMETER    7  IS CONSTANT.   IGNORED.
 **********
 **   60 **FIX            8
 **********
 **********
 **   61 **FIX            9
 **********
 **********
 **   62 **FIX           13
 **********
 **********
 **   63 **FIX           14
 **********
 **********
 **   64 **FIX           15
 **********
 PARAMETER   15  IS CONSTANT.   IGNORED.
 **********
 **   65 **FIX           16
 **********
 **********
 **   66 **MIGRAD
 **********
 START MIGRAD MINIMIZATION.  STRATEGY  1.  CONVERGENCE WHEN EDM .LT. 1.00e-04
 FCN=91.7849 FROM MIGRAD    STATUS=INITIATE       16 CALLS        1328 TOTAL
                     EDM= unknown      STRATEGY= 1      NO ERROR MATRIX       
  EXT PARAMETER               CURRENT GUESS       STEP         FIRST   
  NO.   NAME      VALUE            ERROR          SIZE      DERIVATIVE 
   1  N0           3.01098e+06     fixed    
   2  tau          6.44059e+01   constant   
   3  A0           3.51313e-01     fixed    
   4  phi          4.11604e+00     fixed    
   5  R           -6.13499e+01   constant   
   6  alpha_CBO   -3.82389e-03     fixed    
   7  w_CBO        2.32500e+00   constant   
   8  beta_CBO     1.29199e-03     fixed    
   9  alpha_2CBO  -1.48312e-04     fixed    
  10  beta_2CBO    6.79403e-04   3.09295e-04   3.09295e-04  -7.34131e+02
  11  alpha_y      0.00000e+00   1.00000e-03   1.00000e-03  -9.11229e+03
  12  w_y          1.38860e+01   constant   
  13  beta_y       8.28976e-04     fixed    
  14  alpha_vw     0.00000e+00     fixed    
  15  w_vw         1.43404e+01   constant   
  16  beta_vw      0.00000e+00     fixed    
  17  LM           1.16863e-04   constant   
  18  zeta_y       0.00000e+00   constant   
  19  zeta_vw      0.00000e+00   constant   
  20  T_CBO        1.48699e+02   5.54594e+01   6.20215e-04  -1.44738e-02
  21  alpha_A0     4.02168e-04   4.98165e-03   2.34869e-03   6.52150e-03
  22  beta_A0     -5.06275e-03   5.25505e-03   2.74789e-03  -7.00477e-04
  23  alpha_phi   -9.99998e-03   1.19264e-02   2.30976e-02   1.39893e-04
  24  beta_phi     1.80714e-03   4.97559e-03   2.31509e-03   9.01319e-04
 MIGRAD MINIMIZATION HAS CONVERGED.
 MIGRAD WILL VERIFY CONVERGENCE AND ERROR MATRIX.
 COVARIANCE MATRIX CALCULATED SUCCESSFULLY
 FCN=89.8184 FROM MIGRAD    STATUS=CONVERGED     133 CALLS        1445 TOTAL
                     EDM=6.67899e-08    STRATEGY= 1      ERROR MATRIX ACCURATE 
  EXT PARAMETER                                   STEP         FIRST   
  NO.   NAME      VALUE            ERROR          SIZE      DERIVATIVE 
   1  N0           3.01098e+06     fixed    
   2  tau          6.44059e+01   constant   
   3  A0           3.51313e-01     fixed    
   4  phi          4.11604e+00     fixed    
   5  R           -6.13499e+01   constant   
   6  alpha_CBO   -3.82389e-03     fixed    
   7  w_CBO        2.32500e+00   constant   
   8  beta_CBO     1.29199e-03     fixed    
   9  alpha_2CBO  -1.48312e-04     fixed    
  10  beta_2CBO    7.13127e-04   3.15190e-04   1.43065e-06   7.03642e-01
  11  alpha_y      4.28868e-04   3.06898e-04   1.42756e-06  -5.47489e-01
  12  w_y          1.38860e+01   constant   
  13  beta_y       8.28976e-04     fixed    
  14  alpha_vw     0.00000e+00     fixed    
  15  w_vw         1.43404e+01   constant   
  16  beta_vw      0.00000e+00     fixed    
  17  LM           1.16863e-04   constant   
  18  zeta_y       0.00000e+00   constant   
  19  zeta_vw      0.00000e+00   constant   
  20  T_CBO        1.50635e+02   5.47963e+01   6.16945e-04  -1.08591e-03
  21  alpha_A0     4.51298e-04   4.71736e-03   2.28303e-03   4.36968e-04
  22  beta_A0     -4.98332e-03   5.18660e-03   2.64933e-03  -2.94515e-06
  23  alpha_phi   -1.00000e-02   1.12510e-02   2.35356e-02** at limit **
  24  beta_phi     1.85423e-03   4.69598e-03   2.25197e-03  -8.84610e-05
 EXTERNAL ERROR MATRIX.    NDIM=  25    NPAR=  7    ERR DEF=1
  9.934e-08 -6.321e-10  2.825e-03 -7.109e-08  3.314e-07 -1.210e-14 -1.296e-07 
 -6.321e-10  9.419e-08  1.849e-04  1.796e-08 -1.065e-08  8.640e-16  2.098e-08 
  2.825e-03  1.849e-04  3.026e+03  6.647e-03  1.353e-01  7.129e-07 -6.263e-02 
 -7.109e-08  1.796e-08  6.647e-03  2.414e-05 -1.430e-06 -2.960e-12  6.323e-07 
  3.314e-07 -1.065e-08  1.353e-01 -1.430e-06  3.091e-05  3.324e-11 -1.598e-06 
 -1.210e-14  8.640e-16  7.129e-07 -2.960e-12  3.324e-11  1.060e-14 -1.283e-11 
 -1.296e-07  2.098e-08 -6.263e-02  6.323e-07 -1.598e-06 -1.283e-11  2.397e-05 
 PARAMETER  CORRELATION COEFFICIENTS  
       NO.  GLOBAL     10     11     20     21     22     23     24
       10  0.22024   1.000 -0.007  0.163 -0.046  0.189 -0.000 -0.084
       11  0.02681  -0.007  1.000  0.011  0.012 -0.006  0.000  0.014
       20  0.50539   0.163  0.011  1.000  0.025  0.442  0.126 -0.233
       21  0.09314  -0.046  0.012  0.025  1.000 -0.052 -0.006  0.026
       22  0.46470   0.189 -0.006  0.442 -0.052  1.000  0.058 -0.059
       23  0.12814  -0.000  0.000  0.126 -0.006  0.058  1.000 -0.025
       24  0.24650  -0.084  0.014 -0.233  0.026 -0.059 -0.025  1.000
MINUIT - FIT ONLY 2-y
 **********
 **   67 **RES 
 **********
                   PARAMETER   16  beta_vw RESTORED TO VARIABLE.
                   PARAMETER   14  alpha_vw RESTORED TO VARIABLE.
                   PARAMETER   13  beta_y RESTORED TO VARIABLE.
                   PARAMETER    9  alpha_2CBO RESTORED TO VARIABLE.
                   PARAMETER    8  beta_CBO RESTORED TO VARIABLE.
                   PARAMETER    6  alpha_CBO RESTORED TO VARIABLE.
                   PARAMETER    4  phi RESTORED TO VARIABLE.
                   PARAMETER    3  A0 RESTORED TO VARIABLE.
                   PARAMETER    1  N0 RESTORED TO VARIABLE.
 **********
 **   68 **FIX            0
 **********
 PARAMETER    0  IS UNDEFINED. IGNORED.
 **********
 **   69 **FIX            1
 **********
 **********
 **   70 **FIX            2
 **********
 PARAMETER    2  IS CONSTANT.   IGNORED.
 **********
 **   71 **FIX            3
 **********
 **********
 **   72 **FIX            4
 **********
 **********
 **   73 **FIX            5
 **********
 PARAMETER    5  IS CONSTANT.   IGNORED.
 **********
 **   74 **FIX            6
 **********
 **********
 **   75 **FIX            7
 **********
 PARAMETER    7  IS CONSTANT.   IGNORED.
 **********
 **   76 **FIX            8
 **********
 **********
 **   77 **FIX            9
 **********
 **********
 **   78 **FIX           10
 **********
 **********
 **   79 **FIX           11
 **********
 **********
 **   80 **FIX           12
 **********
 PARAMETER   12  IS CONSTANT.   IGNORED.
 **********
 **   81 **FIX           16
 **********
 **********
 **   82 **MIGRAD
 **********
 START MIGRAD MINIMIZATION.  STRATEGY  1.  CONVERGENCE WHEN EDM .LT. 1.00e-04
 FCN=89.8184 FROM MIGRAD    STATUS=INITIATE       16 CALLS        1461 TOTAL
                     EDM= unknown      STRATEGY= 1      NO ERROR MATRIX       
  EXT PARAMETER               CURRENT GUESS       STEP         FIRST   
  NO.   NAME      VALUE            ERROR          SIZE      DERIVATIVE 
   1  N0           3.01098e+06     fixed    
   2  tau          6.44059e+01   constant   
   3  A0           3.51313e-01     fixed    
   4  phi          4.11604e+00     fixed    
   5  R           -6.13499e+01   constant   
   6  alpha_CBO   -3.82389e-03     fixed    
   7  w_CBO        2.32500e+00   constant   
   8  beta_CBO     1.29199e-03     fixed    
   9  alpha_2CBO  -1.48312e-04     fixed    
  10  beta_2CBO    7.13127e-04     fixed    
  11  alpha_y      4.28868e-04     fixed    
  12  w_y          1.38860e+01   constant   
  13  beta_y       8.28976e-04   3.08353e-04   3.08353e-04  -9.99383e+01
  14  alpha_vw     0.00000e+00   1.00000e-03   1.00000e-03   1.36861e+04
  15  w_vw         1.43404e+01   constant   
  16  beta_vw      0.00000e+00     fixed    
  17  LM           1.16863e-04   constant   
  18  zeta_y       0.00000e+00   constant   
  19  zeta_vw      0.00000e+00   constant   
  20  T_CBO        1.50635e+02   5.47963e+01   6.16945e-04  -1.14392e-03
  21  alpha_A0     4.51298e-04   4.71736e-03   2.28303e-03   4.37174e-04
  22  beta_A0     -4.98332e-03   5.18660e-03   2.64933e-03  -1.72204e-06
  23  alpha_phi   -9.99998e-03   1.12510e-02   2.35356e-02   1.31404e-04
  24  beta_phi     1.85423e-03   4.69598e-03   2.25197e-03  -9.27440e-05
 MIGRAD MINIMIZATION HAS CONVERGED.
 MIGRAD WILL VERIFY CONVERGENCE AND ERROR MATRIX.
 COVARIANCE MATRIX CALCULATED SUCCESSFULLY
 FCN=85.3112 FROM MIGRAD    STATUS=CONVERGED     113 CALLS        1558 TOTAL
                     EDM=1.16859e-05    STRATEGY= 1      ERROR MATRIX ACCURATE 
  EXT PARAMETER                                   STEP         FIRST   
  NO.   NAME      VALUE            ERROR          SIZE      DERIVATIVE 
   1  N0           3.01098e+06     fixed    
   2  tau          6.44059e+01   constant   
   3  A0           3.51313e-01     fixed    
   4  phi          4.11604e+00     fixed    
   5  R           -6.13499e+01   constant   
   6  alpha_CBO   -3.82389e-03     fixed    
   7  w_CBO        2.32500e+00   constant   
   8  beta_CBO     1.29199e-03     fixed    
   9  alpha_2CBO  -1.48312e-04     fixed    
  10  beta_2CBO    7.13127e-04     fixed    
  11  alpha_y      4.28868e-04     fixed    
  12  w_y          1.38860e+01   constant   
  13  beta_y       7.43278e-04   3.10734e-04   1.39580e-06   1.99370e-01
  14  alpha_vw    -6.59287e-04   3.10549e-04   1.39541e-06  -1.05582e-02
  15  w_vw         1.43404e+01   constant   
  16  beta_vw      0.00000e+00     fixed    
  17  LM           1.16863e-04   constant   
  18  zeta_y       0.00000e+00   constant   
  19  zeta_vw      0.00000e+00   constant   
  20  T_CBO        1.50430e+02   5.43080e+01   6.02623e-04   1.01725e-02
  21  alpha_A0     4.02337e-04   4.72180e-03   2.22144e-03   5.81765e-04
  22  beta_A0     -4.98186e-03   5.11680e-03   2.57501e-03   5.57283e-03
  23  alpha_phi   -1.00000e-02   1.04931e-02   2.91876e-02** at limit **
  24  beta_phi     1.80653e-03   4.68480e-03   2.18902e-03  -3.12213e-03
 EXTERNAL ERROR MATRIX.    NDIM=  25    NPAR=  7    ERR DEF=1
  9.656e-08  1.323e-08  4.268e-04 -3.837e-09  2.349e-08 -1.864e-14 -1.178e-08 
  1.323e-08  9.644e-08  4.546e-05  6.975e-09  1.660e-09  2.903e-15  6.359e-09 
  4.268e-04  4.546e-05  2.972e+03  9.873e-03  1.272e-01  4.665e-06 -5.820e-02 
 -3.837e-09  6.975e-09  9.873e-03  2.419e-05 -1.143e-06 -1.729e-11  5.184e-07 
  2.349e-08  1.660e-09  1.272e-01 -1.143e-06  2.995e-05  2.178e-10 -1.130e-06 
 -1.864e-14  2.903e-15  4.665e-06 -1.729e-11  2.178e-10  2.697e-13 -8.197e-11 
 -1.178e-08  6.359e-09 -5.820e-02  5.184e-07 -1.130e-06 -8.197e-11  2.384e-05 
 PARAMETER  CORRELATION COEFFICIENTS  
       NO.  GLOBAL     13     14     20     21     22     23     24
       13  0.13954   1.000  0.137  0.025 -0.003  0.014 -0.000 -0.008
       14  0.13731   0.137  1.000  0.003  0.005  0.001  0.000  0.004
       20  0.49194   0.025  0.003  1.000  0.037  0.426  0.165 -0.219
       21  0.08277  -0.003  0.005  0.037  1.000 -0.042 -0.007  0.022
       22  0.43376   0.014  0.001  0.426 -0.042  1.000  0.077 -0.042
       23  0.16547  -0.000  0.000  0.165 -0.007  0.077  1.000 -0.032
       24  0.22831  -0.008  0.004 -0.219  0.022 -0.042 -0.032  1.000
MINUIT - FIT ALTOGETHER
 **********
