 + ++++++++++++++++++++++++++++++++++++++++++++++++++++++++++++++++++++ +
 +                                                                      +
 +           You have chose to blind your fitting according to          +
 +                omega_ref * (1 + (R +/- deltaR) *10^{-6})             +
 +                                                                      +
 + ++++++++++++++++++++++++++++++++++++++++++++++++++++++++++++++++++++ +
In main()...
reading format from /gm2data/zkhechad/run45/envelope/formats/formatB_sBin_constraintOn.txt
pBinTau 	= 0  
pBinPhi 	= 0  
constraintau 	= 1 
includeMopTerm 	= 0    
constrainMop    = 0   
Parameters after format file: pBinTau 0 pBinPhi 0 constraintau 1 includeMopTerm 0 constrainMop 0 c_e_scale 0.000000 
Opening file /gm2data/tbarrett/gm2fr/studies/run23_bunch_corrections/CorrectedFourier_Run3b.root.
reading full fit data from /gm2data/zkhechad/cboTemplates/Run4CBOTemplates/templateFits0_v2.0/noRF/sBin_constraintOn_cE0.0_seed0_noRF_calo9.root
windowBins = 17
fitting sliding window 216 from bin 352 at 52.369200 to bin 369 at 55.054800 (17 bins)

Reading data from /gm2data/cornell/histograms/aMethod/histogram_a_noRF.root
 **********
 **    1 **SET PRINTOUT            1
 **********
 **********
 **    2 **SET NOWARNINGS 
 **********
 PARAMETER DEFINITIONS:
    NO.   NAME         VALUE      STEP SIZE      LIMITS
     1 N0           2.88203e+06  1.00000e+02     no limits
     2 tau          6.44101e+01  constant
     3 A0           3.51419e-01  1.00000e-04     no limits
     4 phi          4.11705e+00  1.00000e-02     no limits
     5 R           -5.98037e+01  constant
     6 alpha_CBO    0.00000e+00  1.00000e-03     no limits
     7 w_CBO        2.32500e+00  constant
     8 beta_CBO     0.00000e+00  1.00000e-03     no limits
     9 alpha_2CBO   0.00000e+00  1.00000e-03     no limits
    10 beta_2CBO    0.00000e+00  1.00000e-03     no limits
    11 alpha_y      0.00000e+00  1.00000e-03     no limits
    12 w_y          1.44500e+01  constant
    13 beta_y       0.00000e+00  1.00000e-03     no limits
    14 alpha_vw     0.00000e+00  1.00000e-03     no limits
    15 w_vw         1.29000e+01  constant
    16 beta_vw      0.00000e+00  1.00000e-03     no limits
    17 LM           1.43880e-04  constant
    18 zeta_y       0.00000e+00  constant
    19 zeta_vw      0.00000e+00  constant
    20 T_CBO        1.00000e+02  1.00000e+00    0.00000e+00  1.00000e+03
    21 alpha_A0     0.00000e+00  1.00000e-03     no limits
    22 beta_A0      0.00000e+00  1.00000e-03     no limits
    23 alpha_phi    0.00000e+00  1.00000e-03     no limits
    24 beta_phi     0.00000e+00  1.00000e-03     no limits
MINUIT - FIT ONLY WIGGLE
 **********
 **    3 **FIX            5
 **********
 PARAMETER    5  IS CONSTANT.   IGNORED.
 **********
 **    4 **FIX            6
 **********
 **********
 **    5 **FIX            7
 **********
 PARAMETER    7  IS CONSTANT.   IGNORED.
 **********
 **    6 **FIX            8
 **********
 **********
 **    7 **FIX            9
 **********
 **********
 **    8 **FIX           10
 **********
 **********
 **    9 **FIX           11
 **********
 **********
 **   10 **FIX           12
 **********
 PARAMETER   12  IS CONSTANT.   IGNORED.
 **********
 **   11 **FIX           13
 **********
 **********
 **   12 **FIX           14
 **********
 **********
 **   13 **FIX           15
 **********
 PARAMETER   15  IS CONSTANT.   IGNORED.
 **********
 **   14 **FIX           16
 **********
 **********
 **   15 **MIGRAD
 **********
 FIRST CALL TO USER FUNCTION AT NEW START POINT, WITH IFLAG=4.
 START MIGRAD MINIMIZATION.  STRATEGY  1.  CONVERGENCE WHEN EDM .LT. 1.00e-04
 FCN=1332.01 FROM MIGRAD    STATUS=INITIATE      429 CALLS         430 TOTAL
                     EDM= unknown      STRATEGY= 1      NO ERROR MATRIX       
  EXT PARAMETER               CURRENT GUESS       STEP         FIRST   
  NO.   NAME      VALUE            ERROR          SIZE      DERIVATIVE 
   1  N0           2.88203e+06   1.00000e+02   0.00000e+00  -1.72321e-02
   2  tau          6.44101e+01   constant   
   3  A0           3.51419e-01   1.00000e-04   0.00000e+00  -3.69051e+03
   4  phi          4.11705e+00   1.00000e-02   0.00000e+00   1.11010e+05
   5  R           -5.98037e+01   constant   
   6  alpha_CBO    0.00000e+00     fixed    
   7  w_CBO        2.32500e+00   constant   
   8  beta_CBO     0.00000e+00     fixed    
   9  alpha_2CBO   0.00000e+00     fixed    
  10  beta_2CBO    0.00000e+00     fixed    
  11  alpha_y      0.00000e+00     fixed    
  12  w_y          1.44500e+01   constant   
  13  beta_y       0.00000e+00     fixed    
  14  alpha_vw     0.00000e+00     fixed    
  15  w_vw         1.29000e+01   constant   
  16  beta_vw      0.00000e+00     fixed    
  17  LM           1.43880e-04   constant   
  18  zeta_y       0.00000e+00   constant   
  19  zeta_vw      0.00000e+00   constant   
  20  T_CBO        1.00000e+02   1.00000e+00   0.00000e+00   0.00000e+00
  21  alpha_A0     0.00000e+00   1.00000e-03   0.00000e+00   1.86284e+04
  22  beta_A0      0.00000e+00   1.00000e-03   0.00000e+00  -1.01969e+04
  23  alpha_phi    0.00000e+00   1.00000e-03   0.00000e+00   3.65273e+04
  24  beta_phi     0.00000e+00   1.00000e-03   0.00000e+00  -1.40693e+04
 CALL LIMIT EXCEEDED IN MIGRAD.
 MIGRAD TERMINATED WITHOUT CONVERGENCE.
 FCN=54.8572 FROM MIGRAD    STATUS=CALL LIMIT   1335 CALLS        1336 TOTAL
                     EDM=0.396407    STRATEGY= 1  ERROR MATRIX UNCERTAINTY  28.7 per cent
  EXT PARAMETER                APPROXIMATE        STEP         FIRST   
  NO.   NAME      VALUE            ERROR          SIZE      DERIVATIVE 
   1  N0           2.89029e+06   7.04647e+03   1.40878e+03  -6.50524e-04
   2  tau          6.44101e+01   constant   
   3  A0           3.47575e-01   2.96979e-03  -8.21597e-04   4.81098e+03
   4  phi          4.05255e+00   3.53397e-03  -1.52053e-04  -9.10581e+02
   5  R           -5.98037e+01   constant   
   6  alpha_CBO    0.00000e+00     fixed    
   7  w_CBO        2.32500e+00   constant   
   8  beta_CBO     0.00000e+00     fixed    
   9  alpha_2CBO   0.00000e+00     fixed    
  10  beta_2CBO    0.00000e+00     fixed    
  11  alpha_y      0.00000e+00     fixed    
  12  w_y          1.44500e+01   constant   
  13  beta_y       0.00000e+00     fixed    
  14  alpha_vw     0.00000e+00     fixed    
  15  w_vw         1.29000e+01   constant   
  16  beta_vw      0.00000e+00     fixed    
  17  LM           1.43880e-04   constant   
  18  zeta_y       0.00000e+00   constant   
  19  zeta_vw      0.00000e+00   constant   
  20  T_CBO        9.02475e+01   9.38026e+00   7.42917e-03  -4.03750e+01
  21  alpha_A0     9.52799e-02   1.59448e-02   1.98803e-03  -1.32665e+02
  22  beta_A0      3.71795e-02   1.65068e-02  -5.04849e-03  -1.91644e+02
  23  alpha_phi    5.01416e-02   1.79411e-02  -5.41992e-03  -6.65901e+02
  24  beta_phi    -1.05458e-01   1.57139e-02  -2.38771e-03  -3.04103e+02
 EXTERNAL ERROR MATRIX.    NDIM=  25    NPAR=  8    ERR DEF=1
  4.965e+07 -2.004e+01 -2.082e+01  6.486e+04  1.092e+02 -1.067e+02 -1.191e+02 -1.079e+02 
 -2.004e+01  8.820e-06  8.035e-06 -2.712e-02 -4.301e-05  4.834e-05  5.251e-05  4.313e-05 
 -2.082e+01  8.035e-06  1.249e-05 -2.743e-02 -5.229e-05  3.945e-05  4.211e-05  5.170e-05 
  6.486e+04 -2.712e-02 -2.743e-02  8.802e+01  1.409e-01 -1.468e-01 -1.605e-01 -1.407e-01 
  1.092e+02 -4.301e-05 -5.229e-05  1.409e-01  2.542e-04 -2.219e-04 -2.461e-04 -2.488e-04 
 -1.067e+02  4.834e-05  3.945e-05 -1.468e-01 -2.219e-04  2.725e-04  2.921e-04  2.229e-04 
 -1.191e+02  5.251e-05  4.211e-05 -1.605e-01 -2.461e-04  2.921e-04  3.219e-04  2.461e-04 
 -1.079e+02  4.313e-05  5.170e-05 -1.407e-01 -2.488e-04  2.229e-04  2.461e-04  2.469e-04 
ERR MATRIX APPROXIMATE
 PARAMETER  CORRELATION COEFFICIENTS  
       NO.  GLOBAL      1      3      4     20     21     22     23     24
        1  0.99937   1.000 -0.958 -0.836  0.981  0.972 -0.917 -0.942 -0.975
        3  0.99949  -0.958  1.000  0.766 -0.973 -0.908  0.986  0.985  0.924
        4  0.99822  -0.836  0.766  1.000 -0.827 -0.928  0.676  0.664  0.931
       20  0.99765   0.981 -0.973 -0.827  1.000  0.942 -0.948 -0.953 -0.954
       21  0.99834   0.972 -0.908 -0.928  0.942  1.000 -0.843 -0.860 -0.993
       22  0.99686  -0.917  0.986  0.676 -0.948 -0.843  1.000  0.986  0.859
       23  0.99933  -0.942  0.985  0.664 -0.953 -0.860  0.986  1.000  0.873
       24  0.99908  -0.975  0.924  0.931 -0.954 -0.993  0.859  0.873  1.000
 ERR MATRIX APPROXIMATE
MINUIT - FIT ONLY 1-CBO + wiggle
 **********
 **   16 **RES 
 **********
                   PARAMETER   16  beta_vw RESTORED TO VARIABLE.
                   PARAMETER   14  alpha_vw RESTORED TO VARIABLE.
                   PARAMETER   13  beta_y RESTORED TO VARIABLE.
                   PARAMETER   11  alpha_y RESTORED TO VARIABLE.
                   PARAMETER   10  beta_2CBO RESTORED TO VARIABLE.
                   PARAMETER    9  alpha_2CBO RESTORED TO VARIABLE.
                   PARAMETER    8  beta_CBO RESTORED TO VARIABLE.
                   PARAMETER    6  alpha_CBO RESTORED TO VARIABLE.
 **********
 **   17 **FIX            8
 **********
 **********
 **   18 **FIX            9
 **********
 **********
 **   19 **FIX           11
 **********
 **********
 **   20 **FIX           12
 **********
 PARAMETER   12  IS CONSTANT.   IGNORED.
 **********
 **   21 **FIX           14
 **********
 **********
 **   22 **FIX           15
 **********
 PARAMETER   15  IS CONSTANT.   IGNORED.
 **********
 **   23 **FIX           16
 **********
 **********
 **   24 **MIGRAD
 **********
 START MIGRAD MINIMIZATION.  STRATEGY  1.  CONVERGENCE WHEN EDM .LT. 1.00e-04
 FCN=54.8572 FROM MIGRAD    STATUS=INITIATE       28 CALLS        1364 TOTAL
                     EDM= unknown      STRATEGY= 1      NO ERROR MATRIX       
  EXT PARAMETER               CURRENT GUESS       STEP         FIRST   
  NO.   NAME      VALUE            ERROR          SIZE      DERIVATIVE 
   1  N0           2.89029e+06   7.04647e+03   1.40878e+03  -6.50524e-04
   2  tau          6.44101e+01   constant   
   3  A0           3.47575e-01   2.96979e-03  -8.21597e-04   4.81098e+03
   4  phi          4.05255e+00   3.53397e-03  -1.52053e-04  -9.10581e+02
   5  R           -5.98037e+01   constant   
   6  alpha_CBO    0.00000e+00   1.00000e-03   1.00000e-03   4.98533e+03
   7  w_CBO        2.32500e+00   constant   
   8  beta_CBO     0.00000e+00     fixed    
   9  alpha_2CBO   0.00000e+00     fixed    
  10  beta_2CBO    0.00000e+00   1.00000e-03   1.00000e-03  -1.56209e+03
  11  alpha_y      0.00000e+00     fixed    
  12  w_y          1.44500e+01   constant   
  13  beta_y       0.00000e+00   1.00000e-03   1.00000e-03  -5.67865e+04
  14  alpha_vw     0.00000e+00     fixed    
  15  w_vw         1.29000e+01   constant   
  16  beta_vw      0.00000e+00     fixed    
  17  LM           1.43880e-04   constant   
  18  zeta_y       0.00000e+00   constant   
  19  zeta_vw      0.00000e+00   constant   
  20  T_CBO        9.02475e+01   9.38026e+00   7.42917e-03  -4.03750e+01
  21  alpha_A0     9.52799e-02   1.59448e-02   1.98803e-03  -1.32665e+02
  22  beta_A0      3.71795e-02   1.65068e-02  -5.04849e-03  -1.91644e+02
  23  alpha_phi    5.01416e-02   1.79411e-02  -5.41992e-03  -6.65901e+02
  24  beta_phi    -1.05458e-01   1.57139e-02  -2.38771e-03  -3.04103e+02
 CALL LIMIT EXCEEDED IN MIGRAD.
 MIGRAD TERMINATED WITHOUT CONVERGENCE.
 FCN=17.3954 FROM MIGRAD    STATUS=CALL LIMIT   1928 CALLS        3264 TOTAL
                     EDM=0.00153044    STRATEGY= 1  ERROR MATRIX UNCERTAINTY  16.4 per cent
  EXT PARAMETER                APPROXIMATE        STEP         FIRST   
  NO.   NAME      VALUE            ERROR          SIZE      DERIVATIVE 
   1  N0           2.87393e+06   6.54616e+03  -1.43057e+02  -7.04623e-05
   2  tau          6.44101e+01   constant   
   3  A0           3.48891e-01   7.68325e-04   1.90720e-05  -2.13337e+01
   4  phi          4.07238e+00   1.55144e-02   3.63285e-04   3.31989e+01
   5  R           -5.98037e+01   constant   
   6  alpha_CBO   -8.67527e-03   4.42901e-03   8.22340e-05  -9.62477e+01
   7  w_CBO        2.32500e+00   constant   
   8  beta_CBO     0.00000e+00     fixed    
   9  alpha_2CBO   0.00000e+00     fixed    
  10  beta_2CBO    5.40544e-03   1.47921e-03  -1.82601e-05   9.89485e+01
  11  alpha_y      0.00000e+00     fixed    
  12  w_y          1.44500e+01   constant   
  13  beta_y       1.03730e-03   1.95019e-04  -1.57905e-07  -7.00122e+01
  14  alpha_vw     0.00000e+00     fixed    
  15  w_vw         1.29000e+01   constant   
  16  beta_vw      0.00000e+00     fixed    
  17  LM           1.43880e-04   constant   
  18  zeta_y       0.00000e+00   constant   
  19  zeta_vw      0.00000e+00   constant   
  20  T_CBO        3.52864e+01   1.50719e+01  -1.90411e-03  -4.83401e+00
  21  alpha_A0    -1.48920e-02   6.81867e-02  -1.44260e-03   1.37746e+01
  22  beta_A0      7.03588e-02   2.69325e-02   6.23525e-04  -3.14768e-01
  23  alpha_phi   -4.51957e-02   4.20582e-02  -6.71834e-04   2.31095e+00
  24  beta_phi    -1.16385e-01   1.12748e-02   1.69782e-04   1.84428e+00
 EXTERNAL ERROR MATRIX.    NDIM=  25    NPAR= 11    ERR DEF=1
  4.285e+07 
 -4.065e+00  5.903e-07 
 -8.558e+01  1.105e-05  2.407e-04 
 -1.507e+01  2.438e-06  6.027e-05  1.962e-05 
  3.308e+00 -5.189e-07 -1.571e-05 -6.005e-06  2.188e-06 
  1.213e-01 -4.288e-09  1.188e-07  1.448e-07 -5.806e-08  3.803e-08 
  9.599e+04 -1.052e-02 -2.199e-01 -4.494e-02  1.042e-02  1.597e-04  2.277e+02 
  4.376e+02 -4.318e-05 -8.442e-04 -1.268e-04  1.925e-05  1.851e-06  9.802e-01  4.649e-03 
 -1.626e+02  1.945e-05  3.747e-04  6.977e-05 -1.200e-05 -4.067e-07 -3.916e-01 -1.744e-03  7.254e-04 
  2.349e+02 -2.060e-05 -3.434e-04 -1.060e-05 -1.146e-05  1.824e-06  4.900e-01  2.657e-03 -9.331e-04  1.769e-03 
 -2.267e+01  5.012e-06  1.295e-04  4.818e-05 -1.562e-05  4.669e-07 -8.152e-02 -1.510e-04  1.191e-04  8.101e-05  1.271e-04 
ERR MATRIX APPROXIMATE
 PARAMETER  CORRELATION COEFFICIENTS  
       NO.  GLOBAL      1      3      4      6     10     13     20     21     22     23     24
        1  0.99919   1.000 -0.808 -0.843 -0.520  0.342  0.095  0.972  0.980 -0.922  0.853 -0.307
        3  0.98699  -0.808  1.000  0.927  0.716 -0.457 -0.029 -0.908 -0.824  0.940 -0.637  0.579
        4  0.99966  -0.843  0.927  1.000  0.877 -0.685  0.039 -0.939 -0.798  0.897 -0.526  0.740
        6  0.99937  -0.520  0.716  0.877  1.000 -0.917  0.168 -0.672 -0.420  0.585 -0.057  0.965
       10  0.99538   0.342 -0.457 -0.685 -0.917  1.000 -0.201  0.467  0.191 -0.301 -0.184 -0.937
       13  0.42788   0.095 -0.029  0.039  0.168 -0.201  1.000  0.054  0.139 -0.077  0.222  0.212
       20  0.99963   0.972 -0.908 -0.939 -0.672  0.467  0.054  1.000  0.953 -0.964  0.772 -0.479
       21  0.99982   0.980 -0.824 -0.798 -0.420  0.191  0.139  0.953  1.000 -0.950  0.926 -0.196
       22  0.99844  -0.922  0.940  0.897  0.585 -0.301 -0.077 -0.964 -0.950  1.000 -0.824  0.392
       23  0.99955   0.853 -0.637 -0.526 -0.057 -0.184  0.222  0.772  0.926 -0.824  1.000  0.171
       24  0.99724  -0.307  0.579  0.740  0.965 -0.937  0.212 -0.479 -0.196  0.392  0.171  1.000
 ERR MATRIX APPROXIMATE
MINUIT - FIT ONLY 2-CBO
 **********
 **   25 **RES 
 **********
                   PARAMETER   16  beta_vw RESTORED TO VARIABLE.
                   PARAMETER   14  alpha_vw RESTORED TO VARIABLE.
                   PARAMETER   11  alpha_y RESTORED TO VARIABLE.
                   PARAMETER    9  alpha_2CBO RESTORED TO VARIABLE.
                   PARAMETER    8  beta_CBO RESTORED TO VARIABLE.
 **********
 **   26 **FIX            0
 **********
 PARAMETER    0  IS UNDEFINED. IGNORED.
 **********
 **   27 **FIX            1
 **********
 **********
 **   28 **FIX            2
 **********
 PARAMETER    2  IS CONSTANT.   IGNORED.
 **********
 **   29 **FIX            3
 **********
 **********
 **   30 **FIX            4
 **********
 **********
 **   31 **FIX            5
 **********
 PARAMETER    5  IS CONSTANT.   IGNORED.
 **********
 **   32 **FIX            6
 **********
 **********
 **   33 **FIX            7
 **********
 PARAMETER    7  IS CONSTANT.   IGNORED.
 **********
 **   34 **FIX           10
 **********
 **********
 **   35 **FIX           11
 **********
 **********
 **   36 **FIX           12
 **********
 PARAMETER   12  IS CONSTANT.   IGNORED.
 **********
 **   37 **FIX           13
 **********
 **********
 **   38 **FIX           14
 **********
 **********
 **   39 **FIX           15
 **********
 PARAMETER   15  IS CONSTANT.   IGNORED.
 **********
 **   40 **FIX           16
 **********
 **********
 **   41 **MIGRAD
 **********
 START MIGRAD MINIMIZATION.  STRATEGY  1.  CONVERGENCE WHEN EDM .LT. 1.00e-04
 FCN=17.3954 FROM MIGRAD    STATUS=INITIATE       18 CALLS        3282 TOTAL
                     EDM= unknown      STRATEGY= 1      NO ERROR MATRIX       
  EXT PARAMETER               CURRENT GUESS       STEP         FIRST   
  NO.   NAME      VALUE            ERROR          SIZE      DERIVATIVE 
   1  N0           2.87393e+06     fixed    
   2  tau          6.44101e+01   constant   
   3  A0           3.48891e-01     fixed    
   4  phi          4.07238e+00     fixed    
   5  R           -5.98037e+01   constant   
   6  alpha_CBO   -8.67527e-03     fixed    
   7  w_CBO        2.32500e+00   constant   
   8  beta_CBO     0.00000e+00   1.00000e-03   1.00000e-03   7.37488e+01
   9  alpha_2CBO   0.00000e+00   1.00000e-03   1.00000e-03  -2.06163e+02
  10  beta_2CBO    5.40544e-03     fixed    
  11  alpha_y      0.00000e+00     fixed    
  12  w_y          1.44500e+01   constant   
  13  beta_y       1.03730e-03     fixed    
  14  alpha_vw     0.00000e+00     fixed    
  15  w_vw         1.29000e+01   constant   
  16  beta_vw      0.00000e+00     fixed    
  17  LM           1.43880e-04   constant   
  18  zeta_y       0.00000e+00   constant   
  19  zeta_vw      0.00000e+00   constant   
  20  T_CBO        3.52864e+01   1.50719e+01  -1.90411e-03  -4.83401e+00
  21  alpha_A0    -1.48920e-02   6.81867e-02  -1.44260e-03   1.37746e+01
  22  beta_A0      7.03588e-02   2.69325e-02   6.23525e-04  -3.14767e-01
  23  alpha_phi   -4.51957e-02   4.20582e-02  -6.71834e-04   2.31095e+00
  24  beta_phi    -1.16385e-01   1.12748e-02   1.69782e-04   1.84428e+00
 MIGRAD MINIMIZATION HAS CONVERGED.
 MIGRAD WILL VERIFY CONVERGENCE AND ERROR MATRIX.
 FCN=17.3941 FROM HESSE     STATUS=NOT POSDEF     50 CALLS        3431 TOTAL
                     EDM=5.02508e-05    STRATEGY= 1      ERR MATRIX NOT POS-DEF
  EXT PARAMETER                APPROXIMATE        STEP         FIRST   
  NO.   NAME      VALUE            ERROR          SIZE      DERIVATIVE 
   1  N0           2.87393e+06     fixed    
   2  tau          6.44101e+01   constant   
   3  A0           3.48891e-01     fixed    
   4  phi          4.07238e+00     fixed    
   5  R           -5.98037e+01   constant   
   6  alpha_CBO   -8.67527e-03     fixed    
   7  w_CBO        2.32500e+00   constant   
   8  beta_CBO    -1.84132e-05   8.15900e-04   4.04802e-07   1.69489e-01
   9  alpha_2CBO  -1.06601e-05   8.18452e-04   3.94097e-07   2.22148e-01
  10  beta_2CBO    5.40544e-03     fixed    
  11  alpha_y      0.00000e+00     fixed    
  12  w_y          1.44500e+01   constant   
  13  beta_y       1.03730e-03     fixed    
  14  alpha_vw     0.00000e+00     fixed    
  15  w_vw         1.29000e+01   constant   
  16  beta_vw      0.00000e+00     fixed    
  17  LM           1.43880e-04   constant   
  18  zeta_y       0.00000e+00   constant   
  19  zeta_vw      0.00000e+00   constant   
  20  T_CBO        3.53029e+01   6.87529e+00   5.31192e-06  -1.58805e-01
  21  alpha_A0    -1.51073e-02   1.03478e-02   6.30027e-06  -4.32838e-02
  22  beta_A0      7.00355e-02   2.39058e-02   7.69582e-06   1.00013e-02
  23  alpha_phi   -4.51632e-02   1.42121e-02   5.89953e-06  -3.33062e-02
  24  beta_phi    -1.16459e-01   3.51186e-02   5.69938e-06  -2.16346e-01
 CALL LIMIT EXCEEDED IN MIGRAD.
 MIGRAD TERMINATED WITHOUT CONVERGENCE.
 FCN=17.3694 FROM MIGRAD    STATUS=CALL LIMIT   1155 CALLS        4419 TOTAL
                     EDM=0.000909019    STRATEGY= 1      ERR MATRIX NOT POS-DEF
  EXT PARAMETER                APPROXIMATE        STEP         FIRST   
  NO.   NAME      VALUE            ERROR          SIZE      DERIVATIVE 
   1  N0           2.87393e+06     fixed    
   2  tau          6.44101e+01   constant   
   3  A0           3.48891e-01     fixed    
   4  phi          4.07238e+00     fixed    
   5  R           -5.98037e+01   constant   
   6  alpha_CBO   -8.67527e-03     fixed    
   7  w_CBO        2.32500e+00   constant   
   8  beta_CBO     6.06141e-05   6.48846e-04  -3.78000e-06  -2.31158e+01
   9  alpha_2CBO  -4.17941e-05   6.87239e-04  -5.19630e-06  -2.50027e+01
  10  beta_2CBO    5.40544e-03     fixed    
  11  alpha_y      0.00000e+00     fixed    
  12  w_y          1.44500e+01   constant   
  13  beta_y       1.03730e-03     fixed    
  14  alpha_vw     0.00000e+00     fixed    
  15  w_vw         1.29000e+01   constant   
  16  beta_vw      0.00000e+00     fixed    
  17  LM           1.43880e-04   constant   
  18  zeta_y       0.00000e+00   constant   
  19  zeta_vw      0.00000e+00   constant   
  20  T_CBO        5.38045e+01   3.56666e+01   1.70804e-03  -6.09480e-01
  21  alpha_A0    -9.11292e-03   7.57968e-03   4.87247e-05   1.23610e+01
  22  beta_A0      4.19073e-02   2.96336e-02  -3.10597e-04  -8.65848e-01
  23  alpha_phi   -2.68909e-02   1.93085e-02   2.04485e-04   5.78380e+00
  24  beta_phi    -6.91185e-02   4.50597e-02   4.35584e-04  -2.86713e+00
 EXTERNAL ERROR MATRIX.    NDIM=  25    NPAR=  7    ERR DEF=1
  4.210e-07  3.734e-07 -3.617e-03  2.311e-06  6.667e-06 -2.756e-06 -1.443e-06 
  3.734e-07  4.723e-07 -8.666e-03  1.706e-06  9.956e-06 -5.802e-06 -7.442e-06 
 -3.617e-03 -8.666e-03  1.283e+03  2.030e-01 -1.036e+00  6.854e-01  1.602e+00 
  2.311e-06  1.706e-06  2.030e-01  5.745e-05 -1.388e-04  9.962e-05  2.795e-04 
  6.667e-06  9.956e-06 -1.036e+00 -1.388e-04  8.781e-04 -5.593e-04 -1.268e-03 
 -2.756e-06 -5.802e-06  6.854e-01  9.962e-05 -5.593e-04  3.728e-04  8.461e-04 
 -1.443e-06 -7.442e-06  1.602e+00  2.795e-04 -1.268e-03  8.461e-04  2.030e-03 
ERR MATRIX NOT POS-DEF
 PARAMETER  CORRELATION COEFFICIENTS  
       NO.  GLOBAL      8      9     20     21     22     23     24
        8  0.96514   1.000  0.837 -0.156  0.470  0.347 -0.220 -0.049
        9  0.97121   0.837  1.000 -0.352  0.328  0.489 -0.437 -0.240
       20  0.99954  -0.156 -0.352  1.000  0.748 -0.976  0.991  0.992
       21  0.98602   0.470  0.328  0.748  1.000 -0.618  0.681  0.818
       22  0.99681   0.347  0.489 -0.976 -0.618  1.000 -0.977 -0.950
       23  0.99632  -0.220 -0.437  0.991  0.681 -0.977  1.000  0.972
       24  0.99943  -0.049 -0.240  0.992  0.818 -0.950  0.972  1.000
 ERR MATRIX NOT POS-DEF
MINUIT - FIT wiggle + 1-CBO + 2-CBO
 **********
 **   42 **RES 
 **********
                   PARAMETER   16  beta_vw RESTORED TO VARIABLE.
                   PARAMETER   14  alpha_vw RESTORED TO VARIABLE.
                   PARAMETER   13  beta_y RESTORED TO VARIABLE.
                   PARAMETER   11  alpha_y RESTORED TO VARIABLE.
                   PARAMETER   10  beta_2CBO RESTORED TO VARIABLE.
                   PARAMETER    6  alpha_CBO RESTORED TO VARIABLE.
                   PARAMETER    4  phi RESTORED TO VARIABLE.
                   PARAMETER    3  A0 RESTORED TO VARIABLE.
                   PARAMETER    1  N0 RESTORED TO VARIABLE.
 **********
 **   43 **FIX           10
 **********
 **********
 **   44 **FIX           11
 **********
 **********
 **   45 **FIX           12
 **********
 PARAMETER   12  IS CONSTANT.   IGNORED.
 **********
 **   46 **FIX           13
 **********
 **********
 **   47 **FIX           14
 **********
 **********
 **   48 **FIX           15
 **********
 PARAMETER   15  IS CONSTANT.   IGNORED.
 **********
 **   49 **FIX           16
 **********
 **********
 **   50 **MIGRAD
 **********
 START MIGRAD MINIMIZATION.  STRATEGY  1.  CONVERGENCE WHEN EDM .LT. 1.00e-04
 FCN=17.3694 FROM MIGRAD    STATUS=INITIATE       22 CALLS        4441 TOTAL
                     EDM= unknown      STRATEGY= 1      NO ERROR MATRIX       
  EXT PARAMETER               CURRENT GUESS       STEP         FIRST   
  NO.   NAME      VALUE            ERROR          SIZE      DERIVATIVE 
   1  N0           2.87393e+06   6.54616e+03   6.54616e+03  -7.80828e-05
   2  tau          6.44101e+01   constant   
   3  A0           3.48891e-01   7.68325e-04   7.68325e-04  -7.20214e+01
   4  phi          4.07238e+00   1.55144e-02   1.55144e-02   6.51302e+00
   5  R           -5.98037e+01   constant   
   6  alpha_CBO   -8.67527e-03   4.42901e-03   4.42901e-03   3.45123e+01
   7  w_CBO        2.32500e+00   constant   
   8  beta_CBO     6.06141e-05   6.48846e-04  -3.78000e-06  -2.31158e+01
   9  alpha_2CBO  -4.17941e-05   6.87239e-04  -5.19630e-06  -2.50027e+01
  10  beta_2CBO    5.40544e-03     fixed    
  11  alpha_y      0.00000e+00     fixed    
  12  w_y          1.44500e+01   constant   
  13  beta_y       1.03730e-03     fixed    
  14  alpha_vw     0.00000e+00     fixed    
  15  w_vw         1.29000e+01   constant   
  16  beta_vw      0.00000e+00     fixed    
  17  LM           1.43880e-04   constant   
  18  zeta_y       0.00000e+00   constant   
  19  zeta_vw      0.00000e+00   constant   
  20  T_CBO        5.38045e+01   3.56666e+01   1.70804e-03  -6.09479e-01
  21  alpha_A0    -9.11292e-03   7.57968e-03   4.87247e-05   1.23610e+01
  22  beta_A0      4.19073e-02   2.96336e-02  -3.10597e-04  -8.65847e-01
  23  alpha_phi   -2.68909e-02   1.93085e-02   2.04485e-04   5.78380e+00
  24  beta_phi    -6.91185e-02   4.50597e-02   4.35584e-04  -2.86713e+00
 CALL LIMIT EXCEEDED IN MIGRAD.
 MIGRAD TERMINATED WITHOUT CONVERGENCE.
 FCN=14.2103 FROM MIGRAD    STATUS=CALL LIMIT   1913 CALLS        6332 TOTAL
                     EDM=0.0102082    STRATEGY= 1  ERROR MATRIX UNCERTAINTY   3.2 per cent
  EXT PARAMETER                APPROXIMATE        STEP         FIRST   
  NO.   NAME      VALUE            ERROR          SIZE      DERIVATIVE 
   1  N0           2.93957e+06   2.27690e+04   5.60974e+02   2.14993e-04
   2  tau          6.44101e+01   constant   
   3  A0           3.96289e-01   2.41841e-02   9.71569e-04  -1.35814e+02
   4  phi          4.09777e+00   1.58446e-02  -8.02747e-04  -7.60155e+01
   5  R           -5.98037e+01   constant   
   6  alpha_CBO   -3.71375e-04   4.03342e-03   1.39794e-04   3.65586e+01
   7  w_CBO        2.32500e+00   constant   
   8  beta_CBO    -3.26257e-02   1.00704e-02  -2.33766e-04   3.21048e+02
   9  alpha_2CBO  -2.76852e-03   1.57264e-03   2.90336e-05  -2.74888e+02
  10  beta_2CBO    5.40544e-03     fixed    
  11  alpha_y      0.00000e+00     fixed    
  12  w_y          1.44500e+01   constant   
  13  beta_y       1.03730e-03     fixed    
  14  alpha_vw     0.00000e+00     fixed    
  15  w_vw         1.29000e+01   constant   
  16  beta_vw      0.00000e+00     fixed    
  17  LM           1.43880e-04   constant   
  18  zeta_y       0.00000e+00   constant   
  19  zeta_vw      0.00000e+00   constant   
  20  T_CBO        4.85111e+01   3.92264e+00  -8.77265e-04  -9.45023e+00
  21  alpha_A0     4.72202e-02   6.47083e-02   3.03805e-03  -3.02847e+01
  22  beta_A0      2.29055e-01   1.80368e-01   8.63198e-03  -2.39858e+01
  23  alpha_phi    2.51192e-01   2.05445e-01   9.74112e-03   3.90493e+01
  24  beta_phi    -1.07967e-01   2.66881e-02  -1.43751e-03   4.29210e+01
 EXTERNAL ERROR MATRIX.    NDIM=  25    NPAR= 11    ERR DEF=1
  5.184e+08 
  5.140e+02  5.849e-04 
 -1.021e+02 -2.328e-04  2.511e-04 
  8.524e+01  8.784e-05 -2.263e-05  1.627e-05 
 -2.251e+02 -2.221e-04  4.169e-05 -3.457e-05  1.014e-04 
  8.294e+00  1.590e-05 -1.569e-05  3.035e-06 -1.239e-06  2.473e-06 
 -7.023e+04 -8.978e-02  4.919e-02 -1.309e-02  2.919e-02 -3.818e-03  1.539e+01 
  1.178e+03  1.473e-03 -7.701e-04  2.288e-04 -4.761e-04  6.961e-05 -2.503e-01  4.187e-03 
  3.372e+03  4.218e-03 -2.200e-03  6.203e-04 -1.413e-03  1.667e-04 -7.025e-01  1.154e-02  3.253e-02 
  3.987e+03  4.880e-03 -2.407e-03  7.127e-04 -1.698e-03  1.696e-04 -7.940e-01  1.299e-02  3.693e-02  4.221e-02 
 -4.633e+02 -6.026e-04  3.397e-04 -7.794e-05  2.072e-04 -1.619e-05  9.883e-02 -1.563e-03 -4.597e-03 -5.291e-03  7.123e-04 
ERR MATRIX APPROXIMATE
 PARAMETER  CORRELATION COEFFICIENTS  
       NO.  GLOBAL      1      3      4      6      8      9     20     21     22     23     24
        1  1.00000   1.000  0.933 -0.283  0.928 -0.982  0.232 -0.786  0.800  0.821  0.852 -0.762
        3  1.00000   0.933  1.000 -0.607  0.900 -0.912  0.418 -0.946  0.941  0.967  0.982 -0.934
        4  1.00000  -0.283 -0.607  1.000 -0.354  0.261 -0.630  0.791 -0.751 -0.770 -0.740  0.803
        6  1.00000   0.928  0.900 -0.354  1.000 -0.851  0.478 -0.828  0.877  0.853  0.860 -0.724
        8  1.00000  -0.982 -0.912  0.261 -0.851  1.000 -0.078  0.739 -0.731 -0.778 -0.821  0.771
        9  1.00000   0.232  0.418 -0.630  0.478 -0.078  1.000 -0.619  0.684  0.588  0.525 -0.386
       20  1.00000  -0.786 -0.946  0.791 -0.828  0.739 -0.619  1.000 -0.986 -0.993 -0.985  0.944
       21  1.00000   0.800  0.941 -0.751  0.877 -0.731  0.684 -0.986  1.000  0.989  0.977 -0.905
       22  1.00000   0.821  0.967 -0.770  0.853 -0.778  0.588 -0.993  0.989  1.000  0.997 -0.955
       23  1.00000   0.852  0.982 -0.740  0.860 -0.821  0.525 -0.985  0.977  0.997  1.000 -0.965
       24  1.00000  -0.762 -0.934  0.803 -0.724  0.771 -0.386  0.944 -0.905 -0.955 -0.965  1.000
 ERR MATRIX APPROXIMATE
MINUIT - FIT ONLY 1-y
 **********
 **   51 **RES 
 **********
                   PARAMETER   16  beta_vw RESTORED TO VARIABLE.
                   PARAMETER   14  alpha_vw RESTORED TO VARIABLE.
                   PARAMETER   13  beta_y RESTORED TO VARIABLE.
                   PARAMETER   11  alpha_y RESTORED TO VARIABLE.
                   PARAMETER   10  beta_2CBO RESTORED TO VARIABLE.
 **********
 **   52 **FIX            0
 **********
 PARAMETER    0  IS UNDEFINED. IGNORED.
 **********
 **   53 **FIX            1
 **********
 **********
 **   54 **FIX            2
 **********
 PARAMETER    2  IS CONSTANT.   IGNORED.
 **********
 **   55 **FIX            3
 **********
 **********
 **   56 **FIX            4
 **********
 **********
 **   57 **FIX            5
 **********
 PARAMETER    5  IS CONSTANT.   IGNORED.
 **********
 **   58 **FIX            6
 **********
 **********
 **   59 **FIX            7
 **********
 PARAMETER    7  IS CONSTANT.   IGNORED.
 **********
 **   60 **FIX            8
 **********
 **********
 **   61 **FIX            9
 **********
 **********
 **   62 **FIX           13
 **********
 **********
 **   63 **FIX           14
 **********
 **********
 **   64 **FIX           15
 **********
 PARAMETER   15  IS CONSTANT.   IGNORED.
 **********
 **   65 **FIX           16
 **********
 **********
 **   66 **MIGRAD
 **********
 START MIGRAD MINIMIZATION.  STRATEGY  1.  CONVERGENCE WHEN EDM .LT. 1.00e-04
 FCN=14.2103 FROM MIGRAD    STATUS=INITIATE       16 CALLS        6348 TOTAL
                     EDM= unknown      STRATEGY= 1      NO ERROR MATRIX       
  EXT PARAMETER               CURRENT GUESS       STEP         FIRST   
  NO.   NAME      VALUE            ERROR          SIZE      DERIVATIVE 
   1  N0           2.93957e+06     fixed    
   2  tau          6.44101e+01   constant   
   3  A0           3.96289e-01     fixed    
   4  phi          4.09777e+00     fixed    
   5  R           -5.98037e+01   constant   
   6  alpha_CBO   -3.71375e-04     fixed    
   7  w_CBO        2.32500e+00   constant   
   8  beta_CBO    -3.26257e-02     fixed    
   9  alpha_2CBO  -2.76852e-03     fixed    
  10  beta_2CBO    5.40544e-03   1.47921e-03   1.47921e-03  -5.01171e+02
  11  alpha_y      0.00000e+00   1.00000e-03   1.00000e-03   3.12536e+03
  12  w_y          1.44500e+01   constant   
  13  beta_y       1.03730e-03     fixed    
  14  alpha_vw     0.00000e+00     fixed    
  15  w_vw         1.29000e+01   constant   
  16  beta_vw      0.00000e+00     fixed    
  17  LM           1.43880e-04   constant   
  18  zeta_y       0.00000e+00   constant   
  19  zeta_vw      0.00000e+00   constant   
  20  T_CBO        4.85111e+01   3.92264e+00  -8.77265e-04  -9.45023e+00
  21  alpha_A0     4.72202e-02   6.47083e-02   3.03805e-03  -3.02847e+01
  22  beta_A0      2.29055e-01   1.80368e-01   8.63198e-03  -2.39858e+01
  23  alpha_phi    2.51192e-01   2.05445e-01   9.74112e-03   3.90493e+01
  24  beta_phi    -1.07967e-01   2.66881e-02  -1.43751e-03   4.29210e+01
 MIGRAD MINIMIZATION HAS CONVERGED.
 MIGRAD WILL VERIFY CONVERGENCE AND ERROR MATRIX.
 FCN=14.1095 FROM HESSE     STATUS=NOT POSDEF     50 CALLS        6476 TOTAL
                     EDM=0.000297017    STRATEGY= 1      ERR MATRIX NOT POS-DEF
  EXT PARAMETER                APPROXIMATE        STEP         FIRST   
  NO.   NAME      VALUE            ERROR          SIZE      DERIVATIVE 
   1  N0           2.93957e+06     fixed    
   2  tau          6.44101e+01   constant   
   3  A0           3.96289e-01     fixed    
   4  phi          4.09777e+00     fixed    
   5  R           -5.98037e+01   constant   
   6  alpha_CBO   -3.71375e-04     fixed    
   7  w_CBO        2.32500e+00   constant   
   8  beta_CBO    -3.26257e-02     fixed    
   9  alpha_2CBO  -2.76852e-03     fixed    
  10  beta_2CBO    5.43402e-03   3.36630e-04   3.80824e-07  -6.71771e+00
  11  alpha_y     -5.53644e-05   1.97909e-04   3.66373e-07   1.55687e-01
  12  w_y          1.44500e+01   constant   
  13  beta_y       1.03730e-03     fixed    
  14  alpha_vw     0.00000e+00     fixed    
  15  w_vw         1.29000e+01   constant   
  16  beta_vw      0.00000e+00     fixed    
  17  LM           1.43880e-04   constant   
  18  zeta_y       0.00000e+00   constant   
  19  zeta_vw      0.00000e+00   constant   
  20  T_CBO        4.85143e+01   3.74433e+00   2.33867e-06   1.09217e+00
  21  alpha_A0     4.72431e-02   4.49552e-03   3.09857e-06   1.03989e-01
  22  beta_A0      2.29239e-01   2.00660e-02   3.67627e-06   2.75209e-01
  23  alpha_phi    2.51059e-01   2.11415e-02   3.08203e-06  -1.00610e+00
  24  beta_phi    -1.08054e-01   9.55124e-03   2.96252e-06  -1.71855e-02
 MIGRAD MINIMIZATION HAS CONVERGED.
 MIGRAD WILL VERIFY CONVERGENCE AND ERROR MATRIX.
 COVARIANCE MATRIX CALCULATED SUCCESSFULLY
 FCN=14.0624 FROM MIGRAD    STATUS=CONVERGED     835 CALLS        7167 TOTAL
                     EDM=3.96101e-05    STRATEGY= 1      ERROR MATRIX ACCURATE 
  EXT PARAMETER                                   STEP         FIRST   
  NO.   NAME      VALUE            ERROR          SIZE      DERIVATIVE 
   1  N0           2.93957e+06     fixed    
   2  tau          6.44101e+01   constant   
   3  A0           3.96289e-01     fixed    
   4  phi          4.09777e+00     fixed    
   5  R           -5.98037e+01   constant   
   6  alpha_CBO   -3.71375e-04     fixed    
   7  w_CBO        2.32500e+00   constant   
   8  beta_CBO    -3.26257e-02     fixed    
   9  alpha_2CBO  -2.76852e-03     fixed    
  10  beta_2CBO    5.54889e-03   9.73320e-04   3.80232e-07   2.22165e+00
  11  alpha_y     -5.05986e-05   2.01818e-04   3.65798e-07   8.97360e-01
  12  w_y          1.44500e+01   constant   
  13  beta_y       1.03730e-03     fixed    
  14  alpha_vw     0.00000e+00     fixed    
  15  w_vw         1.29000e+01   constant   
  16  beta_vw      0.00000e+00     fixed    
  17  LM           1.43880e-04   constant   
  18  zeta_y       0.00000e+00   constant   
  19  zeta_vw      0.00000e+00   constant   
  20  T_CBO        4.01740e+01   5.43924e+01   1.75737e-06  -4.62669e+00
  21  alpha_A0     5.99337e-02   1.13821e-01   3.88205e-06   5.63753e-01
  22  beta_A0      2.89674e-01   5.40893e-01   4.60601e-06  -6.62977e-01
  23  alpha_phi    3.14763e-01   5.68040e-01   3.84689e-06  -1.80973e+00
  24  beta_phi    -1.36562e-01   2.55156e-01   3.70619e-06  -5.54097e-02
 EXTERNAL ERROR MATRIX.    NDIM=  25    NPAR=  7    ERR DEF=1
  9.474e-07  4.729e-08 -5.033e-02  1.038e-04  4.949e-04  5.184e-04 -2.334e-04 
  4.729e-08  4.073e-08 -2.102e-03  4.321e-06  2.078e-05  2.165e-05 -9.823e-06 
 -5.033e-02 -2.102e-03  3.037e+03 -6.272e+00 -2.981e+01 -3.131e+01  1.406e+01 
  1.038e-04  4.321e-06 -6.272e+00  1.296e-02  6.155e-02  6.464e-02 -2.904e-02 
  4.949e-04  2.078e-05 -2.981e+01  6.155e-02  2.926e-01  3.072e-01 -1.380e-01 
  5.184e-04  2.165e-05 -3.131e+01  6.464e-02  3.072e-01  3.227e-01 -1.449e-01 
 -2.334e-04 -9.823e-06  1.406e+01 -2.904e-02 -1.380e-01 -1.449e-01  6.510e-02 
 PARAMETER  CORRELATION COEFFICIENTS  
       NO.  GLOBAL     10     11     20     21     22     23     24
       10  0.97852   1.000  0.241 -0.938  0.937  0.940  0.938 -0.940
       11  0.29187   0.241  1.000 -0.189  0.188  0.190  0.189 -0.191
       20  0.99999  -0.938 -0.189  1.000 -1.000 -1.000 -1.000  1.000
       21  0.99984   0.937  0.188 -1.000  1.000  1.000  1.000 -1.000
       22  0.99999   0.940  0.190 -1.000  1.000  1.000  1.000 -1.000
       23  0.99999   0.938  0.189 -1.000  1.000  1.000  1.000 -1.000
       24  0.99997  -0.940 -0.191  1.000 -1.000 -1.000 -1.000  1.000
MINUIT - FIT ONLY 2-y
 **********
 **   67 **RES 
 **********
                   PARAMETER   16  beta_vw RESTORED TO VARIABLE.
                   PARAMETER   14  alpha_vw RESTORED TO VARIABLE.
                   PARAMETER   13  beta_y RESTORED TO VARIABLE.
                   PARAMETER    9  alpha_2CBO RESTORED TO VARIABLE.
                   PARAMETER    8  beta_CBO RESTORED TO VARIABLE.
                   PARAMETER    6  alpha_CBO RESTORED TO VARIABLE.
                   PARAMETER    4  phi RESTORED TO VARIABLE.
                   PARAMETER    3  A0 RESTORED TO VARIABLE.
                   PARAMETER    1  N0 RESTORED TO VARIABLE.
 **********
 **   68 **FIX            0
 **********
 PARAMETER    0  IS UNDEFINED. IGNORED.
 **********
 **   69 **FIX            1
 **********
 **********
 **   70 **FIX            2
 **********
 PARAMETER    2  IS CONSTANT.   IGNORED.
 **********
 **   71 **FIX            3
 **********
 **********
 **   72 **FIX            4
 **********
 **********
 **   73 **FIX            5
 **********
 PARAMETER    5  IS CONSTANT.   IGNORED.
 **********
 **   74 **FIX            6
 **********
 **********
 **   75 **FIX            7
 **********
 PARAMETER    7  IS CONSTANT.   IGNORED.
 **********
 **   76 **FIX            8
 **********
 **********
 **   77 **FIX            9
 **********
 **********
 **   78 **FIX           10
 **********
 **********
 **   79 **FIX           11
 **********
 **********
 **   80 **FIX           12
 **********
 PARAMETER   12  IS CONSTANT.   IGNORED.
 **********
 **   81 **FIX           16
 **********
 **********
 **   82 **MIGRAD
 **********
 START MIGRAD MINIMIZATION.  STRATEGY  1.  CONVERGENCE WHEN EDM .LT. 1.00e-04
 FCN=14.0624 FROM MIGRAD    STATUS=INITIATE       16 CALLS        7183 TOTAL
                     EDM= unknown      STRATEGY= 1      NO ERROR MATRIX       
  EXT PARAMETER               CURRENT GUESS       STEP         FIRST   
  NO.   NAME      VALUE            ERROR          SIZE      DERIVATIVE 
   1  N0           2.93957e+06     fixed    
   2  tau          6.44101e+01   constant   
   3  A0           3.96289e-01     fixed    
   4  phi          4.09777e+00     fixed    
   5  R           -5.98037e+01   constant   
   6  alpha_CBO   -3.71375e-04     fixed    
   7  w_CBO        2.32500e+00   constant   
   8  beta_CBO    -3.26257e-02     fixed    
   9  alpha_2CBO  -2.76852e-03     fixed    
  10  beta_2CBO    5.54889e-03     fixed    
  11  alpha_y     -5.05986e-05     fixed    
  12  w_y          1.44500e+01   constant   
  13  beta_y       1.03730e-03   1.95019e-04   1.95019e-04  -1.54223e+03
  14  alpha_vw     0.00000e+00   1.00000e-03   1.00000e-03   2.25571e+04
  15  w_vw         1.29000e+01   constant   
  16  beta_vw      0.00000e+00     fixed    
