 + ++++++++++++++++++++++++++++++++++++++++++++++++++++++++++++++++++++ +
 +                                                                      +
 +           You have chose to blind your fitting according to          +
 +                omega_ref * (1 + (R +/- deltaR) *10^{-6})             +
 +                                                                      +
 + ++++++++++++++++++++++++++++++++++++++++++++++++++++++++++++++++++++ +
In main()...
reading format from /gm2data/zkhechad/run45/envelope/formats/formatB_sBin_constraintOn.txt
pBinTau 	= 0  
pBinPhi 	= 0  
constraintau 	= 1 
includeMopTerm 	= 0    
constrainMop    = 0   
Parameters after format file: pBinTau 0 pBinPhi 0 constraintau 1 includeMopTerm 0 constrainMop 0 c_e_scale 0.000000 
Opening file /gm2data/tbarrett/gm2fr/studies/run23_bunch_corrections/CorrectedFourier_Run3b.root.
reading full fit data from /gm2data/zkhechad/cboTemplates/Run4CBOTemplates/fullFits/noRF/sBin_constraintOn_cE0.0_seed0_noRF_calo6.root
windowBins = 69
fitting sliding window 1610 from bin 1746 at 260.354000 to bin 1815 at 270.798000 (69 bins)

Reading data from /gm2data/cornell/histograms/aMethod/histogram_a_noRF.root
 **********
 **    1 **SET PRINTOUT            1
 **********
 **********
 **    2 **SET NOWARNINGS 
 **********
 PARAMETER DEFINITIONS:
    NO.   NAME         VALUE      STEP SIZE      LIMITS
     1 N0           2.91036e+06  1.00000e+02     no limits
     2 tau          6.44099e+01  constant
     3 A0           3.53688e-01  1.00000e-04     no limits
     4 phi          4.11540e+00  1.00000e-02     no limits
     5 R           -6.16610e+01  constant
     6 alpha_CBO    0.00000e+00  1.00000e-03     no limits
     7 w_CBO        2.32500e+00  constant
     8 beta_CBO     0.00000e+00  1.00000e-03     no limits
     9 alpha_2CBO   0.00000e+00  1.00000e-03     no limits
    10 beta_2CBO    0.00000e+00  1.00000e-03     no limits
    11 alpha_y      0.00000e+00  1.00000e-03     no limits
    12 w_y          1.38860e+01  constant
    13 beta_y       0.00000e+00  1.00000e-03     no limits
    14 alpha_vw     0.00000e+00  1.00000e-03     no limits
    15 w_vw         1.43404e+01  constant
    16 beta_vw      0.00000e+00  1.00000e-03     no limits
    17 LM           1.71412e-04  constant
    18 zeta_y       0.00000e+00  constant
    19 zeta_vw      0.00000e+00  constant
    20 T_CBO        1.00000e+02  1.00000e+00    0.00000e+00  1.00000e+03
    21 alpha_A0     0.00000e+00  1.00000e-03     no limits
    22 beta_A0      0.00000e+00  1.00000e-03     no limits
    23 alpha_phi    0.00000e+00  1.00000e-03     no limits
    24 beta_phi     0.00000e+00  1.00000e-03     no limits
MINUIT - FIT ONLY WIGGLE
 **********
 **    3 **FIX            5
 **********
 PARAMETER    5  IS CONSTANT.   IGNORED.
 **********
 **    4 **FIX            6
 **********
 **********
 **    5 **FIX            7
 **********
 PARAMETER    7  IS CONSTANT.   IGNORED.
 **********
 **    6 **FIX            8
 **********
 **********
 **    7 **FIX            9
 **********
 **********
 **    8 **FIX           10
 **********
 **********
 **    9 **FIX           11
 **********
 **********
 **   10 **FIX           12
 **********
 PARAMETER   12  IS CONSTANT.   IGNORED.
 **********
 **   11 **FIX           13
 **********
 **********
 **   12 **FIX           14
 **********
 **********
 **   13 **FIX           15
 **********
 PARAMETER   15  IS CONSTANT.   IGNORED.
 **********
 **   14 **FIX           16
 **********
 **********
 **   15 **MIGRAD
 **********
 FIRST CALL TO USER FUNCTION AT NEW START POINT, WITH IFLAG=4.
 START MIGRAD MINIMIZATION.  STRATEGY  1.  CONVERGENCE WHEN EDM .LT. 1.00e-04
 FCN=112.685 FROM MIGRAD    STATUS=INITIATE      437 CALLS         438 TOTAL
                     EDM= unknown      STRATEGY= 1      NO ERROR MATRIX       
  EXT PARAMETER               CURRENT GUESS       STEP         FIRST   
  NO.   NAME      VALUE            ERROR          SIZE      DERIVATIVE 
   1  N0           2.91036e+06   1.00000e+02   0.00000e+00  -3.09981e-03
   2  tau          6.44099e+01   constant   
   3  A0           3.53688e-01   1.00000e-04   0.00000e+00  -7.55344e+03
   4  phi          4.11540e+00   1.00000e-02   0.00000e+00  -1.55494e+03
   5  R           -6.16610e+01   constant   
   6  alpha_CBO    0.00000e+00     fixed    
   7  w_CBO        2.32500e+00   constant   
   8  beta_CBO     0.00000e+00     fixed    
   9  alpha_2CBO   0.00000e+00     fixed    
  10  beta_2CBO    0.00000e+00     fixed    
  11  alpha_y      0.00000e+00     fixed    
  12  w_y          1.38860e+01   constant   
  13  beta_y       0.00000e+00     fixed    
  14  alpha_vw     0.00000e+00     fixed    
  15  w_vw         1.43404e+01   constant   
  16  beta_vw      0.00000e+00     fixed    
  17  LM           1.71412e-04   constant   
  18  zeta_y       0.00000e+00   constant   
  19  zeta_vw      0.00000e+00   constant   
  20  T_CBO        1.00000e+02   1.00000e+00   0.00000e+00   0.00000e+00
  21  alpha_A0     0.00000e+00   1.00000e-03   0.00000e+00  -6.80583e+00
  22  beta_A0      0.00000e+00   1.00000e-03   0.00000e+00   1.79745e+02
  23  alpha_phi    0.00000e+00   1.00000e-03   0.00000e+00  -5.94247e+01
  24  beta_phi     0.00000e+00   1.00000e-03   0.00000e+00   7.79805e+01
 MIGRAD MINIMIZATION HAS CONVERGED.
 MIGRAD WILL VERIFY CONVERGENCE AND ERROR MATRIX.
 FCN=100.37 FROM HESSE     STATUS=NOT POSDEF     61 CALLS         611 TOTAL
                     EDM=0.000133755    STRATEGY= 1      ERR MATRIX NOT POS-DEF
  EXT PARAMETER                APPROXIMATE        STEP         FIRST   
  NO.   NAME      VALUE            ERROR          SIZE      DERIVATIVE 
   1  N0           2.91129e+06   1.01571e+03   4.61762e+00   1.99004e-09
   2  tau          6.44099e+01   constant   
   3  A0           3.54513e-01   4.59138e-04   2.19300e-06  -4.78823e-01
   4  phi          4.11650e+00   1.30345e-03   6.26972e-06   1.13767e-01
   5  R           -6.16610e+01   constant   
   6  alpha_CBO    0.00000e+00     fixed    
   7  w_CBO        2.32500e+00   constant   
   8  beta_CBO     0.00000e+00     fixed    
   9  alpha_2CBO   0.00000e+00     fixed    
  10  beta_2CBO    0.00000e+00     fixed    
  11  alpha_y      0.00000e+00     fixed    
  12  w_y          1.38860e+01   constant   
  13  beta_y       0.00000e+00     fixed    
  14  alpha_vw     0.00000e+00     fixed    
  15  w_vw         1.43404e+01   constant   
  16  beta_vw      0.00000e+00     fixed    
  17  LM           1.71412e-04   constant   
  18  zeta_y       0.00000e+00   constant   
  19  zeta_vw      0.00000e+00   constant   
  20  T_CBO        1.00578e+02   2.05129e+02   2.36228e-04   1.74237e-02
  21  alpha_A0    -1.02215e-03   2.50539e-02   1.19522e-04  -4.57322e-03
  22  beta_A0     -6.28068e-02   3.71239e-01   1.29370e-04   1.58921e-02
  23  alpha_phi    1.42156e-02   8.99559e-02   1.23159e-04  -1.17475e-02
  24  beta_phi    -1.85978e-02   1.12304e-01   1.20762e-04   2.88060e-02
 CALL LIMIT EXCEEDED IN MIGRAD.
 MIGRAD TERMINATED WITHOUT CONVERGENCE.
 FCN=100.365 FROM MIGRAD    STATUS=CALL LIMIT   1336 CALLS        1337 TOTAL
                     EDM=8.3029e-05    STRATEGY= 1      ERR MATRIX NOT POS-DEF
  EXT PARAMETER                APPROXIMATE        STEP         FIRST   
  NO.   NAME      VALUE            ERROR          SIZE      DERIVATIVE 
   1  N0           2.91129e+06   9.59274e+02  -4.32128e+00  -9.03691e-06
   2  tau          6.44099e+01   constant   
   3  A0           3.54519e-01   4.51942e-04   8.57414e-07   6.95029e+00
   4  phi          4.11649e+00   1.29503e-03   9.92691e-07   2.30893e-01
   5  R           -6.16610e+01   constant   
   6  alpha_CBO    0.00000e+00     fixed    
   7  w_CBO        2.32500e+00   constant   
   8  beta_CBO     0.00000e+00     fixed    
   9  alpha_2CBO   0.00000e+00     fixed    
  10  beta_2CBO    0.00000e+00     fixed    
  11  alpha_y      0.00000e+00     fixed    
  12  w_y          1.38860e+01   constant   
  13  beta_y       0.00000e+00     fixed    
  14  alpha_vw     0.00000e+00     fixed    
  15  w_vw         1.43404e+01   constant   
  16  beta_vw      0.00000e+00     fixed    
  17  LM           1.71412e-04   constant   
  18  zeta_y       0.00000e+00   constant   
  19  zeta_vw      0.00000e+00   constant   
  20  T_CBO        6.46817e+01   6.72470e+01  -1.68944e-05  -1.16645e-01
  21  alpha_A0    -4.90853e-03   4.71378e-02   4.84329e-05  -6.02139e-02
  22  beta_A0     -2.70582e-01   1.13976e+00  -8.62442e-04   5.07880e-02
  23  alpha_phi    6.21471e-02   2.59405e-01   2.37589e-04  -4.14220e-02
  24  beta_phi    -8.09767e-02   3.58466e-01  -1.46539e-04  -6.34856e-02
 EXTERNAL ERROR MATRIX.    NDIM=  25    NPAR=  8    ERR DEF=1
  9.202e+05 -1.778e-02 -1.607e-01  3.040e+04  4.661e+00  5.338e+02 -1.223e+02  1.536e+02 
 -1.778e-02  2.043e-07 -1.939e-08 -6.173e-03 -1.231e-06 -1.097e-04  2.409e-05 -3.000e-05 
 -1.607e-01 -1.939e-08  1.677e-06 -6.444e-03 -1.706e-06 -1.130e-04  2.575e-05 -3.952e-05 
  3.040e+04 -6.173e-03 -6.444e-03  4.640e+03  2.020e+00  7.732e+01 -1.742e+01  2.408e+01 
  4.661e+00 -1.231e-06 -1.706e-06  2.020e+00  2.222e-03  3.357e-02 -6.886e-03  1.181e-02 
  5.338e+02 -1.097e-04 -1.130e-04  7.732e+01  3.357e-02  1.299e+00 -2.926e-01  4.036e-01 
 -1.223e+02  2.409e-05  2.575e-05 -1.742e+01 -6.886e-03 -2.926e-01  6.729e-02 -8.979e-02 
  1.536e+02 -3.000e-05 -3.952e-05  2.408e+01  1.181e-02  4.036e-01 -8.979e-02  1.285e-01 
ERR MATRIX NOT POS-DEF
 PARAMETER  CORRELATION COEFFICIENTS  
       NO.  GLOBAL      1      3      4     20     21     22     23     24
        1  0.62158   1.000 -0.041 -0.129  0.465  0.103  0.488 -0.492  0.447
        3  0.36048  -0.041  1.000 -0.033 -0.201 -0.058 -0.213  0.205 -0.185
        4  0.18197  -0.129 -0.033  1.000 -0.073 -0.028 -0.077  0.077 -0.085
       20  0.99640   0.465 -0.201 -0.073  1.000  0.629  0.996 -0.986  0.986
       21  0.83348   0.103 -0.058 -0.028  0.629  1.000  0.625 -0.563  0.699
       22  0.99851   0.488 -0.213 -0.077  0.996  0.625  1.000 -0.990  0.988
       23  0.99346  -0.492  0.205  0.077 -0.986 -0.563 -0.990  1.000 -0.966
       24  0.99447   0.447 -0.185 -0.085  0.986  0.699  0.988 -0.966  1.000
 ERR MATRIX NOT POS-DEF
MINUIT - FIT ONLY 1-CBO + wiggle
 **********
 **   16 **RES 
 **********
                   PARAMETER   16  beta_vw RESTORED TO VARIABLE.
                   PARAMETER   14  alpha_vw RESTORED TO VARIABLE.
                   PARAMETER   13  beta_y RESTORED TO VARIABLE.
                   PARAMETER   11  alpha_y RESTORED TO VARIABLE.
                   PARAMETER   10  beta_2CBO RESTORED TO VARIABLE.
                   PARAMETER    9  alpha_2CBO RESTORED TO VARIABLE.
                   PARAMETER    8  beta_CBO RESTORED TO VARIABLE.
                   PARAMETER    6  alpha_CBO RESTORED TO VARIABLE.
 **********
 **   17 **FIX            8
 **********
 **********
 **   18 **FIX            9
 **********
 **********
 **   19 **FIX           11
 **********
 **********
 **   20 **FIX           12
 **********
 PARAMETER   12  IS CONSTANT.   IGNORED.
 **********
 **   21 **FIX           14
 **********
 **********
 **   22 **FIX           15
 **********
 PARAMETER   15  IS CONSTANT.   IGNORED.
 **********
 **   23 **FIX           16
 **********
 **********
 **   24 **MIGRAD
 **********
 START MIGRAD MINIMIZATION.  STRATEGY  1.  CONVERGENCE WHEN EDM .LT. 1.00e-04
 FCN=100.365 FROM MIGRAD    STATUS=INITIATE       28 CALLS        1365 TOTAL
                     EDM= unknown      STRATEGY= 1      NO ERROR MATRIX       
  EXT PARAMETER               CURRENT GUESS       STEP         FIRST   
  NO.   NAME      VALUE            ERROR          SIZE      DERIVATIVE 
   1  N0           2.91129e+06   9.59274e+02  -4.32128e+00  -9.03691e-06
   2  tau          6.44099e+01   constant   
   3  A0           3.54519e-01   4.51942e-04   8.57414e-07   6.95028e+00
   4  phi          4.11649e+00   1.29503e-03   9.92691e-07   2.30893e-01
   5  R           -6.16610e+01   constant   
   6  alpha_CBO    0.00000e+00   1.00000e-03   1.00000e-03   1.05385e+03
   7  w_CBO        2.32500e+00   constant   
   8  beta_CBO     0.00000e+00     fixed    
   9  alpha_2CBO   0.00000e+00     fixed    
  10  beta_2CBO    0.00000e+00   1.00000e-03   1.00000e-03  -1.78356e+03
  11  alpha_y      0.00000e+00     fixed    
  12  w_y          1.38860e+01   constant   
  13  beta_y       0.00000e+00   1.00000e-03   1.00000e-03  -1.46021e+03
  14  alpha_vw     0.00000e+00     fixed    
  15  w_vw         1.43404e+01   constant   
  16  beta_vw      0.00000e+00     fixed    
  17  LM           1.71412e-04   constant   
  18  zeta_y       0.00000e+00   constant   
  19  zeta_vw      0.00000e+00   constant   
  20  T_CBO        6.46817e+01   6.72470e+01  -1.68944e-05  -1.16647e-01
  21  alpha_A0    -4.90853e-03   4.71378e-02   4.84329e-05  -6.02139e-02
  22  beta_A0     -2.70582e-01   1.13976e+00  -8.62442e-04   5.07881e-02
  23  alpha_phi    6.21471e-02   2.59405e-01   2.37589e-04  -4.14220e-02
  24  beta_phi    -8.09767e-02   3.58466e-01  -1.46539e-04  -6.34856e-02
 MIGRAD MINIMIZATION HAS CONVERGED.
 MIGRAD WILL VERIFY CONVERGENCE AND ERROR MATRIX.
 FCN=100.017 FROM MIGRAD    STATUS=CONVERGED     223 CALLS        1560 TOTAL
                     EDM=5.81198e-05    STRATEGY= 1      ERR MATRIX NOT POS-DEF
  EXT PARAMETER                APPROXIMATE        STEP         FIRST   
  NO.   NAME      VALUE            ERROR          SIZE      DERIVATIVE 
   1  N0           2.91129e+06   1.01768e+03   4.60957e+00   1.70762e-07
   2  tau          6.44099e+01   constant   
   3  A0           3.54504e-01   4.72628e-04   2.18923e-06   4.45320e+00
   4  phi          4.11651e+00   1.31809e-03   6.25889e-06  -9.97624e-01
   5  R           -6.16610e+01   constant   
   6  alpha_CBO   -1.14478e-04   4.76662e-04   2.22308e-06   5.97084e-01
   7  w_CBO        2.32500e+00   constant   
   8  beta_CBO     0.00000e+00     fixed    
   9  alpha_2CBO   0.00000e+00     fixed    
  10  beta_2CBO    1.92513e-04   4.69436e-04   2.25047e-06  -9.24745e-01
  11  alpha_y      0.00000e+00     fixed    
  12  w_y          1.38860e+01   constant   
  13  beta_y       1.57777e-04   4.66070e-04   2.28937e-06   3.98169e-01
  14  alpha_vw     0.00000e+00     fixed    
  15  w_vw         1.43404e+01   constant   
  16  beta_vw      0.00000e+00     fixed    
  17  LM           1.71412e-04   constant   
  18  zeta_y       0.00000e+00   constant   
  19  zeta_vw      0.00000e+00   constant   
  20  T_CBO        6.46954e+01   9.07938e+01   1.19108e-04   3.99111e-02
  21  alpha_A0     5.03102e-03   1.12651e-01   5.16283e-04  -3.11194e-04
  22  beta_A0     -2.72902e-01   1.60541e+00   5.57111e-04  -4.08210e-03
  23  alpha_phi    6.51407e-02   4.08032e-01   5.29299e-04   6.19255e-03
  24  beta_phi    -7.39505e-02   4.46416e-01   5.20259e-04   9.99403e-03
 EXTERNAL ERROR MATRIX.    NDIM=  25    NPAR= 11    ERR DEF=1
  1.036e+06 
 -2.654e-02  2.234e-07 
 -2.175e-01 -3.942e-08  1.737e-06 
  3.149e-02  5.198e-08 -8.678e-08  2.272e-07 
  7.169e-03  1.376e-08 -3.200e-08  7.001e-09  2.204e-07 
  7.182e-03  1.624e-09  2.678e-09 -9.304e-10 -2.059e-09  2.172e-07 
 -2.876e+03 -1.496e-03  4.912e-03 -3.283e-04 -1.741e-04 -3.592e-05  8.648e+03 
 -1.091e+01 -3.046e-07  6.946e-06 -8.795e-06  5.229e-06  3.749e-07 -2.987e+00  1.269e-02 
 -2.687e+01 -3.575e-05  8.830e-05 -8.780e-06 -7.834e-06 -8.108e-08  1.489e+02 -5.152e-02  2.577e+00 
  3.918e+01 -3.758e-06 -2.130e-05 -1.912e-06  2.373e-06 -6.080e-07 -3.646e+01  1.261e-02 -6.260e-01  1.665e-01 
 -4.192e+00 -2.502e-06 -1.855e-08  1.831e-06  7.885e-06  3.817e-07  4.024e+01 -1.339e-02  6.918e-01 -1.699e-01  1.993e-01 
ERR MATRIX NOT POS-DEF
 PARAMETER  CORRELATION COEFFICIENTS  
       NO.  GLOBAL      1      3      4      6     10     13     20     21     22     23     24
        1  0.35734   1.000 -0.055 -0.162  0.065  0.015  0.015 -0.030 -0.095 -0.016  0.094 -0.009
        3  0.33425  -0.055  1.000 -0.063  0.231  0.062  0.007 -0.034 -0.006 -0.047 -0.019 -0.012
        4  0.25790  -0.162 -0.063  1.000 -0.138 -0.052  0.004  0.040  0.047  0.042 -0.040 -0.000
        6  0.31540   0.065  0.231 -0.138  1.000  0.031 -0.004 -0.007 -0.164 -0.011 -0.010  0.009
       10  0.22028   0.015  0.062 -0.052  0.031  1.000 -0.009 -0.004  0.099 -0.010  0.012  0.038
       13  0.03280   0.015  0.007  0.004 -0.004 -0.009  1.000 -0.001  0.007 -0.000 -0.003  0.002
       20  0.99795  -0.030 -0.034  0.040 -0.007 -0.004 -0.001  1.000 -0.285  0.997 -0.961  0.969
       21  0.36318  -0.095 -0.006  0.047 -0.164  0.099  0.007 -0.285  1.000 -0.285  0.274 -0.266
       22  0.99751  -0.016 -0.047  0.042 -0.011 -0.010 -0.000  0.997 -0.285  1.000 -0.956  0.965
       23  0.96460   0.094 -0.019 -0.040 -0.010  0.012 -0.003 -0.961  0.274 -0.956  1.000 -0.933
       24  0.97153  -0.009 -0.012 -0.000  0.009  0.038  0.002  0.969 -0.266  0.965 -0.933  1.000
 ERR MATRIX NOT POS-DEF
MINUIT - FIT ONLY 2-CBO
 **********
 **   25 **RES 
 **********
                   PARAMETER   16  beta_vw RESTORED TO VARIABLE.
                   PARAMETER   14  alpha_vw RESTORED TO VARIABLE.
                   PARAMETER   11  alpha_y RESTORED TO VARIABLE.
                   PARAMETER    9  alpha_2CBO RESTORED TO VARIABLE.
                   PARAMETER    8  beta_CBO RESTORED TO VARIABLE.
 **********
 **   26 **FIX            0
 **********
 PARAMETER    0  IS UNDEFINED. IGNORED.
 **********
 **   27 **FIX            1
 **********
 **********
 **   28 **FIX            2
 **********
 PARAMETER    2  IS CONSTANT.   IGNORED.
 **********
 **   29 **FIX            3
 **********
 **********
 **   30 **FIX            4
 **********
 **********
 **   31 **FIX            5
 **********
 PARAMETER    5  IS CONSTANT.   IGNORED.
 **********
 **   32 **FIX            6
 **********
 **********
 **   33 **FIX            7
 **********
 PARAMETER    7  IS CONSTANT.   IGNORED.
 **********
 **   34 **FIX           10
 **********
 **********
 **   35 **FIX           11
 **********
 **********
 **   36 **FIX           12
 **********
 PARAMETER   12  IS CONSTANT.   IGNORED.
 **********
 **   37 **FIX           13
 **********
 **********
 **   38 **FIX           14
 **********
 **********
 **   39 **FIX           15
 **********
 PARAMETER   15  IS CONSTANT.   IGNORED.
 **********
 **   40 **FIX           16
 **********
 **********
 **   41 **MIGRAD
 **********
 START MIGRAD MINIMIZATION.  STRATEGY  1.  CONVERGENCE WHEN EDM .LT. 1.00e-04
 FCN=100.017 FROM MIGRAD    STATUS=INITIATE       18 CALLS        1578 TOTAL
                     EDM= unknown      STRATEGY= 1      NO ERROR MATRIX       
  EXT PARAMETER               CURRENT GUESS       STEP         FIRST   
  NO.   NAME      VALUE            ERROR          SIZE      DERIVATIVE 
   1  N0           2.91129e+06     fixed    
   2  tau          6.44099e+01   constant   
   3  A0           3.54504e-01     fixed    
   4  phi          4.11651e+00     fixed    
   5  R           -6.16610e+01   constant   
   6  alpha_CBO   -1.14478e-04     fixed    
   7  w_CBO        2.32500e+00   constant   
   8  beta_CBO     0.00000e+00   1.00000e-03   1.00000e-03   2.74038e+04
   9  alpha_2CBO   0.00000e+00   1.00000e-03   1.00000e-03  -4.16344e+03
  10  beta_2CBO    1.92513e-04     fixed    
  11  alpha_y      0.00000e+00     fixed    
  12  w_y          1.38860e+01   constant   
  13  beta_y       1.57777e-04     fixed    
  14  alpha_vw     0.00000e+00     fixed    
  15  w_vw         1.43404e+01   constant   
  16  beta_vw      0.00000e+00     fixed    
  17  LM           1.71412e-04   constant   
  18  zeta_y       0.00000e+00   constant   
  19  zeta_vw      0.00000e+00   constant   
  20  T_CBO        6.46954e+01   9.07938e+01   1.19108e-04   4.01378e-02
  21  alpha_A0     5.03102e-03   1.12651e-01   5.16283e-04  -3.11349e-04
  22  beta_A0     -2.72902e-01   1.60541e+00   5.57111e-04  -4.08220e-03
  23  alpha_phi    6.51407e-02   4.08032e-01   5.29299e-04   6.19254e-03
  24  beta_phi    -7.39505e-02   4.46416e-01   5.20259e-04   9.99404e-03
 MIGRAD MINIMIZATION HAS CONVERGED.
 MIGRAD WILL VERIFY CONVERGENCE AND ERROR MATRIX.
 FCN=55.2387 FROM MIGRAD    STATUS=CONVERGED     147 CALLS        1707 TOTAL
                     EDM=8.73257e-05    STRATEGY= 1      ERR MATRIX NOT POS-DEF
  EXT PARAMETER                APPROXIMATE        STEP         FIRST   
  NO.   NAME      VALUE            ERROR          SIZE      DERIVATIVE 
   1  N0           2.91129e+06     fixed    
   2  tau          6.44099e+01   constant   
   3  A0           3.54504e-01     fixed    
   4  phi          4.11651e+00     fixed    
   5  R           -6.16610e+01   constant   
   6  alpha_CBO   -1.14478e-04     fixed    
   7  w_CBO        2.32500e+00   constant   
   8  beta_CBO    -3.16189e-03   4.77202e-04   1.72992e-06   2.69867e-01
   9  alpha_2CBO   7.00033e-04   4.79560e-04   1.70758e-06   2.13826e-01
  10  beta_2CBO    1.92513e-04     fixed    
  11  alpha_y      0.00000e+00     fixed    
  12  w_y          1.38860e+01   constant   
  13  beta_y       1.57777e-04     fixed    
  14  alpha_vw     0.00000e+00     fixed    
  15  w_vw         1.43404e+01   constant   
  16  beta_vw      0.00000e+00     fixed    
  17  LM           1.71412e-04   constant   
  18  zeta_y       0.00000e+00   constant   
  19  zeta_vw      0.00000e+00   constant   
  20  T_CBO        6.29860e+01   1.03737e+02   1.04439e-04   1.78872e-02
  21  alpha_A0     6.15523e-03   1.27522e-01   4.30087e-04   1.49903e-03
  22  beta_A0     -2.19308e-01   1.55953e+00   4.64608e-04   3.29740e-03
  23  alpha_phi    8.39036e-02   6.22683e-01   4.40662e-04   3.37700e-04
  24  beta_phi    -1.09227e-01   8.01765e-01   4.33370e-04   5.91806e-04
 EXTERNAL ERROR MATRIX.    NDIM=  25    NPAR=  7    ERR DEF=1
  2.277e-07 -1.595e-08  6.185e-04 -9.916e-07  1.583e-06 -2.971e-06  5.870e-06 
 -1.595e-08  2.300e-07 -3.015e-04 -4.290e-06 -1.177e-05  1.072e-05 -6.275e-06 
  6.185e-04 -3.015e-04  1.149e+04 -5.217e+00  1.666e+02 -6.545e+01  8.498e+01 
 -9.916e-07 -4.290e-06 -5.217e+00  1.626e-02 -7.526e-02  2.973e-02 -3.783e-02 
  1.583e-06 -1.177e-05  1.666e+02 -7.526e-02  2.432e+00 -9.485e-01  1.231e+00 
 -2.971e-06  1.072e-05 -6.545e+01  2.973e-02 -9.485e-01  3.877e-01 -4.847e-01 
  5.870e-06 -6.275e-06  8.498e+01 -3.783e-02  1.231e+00 -4.847e-01  6.428e-01 
ERR MATRIX NOT POS-DEF
 PARAMETER  CORRELATION COEFFICIENTS  
       NO.  GLOBAL      8      9     20     21     22     23     24
        8  0.15083   1.000 -0.070  0.012 -0.016  0.002 -0.010  0.015
        9  0.23911  -0.070  1.000 -0.006 -0.070 -0.016  0.036 -0.016
       20  0.99791   0.012 -0.006  1.000 -0.382  0.997 -0.981  0.989
       21  0.39215  -0.016 -0.070 -0.382  1.000 -0.378  0.374 -0.370
       22  0.99669   0.002 -0.016  0.997 -0.378  1.000 -0.977  0.985
       23  0.98119  -0.010  0.036 -0.981  0.374 -0.977  1.000 -0.971
       24  0.98907   0.015 -0.016  0.989 -0.370  0.985 -0.971  1.000
 ERR MATRIX NOT POS-DEF
MINUIT - FIT wiggle + 1-CBO + 2-CBO
 **********
 **   42 **RES 
 **********
                   PARAMETER   16  beta_vw RESTORED TO VARIABLE.
                   PARAMETER   14  alpha_vw RESTORED TO VARIABLE.
                   PARAMETER   13  beta_y RESTORED TO VARIABLE.
                   PARAMETER   11  alpha_y RESTORED TO VARIABLE.
                   PARAMETER   10  beta_2CBO RESTORED TO VARIABLE.
                   PARAMETER    6  alpha_CBO RESTORED TO VARIABLE.
                   PARAMETER    4  phi RESTORED TO VARIABLE.
                   PARAMETER    3  A0 RESTORED TO VARIABLE.
                   PARAMETER    1  N0 RESTORED TO VARIABLE.
 **********
 **   43 **FIX           10
 **********
 **********
 **   44 **FIX           11
 **********
 **********
 **   45 **FIX           12
 **********
 PARAMETER   12  IS CONSTANT.   IGNORED.
 **********
 **   46 **FIX           13
 **********
 **********
 **   47 **FIX           14
 **********
 **********
 **   48 **FIX           15
 **********
 PARAMETER   15  IS CONSTANT.   IGNORED.
 **********
 **   49 **FIX           16
 **********
 **********
 **   50 **MIGRAD
 **********
 START MIGRAD MINIMIZATION.  STRATEGY  1.  CONVERGENCE WHEN EDM .LT. 1.00e-04
 FCN=55.2387 FROM MIGRAD    STATUS=INITIATE       22 CALLS        1729 TOTAL
                     EDM= unknown      STRATEGY= 1      NO ERROR MATRIX       
  EXT PARAMETER               CURRENT GUESS       STEP         FIRST   
  NO.   NAME      VALUE            ERROR          SIZE      DERIVATIVE 
   1  N0           2.91129e+06   1.01768e+03   1.01768e+03   1.06407e-03
   2  tau          6.44099e+01   constant   
   3  A0           3.54504e-01   4.72628e-04   4.72628e-04   3.15768e+03
   4  phi          4.11651e+00   1.31809e-03   1.31809e-03   1.83540e+03
   5  R           -6.16610e+01   constant   
   6  alpha_CBO   -1.14478e-04   4.76662e-04   4.76662e-04   1.33917e+02
   7  w_CBO        2.32500e+00   constant   
   8  beta_CBO    -3.16189e-03   4.77202e-04   1.72992e-06   2.69867e-01
   9  alpha_2CBO   7.00033e-04   4.79560e-04   1.70758e-06   2.13825e-01
  10  beta_2CBO    1.92513e-04     fixed    
  11  alpha_y      0.00000e+00     fixed    
  12  w_y          1.38860e+01   constant   
  13  beta_y       1.57777e-04     fixed    
  14  alpha_vw     0.00000e+00     fixed    
  15  w_vw         1.43404e+01   constant   
  16  beta_vw      0.00000e+00     fixed    
  17  LM           1.71412e-04   constant   
  18  zeta_y       0.00000e+00   constant   
  19  zeta_vw      0.00000e+00   constant   
  20  T_CBO        6.29860e+01   1.03737e+02   1.04439e-04   1.80200e-02
  21  alpha_A0     6.15523e-03   1.27522e-01   4.30087e-04   1.49928e-03
  22  beta_A0     -2.19308e-01   1.55953e+00   4.64608e-04   3.29726e-03
  23  alpha_phi    8.39036e-02   6.22683e-01   4.40662e-04   3.37705e-04
  24  beta_phi    -1.09227e-01   8.01765e-01   4.33370e-04   5.91815e-04
 MIGRAD MINIMIZATION HAS CONVERGED.
 MIGRAD WILL VERIFY CONVERGENCE AND ERROR MATRIX.
 FCN=53.1985 FROM HESSE     STATUS=NOT POSDEF    100 CALLS        1949 TOTAL
                     EDM=0.000538562    STRATEGY= 1      ERR MATRIX NOT POS-DEF
  EXT PARAMETER                APPROXIMATE        STEP         FIRST   
  NO.   NAME      VALUE            ERROR          SIZE      DERIVATIVE 
   1  N0           2.91096e+06   1.01870e+03   3.37605e+00   2.13509e-07
   2  tau          6.44099e+01   constant   
   3  A0           3.54184e-01   4.74057e-04   1.60332e-06   5.44299e-01
   4  phi          4.11503e+00   1.33415e-03   4.58918e-06  -2.25588e-01
   5  R           -6.16610e+01   constant   
   6  alpha_CBO   -1.49218e-04   4.76896e-04   1.62872e-06   5.63517e+00
   7  w_CBO        2.32500e+00   constant   
   8  beta_CBO    -3.30340e-03   4.87254e-04   1.69853e-06   3.84909e-01
   9  alpha_2CBO   7.50671e-04   4.81524e-04   1.67661e-06   4.84883e+00
  10  beta_2CBO    1.92513e-04     fixed    
  11  alpha_y      0.00000e+00     fixed    
  12  w_y          1.38860e+01   constant   
  13  beta_y       1.57777e-04     fixed    
  14  alpha_vw     0.00000e+00     fixed    
  15  w_vw         1.43404e+01   constant   
  16  beta_vw      0.00000e+00     fixed    
  17  LM           1.71412e-04   constant   
  18  zeta_y       0.00000e+00   constant   
  19  zeta_vw      0.00000e+00   constant   
  20  T_CBO        6.28606e+01   1.04932e+02   1.04168e-04  -5.98199e-02
  21  alpha_A0     6.12312e-03   1.28958e-01   4.25884e-04   1.57173e-02
  22  beta_A0     -2.18217e-01   1.58196e+00   4.59968e-04  -8.57227e-03
  23  alpha_phi    8.83079e-02   6.59900e-01   4.36500e-04  -4.80557e-03
  24  beta_phi    -1.01727e-01   7.56486e-01   4.29348e-04  -1.11779e-02
 CALL LIMIT EXCEEDED IN MIGRAD.
 MIGRAD TERMINATED WITHOUT CONVERGENCE.
 FCN=53.1821 FROM MIGRAD    STATUS=CALL LIMIT   1914 CALLS        3621 TOTAL
                     EDM=0.00018555    STRATEGY= 1      ERR MATRIX NOT POS-DEF
  EXT PARAMETER                APPROXIMATE        STEP         FIRST   
  NO.   NAME      VALUE            ERROR          SIZE      DERIVATIVE 
   1  N0           2.91095e+06   9.69556e+02  -2.04714e-01  -4.33980e-06
   2  tau          6.44099e+01   constant   
   3  A0           3.54175e-01   4.56653e-04  -6.19554e-07  -3.83992e+00
   4  phi          4.11504e+00   1.32177e-03   7.96274e-07   1.17803e+00
   5  R           -6.16610e+01   constant   
   6  alpha_CBO   -1.53583e-04   4.71938e-04  -3.33420e-07  -1.52129e+00
   7  w_CBO        2.32500e+00   constant   
   8  beta_CBO    -3.30464e-03   4.84084e-04  -3.46970e-07  -3.33129e+00
   9  alpha_2CBO   7.51234e-04   4.62696e-04   7.18234e-07   2.45619e+01
  10  beta_2CBO    1.92513e-04     fixed    
  11  alpha_y      0.00000e+00     fixed    
  12  w_y          1.38860e+01   constant   
  13  beta_y       1.57777e-04     fixed    
  14  alpha_vw     0.00000e+00     fixed    
  15  w_vw         1.43404e+01   constant   
  16  beta_vw      0.00000e+00     fixed    
  17  LM           1.71412e-04   constant   
  18  zeta_y       0.00000e+00   constant   
  19  zeta_vw      0.00000e+00   constant   
  20  T_CBO        1.87720e+02   5.83768e+02   1.96934e-03  -4.73692e-02
  21  alpha_A0     5.13547e-04   9.60373e-03   3.94659e-06   3.63208e-01
  22  beta_A0     -1.33225e-02   5.27055e-02   3.81159e-05   1.27745e+00
  23  alpha_phi    5.32913e-03   1.86843e-02   1.30388e-05   3.91839e-01
  24  beta_phi    -5.96267e-03   1.99310e-02  -2.17649e-05  -6.58824e-01
 EXTERNAL ERROR MATRIX.    NDIM=  25    NPAR= 11    ERR DEF=1
  9.400e+05 
  4.456e-03  2.085e-07 
 -1.866e-01 -1.993e-08  1.747e-06 
  3.237e-02  4.700e-08 -7.928e-08  2.227e-07 
  2.324e-02  1.673e-08  1.092e-07  1.193e-09  2.343e-07 
 -2.790e-02  3.275e-09 -3.531e-08  1.276e-08 -1.307e-08  2.141e-07 
 -2.353e+04 -4.555e-02  4.514e-02 -2.276e-02 -2.535e-02  6.880e-02  2.128e+05 
 -7.441e-01  1.181e-07  4.990e-07 -6.605e-07  1.273e-07 -9.652e-07  1.468e-01  9.223e-05 
  4.244e-01 -5.075e-06  3.921e-06 -2.372e-06 -2.666e-06  5.465e-06  2.396e+01  2.078e-05  2.778e-03 
  4.066e+00  1.125e-06 -2.719e-06  8.784e-07  1.215e-06 -2.592e-06 -7.175e+00 -2.954e-05 -7.899e-04  3.491e-04 
 -4.744e-01 -1.860e-06  6.396e-07 -8.353e-07 -1.237e-06  3.330e-06  8.464e+00 -1.868e-06  9.588e-04 -2.618e-04  3.972e-04 
ERR MATRIX NOT POS-DEF
 PARAMETER  CORRELATION COEFFICIENTS  
       NO.  GLOBAL      1      3      4      6      8      9     20     21     22     23     24
        1  0.49373   1.000  0.010 -0.146  0.071  0.050 -0.062 -0.053 -0.080  0.008  0.224 -0.025
        3  0.33409   0.010  1.000 -0.033  0.218  0.076  0.016 -0.216  0.027 -0.211  0.132 -0.204
        4  0.31712  -0.146 -0.033  1.000 -0.127  0.171 -0.058  0.074  0.039  0.056 -0.110  0.024
        6  0.30609   0.071  0.218 -0.127  1.000  0.005  0.058 -0.105 -0.146 -0.095  0.100 -0.089
        8  0.26242   0.050  0.076  0.171  0.005  1.000 -0.058 -0.114  0.027 -0.104  0.134 -0.128
        9  0.73239  -0.062  0.016 -0.058  0.058 -0.058  1.000  0.322 -0.217  0.224 -0.300  0.361
       20  0.99348  -0.053 -0.216  0.074 -0.105 -0.114  0.322  1.000  0.033  0.986 -0.832  0.921
       21  0.38916  -0.080  0.027  0.039 -0.146  0.027 -0.217  0.033  1.000  0.041 -0.165 -0.010
       22  0.99277   0.008 -0.211  0.056 -0.095 -0.104  0.224  0.986  0.041  1.000 -0.802  0.913
       23  0.87797   0.224  0.132 -0.110  0.100  0.134 -0.300 -0.832 -0.165 -0.802  1.000 -0.703
       24  0.93468  -0.025 -0.204  0.024 -0.089 -0.128  0.361  0.921 -0.010  0.913 -0.703  1.000
 ERR MATRIX NOT POS-DEF
MINUIT - FIT ONLY 1-y
 **********
 **   51 **RES 
 **********
                   PARAMETER   16  beta_vw RESTORED TO VARIABLE.
                   PARAMETER   14  alpha_vw RESTORED TO VARIABLE.
                   PARAMETER   13  beta_y RESTORED TO VARIABLE.
                   PARAMETER   11  alpha_y RESTORED TO VARIABLE.
                   PARAMETER   10  beta_2CBO RESTORED TO VARIABLE.
 **********
 **   52 **FIX            0
 **********
 PARAMETER    0  IS UNDEFINED. IGNORED.
 **********
 **   53 **FIX            1
 **********
 **********
 **   54 **FIX            2
 **********
 PARAMETER    2  IS CONSTANT.   IGNORED.
 **********
 **   55 **FIX            3
 **********
 **********
 **   56 **FIX            4
 **********
 **********
 **   57 **FIX            5
 **********
 PARAMETER    5  IS CONSTANT.   IGNORED.
 **********
 **   58 **FIX            6
 **********
 **********
 **   59 **FIX            7
 **********
 PARAMETER    7  IS CONSTANT.   IGNORED.
 **********
 **   60 **FIX            8
 **********
 **********
 **   61 **FIX            9
 **********
 **********
 **   62 **FIX           13
 **********
 **********
 **   63 **FIX           14
 **********
 **********
 **   64 **FIX           15
 **********
 PARAMETER   15  IS CONSTANT.   IGNORED.
 **********
 **   65 **FIX           16
 **********
 **********
 **   66 **MIGRAD
 **********
 START MIGRAD MINIMIZATION.  STRATEGY  1.  CONVERGENCE WHEN EDM .LT. 1.00e-04
 FCN=53.1821 FROM MIGRAD    STATUS=INITIATE       16 CALLS        3637 TOTAL
                     EDM= unknown      STRATEGY= 1      NO ERROR MATRIX       
  EXT PARAMETER               CURRENT GUESS       STEP         FIRST   
  NO.   NAME      VALUE            ERROR          SIZE      DERIVATIVE 
   1  N0           2.91095e+06     fixed    
   2  tau          6.44099e+01   constant   
   3  A0           3.54175e-01     fixed    
   4  phi          4.11504e+00     fixed    
   5  R           -6.16610e+01   constant   
   6  alpha_CBO   -1.53583e-04     fixed    
   7  w_CBO        2.32500e+00   constant   
   8  beta_CBO    -3.30464e-03     fixed    
   9  alpha_2CBO   7.51234e-04     fixed    
  10  beta_2CBO    1.92513e-04   4.69436e-04   4.69436e-04   1.44217e+03
  11  alpha_y      0.00000e+00   1.00000e-03   1.00000e-03  -5.28096e+03
  12  w_y          1.38860e+01   constant   
  13  beta_y       1.57777e-04     fixed    
  14  alpha_vw     0.00000e+00     fixed    
  15  w_vw         1.43404e+01   constant   
  16  beta_vw      0.00000e+00     fixed    
  17  LM           1.71412e-04   constant   
  18  zeta_y       0.00000e+00   constant   
  19  zeta_vw      0.00000e+00   constant   
  20  T_CBO        1.87720e+02   5.83768e+02   1.96934e-03  -4.73693e-02
  21  alpha_A0     5.13547e-04   9.60373e-03   3.94659e-06   3.63209e-01
  22  beta_A0     -1.33225e-02   5.27055e-02   3.81159e-05   1.27745e+00
  23  alpha_phi    5.32913e-03   1.86843e-02   1.30388e-05   3.91839e-01
  24  beta_phi    -5.96267e-03   1.99310e-02  -2.17649e-05  -6.58824e-01
 MIGRAD MINIMIZATION HAS CONVERGED.
 MIGRAD WILL VERIFY CONVERGENCE AND ERROR MATRIX.
 FCN=51.5851 FROM HESSE     STATUS=NOT POSDEF     50 CALLS        3750 TOTAL
                     EDM=0.000375963    STRATEGY= 1      ERR MATRIX NOT POS-DEF
  EXT PARAMETER                APPROXIMATE        STEP         FIRST   
  NO.   NAME      VALUE            ERROR          SIZE      DERIVATIVE 
   1  N0           2.91095e+06     fixed    
   2  tau          6.44099e+01   constant   
   3  A0           3.54175e-01     fixed    
   4  phi          4.11504e+00     fixed    
   5  R           -6.16610e+01   constant   
   6  alpha_CBO   -1.53583e-04     fixed    
   7  w_CBO        2.32500e+00   constant   
   8  beta_CBO    -3.30464e-03     fixed    
   9  alpha_2CBO   7.51234e-04     fixed    
  10  beta_2CBO    2.31663e-05   4.68301e-04   1.62406e-06  -1.60283e+00
  11  alpha_y      5.58531e-04   4.58209e-04   1.62315e-06  -6.57690e-01
  12  w_y          1.38860e+01   constant   
  13  beta_y       1.57777e-04     fixed    
  14  alpha_vw     0.00000e+00     fixed    
  15  w_vw         1.43404e+01   constant   
  16  beta_vw      0.00000e+00     fixed    
  17  LM           1.71412e-04   constant   
  18  zeta_y       0.00000e+00   constant   
  19  zeta_vw      0.00000e+00   constant   
  20  T_CBO        1.87819e+02   6.75503e+02   5.70170e-04  -8.49639e-03
  21  alpha_A0     1.79805e-04   7.28093e-03   2.52525e-05   4.15516e-02
  22  beta_A0     -1.32786e-02   9.88085e-02   2.74318e-05  -1.54274e-01
  23  alpha_phi    5.16486e-03   3.96102e-02   2.61357e-05   2.89112e-02
  24  beta_phi    -6.15293e-03   4.69968e-02   2.55878e-05  -1.59761e-02
 MIGRAD MINIMIZATION HAS CONVERGED.
 MIGRAD WILL VERIFY CONVERGENCE AND ERROR MATRIX.
 COVARIANCE MATRIX CALCULATED SUCCESSFULLY
 FCN=51.5794 FROM MIGRAD    STATUS=CONVERGED    1165 CALLS        4786 TOTAL
                     EDM=1.43055e-05    STRATEGY= 1      ERROR MATRIX ACCURATE 
  EXT PARAMETER                                   STEP         FIRST   
  NO.   NAME      VALUE            ERROR          SIZE      DERIVATIVE 
   1  N0           2.91095e+06     fixed    
   2  tau          6.44099e+01   constant   
   3  A0           3.54175e-01     fixed    
   4  phi          4.11504e+00     fixed    
   5  R           -6.16610e+01   constant   
   6  alpha_CBO   -1.53583e-04     fixed    
   7  w_CBO        2.32500e+00   constant   
   8  beta_CBO    -3.30464e-03     fixed    
   9  alpha_2CBO   7.51234e-04     fixed    
  10  beta_2CBO    2.55350e-05   4.68686e-04   1.62397e-06   2.19327e+00
  11  alpha_y      5.59257e-04   4.58677e-04   1.62306e-06   1.80095e+00
  12  w_y          1.38860e+01   constant   
  13  beta_y       1.57777e-04     fixed    
  14  alpha_vw     0.00000e+00     fixed    
  15  w_vw         1.43404e+01   constant   
  16  beta_vw      0.00000e+00     fixed    
  17  LM           1.71412e-04   constant   
  18  zeta_y       0.00000e+00   constant   
  19  zeta_vw      0.00000e+00   constant   
  20  T_CBO        9.90286e+02   7.63796e+02   4.06083e-02  -2.89144e-04
  21  alpha_A0     7.57167e-05   2.28509e-03   8.05022e-06   2.02359e-01
  22  beta_A0     -4.24797e-03   3.64426e-03   8.76595e-06   1.29311e+00
  23  alpha_phi    1.63965e-03   2.58438e-03   8.36538e-06   2.62074e-01
  24  beta_phi    -1.92591e-03   2.64412e-03   8.17529e-06   5.92647e-01
 EXTERNAL ERROR MATRIX.    NDIM=  25    NPAR=  7    ERR DEF=1
  2.197e-07 -4.181e-09  2.156e-03  1.192e-07 -9.128e-08  4.533e-08  1.738e-07 
 -4.181e-09  2.104e-07  7.152e-04 -6.758e-09 -1.532e-08 -5.066e-09  2.169e-08 
  2.156e-03  7.152e-04  6.797e+06 -1.147e-01  6.944e+00 -2.727e+00  3.204e+00 
  1.192e-07 -6.758e-09 -1.147e-01  5.222e-06 -1.121e-07  1.498e-07  3.340e-07 
 -9.128e-08 -1.532e-08  6.944e+00 -1.121e-07  1.328e-05 -2.420e-06  2.808e-06 
  4.533e-08 -5.066e-09 -2.727e+00  1.498e-07 -2.420e-06  6.679e-06 -1.405e-06 
  1.738e-07  2.169e-08  3.204e+00  3.340e-07  2.808e-06 -1.405e-06  6.991e-06 
 PARAMETER  CORRELATION COEFFICIENTS  
       NO.  GLOBAL     10     11     20     21     22     23     24
       10  0.20563   1.000 -0.019  0.002  0.111 -0.053  0.037  0.140
       11  0.03393  -0.019  1.000  0.001 -0.006 -0.009 -0.004  0.018
       20  0.79981   0.002  0.001  1.000 -0.019  0.731 -0.405  0.465
       21  0.12775   0.111 -0.006 -0.019  1.000 -0.013  0.025  0.055
       22  0.73580  -0.053 -0.009  0.731 -0.013  1.000 -0.257  0.291
       23  0.41177   0.037 -0.004 -0.405  0.025 -0.257  1.000 -0.206
       24  0.49225   0.140  0.018  0.465  0.055  0.291 -0.206  1.000
MINUIT - FIT ONLY 2-y
 **********
 **   67 **RES 
 **********
                   PARAMETER   16  beta_vw RESTORED TO VARIABLE.
                   PARAMETER   14  alpha_vw RESTORED TO VARIABLE.
                   PARAMETER   13  beta_y RESTORED TO VARIABLE.
                   PARAMETER    9  alpha_2CBO RESTORED TO VARIABLE.
                   PARAMETER    8  beta_CBO RESTORED TO VARIABLE.
                   PARAMETER    6  alpha_CBO RESTORED TO VARIABLE.
                   PARAMETER    4  phi RESTORED TO VARIABLE.
                   PARAMETER    3  A0 RESTORED TO VARIABLE.
                   PARAMETER    1  N0 RESTORED TO VARIABLE.
 **********
 **   68 **FIX            0
 **********
 PARAMETER    0  IS UNDEFINED. IGNORED.
 **********
 **   69 **FIX            1
 **********
 **********
 **   70 **FIX            2
 **********
 PARAMETER    2  IS CONSTANT.   IGNORED.
 **********
 **   71 **FIX            3
 **********
 **********
 **   72 **FIX            4
 **********
 **********
