 + ++++++++++++++++++++++++++++++++++++++++++++++++++++++++++++++++++++ +
 +                                                                      +
 +           You have chose to blind your fitting according to          +
 +                omega_ref * (1 + (R +/- deltaR) *10^{-6})             +
 +                                                                      +
 + ++++++++++++++++++++++++++++++++++++++++++++++++++++++++++++++++++++ +
In main()...
reading format from /gm2data/zkhechad/run45/envelope/formats/formatB_sBin_constraintOn.txt
pBinTau 	= 0  
pBinPhi 	= 0  
constraintau 	= 1 
includeMopTerm 	= 0    
constrainMop    = 0   
Parameters after format file: pBinTau 0 pBinPhi 0 constraintau 1 includeMopTerm 0 constrainMop 0 c_e_scale 0.000000 
Opening file /gm2data/tbarrett/gm2fr/studies/run23_bunch_corrections/CorrectedFourier_Run3b.root.
reading full fit data from /gm2data/zkhechad/cboTemplates/Run4CBOTemplates/templateFits0_v2.0/noRF/sBin_constraintOn_cE0.0_seed0_noRF_calo21.root
windowBins = 69
fitting sliding window 1908 from bin 2044 at 304.815600 to bin 2113 at 315.259600 (69 bins)

Reading data from /gm2data/cornell/histograms/aMethod/histogram_a_noRF.root
 **********
 **    1 **SET PRINTOUT            1
 **********
 **********
 **    2 **SET NOWARNINGS 
 **********
 PARAMETER DEFINITIONS:
    NO.   NAME         VALUE      STEP SIZE      LIMITS
     1 N0           2.83546e+06  1.00000e+02     no limits
     2 tau          6.43976e+01  constant
     3 A0           3.54104e-01  1.00000e-04     no limits
     4 phi          4.11635e+00  1.00000e-02     no limits
     5 R           -5.94693e+01  constant
     6 alpha_CBO    0.00000e+00  1.00000e-03     no limits
     7 w_CBO        2.32500e+00  constant
     8 beta_CBO     0.00000e+00  1.00000e-03     no limits
     9 alpha_2CBO   0.00000e+00  1.00000e-03     no limits
    10 beta_2CBO    0.00000e+00  1.00000e-03     no limits
    11 alpha_y      0.00000e+00  1.00000e-03     no limits
    12 w_y          1.44500e+01  constant
    13 beta_y       0.00000e+00  1.00000e-03     no limits
    14 alpha_vw     0.00000e+00  1.00000e-03     no limits
    15 w_vw         1.29000e+01  constant
    16 beta_vw      0.00000e+00  1.00000e-03     no limits
    17 LM          -2.20020e-04  constant
    18 zeta_y       0.00000e+00  constant
    19 zeta_vw      0.00000e+00  constant
    20 T_CBO        1.00000e+02  1.00000e+00    0.00000e+00  1.00000e+03
    21 alpha_A0     0.00000e+00  1.00000e-03     no limits
    22 beta_A0      0.00000e+00  1.00000e-03     no limits
    23 alpha_phi    0.00000e+00  1.00000e-03     no limits
    24 beta_phi     0.00000e+00  1.00000e-03     no limits
MINUIT - FIT ONLY WIGGLE
 **********
 **    3 **FIX            5
 **********
 PARAMETER    5  IS CONSTANT.   IGNORED.
 **********
 **    4 **FIX            6
 **********
 **********
 **    5 **FIX            7
 **********
 PARAMETER    7  IS CONSTANT.   IGNORED.
 **********
 **    6 **FIX            8
 **********
 **********
 **    7 **FIX            9
 **********
 **********
 **    8 **FIX           10
 **********
 **********
 **    9 **FIX           11
 **********
 **********
 **   10 **FIX           12
 **********
 PARAMETER   12  IS CONSTANT.   IGNORED.
 **********
 **   11 **FIX           13
 **********
 **********
 **   12 **FIX           14
 **********
 **********
 **   13 **FIX           15
 **********
 PARAMETER   15  IS CONSTANT.   IGNORED.
 **********
 **   14 **FIX           16
 **********
 **********
 **   15 **MIGRAD
 **********
 FIRST CALL TO USER FUNCTION AT NEW START POINT, WITH IFLAG=4.
 START MIGRAD MINIMIZATION.  STRATEGY  1.  CONVERGENCE WHEN EDM .LT. 1.00e-04
 FCN=75.696 FROM MIGRAD    STATUS=INITIATE      437 CALLS         438 TOTAL
                     EDM= unknown      STRATEGY= 1      NO ERROR MATRIX       
  EXT PARAMETER               CURRENT GUESS       STEP         FIRST   
  NO.   NAME      VALUE            ERROR          SIZE      DERIVATIVE 
   1  N0           2.83546e+06   1.00000e+02   0.00000e+00   5.85963e-04
   2  tau          6.43976e+01   constant   
   3  A0           3.54104e-01   1.00000e-04   0.00000e+00   3.36201e+03
   4  phi          4.11635e+00   1.00000e-02   0.00000e+00   7.28334e+02
   5  R           -5.94693e+01   constant   
   6  alpha_CBO    0.00000e+00     fixed    
   7  w_CBO        2.32500e+00   constant   
   8  beta_CBO     0.00000e+00     fixed    
   9  alpha_2CBO   0.00000e+00     fixed    
  10  beta_2CBO    0.00000e+00     fixed    
  11  alpha_y      0.00000e+00     fixed    
  12  w_y          1.44500e+01   constant   
  13  beta_y       0.00000e+00     fixed    
  14  alpha_vw     0.00000e+00     fixed    
  15  w_vw         1.29000e+01   constant   
  16  beta_vw      0.00000e+00     fixed    
  17  LM          -2.20020e-04   constant   
  18  zeta_y       0.00000e+00   constant   
  19  zeta_vw      0.00000e+00   constant   
  20  T_CBO        1.00000e+02   1.00000e+00   0.00000e+00   0.00000e+00
  21  alpha_A0     0.00000e+00   1.00000e-03   0.00000e+00   3.80338e+01
  22  beta_A0      0.00000e+00   1.00000e-03   0.00000e+00  -7.98038e+01
  23  alpha_phi    0.00000e+00   1.00000e-03   0.00000e+00   1.72487e+01
  24  beta_phi     0.00000e+00   1.00000e-03   0.00000e+00   2.84575e+01
 CALL LIMIT EXCEEDED IN MIGRAD.
 MIGRAD TERMINATED WITHOUT CONVERGENCE.
 FCN=66.4696 FROM MIGRAD    STATUS=CALL LIMIT   1325 CALLS        1326 TOTAL
                     EDM=0.00207338    STRATEGY= 1  ERROR MATRIX UNCERTAINTY   1.0 per cent
  EXT PARAMETER                APPROXIMATE        STEP         FIRST   
  NO.   NAME      VALUE            ERROR          SIZE      DERIVATIVE 
   1  N0           2.83482e+06   1.29599e+03   2.40045e+00   1.02931e-05
   2  tau          6.43976e+01   constant   
   3  A0           3.53329e-01   6.13890e-04   3.24153e-06   1.07432e+00
   4  phi          4.11485e+00   1.72028e-03   5.52022e-06   1.80674e+01
   5  R           -5.94693e+01   constant   
   6  alpha_CBO    0.00000e+00     fixed    
   7  w_CBO        2.32500e+00   constant   
   8  beta_CBO     0.00000e+00     fixed    
   9  alpha_2CBO   0.00000e+00     fixed    
  10  beta_2CBO    0.00000e+00     fixed    
  11  alpha_y      0.00000e+00     fixed    
  12  w_y          1.44500e+01   constant   
  13  beta_y       0.00000e+00     fixed    
  14  alpha_vw     0.00000e+00     fixed    
  15  w_vw         1.29000e+01   constant   
  16  beta_vw      0.00000e+00     fixed    
  17  LM          -2.20020e-04   constant   
  18  zeta_y       0.00000e+00   constant   
  19  zeta_vw      0.00000e+00   constant   
  20  T_CBO        4.22544e+02   7.09235e+02   1.49824e-02  -6.84258e-02
  21  alpha_A0    -5.98867e-03   8.18559e-03  -8.45037e-05  -4.30550e+00
  22  beta_A0      1.30125e-02   2.14929e-02  -8.54550e-05  -4.48896e+00
  23  alpha_phi   -2.01093e-03   6.97036e-03   1.52249e-05  -5.26481e-01
  24  beta_phi    -1.41602e-03   6.47336e-03  -4.39480e-05  -3.15415e+00
 EXTERNAL ERROR MATRIX.    NDIM=  25    NPAR=  8    ERR DEF=1
  1.680e+06  9.786e-02 -2.240e-01  1.408e+05 -1.303e-01 -3.821e+00 -2.178e-01  1.969e+00 
  9.786e-02  3.769e-07  4.775e-08  6.402e-02  7.494e-07 -1.773e-06  2.278e-07 -3.929e-07 
 -2.240e-01  4.775e-08  2.959e-06  3.511e-01  4.518e-06 -7.596e-06  3.045e-06  7.883e-07 
  1.408e+05  6.402e-02  3.511e-01  5.809e+05  4.547e+00 -1.573e+01  1.597e+00  5.523e-01 
 -1.303e-01  7.494e-07  4.518e-06  4.547e+00  6.700e-05 -1.232e-04  1.835e-05 -6.491e-06 
 -3.821e+00 -1.773e-06 -7.596e-06 -1.573e+01 -1.232e-04  4.619e-04 -3.097e-05 -1.486e-05 
 -2.178e-01  2.278e-07  3.045e-06  1.597e+00  1.835e-05 -3.097e-05  4.859e-05  3.863e-06 
  1.969e+00 -3.929e-07  7.883e-07  5.523e-01 -6.491e-06 -1.486e-05  3.863e-06  4.190e-05 
ERR MATRIX APPROXIMATE
 PARAMETER  CORRELATION COEFFICIENTS  
       NO.  GLOBAL      1      3      4     20     21     22     23     24
        1  0.34734   1.000  0.123 -0.100  0.143 -0.012 -0.137 -0.024  0.235
        3  0.23274   0.123  1.000  0.045  0.137  0.149 -0.134  0.053 -0.099
        4  0.41729  -0.100  0.045  1.000  0.268  0.321 -0.205  0.254  0.071
       20  0.96851   0.143  0.137  0.268  1.000  0.729 -0.960  0.301  0.112
       21  0.77947  -0.012  0.149  0.321  0.729  1.000 -0.700  0.322 -0.122
       22  0.96497  -0.137 -0.134 -0.205 -0.960 -0.700  1.000 -0.207 -0.107
       23  0.46862  -0.024  0.053  0.254  0.301  0.322 -0.207  1.000  0.086
       24  0.41347   0.235 -0.099  0.071  0.112 -0.122 -0.107  0.086  1.000
 ERR MATRIX APPROXIMATE
MINUIT - FIT ONLY 1-CBO + wiggle
 **********
 **   16 **RES 
 **********
                   PARAMETER   16  beta_vw RESTORED TO VARIABLE.
                   PARAMETER   14  alpha_vw RESTORED TO VARIABLE.
                   PARAMETER   13  beta_y RESTORED TO VARIABLE.
                   PARAMETER   11  alpha_y RESTORED TO VARIABLE.
                   PARAMETER   10  beta_2CBO RESTORED TO VARIABLE.
                   PARAMETER    9  alpha_2CBO RESTORED TO VARIABLE.
                   PARAMETER    8  beta_CBO RESTORED TO VARIABLE.
                   PARAMETER    6  alpha_CBO RESTORED TO VARIABLE.
 **********
 **   17 **FIX            8
 **********
 **********
 **   18 **FIX            9
 **********
 **********
 **   19 **FIX           11
 **********
 **********
 **   20 **FIX           12
 **********
 PARAMETER   12  IS CONSTANT.   IGNORED.
 **********
 **   21 **FIX           14
 **********
 **********
 **   22 **FIX           15
 **********
 PARAMETER   15  IS CONSTANT.   IGNORED.
 **********
 **   23 **FIX           16
 **********
 **********
 **   24 **MIGRAD
 **********
 START MIGRAD MINIMIZATION.  STRATEGY  1.  CONVERGENCE WHEN EDM .LT. 1.00e-04
 FCN=66.4696 FROM MIGRAD    STATUS=INITIATE       28 CALLS        1354 TOTAL
                     EDM= unknown      STRATEGY= 1      NO ERROR MATRIX       
  EXT PARAMETER               CURRENT GUESS       STEP         FIRST   
  NO.   NAME      VALUE            ERROR          SIZE      DERIVATIVE 
   1  N0           2.83482e+06   1.29599e+03   2.40045e+00   1.02931e-05
   2  tau          6.43976e+01   constant   
   3  A0           3.53329e-01   6.13890e-04   3.24153e-06   1.07432e+00
   4  phi          4.11485e+00   1.72028e-03   5.52022e-06   1.80674e+01
   5  R           -5.94693e+01   constant   
   6  alpha_CBO    0.00000e+00   1.00000e-03   1.00000e-03   9.25483e+03
   7  w_CBO        2.32500e+00   constant   
   8  beta_CBO     0.00000e+00     fixed    
   9  alpha_2CBO   0.00000e+00     fixed    
  10  beta_2CBO    0.00000e+00   1.00000e-03   1.00000e-03  -2.12775e+03
  11  alpha_y      0.00000e+00     fixed    
  12  w_y          1.44500e+01   constant   
  13  beta_y       0.00000e+00   1.00000e-03   1.00000e-03  -1.23008e+03
  14  alpha_vw     0.00000e+00     fixed    
  15  w_vw         1.29000e+01   constant   
  16  beta_vw      0.00000e+00     fixed    
  17  LM          -2.20020e-04   constant   
  18  zeta_y       0.00000e+00   constant   
  19  zeta_vw      0.00000e+00   constant   
  20  T_CBO        4.22544e+02   7.09235e+02   1.49824e-02  -6.84271e-02
  21  alpha_A0    -5.98867e-03   8.18559e-03  -8.45037e-05  -4.30550e+00
  22  beta_A0      1.30125e-02   2.14929e-02  -8.54550e-05  -4.48896e+00
  23  alpha_phi   -2.01093e-03   6.97036e-03   1.52249e-05  -5.26481e-01
  24  beta_phi    -1.41602e-03   6.47336e-03  -4.39480e-05  -3.15415e+00
 MIGRAD MINIMIZATION HAS CONVERGED.
 FCN=55.1137 FROM MIGRAD    STATUS=CONVERGED     752 CALLS        2078 TOTAL
                     EDM=3.1982e-06    STRATEGY= 1  ERROR MATRIX UNCERTAINTY   0.1 per cent
  EXT PARAMETER                                   STEP         FIRST   
  NO.   NAME      VALUE            ERROR          SIZE      DERIVATIVE 
   1  N0           2.83509e+06   1.32661e+03   2.47653e-01  -3.23227e-08
   2  tau          6.43976e+01   constant   
   3  A0           3.53698e-01   6.24882e-04   2.05582e-07   7.21839e-01
   4  phi          4.11614e+00   1.87355e-03  -3.71267e-07   2.68759e-01
   5  R           -5.94693e+01   constant   
   6  alpha_CBO   -2.30178e-03   6.98863e-04   2.17308e-07   4.35861e-01
   7  w_CBO        2.32500e+00   constant   
   8  beta_CBO     0.00000e+00     fixed    
   9  alpha_2CBO   0.00000e+00     fixed    
  10  beta_2CBO    5.01500e-04   6.75120e-04   2.91448e-07   1.00472e+00
  11  alpha_y      0.00000e+00     fixed    
  12  w_y          1.44500e+01   constant   
  13  beta_y       2.69538e-04   6.69924e-04   6.86453e-09   3.45569e-02
  14  alpha_vw     0.00000e+00     fixed    
  15  w_vw         1.29000e+01   constant   
  16  beta_vw      0.00000e+00     fixed    
  17  LM          -2.20020e-04   constant   
  18  zeta_y       0.00000e+00   constant   
  19  zeta_vw      0.00000e+00   constant   
  20  T_CBO        9.99817e+02   7.30765e+02   5.40231e-02  -1.87086e-04
  21  alpha_A0    -2.28082e-03   3.53991e-03  -1.76196e-06  -2.34479e-01
  22  beta_A0      7.28717e-03   3.80831e-03  -8.54871e-06  -6.44949e-01
  23  alpha_phi   -3.29582e-03   3.25150e-03   7.83040e-06   4.56291e-01
  24  beta_phi    -1.91794e-03   3.72261e-03   2.53300e-06   8.12090e-02
 EXTERNAL ERROR MATRIX.    NDIM=  25    NPAR= 11    ERR DEF=1
  1.760e+06 
  9.595e-02  3.905e-07 
 -2.493e-01  1.051e-07  3.510e-06 
 -5.424e-02 -7.429e-08 -2.600e-07  4.884e-07 
  3.470e-03  7.835e-09  7.104e-08 -5.272e-09  4.558e-07 
 -9.957e-03 -9.475e-10 -2.050e-08  1.126e-09 -4.409e-10  4.488e-07 
  9.957e+03  3.926e-03 -7.795e-03  2.735e-03  4.421e-03  8.171e-05  5.499e+04 
 -8.228e-01  9.392e-08  5.368e-07 -3.556e-07 -7.572e-08 -9.063e-09  4.663e-02  1.253e-05 
 -2.487e-01 -2.588e-07 -7.180e-07  2.143e-07 -3.727e-07  6.131e-08 -3.278e-01 -1.026e-06  1.450e-05 
 -5.289e-01 -1.482e-07 -2.628e-08  4.572e-07  2.069e-07 -2.465e-08  1.918e-01  1.387e-07 -1.008e-07  1.057e-05 
  6.583e-01 -3.969e-07 -8.830e-07  1.750e-07 -2.486e-07  1.900e-08  9.875e-02 -3.895e-07  2.713e-06  1.014e-06  1.386e-05 
 PARAMETER  CORRELATION COEFFICIENTS  
       NO.  GLOBAL      1      3      4      6     10     13     20     21     22     23     24
        1  0.31963   1.000  0.116 -0.100 -0.058  0.004 -0.011  0.032 -0.175 -0.049 -0.123  0.133
        3  0.28122   0.116  1.000  0.090 -0.170  0.019 -0.002  0.027  0.042 -0.109 -0.073 -0.171
        4  0.27192  -0.100  0.090  1.000 -0.199  0.056 -0.016 -0.018  0.081 -0.101 -0.004 -0.127
        6  0.34642  -0.058 -0.170 -0.199  1.000 -0.011  0.002  0.017 -0.144  0.081  0.201  0.067
       10  0.20391   0.004  0.019  0.056 -0.011  1.000 -0.001  0.028 -0.032 -0.145  0.094 -0.099
       13  0.03603  -0.011 -0.002 -0.016  0.002 -0.001  1.000  0.001 -0.004  0.024 -0.011  0.008
       20  0.47838   0.032  0.027 -0.018  0.017  0.028  0.001  1.000  0.056 -0.367  0.252  0.113
       21  0.25601  -0.175  0.042  0.081 -0.144 -0.032 -0.004  0.056  1.000 -0.076  0.012 -0.030
       22  0.47343  -0.049 -0.109 -0.101  0.081 -0.145  0.024 -0.367 -0.076  1.000 -0.008  0.191
       23  0.36841  -0.123 -0.073 -0.004  0.201  0.094 -0.011  0.252  0.012 -0.008  1.000  0.084
       24  0.36528   0.133 -0.171 -0.127  0.067 -0.099  0.008  0.113 -0.030  0.191  0.084  1.000
MINUIT - FIT ONLY 2-CBO
 **********
 **   25 **RES 
 **********
                   PARAMETER   16  beta_vw RESTORED TO VARIABLE.
                   PARAMETER   14  alpha_vw RESTORED TO VARIABLE.
                   PARAMETER   11  alpha_y RESTORED TO VARIABLE.
                   PARAMETER    9  alpha_2CBO RESTORED TO VARIABLE.
                   PARAMETER    8  beta_CBO RESTORED TO VARIABLE.
 **********
 **   26 **FIX            0
 **********
 PARAMETER    0  IS UNDEFINED. IGNORED.
 **********
 **   27 **FIX            1
 **********
 **********
 **   28 **FIX            2
 **********
 PARAMETER    2  IS CONSTANT.   IGNORED.
 **********
 **   29 **FIX            3
 **********
 **********
 **   30 **FIX            4
 **********
 **********
 **   31 **FIX            5
 **********
 PARAMETER    5  IS CONSTANT.   IGNORED.
 **********
 **   32 **FIX            6
 **********
 **********
 **   33 **FIX            7
 **********
 PARAMETER    7  IS CONSTANT.   IGNORED.
 **********
 **   34 **FIX           10
 **********
 **********
 **   35 **FIX           11
 **********
 **********
 **   36 **FIX           12
 **********
 PARAMETER   12  IS CONSTANT.   IGNORED.
 **********
 **   37 **FIX           13
 **********
 **********
 **   38 **FIX           14
 **********
 **********
 **   39 **FIX           15
 **********
 PARAMETER   15  IS CONSTANT.   IGNORED.
 **********
 **   40 **FIX           16
 **********
 **********
 **   41 **MIGRAD
 **********
 START MIGRAD MINIMIZATION.  STRATEGY  1.  CONVERGENCE WHEN EDM .LT. 1.00e-04
 FCN=55.1137 FROM MIGRAD    STATUS=INITIATE       18 CALLS        2096 TOTAL
                     EDM= unknown      STRATEGY= 1      NO ERROR MATRIX       
  EXT PARAMETER               CURRENT GUESS       STEP         FIRST   
  NO.   NAME      VALUE            ERROR          SIZE      DERIVATIVE 
   1  N0           2.83509e+06     fixed    
   2  tau          6.43976e+01   constant   
   3  A0           3.53698e-01     fixed    
   4  phi          4.11614e+00     fixed    
   5  R           -5.94693e+01   constant   
   6  alpha_CBO   -2.30178e-03     fixed    
   7  w_CBO        2.32500e+00   constant   
   8  beta_CBO     0.00000e+00   1.00000e-03   1.00000e-03  -7.49584e+03
   9  alpha_2CBO   0.00000e+00   1.00000e-03   1.00000e-03  -5.39461e+03
  10  beta_2CBO    5.01500e-04     fixed    
  11  alpha_y      0.00000e+00     fixed    
  12  w_y          1.44500e+01   constant   
  13  beta_y       2.69538e-04     fixed    
  14  alpha_vw     0.00000e+00     fixed    
  15  w_vw         1.29000e+01   constant   
  16  beta_vw      0.00000e+00     fixed    
  17  LM          -2.20020e-04   constant   
  18  zeta_y       0.00000e+00   constant   
  19  zeta_vw      0.00000e+00   constant   
  20  T_CBO        9.99817e+02   7.30765e+02   5.40231e-02  -1.87444e-04
  21  alpha_A0    -2.28082e-03   3.53991e-03  -1.76196e-06  -2.34478e-01
  22  beta_A0      7.28717e-03   3.80831e-03  -8.54871e-06  -6.44948e-01
  23  alpha_phi   -3.29582e-03   3.25150e-03   7.83040e-06   4.56291e-01
  24  beta_phi    -1.91794e-03   3.72261e-03   2.53300e-06   8.12090e-02
 MIGRAD MINIMIZATION HAS CONVERGED.
 MIGRAD WILL VERIFY CONVERGENCE AND ERROR MATRIX.
 COVARIANCE MATRIX CALCULATED SUCCESSFULLY
 FCN=44.9201 FROM MIGRAD    STATUS=CONVERGED     139 CALLS        2217 TOTAL
                     EDM=1.08192e-06    STRATEGY= 1      ERROR MATRIX ACCURATE 
  EXT PARAMETER                                   STEP         FIRST   
  NO.   NAME      VALUE            ERROR          SIZE      DERIVATIVE 
   1  N0           2.83509e+06     fixed    
   2  tau          6.43976e+01   constant   
   3  A0           3.53698e-01     fixed    
   4  phi          4.11614e+00     fixed    
   5  R           -5.94693e+01   constant   
   6  alpha_CBO   -2.30178e-03     fixed    
   7  w_CBO        2.32500e+00   constant   
   8  beta_CBO     1.79329e-03   6.89984e-04   2.24305e-06   1.43460e+00
   9  alpha_2CBO   1.28812e-03   6.87663e-04   2.22282e-06   5.76388e-01
  10  beta_2CBO    5.01500e-04     fixed    
  11  alpha_y      0.00000e+00     fixed    
  12  w_y          1.44500e+01   constant   
  13  beta_y       2.69538e-04     fixed    
  14  alpha_vw     0.00000e+00     fixed    
  15  w_vw         1.29000e+01   constant   
  16  beta_vw      0.00000e+00     fixed    
  17  LM          -2.20020e-04   constant   
  18  zeta_y       0.00000e+00   constant   
  19  zeta_vw      0.00000e+00   constant   
  20  T_CBO        1.00000e+03   8.40764e+02   7.43966e-02  -6.31195e-06
  21  alpha_A0    -2.78560e-03   3.50017e-03   1.14266e-05   1.04100e-01
  22  beta_A0      6.64486e-03   3.64004e-03   1.15356e-05  -7.57847e-02
  23  alpha_phi   -3.84636e-03   3.23107e-03   1.04822e-05   2.60550e-01
  24  beta_phi    -1.56704e-03   3.51175e-03   1.12465e-05   8.96817e-03
 EXTERNAL ERROR MATRIX.    NDIM=  25    NPAR=  7    ERR DEF=1
  4.761e-07  3.317e-09  3.102e-06  7.968e-08 -2.759e-07  2.797e-08  3.059e-07 
  3.317e-09  4.729e-07 -3.215e-06 -2.990e-07  1.439e-07 -2.425e-07 -2.937e-07 
  3.102e-06 -3.215e-06  2.042e+02 -4.541e-03  1.095e-02 -6.323e-03 -2.512e-03 
  7.968e-08 -2.990e-07 -4.541e-03  1.225e-05 -8.641e-07  1.846e-07  8.697e-08 
 -2.759e-07  1.439e-07  1.095e-02 -8.641e-07  1.325e-05 -3.869e-07  1.439e-06 
  2.797e-08 -2.425e-07 -6.323e-03  1.846e-07 -3.869e-07  1.044e-05  1.224e-06 
  3.059e-07 -2.937e-07 -2.512e-03  8.697e-08  1.439e-06  1.224e-06  1.233e-05 
 PARAMETER  CORRELATION COEFFICIENTS  
       NO.  GLOBAL      8      9     20     21     22     23     24
        8  0.18631   1.000  0.007  0.000  0.033 -0.110  0.013  0.126
        9  0.21364   0.007  1.000 -0.000 -0.124  0.057 -0.109 -0.122
       20  0.27120   0.000 -0.000  1.000 -0.091  0.211 -0.137 -0.050
       21  0.16299   0.033 -0.124 -0.091  1.000 -0.068  0.016  0.007
       22  0.28753  -0.110  0.057  0.211 -0.068  1.000 -0.033  0.113
       23  0.19669   0.013 -0.109 -0.137  0.016 -0.033  1.000  0.108
       24  0.25141   0.126 -0.122 -0.050  0.007  0.113  0.108  1.000
MINUIT - FIT wiggle + 1-CBO + 2-CBO
 **********
 **   42 **RES 
 **********
                   PARAMETER   16  beta_vw RESTORED TO VARIABLE.
                   PARAMETER   14  alpha_vw RESTORED TO VARIABLE.
                   PARAMETER   13  beta_y RESTORED TO VARIABLE.
                   PARAMETER   11  alpha_y RESTORED TO VARIABLE.
                   PARAMETER   10  beta_2CBO RESTORED TO VARIABLE.
                   PARAMETER    6  alpha_CBO RESTORED TO VARIABLE.
                   PARAMETER    4  phi RESTORED TO VARIABLE.
                   PARAMETER    3  A0 RESTORED TO VARIABLE.
                   PARAMETER    1  N0 RESTORED TO VARIABLE.
 **********
 **   43 **FIX           10
 **********
 **********
 **   44 **FIX           11
 **********
 **********
 **   45 **FIX           12
 **********
 PARAMETER   12  IS CONSTANT.   IGNORED.
 **********
 **   46 **FIX           13
 **********
 **********
 **   47 **FIX           14
 **********
 **********
 **   48 **FIX           15
 **********
 PARAMETER   15  IS CONSTANT.   IGNORED.
 **********
 **   49 **FIX           16
 **********
 **********
 **   50 **MIGRAD
 **********
 START MIGRAD MINIMIZATION.  STRATEGY  1.  CONVERGENCE WHEN EDM .LT. 1.00e-04
 FCN=44.9201 FROM MIGRAD    STATUS=INITIATE       22 CALLS        2239 TOTAL
                     EDM= unknown      STRATEGY= 1      NO ERROR MATRIX       
  EXT PARAMETER               CURRENT GUESS       STEP         FIRST   
  NO.   NAME      VALUE            ERROR          SIZE      DERIVATIVE 
   1  N0           2.83509e+06   1.32661e+03   1.32661e+03   9.21263e-05
   2  tau          6.43976e+01   constant   
   3  A0           3.53698e-01   6.24882e-04   6.24882e-04  -1.73178e+03
   4  phi          4.11614e+00   1.87355e-03   1.87355e-03   2.84721e+02
   5  R           -5.94693e+01   constant   
   6  alpha_CBO   -2.30178e-03   6.98863e-04   6.98863e-04  -4.95179e+01
   7  w_CBO        2.32500e+00   constant   
   8  beta_CBO     1.79329e-03   6.89984e-04   2.24305e-06   1.43460e+00
   9  alpha_2CBO   1.28812e-03   6.87663e-04   2.22282e-06   5.76388e-01
  10  beta_2CBO    5.01500e-04     fixed    
  11  alpha_y      0.00000e+00     fixed    
  12  w_y          1.44500e+01   constant   
  13  beta_y       2.69538e-04     fixed    
  14  alpha_vw     0.00000e+00     fixed    
  15  w_vw         1.29000e+01   constant   
  16  beta_vw      0.00000e+00     fixed    
  17  LM          -2.20020e-04   constant   
  18  zeta_y       0.00000e+00   constant   
  19  zeta_vw      0.00000e+00   constant   
  20  T_CBO        1.00000e+03   8.40764e+02   7.43966e-02  -6.48922e-06
  21  alpha_A0    -2.78560e-03   3.50017e-03   1.14266e-05   1.04091e-01
  22  beta_A0      6.64486e-03   3.64004e-03   1.15356e-05  -7.57785e-02
  23  alpha_phi   -3.84636e-03   3.23107e-03   1.04822e-05   2.60550e-01
  24  beta_phi    -1.56704e-03   3.51175e-03   1.12465e-05   8.96814e-03
 MIGRAD MINIMIZATION HAS CONVERGED.
 MIGRAD WILL VERIFY CONVERGENCE AND ERROR MATRIX.
 COVARIANCE MATRIX CALCULATED SUCCESSFULLY
 FCN=44.5793 FROM MIGRAD    STATUS=CONVERGED     220 CALLS        2437 TOTAL
                     EDM=9.92232e-06    STRATEGY= 1      ERROR MATRIX ACCURATE 
  EXT PARAMETER                                   STEP         FIRST   
  NO.   NAME      VALUE            ERROR          SIZE      DERIVATIVE 
   1  N0           2.83516e+06   1.43436e+03   4.30932e+00   4.84054e-07
   2  tau          6.43976e+01   constant   
   3  A0           3.54029e-01   6.39731e-04   1.98214e-06  -1.41495e+00
   4  phi          4.11573e+00   1.88520e-03   5.93216e-06  -1.08418e+00
   5  R           -5.94693e+01   constant   
   6  alpha_CBO   -2.31452e-03   7.06227e-04   2.17904e-06  -1.41567e+00
   7  w_CBO        2.32500e+00   constant   
   8  beta_CBO     1.86678e-03   7.01635e-04   2.23476e-06   1.00982e+00
   9  alpha_2CBO   1.31135e-03   6.89503e-04   2.21463e-06  -2.98720e+00
  10  beta_2CBO    5.01500e-04     fixed    
  11  alpha_y      0.00000e+00     fixed    
  12  w_y          1.44500e+01   constant   
  13  beta_y       2.69538e-04     fixed    
  14  alpha_vw     0.00000e+00     fixed    
  15  w_vw         1.29000e+01   constant   
  16  beta_vw      0.00000e+00     fixed    
  17  LM          -2.20020e-04   constant   
  18  zeta_y       0.00000e+00   constant   
  19  zeta_vw      0.00000e+00   constant   
  20  T_CBO        1.00000e+03   9.72830e+02   5.43909e-02** at limit **
  21  alpha_A0    -2.80223e-03   3.60051e-03   1.13789e-05  -7.78159e-01
  22  beta_A0      6.47080e-03   3.65383e-03   1.14879e-05   2.68265e-02
  23  alpha_phi   -3.92701e-03   3.31165e-03   1.04330e-05   1.46426e-01
  24  beta_phi    -1.78154e-03   3.62511e-03   1.11934e-05   1.30560e-01
 EXTERNAL ERROR MATRIX.    NDIM=  25    NPAR= 11    ERR DEF=1
  2.057e+06 
  1.367e-01  4.093e-07 
 -3.654e-01  1.047e-07  3.554e-06 
 -5.315e-02 -7.696e-08 -2.747e-07  4.988e-07 
  2.960e-02  6.828e-08 -1.099e-07  7.684e-09  4.923e-07 
 -1.615e-02  2.777e-08  3.159e-09 -1.526e-08  7.928e-09  4.754e-07 
 -9.056e-02  7.969e-08  2.374e-06 -4.303e-07  3.640e-07 -4.607e-07  8.962e+00 
 -9.383e-01  5.335e-08  6.408e-07 -3.677e-07  6.138e-08 -2.766e-07 -7.427e-04  1.296e-05 
 -3.560e-01 -3.144e-07 -5.333e-07  1.833e-07 -3.079e-07  1.249e-07  1.736e-03 -8.113e-07  1.335e-05 
 -5.902e-01 -1.548e-07 -1.040e-07  4.846e-07  1.702e-08 -2.558e-07 -1.054e-03  3.180e-08  3.783e-08  1.097e-05 
  7.484e-01 -3.666e-07 -9.161e-07  1.812e-07  2.718e-07 -3.294e-07 -4.695e-04 -5.283e-07  1.770e-06  1.207e-06  1.314e-05 
 PARAMETER  CORRELATION COEFFICIENTS  
       NO.  GLOBAL      1      3      4      6      8      9     20     21     22     23     24
        1  0.35331   1.000  0.149 -0.135 -0.052  0.029 -0.016 -0.000 -0.182 -0.068 -0.124  0.144
        3  0.34144   0.149  1.000  0.087 -0.170  0.152  0.063  0.000  0.023 -0.134 -0.073 -0.158
        4  0.29804  -0.135  0.087  1.000 -0.206 -0.083  0.002  0.000  0.094 -0.077 -0.017 -0.134
        6  0.35206  -0.052 -0.170 -0.206  1.000  0.016 -0.031 -0.000 -0.145  0.071  0.207  0.071
        8  0.25781   0.029  0.152 -0.083  0.016  1.000  0.016  0.000  0.024 -0.120  0.007  0.107
        9  0.22509  -0.016  0.063  0.002 -0.031  0.016  1.000 -0.000 -0.111  0.050 -0.112 -0.132
       20  0.21352  -0.000  0.000  0.000 -0.000  0.000 -0.000  1.000 -0.069  0.159 -0.106 -0.043
       21  0.28445  -0.182  0.023  0.094 -0.145  0.024 -0.111 -0.069  1.000 -0.062  0.003 -0.040
       22  0.30059  -0.068 -0.134 -0.077  0.071 -0.120  0.050  0.159 -0.062  1.000  0.003  0.134
       23  0.29442  -0.124 -0.073 -0.017  0.207  0.007 -0.112 -0.106  0.003  0.003  1.000  0.101
       24  0.35023   0.144 -0.158 -0.134  0.071  0.107 -0.132 -0.043 -0.040  0.134  0.101  1.000
MINUIT - FIT ONLY 1-y
 **********
 **   51 **RES 
 **********
                   PARAMETER   16  beta_vw RESTORED TO VARIABLE.
                   PARAMETER   14  alpha_vw RESTORED TO VARIABLE.
                   PARAMETER   13  beta_y RESTORED TO VARIABLE.
                   PARAMETER   11  alpha_y RESTORED TO VARIABLE.
                   PARAMETER   10  beta_2CBO RESTORED TO VARIABLE.
 **********
 **   52 **FIX            0
 **********
 PARAMETER    0  IS UNDEFINED. IGNORED.
 **********
 **   53 **FIX            1
 **********
 **********
 **   54 **FIX            2
 **********
 PARAMETER    2  IS CONSTANT.   IGNORED.
 **********
 **   55 **FIX            3
 **********
 **********
 **   56 **FIX            4
 **********
 **********
 **   57 **FIX            5
 **********
 PARAMETER    5  IS CONSTANT.   IGNORED.
 **********
 **   58 **FIX            6
 **********
 **********
 **   59 **FIX            7
 **********
 PARAMETER    7  IS CONSTANT.   IGNORED.
 **********
 **   60 **FIX            8
 **********
 **********
 **   61 **FIX            9
 **********
 **********
 **   62 **FIX           13
 **********
 **********
 **   63 **FIX           14
 **********
 **********
 **   64 **FIX           15
 **********
 PARAMETER   15  IS CONSTANT.   IGNORED.
 **********
 **   65 **FIX           16
 **********
 **********
 **   66 **MIGRAD
 **********
 START MIGRAD MINIMIZATION.  STRATEGY  1.  CONVERGENCE WHEN EDM .LT. 1.00e-04
 FCN=44.5793 FROM MIGRAD    STATUS=INITIATE       16 CALLS        2453 TOTAL
                     EDM= unknown      STRATEGY= 1      NO ERROR MATRIX       
  EXT PARAMETER               CURRENT GUESS       STEP         FIRST   
  NO.   NAME      VALUE            ERROR          SIZE      DERIVATIVE 
   1  N0           2.83516e+06     fixed    
   2  tau          6.43976e+01   constant   
   3  A0           3.54029e-01     fixed    
   4  phi          4.11573e+00     fixed    
   5  R           -5.94693e+01   constant   
   6  alpha_CBO   -2.31452e-03     fixed    
   7  w_CBO        2.32500e+00   constant   
   8  beta_CBO     1.86678e-03     fixed    
   9  alpha_2CBO   1.31135e-03     fixed    
  10  beta_2CBO    5.01500e-04   6.75120e-04   6.75120e-04   6.00333e+02
  11  alpha_y      0.00000e+00   1.00000e-03   1.00000e-03  -3.18637e+03
  12  w_y          1.44500e+01   constant   
  13  beta_y       2.69538e-04     fixed    
  14  alpha_vw     0.00000e+00     fixed    
  15  w_vw         1.29000e+01   constant   
  16  beta_vw      0.00000e+00     fixed    
  17  LM          -2.20020e-04   constant   
  18  zeta_y       0.00000e+00   constant   
  19  zeta_vw      0.00000e+00   constant   
  20  T_CBO        1.00000e+03   9.72830e+02   5.43909e-02** at limit **
  21  alpha_A0    -2.80223e-03   3.60051e-03   1.13789e-05  -7.78158e-01
  22  beta_A0      6.47080e-03   3.65383e-03   1.14879e-05   2.68250e-02
  23  alpha_phi   -3.92701e-03   3.31165e-03   1.04330e-05   1.46426e-01
  24  beta_phi    -1.78154e-03   3.62511e-03   1.11934e-05   1.30560e-01
 MIGRAD MINIMIZATION HAS CONVERGED.
 MIGRAD WILL VERIFY CONVERGENCE AND ERROR MATRIX.
 COVARIANCE MATRIX CALCULATED SUCCESSFULLY
 FCN=43.4065 FROM MIGRAD    STATUS=CONVERGED     112 CALLS        2549 TOTAL
                     EDM=1.9235e-06    STRATEGY= 1      ERROR MATRIX ACCURATE 
  EXT PARAMETER                                   STEP         FIRST   
  NO.   NAME      VALUE            ERROR          SIZE      DERIVATIVE 
   1  N0           2.83516e+06     fixed    
   2  tau          6.43976e+01   constant   
   3  A0           3.54029e-01     fixed    
   4  phi          4.11573e+00     fixed    
   5  R           -5.94693e+01   constant   
   6  alpha_CBO   -2.31452e-03     fixed    
   7  w_CBO        2.32500e+00   constant   
   8  beta_CBO     1.86678e-03     fixed    
   9  alpha_2CBO   1.31135e-03     fixed    
  10  beta_2CBO    3.66848e-04   6.82277e-04   2.16977e-06   5.37603e-01
  11  alpha_y      7.10679e-04   6.68349e-04   2.17400e-06  -2.99720e-01
  12  w_y          1.44500e+01   constant   
  13  beta_y       2.69538e-04     fixed    
  14  alpha_vw     0.00000e+00     fixed    
  15  w_vw         1.29000e+01   constant   
  16  beta_vw      0.00000e+00     fixed    
  17  LM          -2.20020e-04   constant   
  18  zeta_y       0.00000e+00   constant   
  19  zeta_vw      0.00000e+00   constant   
  20  T_CBO        1.00000e+03   7.53977e+02   6.51421e-02** at limit **
  21  alpha_A0    -2.73661e-03   3.46987e-03   1.12317e-05   3.25992e-01
  22  beta_A0      6.59171e-03   3.63695e-03   1.13394e-05  -1.29321e-01
  23  alpha_phi   -3.93280e-03   3.22165e-03   1.02980e-05   4.25078e-01
  24  beta_phi    -1.65455e-03   3.47061e-03   1.10483e-05   9.70502e-02
 EXTERNAL ERROR MATRIX.    NDIM=  25    NPAR=  7    ERR DEF=1
  4.655e-07  3.109e-09 -2.511e-09 -1.089e-07 -3.837e-07  2.297e-07 -2.327e-07 
  3.109e-09  4.467e-07  4.246e-10  1.631e-08  4.429e-09  3.861e-08  3.625e-08 
 -2.511e-09  4.246e-10  1.148e-04 -2.979e-06  7.279e-06 -4.344e-06 -1.791e-06 
 -1.089e-07  1.631e-08 -2.979e-06  1.204e-05 -5.793e-07 -5.112e-08 -1.040e-07 
 -3.837e-07  4.429e-09  7.279e-06 -5.793e-07  1.323e-05 -4.192e-07  1.926e-06 
  2.297e-07  3.861e-08 -4.344e-06 -5.112e-08 -4.192e-07  1.038e-05  9.323e-07 
 -2.327e-07  3.625e-08 -1.791e-06 -1.040e-07  1.926e-06  9.323e-07  1.205e-05 
 PARAMETER  CORRELATION COEFFICIENTS  
       NO.  GLOBAL     10     11     20     21     22     23     24
       10  0.21153   1.000  0.007 -0.000 -0.046 -0.155  0.105 -0.098
       11  0.02520   0.007  1.000  0.000  0.007  0.002  0.018  0.016
       20  0.24465  -0.000  0.000  1.000 -0.080  0.187 -0.126 -0.048
       21  0.10170  -0.046  0.007 -0.080  1.000 -0.046 -0.005 -0.009
       22  0.28606  -0.155  0.002  0.187 -0.046  1.000 -0.036  0.153
       23  0.18689   0.105  0.018 -0.126 -0.005 -0.036  1.000  0.083
       24  0.20696  -0.098  0.016 -0.048 -0.009  0.153  0.083  1.000
MINUIT - FIT ONLY 2-y
 **********
 **   67 **RES 
 **********
                   PARAMETER   16  beta_vw RESTORED TO VARIABLE.
                   PARAMETER   14  alpha_vw RESTORED TO VARIABLE.
                   PARAMETER   13  beta_y RESTORED TO VARIABLE.
                   PARAMETER    9  alpha_2CBO RESTORED TO VARIABLE.
                   PARAMETER    8  beta_CBO RESTORED TO VARIABLE.
                   PARAMETER    6  alpha_CBO RESTORED TO VARIABLE.
                   PARAMETER    4  phi RESTORED TO VARIABLE.
                   PARAMETER    3  A0 RESTORED TO VARIABLE.
                   PARAMETER    1  N0 RESTORED TO VARIABLE.
 **********
 **   68 **FIX            0
 **********
 PARAMETER    0  IS UNDEFINED. IGNORED.
 **********
 **   69 **FIX            1
 **********
 **********
 **   70 **FIX            2
 **********
 PARAMETER    2  IS CONSTANT.   IGNORED.
 **********
 **   71 **FIX            3
 **********
 **********
 **   72 **FIX            4
 **********
 **********
 **   73 **FIX            5
 **********
 PARAMETER    5  IS CONSTANT.   IGNORED.
 **********
 **   74 **FIX            6
 **********
 **********
 **   75 **FIX            7
 **********
 PARAMETER    7  IS CONSTANT.   IGNORED.
 **********
 **   76 **FIX            8
 **********
 **********
 **   77 **FIX            9
 **********
 **********
 **   78 **FIX           10
 **********
 **********
 **   79 **FIX           11
 **********
 **********
 **   80 **FIX           12
 **********
 PARAMETER   12  IS CONSTANT.   IGNORED.
 **********
 **   81 **FIX           16
 **********
 **********
 **   82 **MIGRAD
 **********
 START MIGRAD MINIMIZATION.  STRATEGY  1.  CONVERGENCE WHEN EDM .LT. 1.00e-04
 FCN=43.4065 FROM MIGRAD    STATUS=INITIATE       16 CALLS        2565 TOTAL
                     EDM= unknown      STRATEGY= 1      NO ERROR MATRIX       
  EXT PARAMETER               CURRENT GUESS       STEP         FIRST   
  NO.   NAME      VALUE            ERROR          SIZE      DERIVATIVE 
   1  N0           2.83516e+06     fixed    
   2  tau          6.43976e+01   constant   
   3  A0           3.54029e-01     fixed    
   4  phi          4.11573e+00     fixed    
   5  R           -5.94693e+01   constant   
   6  alpha_CBO   -2.31452e-03     fixed    
   7  w_CBO        2.32500e+00   constant   
   8  beta_CBO     1.86678e-03     fixed    
   9  alpha_2CBO   1.31135e-03     fixed    
  10  beta_2CBO    3.66848e-04     fixed    
  11  alpha_y      7.10679e-04     fixed    
  12  w_y          1.44500e+01   constant   
  13  beta_y       2.69538e-04   6.69924e-04   6.69924e-04  -2.30910e+02
  14  alpha_vw     0.00000e+00   1.00000e-03   1.00000e-03   5.75032e+03
  15  w_vw         1.29000e+01   constant   
  16  beta_vw      0.00000e+00     fixed    
  17  LM          -2.20020e-04   constant   
  18  zeta_y       0.00000e+00   constant   
  19  zeta_vw      0.00000e+00   constant   
  20  T_CBO        9.99999e+02   7.53977e+02   6.51421e-02  -1.05286e-05
  21  alpha_A0    -2.73661e-03   3.46987e-03   1.12317e-05   3.26115e-01
  22  beta_A0      6.59171e-03   3.63695e-03   1.13394e-05  -1.29649e-01
  23  alpha_phi   -3.93280e-03   3.22165e-03   1.02980e-05   4.25300e-01
  24  beta_phi    -1.65455e-03   3.47061e-03   1.10483e-05   9.71659e-02
 MIGRAD MINIMIZATION HAS CONVERGED.
 MIGRAD WILL VERIFY CONVERGENCE AND ERROR MATRIX.
 COVARIANCE MATRIX CALCULATED SUCCESSFULLY
 FCN=39.6255 FROM MIGRAD    STATUS=CONVERGED     114 CALLS        2663 TOTAL
                     EDM=1.97221e-06    STRATEGY= 1      ERROR MATRIX ACCURATE 
  EXT PARAMETER                                   STEP         FIRST   
  NO.   NAME      VALUE            ERROR          SIZE      DERIVATIVE 
   1  N0           2.83516e+06     fixed    
   2  tau          6.43976e+01   constant   
   3  A0           3.54029e-01     fixed    
   4  phi          4.11573e+00     fixed    
   5  R           -5.94693e+01   constant   
   6  alpha_CBO   -2.31452e-03     fixed    
   7  w_CBO        2.32500e+00   constant   
   8  beta_CBO     1.86678e-03     fixed    
   9  alpha_2CBO   1.31135e-03     fixed    
  10  beta_2CBO    3.66848e-04     fixed    
  11  alpha_y      7.10679e-04     fixed    
  12  w_y          1.44500e+01   constant   
  13  beta_y       4.72487e-04   6.75242e-04   2.08685e-06   1.18969e+00
  14  alpha_vw    -1.30695e-03   6.72652e-04   2.07884e-06  -2.18808e-02
  15  w_vw         1.29000e+01   constant   
  16  beta_vw      0.00000e+00     fixed    
  17  LM          -2.20020e-04   constant   
  18  zeta_y       0.00000e+00   constant   
  19  zeta_vw      0.00000e+00   constant   
  20  T_CBO        1.00000e+03   9.82429e+02   5.07792e-02** at limit **
  21  alpha_A0    -2.71967e-03   3.46229e-03   1.07427e-05  -2.38811e-02
  22  beta_A0      6.46804e-03   3.57181e-03   1.08458e-05   4.84005e-01
  23  alpha_phi   -3.98796e-03   3.19580e-03   9.84962e-06   1.54211e-01
  24  beta_phi    -1.76218e-03   3.45304e-03   1.05676e-05   1.27689e-02
 EXTERNAL ERROR MATRIX.    NDIM=  25    NPAR=  7    ERR DEF=1
  4.560e-07 -5.218e-08  3.354e-08 -1.208e-08  4.764e-08 -2.870e-08  1.231e-08 
 -5.218e-08  4.525e-07  1.115e-07 -6.795e-09  4.640e-08  1.777e-08  3.753e-08 
  3.354e-08  1.115e-07  5.044e+00 -5.078e-04  1.224e-03 -7.548e-04 -3.277e-04 
 -1.208e-08 -6.795e-09 -5.078e-04  1.199e-05 -6.061e-07 -3.507e-08 -1.748e-07 
  4.764e-08  4.640e-08  1.224e-03 -6.061e-07  1.276e-05 -1.399e-07  1.775e-06 
 -2.870e-08  1.777e-08 -7.548e-04 -3.507e-08 -1.399e-07  1.021e-05  1.025e-06 
  1.231e-08  3.753e-08 -3.277e-04 -1.748e-07  1.775e-06  1.025e-06  1.192e-05 
 PARAMETER  CORRELATION COEFFICIENTS  
       NO.  GLOBAL     13     14     20     21     22     23     24
       13  0.11787   1.000 -0.115  0.000 -0.005  0.020 -0.013  0.005
       14  0.11788  -0.115  1.000  0.000 -0.003  0.019  0.008  0.016
       20  0.20116   0.000  0.000  1.000 -0.065  0.153 -0.105 -0.042
       21  0.07788  -0.005 -0.003 -0.065  1.000 -0.049 -0.003 -0.015
       22  0.21924   0.020  0.019  0.153 -0.049  1.000 -0.012  0.144
       23  0.13889  -0.013  0.008 -0.105 -0.003 -0.012  1.000  0.093
       24  0.18175   0.005  0.016 -0.042 -0.015  0.144  0.093  1.000
