 + ++++++++++++++++++++++++++++++++++++++++++++++++++++++++++++++++++++ +
 +                                                                      +
 +           You have chose to blind your fitting according to          +
 +                omega_ref * (1 + (R +/- deltaR) *10^{-6})             +
 +                                                                      +
 + ++++++++++++++++++++++++++++++++++++++++++++++++++++++++++++++++++++ +
In main()...
reading format from /gm2data/zkhechad/run45/envelope/formats/formatB_sBin_constraintOn.txt
pBinTau 	= 0  
pBinPhi 	= 0  
constraintau 	= 1 
includeMopTerm 	= 0    
constrainMop    = 0   
Parameters after format file: pBinTau 0 pBinPhi 0 constraintau 1 includeMopTerm 0 constrainMop 0 c_e_scale 0.000000 
Opening file /gm2data/tbarrett/gm2fr/studies/run23_bunch_corrections/CorrectedFourier_Run3b.root.
reading full fit data from /gm2data/zkhechad/cboTemplates/Run4CBOTemplates/templateFits0_v2.0/noRF/sBin_constraintOn_cE0.0_seed0_noRF_calo24.root
windowBins = 17
fitting sliding window 396 from bin 532 at 79.225200 to bin 549 at 81.910800 (17 bins)

Reading data from /gm2data/cornell/histograms/aMethod/histogram_a_noRF.root
 **********
 **    1 **SET PRINTOUT            1
 **********
 **********
 **    2 **SET NOWARNINGS 
 **********
 PARAMETER DEFINITIONS:
    NO.   NAME         VALUE      STEP SIZE      LIMITS
     1 N0           3.17742e+06  1.00000e+02     no limits
     2 tau          6.44362e+01  constant
     3 A0           3.64954e-01  1.00000e-04     no limits
     4 phi          4.11955e+00  1.00000e-02     no limits
     5 R           -6.08502e+01  constant
     6 alpha_CBO    0.00000e+00  1.00000e-03     no limits
     7 w_CBO        2.32500e+00  constant
     8 beta_CBO     0.00000e+00  1.00000e-03     no limits
     9 alpha_2CBO   0.00000e+00  1.00000e-03     no limits
    10 beta_2CBO    0.00000e+00  1.00000e-03     no limits
    11 alpha_y      0.00000e+00  1.00000e-03     no limits
    12 w_y          1.44500e+01  constant
    13 beta_y       0.00000e+00  1.00000e-03     no limits
    14 alpha_vw     0.00000e+00  1.00000e-03     no limits
    15 w_vw         1.29000e+01  constant
    16 beta_vw      0.00000e+00  1.00000e-03     no limits
    17 LM           1.15487e-03  constant
    18 zeta_y       0.00000e+00  constant
    19 zeta_vw      0.00000e+00  constant
    20 T_CBO        1.00000e+02  1.00000e+00    0.00000e+00  1.00000e+03
    21 alpha_A0     0.00000e+00  1.00000e-03     no limits
    22 beta_A0      0.00000e+00  1.00000e-03     no limits
    23 alpha_phi    0.00000e+00  1.00000e-03     no limits
    24 beta_phi     0.00000e+00  1.00000e-03     no limits
MINUIT - FIT ONLY WIGGLE
 **********
 **    3 **FIX            5
 **********
 PARAMETER    5  IS CONSTANT.   IGNORED.
 **********
 **    4 **FIX            6
 **********
 **********
 **    5 **FIX            7
 **********
 PARAMETER    7  IS CONSTANT.   IGNORED.
 **********
 **    6 **FIX            8
 **********
 **********
 **    7 **FIX            9
 **********
 **********
 **    8 **FIX           10
 **********
 **********
 **    9 **FIX           11
 **********
 **********
 **   10 **FIX           12
 **********
 PARAMETER   12  IS CONSTANT.   IGNORED.
 **********
 **   11 **FIX           13
 **********
 **********
 **   12 **FIX           14
 **********
 **********
 **   13 **FIX           15
 **********
 PARAMETER   15  IS CONSTANT.   IGNORED.
 **********
 **   14 **FIX           16
 **********
 **********
 **   15 **MIGRAD
 **********
 FIRST CALL TO USER FUNCTION AT NEW START POINT, WITH IFLAG=4.
 START MIGRAD MINIMIZATION.  STRATEGY  1.  CONVERGENCE WHEN EDM .LT. 1.00e-04
 FCN=786.381 FROM MIGRAD    STATUS=INITIATE      437 CALLS         438 TOTAL
                     EDM= unknown      STRATEGY= 1      NO ERROR MATRIX       
  EXT PARAMETER               CURRENT GUESS       STEP         FIRST   
  NO.   NAME      VALUE            ERROR          SIZE      DERIVATIVE 
   1  N0           3.17742e+06   1.00000e+02   0.00000e+00   3.71773e-02
   2  tau          6.44362e+01   constant   
   3  A0           3.64954e-01   1.00000e-04   0.00000e+00   1.17941e+05
   4  phi          4.11955e+00   1.00000e-02   0.00000e+00  -5.41583e+04
   5  R           -6.08502e+01   constant   
   6  alpha_CBO    0.00000e+00     fixed    
   7  w_CBO        2.32500e+00   constant   
   8  beta_CBO     0.00000e+00     fixed    
   9  alpha_2CBO   0.00000e+00     fixed    
  10  beta_2CBO    0.00000e+00     fixed    
  11  alpha_y      0.00000e+00     fixed    
  12  w_y          1.44500e+01   constant   
  13  beta_y       0.00000e+00     fixed    
  14  alpha_vw     0.00000e+00     fixed    
  15  w_vw         1.29000e+01   constant   
  16  beta_vw      0.00000e+00     fixed    
  17  LM           1.15487e-03   constant   
  18  zeta_y       0.00000e+00   constant   
  19  zeta_vw      0.00000e+00   constant   
  20  T_CBO        1.00000e+02   1.00000e+00   0.00000e+00   0.00000e+00
  21  alpha_A0     0.00000e+00   1.00000e-03   0.00000e+00  -9.71138e+03
  22  beta_A0      0.00000e+00   1.00000e-03   0.00000e+00   2.03219e+04
  23  alpha_phi    0.00000e+00   1.00000e-03   0.00000e+00  -1.32486e+03
  24  beta_phi     0.00000e+00   1.00000e-03   0.00000e+00   9.38405e+02
 CALL LIMIT EXCEEDED IN MIGRAD.
 MIGRAD TERMINATED WITHOUT CONVERGENCE.
 FCN=48.3143 FROM MIGRAD    STATUS=CALL LIMIT   1328 CALLS        1329 TOTAL
                     EDM=0.107373    STRATEGY= 1  ERROR MATRIX UNCERTAINTY  51.0 per cent
  EXT PARAMETER                APPROXIMATE        STEP         FIRST   
  NO.   NAME      VALUE            ERROR          SIZE      DERIVATIVE 
   1  N0           3.18029e+06   7.27834e+03  -6.88723e+02   6.22038e-04
   2  tau          6.44362e+01   constant   
   3  A0           3.63883e-01   6.00342e-04   1.70786e-05   1.49003e+03
   4  phi          4.14913e+00   5.07834e-03   4.75711e-04  -2.48186e+02
   5  R           -6.08502e+01   constant   
   6  alpha_CBO    0.00000e+00     fixed    
   7  w_CBO        2.32500e+00   constant   
   8  beta_CBO     0.00000e+00     fixed    
   9  alpha_2CBO   0.00000e+00     fixed    
  10  beta_2CBO    0.00000e+00     fixed    
  11  alpha_y      0.00000e+00     fixed    
  12  w_y          1.44500e+01   constant   
  13  beta_y       0.00000e+00     fixed    
  14  alpha_vw     0.00000e+00     fixed    
  15  w_vw         1.29000e+01   constant   
  16  beta_vw      0.00000e+00     fixed    
  17  LM           1.15487e-03   constant   
  18  zeta_y       0.00000e+00   constant   
  19  zeta_vw      0.00000e+00   constant   
  20  T_CBO        1.69328e+02   8.90683e+01   2.34674e-02   5.22786e+00
  21  alpha_A0     2.13538e-02   1.03252e-02  -8.93766e-04   1.20517e+02
  22  beta_A0      1.77490e-02   1.49674e-02   1.40637e-03   1.28621e+02
  23  alpha_phi    1.80052e-02   1.43770e-02   1.37525e-03   1.18016e+02
  24  beta_phi    -5.18258e-03   6.23743e-03   4.18922e-04   3.85409e+02
 EXTERNAL ERROR MATRIX.    NDIM=  25    NPAR=  8    ERR DEF=1
  5.297e+07 -2.662e-01 -3.482e+01 -6.449e+05  7.214e+01 -1.065e+02 -1.041e+02 -3.845e+01 
 -2.662e-01  3.604e-07  1.540e-07  9.515e-03  1.186e-06  1.093e-07  3.495e-07 -1.729e-06 
 -3.482e+01  1.540e-07  2.579e-05  4.364e-01 -4.701e-05  7.498e-05  7.046e-05  2.435e-05 
 -6.449e+05  9.515e-03  4.364e-01  8.087e+03 -8.524e-01  1.309e+00  1.271e+00  4.297e-01 
  7.214e+01  1.186e-06 -4.701e-05 -8.524e-01  1.066e-04 -1.452e-04 -1.423e-04 -6.145e-05 
 -1.065e+02  1.093e-07  7.498e-05  1.309e+00 -1.452e-04  2.240e-04  2.126e-04  7.742e-05 
 -1.041e+02  3.495e-07  7.046e-05  1.271e+00 -1.423e-04  2.126e-04  2.067e-04  7.577e-05 
 -3.845e+01 -1.729e-06  2.435e-05  4.297e-01 -6.145e-05  7.742e-05  7.577e-05  3.891e-05 
ERR MATRIX APPROXIMATE
 PARAMETER  CORRELATION COEFFICIENTS  
       NO.  GLOBAL      1      3      4     20     21     22     23     24
        1  0.99998   1.000 -0.061 -0.942 -0.985  0.960 -0.978 -0.995 -0.847
        3  0.99950  -0.061  1.000  0.051  0.176  0.191  0.012  0.040 -0.462
        4  0.99978  -0.942  0.051  1.000  0.956 -0.897  0.986  0.965  0.769
       20  0.99976  -0.985  0.176  0.956  1.000 -0.918  0.973  0.983  0.766
       21  0.99975   0.960  0.191 -0.897 -0.918  1.000 -0.940 -0.958 -0.954
       22  0.99990  -0.978  0.012  0.986  0.973 -0.940  1.000  0.988  0.829
       23  0.99988  -0.995  0.040  0.965  0.983 -0.958  0.988  1.000  0.845
       24  0.99993  -0.847 -0.462  0.769  0.766 -0.954  0.829  0.845  1.000
 ERR MATRIX APPROXIMATE
MINUIT - FIT ONLY 1-CBO + wiggle
 **********
 **   16 **RES 
 **********
                   PARAMETER   16  beta_vw RESTORED TO VARIABLE.
                   PARAMETER   14  alpha_vw RESTORED TO VARIABLE.
                   PARAMETER   13  beta_y RESTORED TO VARIABLE.
                   PARAMETER   11  alpha_y RESTORED TO VARIABLE.
                   PARAMETER   10  beta_2CBO RESTORED TO VARIABLE.
                   PARAMETER    9  alpha_2CBO RESTORED TO VARIABLE.
                   PARAMETER    8  beta_CBO RESTORED TO VARIABLE.
                   PARAMETER    6  alpha_CBO RESTORED TO VARIABLE.
 **********
 **   17 **FIX            8
 **********
 **********
 **   18 **FIX            9
 **********
 **********
 **   19 **FIX           11
 **********
 **********
 **   20 **FIX           12
 **********
 PARAMETER   12  IS CONSTANT.   IGNORED.
 **********
 **   21 **FIX           14
 **********
 **********
 **   22 **FIX           15
 **********
 PARAMETER   15  IS CONSTANT.   IGNORED.
 **********
 **   23 **FIX           16
 **********
 **********
 **   24 **MIGRAD
 **********
 START MIGRAD MINIMIZATION.  STRATEGY  1.  CONVERGENCE WHEN EDM .LT. 1.00e-04
 FCN=48.3143 FROM MIGRAD    STATUS=INITIATE       28 CALLS        1357 TOTAL
                     EDM= unknown      STRATEGY= 1      NO ERROR MATRIX       
  EXT PARAMETER               CURRENT GUESS       STEP         FIRST   
  NO.   NAME      VALUE            ERROR          SIZE      DERIVATIVE 
   1  N0           3.18029e+06   7.27834e+03  -6.88723e+02   6.22038e-04
   2  tau          6.44362e+01   constant   
   3  A0           3.63883e-01   6.00342e-04   1.70786e-05   1.49003e+03
   4  phi          4.14913e+00   5.07834e-03   4.75711e-04  -2.48186e+02
   5  R           -6.08502e+01   constant   
   6  alpha_CBO    0.00000e+00   1.00000e-03   1.00000e-03   9.48039e+02
   7  w_CBO        2.32500e+00   constant   
   8  beta_CBO     0.00000e+00     fixed    
   9  alpha_2CBO   0.00000e+00     fixed    
  10  beta_2CBO    0.00000e+00   1.00000e-03   1.00000e-03   3.40138e+03
  11  alpha_y      0.00000e+00     fixed    
  12  w_y          1.44500e+01   constant   
  13  beta_y       0.00000e+00   1.00000e-03   1.00000e-03  -1.28135e+04
  14  alpha_vw     0.00000e+00     fixed    
  15  w_vw         1.29000e+01   constant   
  16  beta_vw      0.00000e+00     fixed    
  17  LM           1.15487e-03   constant   
  18  zeta_y       0.00000e+00   constant   
  19  zeta_vw      0.00000e+00   constant   
  20  T_CBO        1.69328e+02   8.90683e+01   2.34674e-02   5.22786e+00
  21  alpha_A0     2.13538e-02   1.03252e-02  -8.93766e-04   1.20517e+02
  22  beta_A0      1.77490e-02   1.49674e-02   1.40637e-03   1.28621e+02
  23  alpha_phi    1.80052e-02   1.43770e-02   1.37525e-03   1.18016e+02
  24  beta_phi    -5.18258e-03   6.23743e-03   4.18922e-04   3.85409e+02
 MIGRAD MINIMIZATION HAS CONVERGED.
 MIGRAD WILL VERIFY CONVERGENCE AND ERROR MATRIX.
 FCN=42.0922 FROM HESSE     STATUS=NOT POSDEF    100 CALLS        2687 TOTAL
                     EDM=0.000290659    STRATEGY= 1      ERR MATRIX NOT POS-DEF
  EXT PARAMETER                APPROXIMATE        STEP         FIRST   
  NO.   NAME      VALUE            ERROR          SIZE      DERIVATIVE 
   1  N0           3.12440e+06   4.40593e+03   1.50316e+00  -4.76768e-06
   2  tau          6.44362e+01   constant   
   3  A0           3.86383e-01   2.57433e-03   6.70313e-07  -1.75034e+01
   4  phi          4.19332e+00   3.89484e-03   1.99953e-06   4.36600e-01
   5  R           -6.08502e+01   constant   
   6  alpha_CBO   -1.86216e-03   2.28612e-03   6.68321e-07  -1.03075e+01
   7  w_CBO        2.32500e+00   constant   
   8  beta_CBO     0.00000e+00     fixed    
   9  alpha_2CBO   0.00000e+00     fixed    
  10  beta_2CBO   -8.26934e-04   7.06114e-04   6.73063e-07  -5.45986e+00
  11  alpha_y      0.00000e+00     fixed    
  12  w_y          1.44500e+01   constant   
  13  beta_y       2.56668e-04   2.20794e-04   6.83548e-07   1.50025e+00
  14  alpha_vw     0.00000e+00     fixed    
  15  w_vw         1.29000e+01   constant   
  16  beta_vw      0.00000e+00     fixed    
  17  LM           1.15487e-03   constant   
  18  zeta_y       0.00000e+00   constant   
  19  zeta_vw      0.00000e+00   constant   
  20  T_CBO        8.66643e+02   8.36375e+02   3.67936e-04   5.14601e-03
  21  alpha_A0     7.13800e-02   1.08913e-02   2.97771e-06   1.05094e+00
  22  beta_A0      1.05077e-01   7.48902e-03   2.78057e-06   1.74116e+00
  23  alpha_phi    1.11368e-01   7.42263e-03   2.33329e-06  -1.36434e+00
  24  beta_phi    -4.73032e-02   7.15070e-03   2.92886e-06  -4.40141e-01
 CALL LIMIT EXCEEDED IN MIGRAD.
 MIGRAD TERMINATED WITHOUT CONVERGENCE.
 FCN=41.8917 FROM MIGRAD    STATUS=CALL LIMIT   1923 CALLS        3252 TOTAL
                     EDM=0.0330865    STRATEGY= 1      ERR MATRIX NOT POS-DEF
  EXT PARAMETER                APPROXIMATE        STEP         FIRST   
  NO.   NAME      VALUE            ERROR          SIZE      DERIVATIVE 
   1  N0           3.13534e+06   5.85064e+03   3.75368e+02  -1.29951e-04
   2  tau          6.44362e+01   constant   
   3  A0           4.03385e-01   1.90985e-02   1.36206e-03  -6.30692e+02
   4  phi          4.18930e+00   5.29756e-03   4.36886e-04   1.13572e+02
   5  R           -6.08502e+01   constant   
   6  alpha_CBO   -2.75444e-03   6.35706e-03   4.90496e-04  -7.20222e+02
   7  w_CBO        2.32500e+00   constant   
   8  beta_CBO     0.00000e+00     fixed    
   9  alpha_2CBO   0.00000e+00     fixed    
  10  beta_2CBO   -2.69189e-03   2.55497e-03  -3.07285e-04   1.23248e+02
  11  alpha_y      0.00000e+00     fixed    
  12  w_y          1.44500e+01   constant   
  13  beta_y       2.60808e-04   2.24501e-04  -2.35624e-06   5.70210e+01
  14  alpha_vw     0.00000e+00     fixed    
  15  w_vw         1.29000e+01   constant   
  16  beta_vw      0.00000e+00     fixed    
  17  LM           1.15487e-03   constant   
  18  zeta_y       0.00000e+00   constant   
  19  zeta_vw      0.00000e+00   constant   
  20  T_CBO        9.86444e+02   1.09039e+02   6.01166e-02   1.67807e-01
  21  alpha_A0     1.28146e-01   6.01359e-02   6.42351e-03   1.74534e+02
  22  beta_A0      8.13305e-02   1.21895e-02  -5.48797e-04  -1.15664e+02
  23  alpha_phi    9.39475e-02   9.68958e-03  -5.65081e-04   3.19673e+01
  24  beta_phi    -9.67624e-02   4.86063e-02  -3.89868e-03  -1.85006e+01
 EXTERNAL ERROR MATRIX.    NDIM=  25    NPAR= 11    ERR DEF=1
  3.423e+07 
  3.890e+01  3.648e-04 
 -3.800e+00  3.011e-05  2.806e-05 
  1.012e+01 -2.675e-05  2.025e-05  4.041e-05 
 -7.837e+00 -3.348e-05 -9.040e-06 -8.754e-06  6.528e-06 
 -9.389e-02 -8.492e-09 -1.301e-07 -2.876e-07  6.717e-08  5.040e-08 
  1.952e+05  1.324e+00  1.830e-01  4.637e-02 -1.635e-01 -1.185e-03  6.233e+03 
  1.752e+02  1.029e-03  1.761e-04  8.972e-05 -1.429e-04 -1.255e-06  4.336e+00  3.616e-03 
 -5.561e+01 -1.671e-04  1.863e-05  1.988e-05  1.388e-05 -5.095e-09 -6.182e-01 -4.532e-04  1.486e-04 
 -5.462e+01 -3.102e-05  9.247e-06 -2.377e-05  1.116e-05  2.312e-07 -2.524e-01 -2.150e-04  7.990e-05  9.389e-05 
 -1.221e+02 -9.214e-04 -8.625e-05  3.652e-05  9.326e-05  3.405e-07 -3.453e+00 -2.737e-03  4.370e-04  1.219e-04  2.363e-03 
ERR MATRIX NOT POS-DEF
 PARAMETER  CORRELATION COEFFICIENTS  
       NO.  GLOBAL      1      3      4      6     10     13     20     21     22     23     24
        1  0.99912   1.000  0.348 -0.123  0.272 -0.524 -0.071  0.423  0.498 -0.780 -0.964 -0.429
        3  0.99997   0.348  1.000  0.298 -0.220 -0.686 -0.002  0.878  0.896 -0.718 -0.168 -0.993
        4  0.99837  -0.123  0.298  1.000  0.601 -0.668 -0.109  0.438  0.553  0.289  0.180 -0.335
        6  0.99970   0.272 -0.220  0.601  1.000 -0.539 -0.202  0.092  0.235  0.257 -0.386  0.118
       10  0.99657  -0.524 -0.686 -0.668 -0.539  1.000  0.117 -0.810 -0.930  0.446  0.451  0.751
       13  0.33477  -0.071 -0.002 -0.109 -0.202  0.117  1.000 -0.067 -0.093 -0.002  0.106  0.031
       20  0.99594   0.423  0.878  0.438  0.092 -0.810 -0.067  1.000  0.913 -0.642 -0.330 -0.900
       21  0.99994   0.498  0.896  0.553  0.235 -0.930 -0.093  0.913  1.000 -0.618 -0.369 -0.936
       22  0.99905  -0.780 -0.718  0.289  0.257  0.446 -0.002 -0.642 -0.618  1.000  0.676  0.738
       23  0.99925  -0.964 -0.168  0.180 -0.386  0.451  0.106 -0.330 -0.369  0.676  1.000  0.259
       24  0.99988  -0.429 -0.993 -0.335  0.118  0.751  0.031 -0.900 -0.936  0.738  0.259  1.000
 ERR MATRIX NOT POS-DEF
MINUIT - FIT ONLY 2-CBO
 **********
 **   25 **RES 
 **********
                   PARAMETER   16  beta_vw RESTORED TO VARIABLE.
                   PARAMETER   14  alpha_vw RESTORED TO VARIABLE.
                   PARAMETER   11  alpha_y RESTORED TO VARIABLE.
                   PARAMETER    9  alpha_2CBO RESTORED TO VARIABLE.
                   PARAMETER    8  beta_CBO RESTORED TO VARIABLE.
 **********
 **   26 **FIX            0
 **********
 PARAMETER    0  IS UNDEFINED. IGNORED.
 **********
 **   27 **FIX            1
 **********
 **********
 **   28 **FIX            2
 **********
 PARAMETER    2  IS CONSTANT.   IGNORED.
 **********
 **   29 **FIX            3
 **********
 **********
 **   30 **FIX            4
 **********
 **********
 **   31 **FIX            5
 **********
 PARAMETER    5  IS CONSTANT.   IGNORED.
 **********
 **   32 **FIX            6
 **********
 **********
 **   33 **FIX            7
 **********
 PARAMETER    7  IS CONSTANT.   IGNORED.
 **********
 **   34 **FIX           10
 **********
 **********
 **   35 **FIX           11
 **********
 **********
 **   36 **FIX           12
 **********
 PARAMETER   12  IS CONSTANT.   IGNORED.
 **********
 **   37 **FIX           13
 **********
 **********
 **   38 **FIX           14
 **********
 **********
 **   39 **FIX           15
 **********
 PARAMETER   15  IS CONSTANT.   IGNORED.
 **********
 **   40 **FIX           16
 **********
 **********
 **   41 **MIGRAD
 **********
 START MIGRAD MINIMIZATION.  STRATEGY  1.  CONVERGENCE WHEN EDM .LT. 1.00e-04
 FCN=41.8917 FROM MIGRAD    STATUS=INITIATE       18 CALLS        3270 TOTAL
                     EDM= unknown      STRATEGY= 1      NO ERROR MATRIX       
  EXT PARAMETER               CURRENT GUESS       STEP         FIRST   
  NO.   NAME      VALUE            ERROR          SIZE      DERIVATIVE 
   1  N0           3.13534e+06     fixed    
   2  tau          6.44362e+01   constant   
   3  A0           4.03385e-01     fixed    
   4  phi          4.18930e+00     fixed    
   5  R           -6.08502e+01   constant   
   6  alpha_CBO   -2.75444e-03     fixed    
   7  w_CBO        2.32500e+00   constant   
   8  beta_CBO     0.00000e+00   1.00000e-03   1.00000e-03   2.97067e+02
   9  alpha_2CBO   0.00000e+00   1.00000e-03   1.00000e-03   1.49411e+02
  10  beta_2CBO   -2.69189e-03     fixed    
  11  alpha_y      0.00000e+00     fixed    
  12  w_y          1.44500e+01   constant   
  13  beta_y       2.60808e-04     fixed    
  14  alpha_vw     0.00000e+00     fixed    
  15  w_vw         1.29000e+01   constant   
  16  beta_vw      0.00000e+00     fixed    
  17  LM           1.15487e-03   constant   
  18  zeta_y       0.00000e+00   constant   
  19  zeta_vw      0.00000e+00   constant   
  20  T_CBO        9.86444e+02   1.09039e+02   6.01166e-02   1.67789e-01
  21  alpha_A0     1.28146e-01   6.01359e-02   6.42351e-03   1.74534e+02
  22  beta_A0      8.13305e-02   1.21895e-02  -5.48797e-04  -1.15664e+02
  23  alpha_phi    9.39475e-02   9.68958e-03  -5.65081e-04   3.19673e+01
  24  beta_phi    -9.67624e-02   4.86063e-02  -3.89868e-03  -1.85006e+01
 MIGRAD MINIMIZATION HAS CONVERGED.
 MIGRAD WILL VERIFY CONVERGENCE AND ERROR MATRIX.
 COVARIANCE MATRIX CALCULATED SUCCESSFULLY
 FCN=41.883 FROM MIGRAD    STATUS=CONVERGED     168 CALLS        3420 TOTAL
                     EDM=7.71026e-08    STRATEGY= 1      ERROR MATRIX ACCURATE 
  EXT PARAMETER                                   STEP         FIRST   
  NO.   NAME      VALUE            ERROR          SIZE      DERIVATIVE 
   1  N0           3.13534e+06     fixed    
   2  tau          6.44362e+01   constant   
   3  A0           4.03385e-01     fixed    
   4  phi          4.18930e+00     fixed    
   5  R           -6.08502e+01   constant   
   6  alpha_CBO   -2.75444e-03     fixed    
   7  w_CBO        2.32500e+00   constant   
   8  beta_CBO     2.92381e-05   1.10127e-03   6.95558e-07  -3.05883e-02
   9  alpha_2CBO   2.17473e-05   7.78300e-04   6.90324e-07   7.44820e-01
  10  beta_2CBO   -2.69189e-03     fixed    
  11  alpha_y      0.00000e+00     fixed    
  12  w_y          1.44500e+01   constant   
  13  beta_y       2.60808e-04     fixed    
  14  alpha_vw     0.00000e+00     fixed    
  15  w_vw         1.29000e+01   constant   
  16  beta_vw      0.00000e+00     fixed    
  17  LM           1.15487e-03   constant   
  18  zeta_y       0.00000e+00   constant   
  19  zeta_vw      0.00000e+00   constant   
  20  T_CBO        9.86419e+02   5.80533e+02   1.17779e-03  -4.16853e-05
  21  alpha_A0     1.28092e-01   6.36288e-03   2.63567e-06  -2.26197e-01
  22  beta_A0      8.14875e-02   5.90415e-03   2.49505e-06  -1.48545e-01
  23  alpha_phi    9.38783e-02   5.31975e-03   2.26452e-06   4.94305e-02
  24  beta_phi    -9.67790e-02   4.96566e-03   2.79136e-06  -2.87014e-01
 EXTERNAL ERROR MATRIX.    NDIM=  25    NPAR=  7    ERR DEF=1
  1.213e-06  7.957e-07  1.314e-02  2.666e-07  4.617e-06 -2.856e-06 -1.193e-06 
  7.957e-07  6.058e-07  1.742e-03  2.649e-07  3.214e-06 -1.964e-06 -8.302e-07 
  1.314e-02  1.742e-03  3.605e+05 -3.779e+00 -2.384e+00 -2.767e+00  2.845e+00 
  2.666e-07  2.649e-07 -3.779e+00  4.049e-05  2.656e-05  2.793e-05 -3.037e-05 
  4.617e-06  3.214e-06 -2.384e+00  2.656e-05  3.486e-05  7.329e-06 -2.384e-05 
 -2.856e-06 -1.964e-06 -2.767e+00  2.793e-05  7.329e-06  2.830e-05 -1.873e-05 
 -1.193e-06 -8.302e-07  2.845e+00 -3.037e-05 -2.384e-05 -1.873e-05  2.466e-05 
 PARAMETER  CORRELATION COEFFICIENTS  
       NO.  GLOBAL      8      9     20     21     22     23     24
        8  0.98030   1.000  0.928  0.020  0.038  0.710 -0.488 -0.218
        9  0.96076   0.928  1.000  0.004  0.053  0.699 -0.474 -0.215
       20  0.99741   0.020  0.004  1.000 -0.989 -0.673 -0.866  0.954
       21  0.99157   0.038  0.053 -0.989  1.000  0.707  0.825 -0.961
       22  0.99123   0.710  0.699 -0.673  0.707  1.000  0.233 -0.813
       23  0.99110  -0.488 -0.474 -0.866  0.825  0.233  1.000 -0.709
       24  0.98443  -0.218 -0.215  0.954 -0.961 -0.813 -0.709  1.000
MINUIT - FIT wiggle + 1-CBO + 2-CBO
 **********
 **   42 **RES 
 **********
                   PARAMETER   16  beta_vw RESTORED TO VARIABLE.
                   PARAMETER   14  alpha_vw RESTORED TO VARIABLE.
                   PARAMETER   13  beta_y RESTORED TO VARIABLE.
                   PARAMETER   11  alpha_y RESTORED TO VARIABLE.
                   PARAMETER   10  beta_2CBO RESTORED TO VARIABLE.
                   PARAMETER    6  alpha_CBO RESTORED TO VARIABLE.
                   PARAMETER    4  phi RESTORED TO VARIABLE.
                   PARAMETER    3  A0 RESTORED TO VARIABLE.
                   PARAMETER    1  N0 RESTORED TO VARIABLE.
 **********
 **   43 **FIX           10
 **********
 **********
 **   44 **FIX           11
 **********
 **********
 **   45 **FIX           12
 **********
 PARAMETER   12  IS CONSTANT.   IGNORED.
 **********
 **   46 **FIX           13
 **********
 **********
 **   47 **FIX           14
 **********
 **********
 **   48 **FIX           15
 **********
 PARAMETER   15  IS CONSTANT.   IGNORED.
 **********
 **   49 **FIX           16
 **********
 **********
 **   50 **MIGRAD
 **********
 START MIGRAD MINIMIZATION.  STRATEGY  1.  CONVERGENCE WHEN EDM .LT. 1.00e-04
 FCN=41.883 FROM MIGRAD    STATUS=INITIATE       22 CALLS        3442 TOTAL
                     EDM= unknown      STRATEGY= 1      NO ERROR MATRIX       
  EXT PARAMETER               CURRENT GUESS       STEP         FIRST   
  NO.   NAME      VALUE            ERROR          SIZE      DERIVATIVE 
   1  N0           3.13534e+06   5.85064e+03   5.85064e+03   3.95961e-06
   2  tau          6.44362e+01   constant   
   3  A0           4.03385e-01   1.90985e-02   1.90985e-02  -1.12515e+01
   4  phi          4.18930e+00   5.29756e-03   5.29756e-03   2.30671e-01
   5  R           -6.08502e+01   constant   
   6  alpha_CBO   -2.75444e-03   6.35706e-03   6.35706e-03  -3.92985e+00
   7  w_CBO        2.32500e+00   constant   
   8  beta_CBO     2.92381e-05   1.10127e-03   6.95558e-07  -3.05733e-02
   9  alpha_2CBO   2.17473e-05   7.78300e-04   6.90324e-07   7.44823e-01
  10  beta_2CBO   -2.69189e-03     fixed    
  11  alpha_y      0.00000e+00     fixed    
  12  w_y          1.44500e+01   constant   
  13  beta_y       2.60808e-04     fixed    
  14  alpha_vw     0.00000e+00     fixed    
  15  w_vw         1.29000e+01   constant   
  16  beta_vw      0.00000e+00     fixed    
  17  LM           1.15487e-03   constant   
  18  zeta_y       0.00000e+00   constant   
  19  zeta_vw      0.00000e+00   constant   
  20  T_CBO        9.86419e+02   5.80533e+02   1.17779e-03  -4.85971e-05
  21  alpha_A0     1.28092e-01   6.36288e-03   2.63567e-06  -2.26205e-01
  22  beta_A0      8.14875e-02   5.90415e-03   2.49505e-06  -1.48562e-01
  23  alpha_phi    9.38783e-02   5.31975e-03   2.26452e-06   4.94342e-02
  24  beta_phi    -9.67790e-02   4.96566e-03   2.79136e-06  -2.87009e-01
 CALL LIMIT EXCEEDED IN MIGRAD.
 MIGRAD TERMINATED WITHOUT CONVERGENCE.
 FCN=41.6839 FROM MIGRAD    STATUS=CALL LIMIT   1913 CALLS        5333 TOTAL
                     EDM=0.000360418    STRATEGY= 1  ERROR MATRIX UNCERTAINTY  54.5 per cent
  EXT PARAMETER                APPROXIMATE        STEP         FIRST   
  NO.   NAME      VALUE            ERROR          SIZE      DERIVATIVE 
   1  N0           3.09910e+06   3.37387e+04  -4.94788e+02  -1.38352e-04
   2  tau          6.44362e+01   constant   
   3  A0           4.06630e-01   3.72433e-03   3.94636e-06  -1.49712e+02
   4  phi          4.19105e+00   5.53320e-03   5.47708e-05   1.21900e+02
   5  R           -6.08502e+01   constant   
   6  alpha_CBO   -2.52043e-03   2.94438e-03   3.04237e-05  -9.81963e+01
   7  w_CBO        2.32500e+00   constant   
   8  beta_CBO     6.65521e-03   5.50712e-03   8.23062e-05   1.14544e+02
   9  alpha_2CBO   1.66158e-03   1.33578e-03   1.81563e-05  -8.79188e+01
  10  beta_2CBO   -2.69189e-03     fixed    
  11  alpha_y      0.00000e+00     fixed    
  12  w_y          1.44500e+01   constant   
  13  beta_y       2.60808e-04     fixed    
  14  alpha_vw     0.00000e+00     fixed    
  15  w_vw         1.29000e+01   constant   
  16  beta_vw      0.00000e+00     fixed    
  17  LM           1.15487e-03   constant   
  18  zeta_y       0.00000e+00   constant   
  19  zeta_vw      0.00000e+00   constant   
  20  T_CBO        6.66282e+02   1.18269e+02   3.96630e-03   1.04678e+00
  21  alpha_A0     1.31870e-01   8.31656e-03   8.19357e-06   8.84641e+00
  22  beta_A0      1.39685e-01   5.71143e-02   8.25663e-04  -6.50056e+01
  23  alpha_phi    1.36013e-01   4.08939e-02   5.93508e-04  -4.72251e+01
  24  beta_phi    -9.84233e-02   1.34147e-02   9.97937e-05  -2.04911e+01
 EXTERNAL ERROR MATRIX.    NDIM=  25    NPAR= 11    ERR DEF=1
  1.138e+09 
  1.166e+01  1.387e-05 
 -1.394e+02 -1.471e-05  3.062e-05 
 -8.105e+01 -5.224e-06  1.391e-05  8.669e-06 
 -1.844e+02 -1.780e-06  2.280e-05  1.342e-05  3.033e-05 
 -3.919e+01 -2.162e-06  6.763e-06  3.390e-06  6.574e-06  1.784e-06 
 -3.961e+06 -1.806e-02  4.679e-01  2.710e-01  6.456e-01  1.365e-01  1.429e+04 
  5.965e+00  2.511e-05 -2.562e-05 -2.590e-06  8.196e-07 -3.018e-06  8.400e-03  6.917e-05 
 -1.908e+03 -4.640e-05  2.619e-04  1.449e-04  3.109e-04  7.043e-05  6.625e+00 -5.535e-05  3.262e-03 
 -1.378e+03 -1.913e-05  1.734e-04  9.811e-05  2.222e-04  4.757e-05  4.787e+00 -2.329e-05  2.316e-03  1.672e-03 
 -2.875e+02 -4.013e-05  7.109e-05  2.950e-05  4.510e-05  1.420e-05  9.438e-01 -8.068e-05  5.507e-04  3.656e-04  1.800e-04 
ERR MATRIX APPROXIMATE
 PARAMETER  CORRELATION COEFFICIENTS  
       NO.  GLOBAL      1      3      4      6      8      9     20     21     22     23     24
        1  0.99999   1.000  0.093 -0.747 -0.816 -0.992 -0.869 -0.982  0.021 -0.990 -0.998 -0.635
        3  0.99979   0.093  1.000 -0.714 -0.476 -0.087 -0.435 -0.041  0.811 -0.218 -0.126 -0.803
        4  0.99970  -0.747 -0.714  1.000  0.854  0.748  0.915  0.707 -0.557  0.829  0.766  0.958
        6  0.99954  -0.816 -0.476  0.854  1.000  0.828  0.862  0.770 -0.106  0.862  0.815  0.747
        8  0.99980  -0.992 -0.087  0.748  0.828  1.000  0.894  0.981  0.018  0.989  0.987  0.611
        9  0.99112  -0.869 -0.435  0.915  0.862  0.894  1.000  0.855 -0.272  0.923  0.871  0.793
       20  0.99757  -0.982 -0.041  0.707  0.770  0.981  0.855  1.000  0.008  0.970  0.979  0.589
       21  0.99897   0.021  0.811 -0.557 -0.106  0.018 -0.272  0.008  1.000 -0.117 -0.068 -0.723
       22  0.99999  -0.990 -0.218  0.829  0.862  0.989  0.923  0.970 -0.117  1.000  0.991  0.719
       23  0.99998  -0.998 -0.126  0.766  0.815  0.987  0.871  0.979 -0.068  0.991  1.000  0.666
       24  0.99940  -0.635 -0.803  0.958  0.747  0.611  0.793  0.589 -0.723  0.719  0.666  1.000
 ERR MATRIX APPROXIMATE
MINUIT - FIT ONLY 1-y
 **********
 **   51 **RES 
 **********
                   PARAMETER   16  beta_vw RESTORED TO VARIABLE.
                   PARAMETER   14  alpha_vw RESTORED TO VARIABLE.
                   PARAMETER   13  beta_y RESTORED TO VARIABLE.
                   PARAMETER   11  alpha_y RESTORED TO VARIABLE.
                   PARAMETER   10  beta_2CBO RESTORED TO VARIABLE.
 **********
 **   52 **FIX            0
 **********
 PARAMETER    0  IS UNDEFINED. IGNORED.
 **********
 **   53 **FIX            1
 **********
 **********
 **   54 **FIX            2
 **********
 PARAMETER    2  IS CONSTANT.   IGNORED.
 **********
 **   55 **FIX            3
 **********
 **********
 **   56 **FIX            4
 **********
 **********
 **   57 **FIX            5
 **********
 PARAMETER    5  IS CONSTANT.   IGNORED.
 **********
 **   58 **FIX            6
 **********
 **********
 **   59 **FIX            7
 **********
 PARAMETER    7  IS CONSTANT.   IGNORED.
 **********
 **   60 **FIX            8
 **********
 **********
 **   61 **FIX            9
 **********
 **********
 **   62 **FIX           13
 **********
 **********
 **   63 **FIX           14
 **********
 **********
 **   64 **FIX           15
 **********
 PARAMETER   15  IS CONSTANT.   IGNORED.
 **********
 **   65 **FIX           16
 **********
 **********
 **   66 **MIGRAD
 **********
 START MIGRAD MINIMIZATION.  STRATEGY  1.  CONVERGENCE WHEN EDM .LT. 1.00e-04
 FCN=41.6839 FROM MIGRAD    STATUS=INITIATE       16 CALLS        5349 TOTAL
                     EDM= unknown      STRATEGY= 1      NO ERROR MATRIX       
  EXT PARAMETER               CURRENT GUESS       STEP         FIRST   
  NO.   NAME      VALUE            ERROR          SIZE      DERIVATIVE 
   1  N0           3.09910e+06     fixed    
   2  tau          6.44362e+01   constant   
   3  A0           4.06630e-01     fixed    
   4  phi          4.19105e+00     fixed    
   5  R           -6.08502e+01   constant   
   6  alpha_CBO   -2.52043e-03     fixed    
   7  w_CBO        2.32500e+00   constant   
   8  beta_CBO     6.65521e-03     fixed    
   9  alpha_2CBO   1.66158e-03     fixed    
  10  beta_2CBO   -2.69189e-03   2.55497e-03   2.55497e-03  -1.78705e+02
  11  alpha_y      0.00000e+00   1.00000e-03   1.00000e-03   5.25856e+04
  12  w_y          1.44500e+01   constant   
  13  beta_y       2.60808e-04     fixed    
  14  alpha_vw     0.00000e+00     fixed    
  15  w_vw         1.29000e+01   constant   
  16  beta_vw      0.00000e+00     fixed    
  17  LM           1.15487e-03   constant   
  18  zeta_y       0.00000e+00   constant   
  19  zeta_vw      0.00000e+00   constant   
  20  T_CBO        6.66282e+02   1.18269e+02   3.96630e-03  -1.04678e+00
  21  alpha_A0     1.31870e-01   8.31656e-03   8.19357e-06   8.84639e+00
  22  beta_A0      1.39685e-01   5.71143e-02   8.25663e-04  -6.50056e+01
  23  alpha_phi    1.36013e-01   4.08939e-02   5.93508e-04  -4.72251e+01
  24  beta_phi    -9.84233e-02   1.34147e-02   9.97937e-05  -2.04911e+01
 MIGRAD MINIMIZATION HAS CONVERGED.
 MIGRAD WILL VERIFY CONVERGENCE AND ERROR MATRIX.
 COVARIANCE MATRIX CALCULATED SUCCESSFULLY
 FCN=9.35822 FROM HESSE     STATUS=OK             50 CALLS        5494 TOTAL
                     EDM=0.00498463    STRATEGY= 1      ERROR MATRIX ACCURATE 
  EXT PARAMETER                                   STEP         FIRST   
  NO.   NAME      VALUE            ERROR          SIZE      DERIVATIVE 
   1  N0           3.09910e+06     fixed    
   2  tau          6.44362e+01   constant   
   3  A0           4.06630e-01     fixed    
   4  phi          4.19105e+00     fixed    
   5  R           -6.08502e+01   constant   
   6  alpha_CBO   -2.52043e-03     fixed    
   7  w_CBO        2.32500e+00   constant   
   8  beta_CBO     6.65521e-03     fixed    
   9  alpha_2CBO   1.66158e-03     fixed    
  10  beta_2CBO   -2.99906e-03   4.07623e-04   3.29868e-07  -2.53653e-01
  11  alpha_y     -1.22979e-03   2.16324e-04   3.34225e-07  -1.66431e-02
  12  w_y          1.44500e+01   constant   
  13  beta_y       2.60808e-04     fixed    
  14  alpha_vw     0.00000e+00     fixed    
  15  w_vw         1.29000e+01   constant   
  16  beta_vw      0.00000e+00     fixed    
  17  LM           1.15487e-03   constant   
  18  zeta_y       0.00000e+00   constant   
  19  zeta_vw      0.00000e+00   constant   
  20  T_CBO        6.63487e+02   7.15129e+02   5.25340e-05  -3.48993e-02
  21  alpha_A0     1.32300e-01   3.29630e-02   1.36843e-06   3.23047e-01
  22  beta_A0      1.39831e-01   3.51855e-02   1.30020e-06   2.00216e-01
  23  alpha_phi    1.36099e-01   3.38366e-02   1.15734e-06   4.31313e-01
  24  beta_phi    -9.68211e-02   2.41961e-02   1.42075e-06  -3.02553e-01
 CALL LIMIT EXCEEDED IN MIGRAD.
 MIGRAD TERMINATED WITHOUT CONVERGENCE.
 FCN=9.33695 FROM MIGRAD    STATUS=CALL LIMIT   1156 CALLS        6489 TOTAL
                     EDM=1.92993e-05    STRATEGY= 1  ERROR MATRIX UNCERTAINTY  41.0 per cent
  EXT PARAMETER                APPROXIMATE        STEP         FIRST   
  NO.   NAME      VALUE            ERROR          SIZE      DERIVATIVE 
   1  N0           3.09910e+06     fixed    
   2  tau          6.44362e+01   constant   
   3  A0           4.06630e-01     fixed    
   4  phi          4.19105e+00     fixed    
   5  R           -6.08502e+01   constant   
   6  alpha_CBO   -2.52043e-03     fixed    
   7  w_CBO        2.32500e+00   constant   
   8  beta_CBO     6.65521e-03     fixed    
   9  alpha_2CBO   1.66158e-03     fixed    
  10  beta_2CBO   -2.99963e-03   3.98282e-04  -4.03956e-07  -8.61155e+00
  11  alpha_y     -1.23042e-03   2.13119e-04  -1.89863e-07  -5.84278e+00
  12  w_y          1.44500e+01   constant   
  13  beta_y       2.60808e-04     fixed    
  14  alpha_vw     0.00000e+00     fixed    
  15  w_vw         1.29000e+01   constant   
  16  beta_vw      0.00000e+00     fixed    
  17  LM           1.15487e-03   constant   
  18  zeta_y       0.00000e+00   constant   
  19  zeta_vw      0.00000e+00   constant   
  20  T_CBO        9.98568e+02   6.49113e+02   1.92829e-02  -6.91427e-03
  21  alpha_A0     1.27073e-01   2.44866e-03  -9.08880e-06  -5.25794e+00
  22  beta_A0      1.34253e-01   2.50298e-03  -9.30005e-06  -2.87203e+00
  23  alpha_phi    1.30733e-01   2.41056e-03  -9.12467e-06  -5.00912e+00
  24  beta_phi    -9.29911e-02   2.29988e-03   7.27721e-06   8.67210e-01
 EXTERNAL ERROR MATRIX.    NDIM=  25    NPAR=  7    ERR DEF=1
  1.586e-07  9.608e-09 -6.244e-03 -1.526e-07  6.536e-08  1.841e-08 -5.569e-07 
  9.608e-09  4.542e-08 -2.815e-03  9.018e-09  2.689e-08  2.611e-08 -7.453e-08 
 -6.244e-03 -2.815e-03  3.645e+04 -4.271e-01 -4.518e-01 -4.366e-01  3.229e-01 
 -1.526e-07  9.018e-09 -4.271e-01  5.996e-06  5.235e-06  5.033e-06 -3.205e-06 
  6.536e-08  2.689e-08 -4.518e-01  5.235e-06  6.265e-06  5.352e-06 -3.948e-06 
  1.841e-08  2.611e-08 -4.366e-01  5.033e-06  5.352e-06  5.811e-06 -3.524e-06 
 -5.569e-07 -7.453e-08  3.229e-01 -3.205e-06 -3.948e-06 -3.524e-06  5.289e-06 
ERR MATRIX APPROXIMATE
 PARAMETER  CORRELATION COEFFICIENTS  
       NO.  GLOBAL     10     11     20     21     22     23     24
       10  0.86350   1.000  0.113 -0.082 -0.156  0.066  0.019 -0.608
       11  0.19470   0.113  1.000 -0.069  0.017  0.050  0.051 -0.152
       20  0.98857  -0.082 -0.069  1.000 -0.913 -0.945 -0.949  0.735
       21  0.94919  -0.156  0.017 -0.913  1.000  0.854  0.853 -0.569
       22  0.94744   0.066  0.050 -0.945  0.854  1.000  0.887 -0.686
       23  0.95695   0.019  0.051 -0.949  0.853  0.887  1.000 -0.636
       24  0.92536  -0.608 -0.152  0.735 -0.569 -0.686 -0.636  1.000
 ERR MATRIX APPROXIMATE
MINUIT - FIT ONLY 2-y
 **********
 **   67 **RES 
 **********
                   PARAMETER   16  beta_vw RESTORED TO VARIABLE.
                   PARAMETER   14  alpha_vw RESTORED TO VARIABLE.
                   PARAMETER   13  beta_y RESTORED TO VARIABLE.
                   PARAMETER    9  alpha_2CBO RESTORED TO VARIABLE.
                   PARAMETER    8  beta_CBO RESTORED TO VARIABLE.
                   PARAMETER    6  alpha_CBO RESTORED TO VARIABLE.
                   PARAMETER    4  phi RESTORED TO VARIABLE.
                   PARAMETER    3  A0 RESTORED TO VARIABLE.
                   PARAMETER    1  N0 RESTORED TO VARIABLE.
 **********
 **   68 **FIX            0
 **********
 PARAMETER    0  IS UNDEFINED. IGNORED.
 **********
 **   69 **FIX            1
 **********
 **********
 **   70 **FIX            2
 **********
 PARAMETER    2  IS CONSTANT.   IGNORED.
 **********
 **   71 **FIX            3
 **********
 **********
 **   72 **FIX            4
 **********
 **********
 **   73 **FIX            5
 **********
 PARAMETER    5  IS CONSTANT.   IGNORED.
 **********
 **   74 **FIX            6
 **********
 **********
 **   75 **FIX            7
 **********
 PARAMETER    7  IS CONSTANT.   IGNORED.
 **********
 **   76 **FIX            8
 **********
 **********
 **   77 **FIX            9
 **********
 **********
 **   78 **FIX           10
 **********
 **********
 **   79 **FIX           11
 **********
 **********
 **   80 **FIX           12
 **********
 PARAMETER   12  IS CONSTANT.   IGNORED.
 **********
 **   81 **FIX           16
 **********
 **********
 **   82 **MIGRAD
 **********
 START MIGRAD MINIMIZATION.  STRATEGY  1.  CONVERGENCE WHEN EDM .LT. 1.00e-04
 FCN=9.33695 FROM MIGRAD    STATUS=INITIATE       16 CALLS        6505 TOTAL
                     EDM= unknown      STRATEGY= 1      NO ERROR MATRIX       
  EXT PARAMETER               CURRENT GUESS       STEP         FIRST   
  NO.   NAME      VALUE            ERROR          SIZE      DERIVATIVE 
   1  N0           3.09910e+06     fixed    
   2  tau          6.44362e+01   constant   
   3  A0           4.06630e-01     fixed    
   4  phi          4.19105e+00     fixed    
   5  R           -6.08502e+01   constant   
   6  alpha_CBO   -2.52043e-03     fixed    
   7  w_CBO        2.32500e+00   constant   
   8  beta_CBO     6.65521e-03     fixed    
   9  alpha_2CBO   1.66158e-03     fixed    
  10  beta_2CBO   -2.99963e-03     fixed    
  11  alpha_y     -1.23042e-03     fixed    
  12  w_y          1.44500e+01   constant   
  13  beta_y       2.60808e-04   2.24501e-04   2.24501e-04   1.69669e+03
