 + ++++++++++++++++++++++++++++++++++++++++++++++++++++++++++++++++++++ +
 +                                                                      +
 +           You have chose to blind your fitting according to          +
 +                omega_ref * (1 + (R +/- deltaR) *10^{-6})             +
 +                                                                      +
 + ++++++++++++++++++++++++++++++++++++++++++++++++++++++++++++++++++++ +
In main()...
reading format from /gm2data/zkhechad/run45/envelope/formats/formatB_sBin_constraintOn.txt
pBinTau 	= 0  
pBinPhi 	= 0  
constraintau 	= 1 
includeMopTerm 	= 0    
constrainMop    = 0   
Parameters after format file: pBinTau 0 pBinPhi 0 constraintau 1 includeMopTerm 0 constrainMop 0 c_e_scale 0.000000 
Opening file /gm2data/tbarrett/gm2fr/studies/run23_bunch_corrections/CorrectedFourier_Run3b.root.
reading full fit data from /gm2data/zkhechad/cboTemplates/Run4CBOTemplates/fullFits/noRF/sBin_constraintOn_cE0.0_seed0_noRF_calo20.root
windowBins = 69
fitting sliding window 1540 from bin 1676 at 249.910000 to bin 1745 at 260.354000 (69 bins)

Reading data from /gm2data/cornell/histograms/aMethod/histogram_a_noRF.root
 **********
 **    1 **SET PRINTOUT            1
 **********
 **********
 **    2 **SET NOWARNINGS 
 **********
 PARAMETER DEFINITIONS:
    NO.   NAME         VALUE      STEP SIZE      LIMITS
     1 N0           3.28956e+06  1.00000e+02     no limits
     2 tau          6.44008e+01  constant
     3 A0           3.64481e-01  1.00000e-04     no limits
     4 phi          4.11985e+00  1.00000e-02     no limits
     5 R           -6.04681e+01  constant
     6 alpha_CBO    0.00000e+00  1.00000e-03     no limits
     7 w_CBO        2.32500e+00  constant
     8 beta_CBO     0.00000e+00  1.00000e-03     no limits
     9 alpha_2CBO   0.00000e+00  1.00000e-03     no limits
    10 beta_2CBO    0.00000e+00  1.00000e-03     no limits
    11 alpha_y      0.00000e+00  1.00000e-03     no limits
    12 w_y          1.38860e+01  constant
    13 beta_y       0.00000e+00  1.00000e-03     no limits
    14 alpha_vw     0.00000e+00  1.00000e-03     no limits
    15 w_vw         1.43404e+01  constant
    16 beta_vw      0.00000e+00  1.00000e-03     no limits
    17 LM          -2.11005e-04  constant
    18 zeta_y       0.00000e+00  constant
    19 zeta_vw      0.00000e+00  constant
    20 T_CBO        1.00000e+02  1.00000e+00    0.00000e+00  1.00000e+03
    21 alpha_A0     0.00000e+00  1.00000e-04   -1.00000e-02  1.00000e-02
    22 beta_A0      0.00000e+00  1.00000e-04   -1.00000e-02  1.00000e-02
    23 alpha_phi    0.00000e+00  1.00000e-04   -1.00000e-02  1.00000e-02
    24 beta_phi     0.00000e+00  1.00000e-04   -1.00000e-02  1.00000e-02
MINUIT - FIT ONLY WIGGLE
 **********
 **    3 **FIX            5
 **********
 PARAMETER    5  IS CONSTANT.   IGNORED.
 **********
 **    4 **FIX            6
 **********
 **********
 **    5 **FIX            7
 **********
 PARAMETER    7  IS CONSTANT.   IGNORED.
 **********
 **    6 **FIX            8
 **********
 **********
 **    7 **FIX            9
 **********
 **********
 **    8 **FIX           10
 **********
 **********
 **    9 **FIX           11
 **********
 **********
 **   10 **FIX           12
 **********
 PARAMETER   12  IS CONSTANT.   IGNORED.
 **********
 **   11 **FIX           13
 **********
 **********
 **   12 **FIX           14
 **********
 **********
 **   13 **FIX           15
 **********
 PARAMETER   15  IS CONSTANT.   IGNORED.
 **********
 **   14 **FIX           16
 **********
 **********
 **   15 **MIGRAD
 **********
 FIRST CALL TO USER FUNCTION AT NEW START POINT, WITH IFLAG=4.
 START MIGRAD MINIMIZATION.  STRATEGY  1.  CONVERGENCE WHEN EDM .LT. 1.00e-04
 FCN=97.7667 FROM MIGRAD    STATUS=INITIATE      437 CALLS         438 TOTAL
                     EDM= unknown      STRATEGY= 1      NO ERROR MATRIX       
  EXT PARAMETER               CURRENT GUESS       STEP         FIRST   
  NO.   NAME      VALUE            ERROR          SIZE      DERIVATIVE 
   1  N0           3.28956e+06   1.00000e+02   0.00000e+00  -1.35162e-03
   2  tau          6.44008e+01   constant   
   3  A0           3.64481e-01   1.00000e-04   0.00000e+00  -4.40252e+03
   4  phi          4.11985e+00   1.00000e-02   0.00000e+00   4.70103e+02
   5  R           -6.04681e+01   constant   
   6  alpha_CBO    0.00000e+00     fixed    
   7  w_CBO        2.32500e+00   constant   
   8  beta_CBO     0.00000e+00     fixed    
   9  alpha_2CBO   0.00000e+00     fixed    
  10  beta_2CBO    0.00000e+00     fixed    
  11  alpha_y      0.00000e+00     fixed    
  12  w_y          1.38860e+01   constant   
  13  beta_y       0.00000e+00     fixed    
  14  alpha_vw     0.00000e+00     fixed    
  15  w_vw         1.43404e+01   constant   
  16  beta_vw      0.00000e+00     fixed    
  17  LM          -2.11005e-04   constant   
  18  zeta_y       0.00000e+00   constant   
  19  zeta_vw      0.00000e+00   constant   
  20  T_CBO        1.00000e+02   1.00000e+00   0.00000e+00   0.00000e+00
  21  alpha_A0     0.00000e+00   1.00000e-04   0.00000e+00   2.32489e+00
  22  beta_A0      0.00000e+00   1.00000e-04   0.00000e+00  -4.58271e-01
  23  alpha_phi    0.00000e+00   1.00000e-04   0.00000e+00   1.87745e+00
  24  beta_phi     0.00000e+00   1.00000e-04   0.00000e+00   1.03213e-01
 MIGRAD MINIMIZATION HAS CONVERGED.
 FCN=86.9001 FROM MIGRAD    STATUS=CONVERGED     664 CALLS         665 TOTAL
                     EDM=2.40788e-07    STRATEGY= 1  ERROR MATRIX UNCERTAINTY   0.7 per cent
  EXT PARAMETER                                   STEP         FIRST   
  NO.   NAME      VALUE            ERROR          SIZE      DERIVATIVE 
   1  N0           3.29010e+06   9.93029e+02  -1.23591e-01   2.36891e-08
   2  tau          6.44008e+01   constant   
   3  A0           3.64974e-01   4.12825e-04   4.29384e-08  -3.04775e-02
   4  phi          4.11956e+00   1.11409e-03   2.92200e-06  -1.16160e-01
   5  R           -6.04681e+01   constant   
   6  alpha_CBO    0.00000e+00     fixed    
   7  w_CBO        2.32500e+00   constant   
   8  beta_CBO     0.00000e+00     fixed    
   9  alpha_2CBO   0.00000e+00     fixed    
  10  beta_2CBO    0.00000e+00     fixed    
  11  alpha_y      0.00000e+00     fixed    
  12  w_y          1.38860e+01   constant   
  13  beta_y       0.00000e+00     fixed    
  14  alpha_vw     0.00000e+00     fixed    
  15  w_vw         1.43404e+01   constant   
  16  beta_vw      0.00000e+00     fixed    
  17  LM          -2.11005e-04   constant   
  18  zeta_y       0.00000e+00   constant   
  19  zeta_vw      0.00000e+00   constant   
  20  T_CBO        2.69040e+02   1.20861e+02  -2.65628e-05  -3.14283e-04
  21  alpha_A0    -9.98127e-03   2.70240e-03   8.08993e-05  -8.49003e-04
  22  beta_A0      2.37860e-03   4.35595e-03   1.47424e-04  -4.87504e-04
  23  alpha_phi   -7.22555e-03   4.82574e-03   1.37256e-03   3.60658e-04
  24  beta_phi     1.57094e-03   4.70926e-03   6.39711e-06   9.30192e-04
 EXTERNAL ERROR MATRIX.    NDIM=  25    NPAR=  8    ERR DEF=1
  9.861e+05  5.066e-03  1.286e-01 -1.594e+04 -5.983e-02 -7.367e-01  1.309e+00 -5.321e-01 
  5.066e-03  1.704e-07 -9.450e-09  3.934e-03  1.700e-08 -4.996e-08  8.153e-10  4.232e-07 
  1.286e-01 -9.450e-09  1.241e-06 -7.560e-03 -7.646e-09  1.891e-07  4.880e-07 -4.429e-07 
 -1.594e+04  3.934e-03 -7.560e-03  1.498e+04  1.660e-02 -8.768e-02 -4.299e-01 -3.479e-02 
 -5.983e-02  1.700e-08 -7.646e-09  1.660e-02  2.126e-07 -9.180e-08 -4.064e-07 -7.055e-08 
 -7.367e-01 -4.996e-08  1.891e-07 -8.768e-02 -9.180e-08  2.040e-05  2.369e-06  1.686e-06 
  1.309e+00  8.153e-10  4.880e-07 -4.299e-01 -4.064e-07  2.369e-06  2.853e-05  2.656e-06 
 -5.321e-01  4.232e-07 -4.429e-07 -3.479e-02 -7.055e-08  1.686e-06  2.656e-06  2.410e-05 
 PARAMETER  CORRELATION COEFFICIENTS  
       NO.  GLOBAL      1      3      4     20     21     22     23     24
        1  0.36512   1.000  0.012  0.116 -0.131 -0.131 -0.164  0.247 -0.109
        3  0.24868   0.012  1.000 -0.021  0.078  0.089 -0.027  0.000  0.209
        4  0.15919   0.116 -0.021  1.000 -0.055 -0.015  0.038  0.082 -0.081
       20  0.69306  -0.131  0.078 -0.055  1.000  0.294 -0.159 -0.658 -0.058
       21  0.32461  -0.131  0.089 -0.015  0.294  1.000 -0.044 -0.165 -0.031
       22  0.25727  -0.164 -0.027  0.038 -0.159 -0.044  1.000  0.098  0.076
       23  0.68556   0.247  0.000  0.082 -0.658 -0.165  0.098  1.000  0.101
       24  0.28882  -0.109  0.209 -0.081 -0.058 -0.031  0.076  0.101  1.000
MINUIT - FIT ONLY 1-CBO + wiggle
 **********
 **   16 **RES 
 **********
                   PARAMETER   16  beta_vw RESTORED TO VARIABLE.
                   PARAMETER   14  alpha_vw RESTORED TO VARIABLE.
                   PARAMETER   13  beta_y RESTORED TO VARIABLE.
                   PARAMETER   11  alpha_y RESTORED TO VARIABLE.
                   PARAMETER   10  beta_2CBO RESTORED TO VARIABLE.
                   PARAMETER    9  alpha_2CBO RESTORED TO VARIABLE.
                   PARAMETER    8  beta_CBO RESTORED TO VARIABLE.
                   PARAMETER    6  alpha_CBO RESTORED TO VARIABLE.
 **********
 **   17 **FIX            8
 **********
 **********
 **   18 **FIX            9
 **********
 **********
 **   19 **FIX           11
 **********
 **********
 **   20 **FIX           12
 **********
 PARAMETER   12  IS CONSTANT.   IGNORED.
 **********
 **   21 **FIX           14
 **********
 **********
 **   22 **FIX           15
 **********
 PARAMETER   15  IS CONSTANT.   IGNORED.
 **********
 **   23 **FIX           16
 **********
 **********
 **   24 **MIGRAD
 **********
 START MIGRAD MINIMIZATION.  STRATEGY  1.  CONVERGENCE WHEN EDM .LT. 1.00e-04
 FCN=86.9001 FROM MIGRAD    STATUS=INITIATE       28 CALLS         693 TOTAL
                     EDM= unknown      STRATEGY= 1      NO ERROR MATRIX       
  EXT PARAMETER               CURRENT GUESS       STEP         FIRST   
  NO.   NAME      VALUE            ERROR          SIZE      DERIVATIVE 
   1  N0           3.29010e+06   9.93029e+02  -1.23591e-01   2.36888e-08
   2  tau          6.44008e+01   constant   
   3  A0           3.64974e-01   4.12825e-04   4.29384e-08  -3.04777e-02
   4  phi          4.11956e+00   1.11409e-03   2.92200e-06  -1.16160e-01
   5  R           -6.04681e+01   constant   
   6  alpha_CBO    0.00000e+00   1.00000e-03   1.00000e-03  -5.49494e+03
   7  w_CBO        2.32500e+00   constant   
   8  beta_CBO     0.00000e+00     fixed    
   9  alpha_2CBO   0.00000e+00     fixed    
  10  beta_2CBO    0.00000e+00   1.00000e-03   1.00000e-03   8.59190e+02
  11  alpha_y      0.00000e+00     fixed    
  12  w_y          1.38860e+01   constant   
  13  beta_y       0.00000e+00   1.00000e-03   1.00000e-03  -1.06832e+03
  14  alpha_vw     0.00000e+00     fixed    
  15  w_vw         1.43404e+01   constant   
  16  beta_vw      0.00000e+00     fixed    
  17  LM          -2.11005e-04   constant   
  18  zeta_y       0.00000e+00   constant   
  19  zeta_vw      0.00000e+00   constant   
  20  T_CBO        2.69040e+02   1.20861e+02  -2.65628e-05  -3.14247e-04
  21  alpha_A0    -9.98127e-03   2.70240e-03   8.08993e-05  -8.19360e-04
  22  beta_A0      2.37860e-03   4.35595e-03   1.47424e-04  -4.87513e-04
  23  alpha_phi   -7.22555e-03   4.82574e-03   1.37256e-03  -3.60565e-04
  24  beta_phi     1.57094e-03   4.70926e-03   6.39711e-06   9.30192e-04
 MIGRAD MINIMIZATION HAS CONVERGED.
 FCN=85.3643 FROM MIGRAD    STATUS=CONVERGED     205 CALLS         870 TOTAL
                     EDM=1.96083e-06    STRATEGY= 1  ERROR MATRIX UNCERTAINTY   2.1 per cent
  EXT PARAMETER                                   STEP         FIRST   
  NO.   NAME      VALUE            ERROR          SIZE      DERIVATIVE 
   1  N0           3.29004e+06   1.03262e+03  -4.92712e-01  -3.10416e-07
   2  tau          6.44008e+01   constant   
   3  A0           3.64872e-01   4.19511e-04  -1.18722e-06  -1.86303e+00
   4  phi          4.11970e+00   1.09399e-03   2.95302e-06   1.82673e+00
   5  R           -6.04681e+01   constant   
   6  alpha_CBO    5.30940e-04   4.40701e-04   1.72449e-07   1.28109e-01
   7  w_CBO        2.32500e+00   constant   
   8  beta_CBO     0.00000e+00     fixed    
   9  alpha_2CBO   0.00000e+00     fixed    
  10  beta_2CBO   -6.80049e-05   4.29949e-04  -1.63816e-06   1.67684e+00
  11  alpha_y      0.00000e+00     fixed    
  12  w_y          1.38860e+01   constant   
  13  beta_y       9.00061e-05   4.21553e-04  -7.51404e-07   7.54228e-01
  14  alpha_vw     0.00000e+00     fixed    
  15  w_vw         1.43404e+01   constant   
  16  beta_vw      0.00000e+00     fixed    
  17  LM          -2.11005e-04   constant   
  18  zeta_y       0.00000e+00   constant   
  19  zeta_vw      0.00000e+00   constant   
  20  T_CBO        2.40049e+02   1.05573e+02  -1.34410e-03   8.65026e-04
  21  alpha_A0    -9.99961e-03   1.33989e-02  -4.40938e-05  -1.35523e-05
  22  beta_A0      2.78291e-03   4.14235e-03  -9.74131e-04  -7.02585e-04
  23  alpha_phi   -7.65790e-03   5.04241e-03  -3.59114e-03   8.39689e-05
  24  beta_phi     1.55541e-03   4.38169e-03   1.47919e-03  -2.69423e-03
 EXTERNAL ERROR MATRIX.    NDIM=  25    NPAR= 11    ERR DEF=1
  1.066e+06 
 -1.293e-03  1.760e-07 
  1.123e-01  1.596e-08  1.197e-06 
 -1.829e-02 -3.728e-08  5.074e-08  1.942e-07 
 -9.589e-03 -7.874e-09  4.583e-09  6.405e-09  1.849e-07 
 -6.253e-05  1.051e-09  8.184e-09 -9.083e-10 -6.039e-10  1.777e-07 
 -2.079e+04  8.736e-03 -2.153e-02 -1.050e-02  5.964e-03  3.475e-04  1.138e+04 
 -2.623e-02  1.532e-08 -3.405e-08 -8.705e-09  8.718e-10  3.131e-09 -1.838e-03 -1.217e-08 
  1.423e-01 -2.726e-07  4.191e-07  1.952e-07  1.257e-07 -3.198e-08 -1.063e-01 -1.244e-07  1.834e-05 
 -1.590e+00  1.014e-07 -1.096e-06 -1.703e-07 -3.330e-09 -1.441e-09  4.312e-01  2.807e-07 -4.722e-06  3.359e-05 
  9.075e-02  1.570e-07 -1.251e-07 -4.085e-08 -2.197e-07 -6.234e-09  1.280e-02  1.272e-07 -2.559e-06 -4.511e-07  2.061e-05 
 PARAMETER  CORRELATION COEFFICIENTS  
       NO.  GLOBAL      1      3      4      6     10     13     20     21     22     23     24
        1  0.00000   1.000 -0.003  0.099 -0.040 -0.022 -0.000 -0.189 -0.230  0.032 -0.266  0.019
        3  0.00000  -0.003  1.000  0.035 -0.202 -0.044  0.006  0.195  0.331 -0.152  0.042  0.082
        4  0.00000   0.099  0.035  1.000  0.105  0.010  0.018 -0.184 -0.282  0.089 -0.173 -0.025
        6  0.00000  -0.040 -0.202  0.105  1.000  0.034 -0.005 -0.223 -0.179  0.103 -0.067 -0.020
       10  0.00000  -0.022 -0.044  0.010  0.034  1.000 -0.003  0.130  0.018  0.068 -0.001 -0.113
       13  0.00000  -0.000  0.006  0.018 -0.005 -0.003  1.000  0.008  0.067 -0.018 -0.001 -0.003
       20  0.00000  -0.189  0.195 -0.184 -0.223  0.130  0.008  1.000 -0.156 -0.233  0.697  0.026
       21  0.00000  -0.230  0.331 -0.282 -0.179  0.018  0.067 -0.156 -1.000 -0.263  0.439  0.254
       22  0.00000   0.032 -0.152  0.089  0.103  0.068 -0.018 -0.233 -0.263  1.000 -0.190 -0.132
       23  0.00000  -0.266  0.042 -0.173 -0.067 -0.001 -0.001  0.697  0.439 -0.190  1.000 -0.017
       24  0.00000   0.019  0.082 -0.025 -0.020 -0.113 -0.003  0.026  0.254 -0.132 -0.017  1.000
MINUIT - FIT ONLY 2-CBO
 **********
 **   25 **RES 
 **********
                   PARAMETER   16  beta_vw RESTORED TO VARIABLE.
                   PARAMETER   14  alpha_vw RESTORED TO VARIABLE.
                   PARAMETER   11  alpha_y RESTORED TO VARIABLE.
                   PARAMETER    9  alpha_2CBO RESTORED TO VARIABLE.
                   PARAMETER    8  beta_CBO RESTORED TO VARIABLE.
 **********
 **   26 **FIX            0
 **********
 PARAMETER    0  IS UNDEFINED. IGNORED.
 **********
 **   27 **FIX            1
 **********
 **********
 **   28 **FIX            2
 **********
 PARAMETER    2  IS CONSTANT.   IGNORED.
 **********
 **   29 **FIX            3
 **********
 **********
 **   30 **FIX            4
 **********
 **********
 **   31 **FIX            5
 **********
 PARAMETER    5  IS CONSTANT.   IGNORED.
 **********
 **   32 **FIX            6
 **********
 **********
 **   33 **FIX            7
 **********
 PARAMETER    7  IS CONSTANT.   IGNORED.
 **********
 **   34 **FIX           10
 **********
 **********
 **   35 **FIX           11
 **********
 **********
 **   36 **FIX           12
 **********
 PARAMETER   12  IS CONSTANT.   IGNORED.
 **********
 **   37 **FIX           13
 **********
 **********
 **   38 **FIX           14
 **********
 **********
 **   39 **FIX           15
 **********
 PARAMETER   15  IS CONSTANT.   IGNORED.
 **********
 **   40 **FIX           16
 **********
 **********
 **   41 **MIGRAD
 **********
 START MIGRAD MINIMIZATION.  STRATEGY  1.  CONVERGENCE WHEN EDM .LT. 1.00e-04
 FCN=85.3643 FROM MIGRAD    STATUS=INITIATE       43 CALLS         913 TOTAL
                     EDM= unknown      STRATEGY= 1      NO ERROR MATRIX       
  EXT PARAMETER               CURRENT GUESS       STEP         FIRST   
  NO.   NAME      VALUE            ERROR          SIZE      DERIVATIVE 
   1  N0           3.29004e+06     fixed    
   2  tau          6.44008e+01   constant   
   3  A0           3.64872e-01     fixed    
   4  phi          4.11970e+00     fixed    
   5  R           -6.04681e+01   constant   
   6  alpha_CBO    5.30940e-04     fixed    
   7  w_CBO        2.32500e+00   constant   
   8  beta_CBO     0.00000e+00   1.00000e-03   0.00000e+00  -2.16497e+04
   9  alpha_2CBO   0.00000e+00   1.00000e-03   0.00000e+00  -2.68324e+02
  10  beta_2CBO   -6.80049e-05     fixed    
  11  alpha_y      0.00000e+00     fixed    
  12  w_y          1.38860e+01   constant   
  13  beta_y       9.00061e-05     fixed    
  14  alpha_vw     0.00000e+00     fixed    
  15  w_vw         1.43404e+01   constant   
  16  beta_vw      0.00000e+00     fixed    
  17  LM          -2.11005e-04   constant   
  18  zeta_y       0.00000e+00   constant   
  19  zeta_vw      0.00000e+00   constant   
  20  T_CBO        2.40049e+02   1.05573e+02   0.00000e+00  -3.20044e-02
  21  alpha_A0    -9.98098e-03   1.33989e-02  -7.04823e-02  -2.58367e-04
  22  beta_A0      2.78291e-03   4.14235e-03   0.00000e+00   1.10249e-04
  23  alpha_phi   -7.65790e-03   5.04241e-03   0.00000e+00   5.96541e-04
  24  beta_phi     1.55541e-03   4.38169e-03   0.00000e+00  -1.09484e-03
 MIGRAD MINIMIZATION HAS CONVERGED.
 MIGRAD WILL VERIFY CONVERGENCE AND ERROR MATRIX.
 COVARIANCE MATRIX CALCULATED SUCCESSFULLY
 FCN=64.3347 FROM MIGRAD    STATUS=CONVERGED     919 CALLS        1789 TOTAL
                     EDM=1.12548e-05    STRATEGY= 1      ERROR MATRIX ACCURATE 
  EXT PARAMETER                                   STEP         FIRST   
  NO.   NAME      VALUE            ERROR          SIZE      DERIVATIVE 
   1  N0           3.29004e+06     fixed    
   2  tau          6.44008e+01   constant   
   3  A0           3.64872e-01     fixed    
   4  phi          4.11970e+00     fixed    
   5  R           -6.04681e+01   constant   
   6  alpha_CBO    5.30940e-04     fixed    
   7  w_CBO        2.32500e+00   constant   
   8  beta_CBO     1.94020e-03   4.23224e-04   1.64945e-06  -1.04504e-02
   9  alpha_2CBO   6.57397e-05   4.24765e-04   1.64215e-06   5.50222e+00
  10  beta_2CBO   -6.80049e-05     fixed    
  11  alpha_y      0.00000e+00     fixed    
  12  w_y          1.38860e+01   constant   
  13  beta_y       9.00061e-05     fixed    
  14  alpha_vw     0.00000e+00     fixed    
  15  w_vw         1.43404e+01   constant   
  16  beta_vw      0.00000e+00     fixed    
  17  LM          -2.11005e-04   constant   
  18  zeta_y       0.00000e+00   constant   
  19  zeta_vw      0.00000e+00   constant   
  20  T_CBO        9.99433e+02   7.40636e+02   6.84426e-02  -1.85350e-04
  21  alpha_A0    -4.17124e-03   2.06673e-03   8.95721e-04   2.04343e-03
  22  beta_A0      2.65313e-03   1.98075e-03   7.98845e-04  -8.34360e-04
  23  alpha_phi   -3.51348e-03   1.94510e-03   8.13442e-04   2.29059e-03
  24  beta_phi     7.15773e-04   2.11664e-03   8.34213e-04  -9.57277e-03
 EXTERNAL ERROR MATRIX.    NDIM=  25    NPAR=  7    ERR DEF=1
  1.791e-07  3.953e-09  9.406e-06 -2.918e-08  1.291e-07 -1.014e-08  1.344e-09 
  3.953e-09  1.804e-07 -3.177e-05 -5.290e-08  8.547e-08 -1.081e-07  1.029e-07 
  9.406e-06 -3.177e-05  2.344e+05 -6.965e-02 -4.477e-02  5.955e-02 -1.217e-02 
 -2.918e-08 -5.290e-08 -6.965e-02  4.347e-06  1.363e-07  1.484e-07  3.793e-07 
  1.291e-07  8.547e-08 -4.477e-02  1.363e-07  3.980e-06 -3.705e-07  1.120e-07 
 -1.014e-08 -1.081e-07  5.955e-02  1.484e-07 -3.705e-07  3.839e-06 -2.154e-07 
  1.344e-09  1.029e-07 -1.217e-02  3.793e-07  1.120e-07 -2.154e-07  4.549e-06 
 PARAMETER  CORRELATION COEFFICIENTS  
       NO.  GLOBAL      8      9     20     21     22     23     24
        8  0.15778   1.000  0.022  0.000 -0.033  0.153 -0.012  0.001
        9  0.20124   0.022  1.000 -0.000 -0.060  0.101 -0.130  0.114
       20  0.10274   0.000 -0.000  1.000 -0.069 -0.046  0.063 -0.012
       21  0.14465  -0.033 -0.060 -0.069  1.000  0.033  0.036  0.085
       22  0.20757   0.153  0.101 -0.046  0.033  1.000 -0.095  0.026
       23  0.17285  -0.012 -0.130  0.063  0.036 -0.095  1.000 -0.052
       24  0.15190   0.001  0.114 -0.012  0.085  0.026 -0.052  1.000
MINUIT - FIT wiggle + 1-CBO + 2-CBO
 **********
 **   42 **RES 
 **********
                   PARAMETER   16  beta_vw RESTORED TO VARIABLE.
                   PARAMETER   14  alpha_vw RESTORED TO VARIABLE.
                   PARAMETER   13  beta_y RESTORED TO VARIABLE.
                   PARAMETER   11  alpha_y RESTORED TO VARIABLE.
                   PARAMETER   10  beta_2CBO RESTORED TO VARIABLE.
                   PARAMETER    6  alpha_CBO RESTORED TO VARIABLE.
                   PARAMETER    4  phi RESTORED TO VARIABLE.
                   PARAMETER    3  A0 RESTORED TO VARIABLE.
                   PARAMETER    1  N0 RESTORED TO VARIABLE.
 **********
 **   43 **FIX           10
 **********
 **********
 **   44 **FIX           11
 **********
 **********
 **   45 **FIX           12
 **********
 PARAMETER   12  IS CONSTANT.   IGNORED.
 **********
 **   46 **FIX           13
 **********
 **********
 **   47 **FIX           14
 **********
 **********
 **   48 **FIX           15
 **********
 PARAMETER   15  IS CONSTANT.   IGNORED.
 **********
 **   49 **FIX           16
 **********
 **********
 **   50 **MIGRAD
 **********
 START MIGRAD MINIMIZATION.  STRATEGY  1.  CONVERGENCE WHEN EDM .LT. 1.00e-04
 FCN=64.3347 FROM MIGRAD    STATUS=INITIATE       22 CALLS        1811 TOTAL
                     EDM= unknown      STRATEGY= 1      NO ERROR MATRIX       
  EXT PARAMETER               CURRENT GUESS       STEP         FIRST   
  NO.   NAME      VALUE            ERROR          SIZE      DERIVATIVE 
   1  N0           3.29004e+06   1.03262e+03   1.03262e+03  -5.80522e-05
   2  tau          6.44008e+01   constant   
   3  A0           3.64872e-01   4.19511e-04   4.19511e-04   3.73633e+03
   4  phi          4.11970e+00   1.09399e-03   1.09399e-03   1.20036e+03
   5  R           -6.04681e+01   constant   
   6  alpha_CBO    5.30940e-04   4.40701e-04   4.40701e-04   6.80042e+02
   7  w_CBO        2.32500e+00   constant   
   8  beta_CBO     1.94020e-03   4.23224e-04   1.64945e-06  -1.04518e-02
   9  alpha_2CBO   6.57397e-05   4.24765e-04   1.64215e-06   5.50222e+00
  10  beta_2CBO   -6.80049e-05     fixed    
  11  alpha_y      0.00000e+00     fixed    
  12  w_y          1.38860e+01   constant   
  13  beta_y       9.00061e-05     fixed    
  14  alpha_vw     0.00000e+00     fixed    
  15  w_vw         1.43404e+01   constant   
  16  beta_vw      0.00000e+00     fixed    
  17  LM          -2.11005e-04   constant   
  18  zeta_y       0.00000e+00   constant   
  19  zeta_vw      0.00000e+00   constant   
  20  T_CBO        9.99433e+02   7.40636e+02   6.84426e-02  -1.90470e-04
  21  alpha_A0    -4.17124e-03   2.06673e-03   8.95721e-04  -2.03639e-03
  22  beta_A0      2.65313e-03   1.98075e-03   7.98845e-04  -8.38229e-04
  23  alpha_phi   -3.51348e-03   1.94510e-03   8.13442e-04   2.29621e-03
  24  beta_phi     7.15773e-04   2.11664e-03   8.34213e-04  -9.57385e-03
 MIGRAD MINIMIZATION HAS CONVERGED.
 MIGRAD WILL VERIFY CONVERGENCE AND ERROR MATRIX.
 COVARIANCE MATRIX CALCULATED SUCCESSFULLY
 FCN=63.2466 FROM MIGRAD    STATUS=CONVERGED     253 CALLS        2042 TOTAL
                     EDM=1.62253e-06    STRATEGY= 1      ERROR MATRIX ACCURATE 
  EXT PARAMETER                                   STEP         FIRST   
  NO.   NAME      VALUE            ERROR          SIZE      DERIVATIVE 
   1  N0           3.28994e+06   1.04410e+03   3.76476e+00  -1.11490e-06
   2  tau          6.44008e+01   constant   
   3  A0           3.64545e-01   4.30470e-04   1.57498e-06  -4.39548e-01
   4  phi          4.11892e+00   1.14575e-03   4.30192e-06  -2.35847e-01
   5  R           -6.04681e+01   constant   
   6  alpha_CBO    5.00134e-04   4.41249e-04   1.64658e-06  -3.86399e-01
   7  w_CBO        2.32500e+00   constant   
   8  beta_CBO     2.04183e-03   4.34326e-04   1.63566e-06  -5.10718e-01
   9  alpha_2CBO   3.76850e-05   4.26477e-04   1.62840e-06   1.11741e+00
  10  beta_2CBO   -6.80049e-05     fixed    
  11  alpha_y      0.00000e+00     fixed    
  12  w_y          1.38860e+01   constant   
  13  beta_y       9.00061e-05     fixed    
  14  alpha_vw     0.00000e+00     fixed    
  15  w_vw         1.43404e+01   constant   
  16  beta_vw      0.00000e+00     fixed    
  17  LM          -2.11005e-04   constant   
  18  zeta_y       0.00000e+00   constant   
  19  zeta_vw      0.00000e+00   constant   
  20  T_CBO        9.99938e+02   9.99888e+02   1.62934e-01  -1.49989e-05
  21  alpha_A0    -4.20284e-03   2.44063e-03   8.90399e-04  -2.55162e-03
  22  beta_A0      2.71613e-03   2.14728e-03   7.94090e-04   1.27447e-03
  23  alpha_phi   -3.30938e-03   2.19889e-03   8.01250e-04  -1.25679e-03
  24  beta_phi     3.83017e-04   2.22245e-03   8.26355e-04   2.37702e-03
 EXTERNAL ERROR MATRIX.    NDIM=  25    NPAR= 11    ERR DEF=1
  1.090e+06 
  3.432e-03  1.853e-07 
  2.197e-01 -9.625e-09  1.313e-06 
 -2.537e-02 -3.798e-08  5.782e-08  1.947e-07 
 -9.618e-03 -3.046e-08 -7.364e-08 -2.612e-09  1.886e-07 
  4.030e-03  1.506e-08  4.784e-09 -9.110e-09  1.352e-09  1.819e-07 
 -4.004e+01 -1.732e-04 -8.357e-04  1.690e-04  3.559e-05  1.328e-04  7.445e+04 
  3.287e-01 -1.064e-07  3.060e-07  1.737e-07  2.605e-08  4.047e-08 -3.289e-01  6.106e-06 
 -3.114e-01 -2.434e-08 -6.215e-08  2.623e-08  1.356e-07  8.254e-08  2.150e-01 -1.143e-06  4.689e-06 
 -3.602e-01 -6.674e-08 -1.838e-07  6.698e-08  9.073e-09 -1.175e-07 -2.627e-01  9.469e-07 -1.003e-06  4.925e-06 
 -4.183e-01  2.305e-07 -1.470e-07 -5.555e-08 -2.934e-08  1.207e-07  3.137e-02 -7.973e-07  2.940e-07 -2.678e-07  5.023e-06 
 PARAMETER  CORRELATION COEFFICIENTS  
       NO.  GLOBAL      1      3      4      6      8      9     20     21     22     23     24
        1  0.35656   1.000  0.008  0.184 -0.055 -0.021  0.009 -0.000  0.127 -0.138 -0.155 -0.179
        3  0.35507   0.008  1.000 -0.020 -0.200 -0.163  0.082 -0.001 -0.100 -0.026 -0.070  0.239
        4  0.28220   0.184 -0.020  1.000  0.114 -0.148  0.010 -0.003  0.108 -0.025 -0.072 -0.057
        6  0.30152  -0.055 -0.200  0.114  1.000 -0.014 -0.048  0.001  0.159  0.027  0.068 -0.056
        8  0.27221  -0.021 -0.163 -0.148 -0.014  1.000  0.007  0.000  0.024  0.144  0.009 -0.030
        9  0.21958   0.009  0.082  0.010 -0.048  0.007  1.000  0.001  0.038  0.089 -0.124  0.126
       20  0.64632  -0.000 -0.001 -0.003  0.001  0.000  0.001  1.000 -0.488  0.364 -0.434  0.051
       21  0.55007   0.127 -0.100  0.108  0.159  0.024  0.038 -0.488  1.000 -0.214  0.173 -0.144
       22  0.43257  -0.138 -0.026 -0.025  0.027  0.144  0.089  0.364 -0.214  1.000 -0.209  0.061
       23  0.49243  -0.155 -0.070 -0.072  0.068  0.009 -0.124 -0.434  0.173 -0.209  1.000 -0.054
       24  0.33735  -0.179  0.239 -0.057 -0.056 -0.030  0.126  0.051 -0.144  0.061 -0.054  1.000
MINUIT - FIT ONLY 1-y
 **********
 **   51 **RES 
 **********
                   PARAMETER   16  beta_vw RESTORED TO VARIABLE.
                   PARAMETER   14  alpha_vw RESTORED TO VARIABLE.
                   PARAMETER   13  beta_y RESTORED TO VARIABLE.
                   PARAMETER   11  alpha_y RESTORED TO VARIABLE.
                   PARAMETER   10  beta_2CBO RESTORED TO VARIABLE.
 **********
 **   52 **FIX            0
 **********
 PARAMETER    0  IS UNDEFINED. IGNORED.
 **********
 **   53 **FIX            1
 **********
 **********
 **   54 **FIX            2
 **********
 PARAMETER    2  IS CONSTANT.   IGNORED.
 **********
 **   55 **FIX            3
 **********
 **********
 **   56 **FIX            4
 **********
 **********
 **   57 **FIX            5
 **********
 PARAMETER    5  IS CONSTANT.   IGNORED.
 **********
 **   58 **FIX            6
 **********
 **********
 **   59 **FIX            7
 **********
 PARAMETER    7  IS CONSTANT.   IGNORED.
 **********
 **   60 **FIX            8
 **********
 **********
 **   61 **FIX            9
 **********
 **********
 **   62 **FIX           13
 **********
 **********
 **   63 **FIX           14
 **********
 **********
 **   64 **FIX           15
 **********
 PARAMETER   15  IS CONSTANT.   IGNORED.
 **********
 **   65 **FIX           16
 **********
 **********
 **   66 **MIGRAD
 **********
 START MIGRAD MINIMIZATION.  STRATEGY  1.  CONVERGENCE WHEN EDM .LT. 1.00e-04
 FCN=63.2466 FROM MIGRAD    STATUS=INITIATE       16 CALLS        2058 TOTAL
                     EDM= unknown      STRATEGY= 1      NO ERROR MATRIX       
  EXT PARAMETER               CURRENT GUESS       STEP         FIRST   
  NO.   NAME      VALUE            ERROR          SIZE      DERIVATIVE 
   1  N0           3.28994e+06     fixed    
   2  tau          6.44008e+01   constant   
   3  A0           3.64545e-01     fixed    
   4  phi          4.11892e+00     fixed    
   5  R           -6.04681e+01   constant   
   6  alpha_CBO    5.00134e-04     fixed    
   7  w_CBO        2.32500e+00   constant   
   8  beta_CBO     2.04183e-03     fixed    
   9  alpha_2CBO   3.76850e-05     fixed    
  10  beta_2CBO   -6.80049e-05   4.29949e-04   4.29949e-04   1.64324e+03
  11  alpha_y      0.00000e+00   1.00000e-03   1.00000e-03  -1.61144e+03
  12  w_y          1.38860e+01   constant   
  13  beta_y       9.00061e-05     fixed    
  14  alpha_vw     0.00000e+00     fixed    
  15  w_vw         1.43404e+01   constant   
  16  beta_vw      0.00000e+00     fixed    
  17  LM          -2.11005e-04   constant   
  18  zeta_y       0.00000e+00   constant   
  19  zeta_vw      0.00000e+00   constant   
  20  T_CBO        9.99938e+02   9.99888e+02   1.62934e-01  -2.43081e-05
  21  alpha_A0    -4.20284e-03   2.44063e-03   8.90399e-04  -2.54467e-03
  22  beta_A0      2.71613e-03   2.14728e-03   7.94090e-04   1.27013e-03
  23  alpha_phi   -3.30938e-03   2.19889e-03   8.01250e-04  -1.25164e-03
  24  beta_phi     3.83017e-04   2.22245e-03   8.26355e-04   2.37646e-03
 MIGRAD MINIMIZATION HAS CONVERGED.
 MIGRAD WILL VERIFY CONVERGENCE AND ERROR MATRIX.
 FCN=63.0063 FROM HESSE     STATUS=NOT POSDEF     52 CALLS        2163 TOTAL
                     EDM=0.00109927    STRATEGY= 1      ERR MATRIX NOT POS-DEF
  EXT PARAMETER                APPROXIMATE        STEP         FIRST   
  NO.   NAME      VALUE            ERROR          SIZE      DERIVATIVE 
   1  N0           3.28994e+06     fixed    
   2  tau          6.44008e+01   constant   
   3  A0           3.64545e-01     fixed    
   4  phi          4.11892e+00     fixed    
   5  R           -6.04681e+01   constant   
   6  alpha_CBO    5.00134e-04     fixed    
   7  w_CBO        2.32500e+00   constant   
   8  beta_CBO     2.04183e-03     fixed    
   9  alpha_2CBO   3.76850e-05     fixed    
  10  beta_2CBO   -2.22523e-04   5.03048e-04   1.65098e-06   5.95402e-01
  11  alpha_y      1.40643e-04   3.46955e-04   1.62931e-06   2.50066e+00
  12  w_y          1.38860e+01   constant   
  13  beta_y       9.00061e-05     fixed    
  14  alpha_vw     0.00000e+00     fixed    
  15  w_vw         1.43404e+01   constant   
  16  beta_vw      0.00000e+00     fixed    
  17  LM          -2.11005e-04   constant   
  18  zeta_y       0.00000e+00   constant   
  19  zeta_vw      0.00000e+00   constant   
  20  T_CBO        9.99990e+02   6.91254e+02   6.45220e-02   1.27721e-06
  21  alpha_A0    -4.10851e-03   1.04702e-02   8.84648e-04  -1.26542e-02
  22  beta_A0      2.64519e-03   1.55807e-02   7.91942e-04   1.02582e-02
  23  alpha_phi   -3.21466e-03   1.29559e-02   7.97593e-04  -1.35791e-02
  24  beta_phi     4.62208e-04   2.35327e-03   8.25754e-04   1.89836e-03
 MIGRAD MINIMIZATION HAS CONVERGED.
 MIGRAD WILL VERIFY CONVERGENCE AND ERROR MATRIX.
 COVARIANCE MATRIX CALCULATED SUCCESSFULLY
 FCN=63.0063 FROM MIGRAD    STATUS=CONVERGED     246 CALLS        2288 TOTAL
                     EDM=8.12677e-08    STRATEGY= 1      ERROR MATRIX ACCURATE 
  EXT PARAMETER                                   STEP         FIRST   
  NO.   NAME      VALUE            ERROR          SIZE      DERIVATIVE 
   1  N0           3.28994e+06     fixed    
   2  tau          6.44008e+01   constant   
   3  A0           3.64545e-01     fixed    
   4  phi          4.11892e+00     fixed    
   5  R           -6.04681e+01   constant   
   6  alpha_CBO    5.00134e-04     fixed    
   7  w_CBO        2.32500e+00   constant   
   8  beta_CBO     2.04183e-03     fixed    
   9  alpha_2CBO   3.76850e-05     fixed    
  10  beta_2CBO   -2.22728e-04   4.33758e-04   1.65098e-06   2.84027e-01
  11  alpha_y      1.40485e-04   4.17273e-04   1.62931e-06   4.00748e-01
  12  w_y          1.38860e+01   constant   
  13  beta_y       9.00061e-05     fixed    
  14  alpha_vw     0.00000e+00     fixed    
  15  w_vw         1.43404e+01   constant   
  16  beta_vw      0.00000e+00     fixed    
  17  LM          -2.11005e-04   constant   
  18  zeta_y       0.00000e+00   constant   
  19  zeta_vw      0.00000e+00   constant   
  20  T_CBO        9.99998e+02   5.85774e+02   1.25944e-01   3.73664e-06
  21  alpha_A0    -4.10543e-03   2.43856e-03   8.84143e-04  -2.35225e-04
  22  beta_A0      2.64281e-03   2.12975e-03   7.90825e-04   4.35957e-04
  23  alpha_phi   -3.21189e-03   2.19489e-03   7.96781e-04  -5.06709e-04
  24  beta_phi     4.61615e-04   2.12412e-03   8.25062e-04   5.46676e-04
 EXTERNAL ERROR MATRIX.    NDIM=  25    NPAR=  7    ERR DEF=1
  1.881e-07 -1.934e-10  1.143e-06 -1.065e-07  8.292e-08 -9.903e-08 -1.066e-07 
 -1.934e-10  1.741e-07 -8.762e-06  1.181e-08 -6.319e-09  1.997e-08 -1.064e-08 
  1.143e-06 -8.762e-06  2.546e+03 -6.626e-02  4.314e-02 -5.261e-02  7.754e-03 
 -1.065e-07  1.181e-08 -6.626e-02  6.094e-06 -1.339e-06  1.295e-06 -5.482e-07 
  8.292e-08 -6.319e-09  4.314e-02 -1.339e-06  4.612e-06 -1.238e-06  1.500e-07 
 -9.903e-08  1.997e-08 -5.261e-02  1.295e-06 -1.238e-06  4.906e-06 -2.557e-07 
 -1.066e-07 -1.064e-08  7.754e-03 -5.482e-07  1.500e-07 -2.557e-07  4.582e-06 
 PARAMETER  CORRELATION COEFFICIENTS  
       NO.  GLOBAL     10     11     20     21     22     23     24
       10  0.22504   1.000 -0.001  0.000 -0.099  0.089 -0.103 -0.115
       11  0.03019  -0.001  1.000 -0.000  0.011 -0.007  0.022 -0.012
       20  0.67693   0.000 -0.000  1.000 -0.532  0.398 -0.471  0.072
       21  0.54880  -0.099  0.011 -0.532  1.000 -0.253  0.237 -0.104
       22  0.41642   0.089 -0.007  0.398 -0.253  1.000 -0.260  0.033
       23  0.48949  -0.103  0.022 -0.471  0.237 -0.260  1.000 -0.054
       24  0.16868  -0.115 -0.012  0.072 -0.104  0.033 -0.054  1.000
MINUIT - FIT ONLY 2-y
 **********
 **   67 **RES 
 **********
                   PARAMETER   16  beta_vw RESTORED TO VARIABLE.
                   PARAMETER   14  alpha_vw RESTORED TO VARIABLE.
                   PARAMETER   13  beta_y RESTORED TO VARIABLE.
                   PARAMETER    9  alpha_2CBO RESTORED TO VARIABLE.
                   PARAMETER    8  beta_CBO RESTORED TO VARIABLE.
                   PARAMETER    6  alpha_CBO RESTORED TO VARIABLE.
                   PARAMETER    4  phi RESTORED TO VARIABLE.
                   PARAMETER    3  A0 RESTORED TO VARIABLE.
                   PARAMETER    1  N0 RESTORED TO VARIABLE.
 **********
 **   68 **FIX            0
 **********
 PARAMETER    0  IS UNDEFINED. IGNORED.
 **********
 **   69 **FIX            1
 **********
 **********
 **   70 **FIX            2
 **********
 PARAMETER    2  IS CONSTANT.   IGNORED.
 **********
 **   71 **FIX            3
 **********
 **********
 **   72 **FIX            4
 **********
 **********
 **   73 **FIX            5
 **********
 PARAMETER    5  IS CONSTANT.   IGNORED.
 **********
 **   74 **FIX            6
 **********
 **********
 **   75 **FIX            7
 **********
 PARAMETER    7  IS CONSTANT.   IGNORED.
 **********
 **   76 **FIX            8
 **********
 **********
 **   77 **FIX            9
 **********
 **********
 **   78 **FIX           10
 **********
 **********
 **   79 **FIX           11
 **********
 **********
 **   80 **FIX           12
 **********
 PARAMETER   12  IS CONSTANT.   IGNORED.
 **********
 **   81 **FIX           16
 **********
 **********
 **   82 **MIGRAD
 **********
 START MIGRAD MINIMIZATION.  STRATEGY  1.  CONVERGENCE WHEN EDM .LT. 1.00e-04
 FCN=63.0063 FROM MIGRAD    STATUS=INITIATE       16 CALLS        2304 TOTAL
                     EDM= unknown      STRATEGY= 1      NO ERROR MATRIX       
  EXT PARAMETER               CURRENT GUESS       STEP         FIRST   
  NO.   NAME      VALUE            ERROR          SIZE      DERIVATIVE 
   1  N0           3.28994e+06     fixed    
   2  tau          6.44008e+01   constant   
   3  A0           3.64545e-01     fixed    
   4  phi          4.11892e+00     fixed    
   5  R           -6.04681e+01   constant   
   6  alpha_CBO    5.00134e-04     fixed    
   7  w_CBO        2.32500e+00   constant   
   8  beta_CBO     2.04183e-03     fixed    
   9  alpha_2CBO   3.76850e-05     fixed    
  10  beta_2CBO   -2.22728e-04     fixed    
  11  alpha_y      1.40485e-04     fixed    
  12  w_y          1.38860e+01   constant   
  13  beta_y       9.00061e-05   4.21553e-04   4.21553e-04  -3.92793e+02
  14  alpha_vw     0.00000e+00   1.00000e-03   1.00000e-03   6.84609e+03
  15  w_vw         1.43404e+01   constant   
  16  beta_vw      0.00000e+00     fixed    
  17  LM          -2.11005e-04   constant   
  18  zeta_y       0.00000e+00   constant   
  19  zeta_vw      0.00000e+00   constant   
  20  T_CBO        9.99998e+02   5.85774e+02   1.25944e-01  -4.61174e-06
  21  alpha_A0    -4.10543e-03   2.43856e-03   8.84143e-04  -2.28714e-04
  22  beta_A0      2.64281e-03   2.12975e-03   7.90825e-04   4.31921e-04
  23  alpha_phi   -3.21189e-03   2.19489e-03   7.96781e-04  -5.01739e-04
  24  beta_phi     4.61615e-04   2.12412e-03   8.25062e-04   5.45999e-04
 MIGRAD MINIMIZATION HAS CONVERGED.
 MIGRAD WILL VERIFY CONVERGENCE AND ERROR MATRIX.
 COVARIANCE MATRIX CALCULATED SUCCESSFULLY
 FCN=60.9155 FROM MIGRAD    STATUS=CONVERGED     114 CALLS        2402 TOTAL
                     EDM=1.0456e-07    STRATEGY= 1      ERROR MATRIX ACCURATE 
  EXT PARAMETER                                   STEP         FIRST   
  NO.   NAME      VALUE            ERROR          SIZE      DERIVATIVE 
   1  N0           3.28994e+06     fixed    
   2  tau          6.44008e+01   constant   
   3  A0           3.64545e-01     fixed    
   4  phi          4.11892e+00     fixed    
   5  R           -6.04681e+01   constant   
   6  alpha_CBO    5.00134e-04     fixed    
   7  w_CBO        2.32500e+00   constant   
   8  beta_CBO     2.04183e-03     fixed    
   9  alpha_2CBO   3.76850e-05     fixed    
  10  beta_2CBO   -2.22728e-04     fixed    
  11  alpha_y      1.40485e-04     fixed    
  12  w_y          1.38860e+01   constant   
  13  beta_y       2.35987e-05   4.27503e-04   1.61979e-06  -2.52074e-03
  14  alpha_vw    -6.14597e-04   4.25751e-04   1.61325e-06   5.58952e-02
  15  w_vw         1.43404e+01   constant   
  16  beta_vw      0.00000e+00     fixed    
  17  LM          -2.11005e-04   constant   
  18  zeta_y       0.00000e+00   constant   
