 + ++++++++++++++++++++++++++++++++++++++++++++++++++++++++++++++++++++ +
 +                                                                      +
 +           You have chose to blind your fitting according to          +
 +                omega_ref * (1 + (R +/- deltaR) *10^{-6})             +
 +                                                                      +
 + ++++++++++++++++++++++++++++++++++++++++++++++++++++++++++++++++++++ +
In main()...
reading format from /gm2data/zkhechad/run45/envelope/formats/formatB_sBin_constraintOn.txt
pBinTau 	= 0  
pBinPhi 	= 0  
constraintau 	= 1 
includeMopTerm 	= 0    
constrainMop    = 0   
Parameters after format file: pBinTau 0 pBinPhi 0 constraintau 1 includeMopTerm 0 constrainMop 0 c_e_scale 0.000000 
Opening file /gm2data/tbarrett/gm2fr/studies/run23_bunch_corrections/CorrectedFourier_Run3b.root.
reading full fit data from /gm2data/zkhechad/cboTemplates/Run4CBOTemplates/templateFits0_v2.0/noRF/sBin_constraintOn_cE0.0_seed0_noRF_calo17.root
windowBins = 69
fitting sliding window 1138 from bin 1274 at 189.931600 to bin 1343 at 200.375600 (69 bins)

Reading data from /gm2data/cornell/histograms/aMethod/histogram_a_noRF.root
 **********
 **    1 **SET PRINTOUT            1
 **********
 **********
 **    2 **SET NOWARNINGS 
 **********
 PARAMETER DEFINITIONS:
    NO.   NAME         VALUE      STEP SIZE      LIMITS
     1 N0           3.18443e+06  1.00000e+02     no limits
     2 tau          6.43838e+01  constant
     3 A0           3.45292e-01  1.00000e-04     no limits
     4 phi          4.12003e+00  1.00000e-02     no limits
     5 R           -6.09625e+01  constant
     6 alpha_CBO    0.00000e+00  1.00000e-03     no limits
     7 w_CBO        2.32500e+00  constant
     8 beta_CBO     0.00000e+00  1.00000e-03     no limits
     9 alpha_2CBO   0.00000e+00  1.00000e-03     no limits
    10 beta_2CBO    0.00000e+00  1.00000e-03     no limits
    11 alpha_y      0.00000e+00  1.00000e-03     no limits
    12 w_y          1.44500e+01  constant
    13 beta_y       0.00000e+00  1.00000e-03     no limits
    14 alpha_vw     0.00000e+00  1.00000e-03     no limits
    15 w_vw         1.29000e+01  constant
    16 beta_vw      0.00000e+00  1.00000e-03     no limits
    17 LM          -7.20700e-04  constant
    18 zeta_y       0.00000e+00  constant
    19 zeta_vw      0.00000e+00  constant
    20 T_CBO        1.00000e+02  1.00000e+00    0.00000e+00  1.00000e+03
    21 alpha_A0     0.00000e+00  1.00000e-03     no limits
    22 beta_A0      0.00000e+00  1.00000e-03     no limits
    23 alpha_phi    0.00000e+00  1.00000e-03     no limits
    24 beta_phi     0.00000e+00  1.00000e-03     no limits
MINUIT - FIT ONLY WIGGLE
 **********
 **    3 **FIX            5
 **********
 PARAMETER    5  IS CONSTANT.   IGNORED.
 **********
 **    4 **FIX            6
 **********
 **********
 **    5 **FIX            7
 **********
 PARAMETER    7  IS CONSTANT.   IGNORED.
 **********
 **    6 **FIX            8
 **********
 **********
 **    7 **FIX            9
 **********
 **********
 **    8 **FIX           10
 **********
 **********
 **    9 **FIX           11
 **********
 **********
 **   10 **FIX           12
 **********
 PARAMETER   12  IS CONSTANT.   IGNORED.
 **********
 **   11 **FIX           13
 **********
 **********
 **   12 **FIX           14
 **********
 **********
 **   13 **FIX           15
 **********
 PARAMETER   15  IS CONSTANT.   IGNORED.
 **********
 **   14 **FIX           16
 **********
 **********
 **   15 **MIGRAD
 **********
 FIRST CALL TO USER FUNCTION AT NEW START POINT, WITH IFLAG=4.
 START MIGRAD MINIMIZATION.  STRATEGY  1.  CONVERGENCE WHEN EDM .LT. 1.00e-04
 FCN=272.265 FROM MIGRAD    STATUS=INITIATE      437 CALLS         438 TOTAL
                     EDM= unknown      STRATEGY= 1      NO ERROR MATRIX       
  EXT PARAMETER               CURRENT GUESS       STEP         FIRST   
  NO.   NAME      VALUE            ERROR          SIZE      DERIVATIVE 
   1  N0           3.18443e+06   1.00000e+02   0.00000e+00   6.37625e-03
   2  tau          6.43838e+01   constant   
   3  A0           3.45292e-01   1.00000e-04   0.00000e+00   2.57555e+04
   4  phi          4.12003e+00   1.00000e-02   0.00000e+00   1.32314e+03
   5  R           -6.09625e+01   constant   
   6  alpha_CBO    0.00000e+00     fixed    
   7  w_CBO        2.32500e+00   constant   
   8  beta_CBO     0.00000e+00     fixed    
   9  alpha_2CBO   0.00000e+00     fixed    
  10  beta_2CBO    0.00000e+00     fixed    
  11  alpha_y      0.00000e+00     fixed    
  12  w_y          1.44500e+01   constant   
  13  beta_y       0.00000e+00     fixed    
  14  alpha_vw     0.00000e+00     fixed    
  15  w_vw         1.29000e+01   constant   
  16  beta_vw      0.00000e+00     fixed    
  17  LM          -7.20700e-04   constant   
  18  zeta_y       0.00000e+00   constant   
  19  zeta_vw      0.00000e+00   constant   
  20  T_CBO        1.00000e+02   1.00000e+00   0.00000e+00   0.00000e+00
  21  alpha_A0     0.00000e+00   1.00000e-03   0.00000e+00  -1.55146e+02
  22  beta_A0      0.00000e+00   1.00000e-03   0.00000e+00  -2.91396e+01
  23  alpha_phi    0.00000e+00   1.00000e-03   0.00000e+00   6.53040e+02
  24  beta_phi     0.00000e+00   1.00000e-03   0.00000e+00  -1.09624e+03
 CALL LIMIT EXCEEDED IN MIGRAD.
 MIGRAD TERMINATED WITHOUT CONVERGENCE.
 FCN=237.178 FROM MIGRAD    STATUS=CALL LIMIT   1327 CALLS        1328 TOTAL
                     EDM=0.00105097    STRATEGY= 1  ERROR MATRIX UNCERTAINTY   1.0 per cent
  EXT PARAMETER                APPROXIMATE        STEP         FIRST   
  NO.   NAME      VALUE            ERROR          SIZE      DERIVATIVE 
   1  N0           3.18369e+06   6.17675e+02   6.98194e-01   1.00717e-05
   2  tau          6.43838e+01   constant   
   3  A0           3.44419e-01   2.57336e-04  -6.84163e-06  -8.66519e+01
   4  phi          4.11945e+00   8.02570e-04   6.07705e-06   3.00319e+00
   5  R           -6.09625e+01   constant   
   6  alpha_CBO    0.00000e+00     fixed    
   7  w_CBO        2.32500e+00   constant   
   8  beta_CBO     0.00000e+00     fixed    
   9  alpha_2CBO   0.00000e+00     fixed    
  10  beta_2CBO    0.00000e+00     fixed    
  11  alpha_y      0.00000e+00     fixed    
  12  w_y          1.44500e+01   constant   
  13  beta_y       0.00000e+00     fixed    
  14  alpha_vw     0.00000e+00     fixed    
  15  w_vw         1.29000e+01   constant   
  16  beta_vw      0.00000e+00     fixed    
  17  LM          -7.20700e-04   constant   
  18  zeta_y       0.00000e+00   constant   
  19  zeta_vw      0.00000e+00   constant   
  20  T_CBO        4.08573e+01   1.92815e+01  -4.41996e-03  -6.67304e+00
  21  alpha_A0     7.82779e-02   1.50265e-01   6.58047e-03  -1.42722e-02
  22  beta_A0      3.23481e-02   2.76831e-02   1.13262e-03  -4.75963e-01
  23  alpha_phi   -2.43059e-01   4.75500e-01  -2.08243e-02   7.45559e-01
  24  beta_phi     4.90162e-01   1.02693e+00   4.48519e-02  -3.19376e-01
 EXTERNAL ERROR MATRIX.    NDIM=  25    NPAR=  8    ERR DEF=1
  3.815e+05 -1.689e-02 -1.598e-02 -2.226e+02  1.131e+00  1.063e+00 -6.505e+00  1.655e+01 
 -1.689e-02  6.622e-08  2.098e-09  9.503e-04 -8.054e-06 -1.201e-06  2.627e-05 -5.766e-05 
 -1.598e-02  2.098e-09  6.441e-07 -4.745e-04  3.854e-06  1.671e-06 -1.092e-05  2.338e-05 
 -2.226e+02  9.503e-04 -4.745e-04  3.730e+02 -2.889e+00 -4.475e-01  9.150e+00 -1.975e+01 
  1.131e+00 -8.054e-06  3.854e-06 -2.889e+00  2.258e-02  3.449e-03 -7.134e-02  1.540e-01 
  1.063e+00 -1.201e-06  1.671e-06 -4.475e-01  3.449e-03  7.664e-04 -1.088e-02  2.326e-02 
 -6.505e+00  2.627e-05 -1.092e-05  9.150e+00 -7.134e-02 -1.088e-02  2.261e-01 -4.881e-01 
  1.655e+01 -5.766e-05  2.338e-05 -1.975e+01  1.540e-01  2.326e-02 -4.881e-01  1.055e+00 
ERR MATRIX APPROXIMATE
 PARAMETER  CORRELATION COEFFICIENTS  
       NO.  GLOBAL      1      3      4     20     21     22     23     24
        1  0.33785   1.000 -0.106 -0.032 -0.019  0.012  0.062 -0.022  0.026
        3  0.39812  -0.106  1.000  0.010  0.191 -0.208 -0.169  0.215 -0.218
        4  0.12946  -0.032  0.010  1.000 -0.031  0.032  0.075 -0.029  0.028
       20  0.99704  -0.019  0.191 -0.031  1.000 -0.996 -0.837  0.996 -0.996
       21  0.99863   0.012 -0.208  0.032 -0.996  1.000  0.829 -0.999  0.998
       22  0.90535   0.062 -0.169  0.075 -0.837  0.829  1.000 -0.826  0.818
       23  0.99982  -0.022  0.215 -0.029  0.996 -0.999 -0.826  1.000 -1.000
       24  0.99980   0.026 -0.218  0.028 -0.996  0.998  0.818 -1.000  1.000
 ERR MATRIX APPROXIMATE
MINUIT - FIT ONLY 1-CBO + wiggle
 **********
 **   16 **RES 
 **********
                   PARAMETER   16  beta_vw RESTORED TO VARIABLE.
                   PARAMETER   14  alpha_vw RESTORED TO VARIABLE.
                   PARAMETER   13  beta_y RESTORED TO VARIABLE.
                   PARAMETER   11  alpha_y RESTORED TO VARIABLE.
                   PARAMETER   10  beta_2CBO RESTORED TO VARIABLE.
                   PARAMETER    9  alpha_2CBO RESTORED TO VARIABLE.
                   PARAMETER    8  beta_CBO RESTORED TO VARIABLE.
                   PARAMETER    6  alpha_CBO RESTORED TO VARIABLE.
 **********
 **   17 **FIX            8
 **********
 **********
 **   18 **FIX            9
 **********
 **********
 **   19 **FIX           11
 **********
 **********
 **   20 **FIX           12
 **********
 PARAMETER   12  IS CONSTANT.   IGNORED.
 **********
 **   21 **FIX           14
 **********
 **********
 **   22 **FIX           15
 **********
 PARAMETER   15  IS CONSTANT.   IGNORED.
 **********
 **   23 **FIX           16
 **********
 **********
 **   24 **MIGRAD
 **********
 START MIGRAD MINIMIZATION.  STRATEGY  1.  CONVERGENCE WHEN EDM .LT. 1.00e-04
 FCN=237.178 FROM MIGRAD    STATUS=INITIATE       28 CALLS        1356 TOTAL
                     EDM= unknown      STRATEGY= 1      NO ERROR MATRIX       
  EXT PARAMETER               CURRENT GUESS       STEP         FIRST   
  NO.   NAME      VALUE            ERROR          SIZE      DERIVATIVE 
   1  N0           3.18369e+06   6.17675e+02   6.98194e-01   1.00717e-05
   2  tau          6.43838e+01   constant   
   3  A0           3.44419e-01   2.57336e-04  -6.84163e-06  -8.66519e+01
   4  phi          4.11945e+00   8.02570e-04   6.07705e-06   3.00319e+00
   5  R           -6.09625e+01   constant   
   6  alpha_CBO    0.00000e+00   1.00000e-03   1.00000e-03  -2.97462e+04
   7  w_CBO        2.32500e+00   constant   
   8  beta_CBO     0.00000e+00     fixed    
   9  alpha_2CBO   0.00000e+00     fixed    
  10  beta_2CBO    0.00000e+00   1.00000e-03   1.00000e-03   2.57604e+04
  11  alpha_y      0.00000e+00     fixed    
  12  w_y          1.44500e+01   constant   
  13  beta_y       0.00000e+00   1.00000e-03   1.00000e-03  -1.49424e+04
  14  alpha_vw     0.00000e+00     fixed    
  15  w_vw         1.29000e+01   constant   
  16  beta_vw      0.00000e+00     fixed    
  17  LM          -7.20700e-04   constant   
  18  zeta_y       0.00000e+00   constant   
  19  zeta_vw      0.00000e+00   constant   
  20  T_CBO        4.08573e+01   1.92815e+01  -4.41996e-03  -6.67309e+00
  21  alpha_A0     7.82779e-02   1.50265e-01   6.58047e-03  -1.42721e-02
  22  beta_A0      3.23481e-02   2.76831e-02   1.13262e-03  -4.75963e-01
  23  alpha_phi   -2.43059e-01   4.75500e-01  -2.08243e-02   7.45559e-01
  24  beta_phi     4.90162e-01   1.02693e+00   4.48519e-02  -3.19376e-01
 MIGRAD MINIMIZATION HAS CONVERGED.
 MIGRAD WILL VERIFY CONVERGENCE AND ERROR MATRIX.
 FCN=206.824 FROM HESSE     STATUS=NOT POSDEF    100 CALLS        1598 TOTAL
                     EDM=0.000133846    STRATEGY= 1      ERR MATRIX NOT POS-DEF
  EXT PARAMETER                APPROXIMATE        STEP         FIRST   
  NO.   NAME      VALUE            ERROR          SIZE      DERIVATIVE 
   1  N0           3.18370e+06   6.28722e+02   4.11279e+00   3.20604e-06
   2  tau          6.43838e+01   constant   
   3  A0           3.44516e-01   2.59839e-04   1.75147e-06  -2.59961e-01
   4  phi          4.11882e+00   8.17467e-04   5.49609e-06  -1.34841e+00
   5  R           -6.09625e+01   constant   
   6  alpha_CBO    1.02069e-03   2.68273e-04   1.81039e-06   2.57946e+00
   7  w_CBO        2.32500e+00   constant   
   8  beta_CBO     0.00000e+00     fixed    
   9  alpha_2CBO   0.00000e+00     fixed    
  10  beta_2CBO   -8.77192e-04   2.67894e-04   1.83470e-06   3.71001e+00
  11  alpha_y      0.00000e+00     fixed    
  12  w_y          1.44500e+01   constant   
  13  beta_y       5.12215e-04   2.60950e-04   1.84008e-06   3.15229e+00
  14  alpha_vw     0.00000e+00     fixed    
  15  w_vw         1.29000e+01   constant   
  16  beta_vw      0.00000e+00     fixed    
  17  LM          -7.20700e-04   constant   
  18  zeta_y       0.00000e+00   constant   
  19  zeta_vw      0.00000e+00   constant   
  20  T_CBO        4.08868e+01   2.72018e+01   6.20363e-05   7.27988e-02
  21  alpha_A0     5.11652e-03   1.34745e-01   8.98604e-04  -7.11111e-04
  22  beta_A0      7.37564e-02   2.78890e-01   9.26308e-04  -2.28463e-03
  23  alpha_phi   -3.45663e-01   1.09874e+00   8.36627e-04   1.26716e-02
  24  beta_phi     4.51160e-01   1.43772e+00   8.43573e-04   1.12754e-03
 CALL LIMIT EXCEEDED IN MIGRAD.
 MIGRAD TERMINATED WITHOUT CONVERGENCE.
 FCN=206.799 FROM MIGRAD    STATUS=CALL LIMIT   1911 CALLS        3239 TOTAL
                     EDM=0.000127886    STRATEGY= 1      ERR MATRIX NOT POS-DEF
  EXT PARAMETER                APPROXIMATE        STEP         FIRST   
  NO.   NAME      VALUE            ERROR          SIZE      DERIVATIVE 
   1  N0           3.18370e+06   6.16511e+02   1.16193e-01  -2.76667e-06
   2  tau          6.43838e+01   constant   
   3  A0           3.44490e-01   2.60491e-04  -3.90956e-08   4.18451e+00
   4  phi          4.11885e+00   8.24205e-04  -1.59477e-08   4.61194e-02
   5  R           -6.09625e+01   constant   
   6  alpha_CBO    1.01578e-03   2.69751e-04   5.35900e-09   1.12789e+00
   7  w_CBO        2.32500e+00   constant   
   8  beta_CBO     0.00000e+00     fixed    
   9  alpha_2CBO   0.00000e+00     fixed    
  10  beta_2CBO   -8.77552e-04   2.67889e-04  -3.16439e-08  -3.64318e+00
  11  alpha_y      0.00000e+00     fixed    
  12  w_y          1.44500e+01   constant   
  13  beta_y       5.11801e-04   2.60878e-04  -2.48282e-09  -1.51527e-01
  14  alpha_vw     0.00000e+00     fixed    
  15  w_vw         1.29000e+01   constant   
  16  beta_vw      0.00000e+00     fixed    
  17  LM          -7.20700e-04   constant   
  18  zeta_y       0.00000e+00   constant   
  19  zeta_vw      0.00000e+00   constant   
  20  T_CBO        2.64585e+01   9.05226e+00   5.61558e-07   2.63078e-01
  21  alpha_A0     8.87620e-02   2.36748e-01  -4.48018e-04  -1.30090e-03
  22  beta_A0      1.07626e+00   3.19218e+00   3.71348e-03   9.66643e-03
  23  alpha_phi   -4.59482e+00   1.08735e+01  -1.24142e-02   1.90250e-02
  24  beta_phi     6.05683e+00   1.57368e+01   1.72089e-02   1.16186e-02
 EXTERNAL ERROR MATRIX.    NDIM=  25    NPAR= 11    ERR DEF=1
  3.801e+05 
 -2.368e-02  6.786e-08 
 -2.315e-03 -1.534e-08  6.793e-07 
  3.789e-03  9.868e-09 -5.406e-08  7.277e-08 
  8.427e-03  1.131e-09 -7.347e-09  2.948e-09  7.176e-08 
 -3.481e-03 -8.986e-11 -1.956e-09 -5.705e-10 -1.080e-09  6.806e-08 
 -7.789e+02  4.244e-04 -1.071e-03  2.209e-04 -2.145e-05  2.427e-05  8.203e+01 
  7.384e+00 -7.225e-06  3.263e-05 -8.447e-06  5.489e-06 -1.396e-06 -1.435e+00  5.605e-02 
  3.103e+02 -1.626e-04  3.861e-04 -7.752e-05  5.493e-06 -9.580e-06 -2.875e+01  5.066e-01  1.019e+01 
 -9.257e+02  5.169e-04 -1.189e-03  2.343e-04 -1.698e-05  2.942e-05  9.808e+01 -1.648e+00 -3.458e+01  1.182e+02 
  1.453e+03 -7.821e-04  1.790e-03 -3.625e-04  4.954e-05 -4.553e-05 -1.420e+02  2.469e+00  5.017e+01 -1.709e+02  2.476e+02 
ERR MATRIX NOT POS-DEF
 PARAMETER  CORRELATION COEFFICIENTS  
       NO.  GLOBAL      1      3      4      6     10     13     20     21     22     23     24
        1  0.37200   1.000 -0.147 -0.005  0.023  0.051 -0.022 -0.140  0.051  0.158 -0.138  0.150
        3  0.31621  -0.147  1.000 -0.071  0.140  0.016 -0.001  0.180 -0.117 -0.196  0.182 -0.191
        4  0.32833  -0.005 -0.071  1.000 -0.243 -0.033 -0.009 -0.143  0.167  0.147 -0.133  0.138
        6  0.30096   0.023  0.140 -0.243  1.000  0.041 -0.008  0.090 -0.132 -0.090  0.080 -0.085
       10  0.23237   0.051  0.016 -0.033  0.041  1.000 -0.015 -0.009  0.087  0.006 -0.006  0.012
       13  0.03881  -0.022 -0.001 -0.009 -0.008 -0.015  1.000  0.010 -0.023 -0.012  0.010 -0.011
       20  0.99705  -0.140  0.180 -0.143  0.090 -0.009  0.010  1.000 -0.669 -0.995  0.996 -0.997
       21  0.81737   0.051 -0.117  0.167 -0.132  0.087 -0.023 -0.669  1.000  0.670 -0.640  0.663
       22  0.99908   0.158 -0.196  0.147 -0.090  0.006 -0.012 -0.995  0.670  1.000 -0.996  0.999
       23  0.99935  -0.138  0.182 -0.133  0.080 -0.006  0.010  0.996 -0.640 -0.996  1.000 -0.999
       24  0.99973   0.150 -0.191  0.138 -0.085  0.012 -0.011 -0.997  0.663  0.999 -0.999  1.000
 ERR MATRIX NOT POS-DEF
MINUIT - FIT ONLY 2-CBO
 **********
 **   25 **RES 
 **********
                   PARAMETER   16  beta_vw RESTORED TO VARIABLE.
                   PARAMETER   14  alpha_vw RESTORED TO VARIABLE.
                   PARAMETER   11  alpha_y RESTORED TO VARIABLE.
                   PARAMETER    9  alpha_2CBO RESTORED TO VARIABLE.
                   PARAMETER    8  beta_CBO RESTORED TO VARIABLE.
 **********
 **   26 **FIX            0
 **********
 PARAMETER    0  IS UNDEFINED. IGNORED.
 **********
 **   27 **FIX            1
 **********
 **********
 **   28 **FIX            2
 **********
 PARAMETER    2  IS CONSTANT.   IGNORED.
 **********
 **   29 **FIX            3
 **********
 **********
 **   30 **FIX            4
 **********
 **********
 **   31 **FIX            5
 **********
 PARAMETER    5  IS CONSTANT.   IGNORED.
 **********
 **   32 **FIX            6
 **********
 **********
 **   33 **FIX            7
 **********
 PARAMETER    7  IS CONSTANT.   IGNORED.
 **********
 **   34 **FIX           10
 **********
 **********
 **   35 **FIX           11
 **********
 **********
 **   36 **FIX           12
 **********
 PARAMETER   12  IS CONSTANT.   IGNORED.
 **********
 **   37 **FIX           13
 **********
 **********
 **   38 **FIX           14
 **********
 **********
 **   39 **FIX           15
 **********
 PARAMETER   15  IS CONSTANT.   IGNORED.
 **********
 **   40 **FIX           16
 **********
 **********
 **   41 **MIGRAD
 **********
 START MIGRAD MINIMIZATION.  STRATEGY  1.  CONVERGENCE WHEN EDM .LT. 1.00e-04
 FCN=206.799 FROM MIGRAD    STATUS=INITIATE       18 CALLS        3257 TOTAL
                     EDM= unknown      STRATEGY= 1      NO ERROR MATRIX       
  EXT PARAMETER               CURRENT GUESS       STEP         FIRST   
  NO.   NAME      VALUE            ERROR          SIZE      DERIVATIVE 
   1  N0           3.18370e+06     fixed    
   2  tau          6.43838e+01   constant   
   3  A0           3.44490e-01     fixed    
   4  phi          4.11885e+00     fixed    
   5  R           -6.09625e+01   constant   
   6  alpha_CBO    1.01578e-03     fixed    
   7  w_CBO        2.32500e+00   constant   
   8  beta_CBO     0.00000e+00   1.00000e-03   1.00000e-03  -9.07782e+04
   9  alpha_2CBO   0.00000e+00   1.00000e-03   1.00000e-03  -1.14450e+04
  10  beta_2CBO   -8.77552e-04     fixed    
  11  alpha_y      0.00000e+00     fixed    
  12  w_y          1.44500e+01   constant   
  13  beta_y       5.11801e-04     fixed    
  14  alpha_vw     0.00000e+00     fixed    
  15  w_vw         1.29000e+01   constant   
  16  beta_vw      0.00000e+00     fixed    
  17  LM          -7.20700e-04   constant   
  18  zeta_y       0.00000e+00   constant   
  19  zeta_vw      0.00000e+00   constant   
  20  T_CBO        2.64585e+01   9.05226e+00   5.61558e-07   2.63062e-01
  21  alpha_A0     8.87620e-02   2.36748e-01  -4.48018e-04  -1.30090e-03
  22  beta_A0      1.07626e+00   3.19218e+00   3.71348e-03   9.66642e-03
  23  alpha_phi   -4.59482e+00   1.08735e+01  -1.24142e-02   1.90250e-02
  24  beta_phi     6.05683e+00   1.57368e+01   1.72089e-02   1.16186e-02
 MIGRAD MINIMIZATION HAS CONVERGED.
 MIGRAD WILL VERIFY CONVERGENCE AND ERROR MATRIX.
 FCN=60.5598 FROM HESSE     STATUS=NOT POSDEF     50 CALLS        3387 TOTAL
                     EDM=0.0011157    STRATEGY= 1      ERR MATRIX NOT POS-DEF
  EXT PARAMETER                APPROXIMATE        STEP         FIRST   
  NO.   NAME      VALUE            ERROR          SIZE      DERIVATIVE 
   1  N0           3.18370e+06     fixed    
   2  tau          6.43838e+01   constant   
   3  A0           3.44490e-01     fixed    
   4  phi          4.11885e+00     fixed    
   5  R           -6.09625e+01   constant   
   6  alpha_CBO    1.01578e-03     fixed    
   7  w_CBO        2.32500e+00   constant   
   8  beta_CBO     3.19371e-03   2.65770e-04   1.01404e-06   1.48697e+00
   9  alpha_2CBO   2.21309e-04   2.67438e-04   1.00023e-06   1.04547e+00
  10  beta_2CBO   -8.77552e-04     fixed    
  11  alpha_y      0.00000e+00     fixed    
  12  w_y          1.44500e+01   constant   
  13  beta_y       5.11801e-04     fixed    
  14  alpha_vw     0.00000e+00     fixed    
  15  w_vw         1.29000e+01   constant   
  16  beta_vw      0.00000e+00     fixed    
  17  LM          -7.20700e-04   constant   
  18  zeta_y       0.00000e+00   constant   
  19  zeta_vw      0.00000e+00   constant   
  20  T_CBO        2.60620e+01   1.37350e+01   2.10727e-05  -6.10010e-01
  21  alpha_A0    -6.97180e-01   3.34560e+00   7.33306e-03   2.72188e-04
  22  beta_A0     -1.49979e-02   1.98741e+00   7.54192e-03   2.72907e-04
  23  alpha_phi   -4.64715e+00   1.83155e+01   6.80438e-03  -3.41404e-04
  24  beta_phi     4.99810e+00   1.97027e+01   6.85146e-03   4.43856e-04
 CALL LIMIT EXCEEDED IN MIGRAD.
 MIGRAD TERMINATED WITHOUT CONVERGENCE.
 FCN=60.537 FROM MIGRAD    STATUS=CALL LIMIT   1156 CALLS        4395 TOTAL
                     EDM=9.21418e-05    STRATEGY= 1      ERR MATRIX NOT POS-DEF
  EXT PARAMETER                APPROXIMATE        STEP         FIRST   
  NO.   NAME      VALUE            ERROR          SIZE      DERIVATIVE 
   1  N0           3.18370e+06     fixed    
   2  tau          6.43838e+01   constant   
   3  A0           3.44490e-01     fixed    
   4  phi          4.11885e+00     fixed    
   5  R           -6.09625e+01   constant   
   6  alpha_CBO    1.01578e-03     fixed    
   7  w_CBO        2.32500e+00   constant   
   8  beta_CBO     3.19294e-03   2.65513e-04  -9.00386e-08  -6.31926e+00
   9  alpha_2CBO   2.21600e-04   2.63363e-04  -1.36774e-07  -1.03125e+01
  10  beta_2CBO   -8.77552e-04     fixed    
  11  alpha_y      0.00000e+00     fixed    
  12  w_y          1.44500e+01   constant   
  13  beta_y       5.11801e-04     fixed    
  14  alpha_vw     0.00000e+00     fixed    
  15  w_vw         1.29000e+01   constant   
  16  beta_vw      0.00000e+00     fixed    
  17  LM          -7.20700e-04   constant   
  18  zeta_y       0.00000e+00   constant   
  19  zeta_vw      0.00000e+00   constant   
  20  T_CBO        3.75573e+01   4.63029e+01   1.57611e-03  -1.02876e+00
  21  alpha_A0    -6.96445e-02   5.16629e-01   2.95033e-03   1.27555e-02
  22  beta_A0      7.20622e-03   2.32469e-01  -1.08117e-03  -2.51989e-02
  23  alpha_phi   -4.72885e-01   3.19345e+00   2.11246e-02   3.27443e-02
  24  beta_phi     5.11106e-01   3.41678e+00  -2.17583e-02  -3.87180e-02
 EXTERNAL ERROR MATRIX.    NDIM=  25    NPAR=  7    ERR DEF=1
  7.050e-08 -4.534e-09 -3.008e-04 -3.397e-06 -2.497e-06 -1.986e-05  1.769e-05 
 -4.534e-09  6.936e-08 -3.328e-04 -1.174e-05 -6.240e-06 -1.903e-05  1.709e-05 
 -3.008e-04 -3.328e-04  2.188e+03  2.122e+01 -1.726e+00  1.491e+02 -1.595e+02 
 -3.397e-06 -1.174e-05  2.122e+01  2.669e-01 -1.969e-02  1.444e+00 -1.545e+00 
 -2.497e-06 -6.240e-06 -1.726e+00 -1.969e-02  5.404e-02 -1.081e-01  1.277e-01 
 -1.986e-05 -1.903e-05  1.491e+02  1.444e+00 -1.081e-01  1.020e+01 -1.086e+01 
  1.769e-05  1.709e-05 -1.595e+02 -1.545e+00  1.277e-01 -1.086e+01  1.167e+01 
ERR MATRIX NOT POS-DEF
 PARAMETER  CORRELATION COEFFICIENTS  
       NO.  GLOBAL      8      9     20     21     22     23     24
        8  0.13229   1.000 -0.065 -0.024 -0.025 -0.040 -0.023  0.020
        9  0.26421  -0.065  1.000 -0.027 -0.086 -0.102 -0.023  0.019
       20  0.99938  -0.024 -0.027  1.000  0.878 -0.159  0.998 -0.998
       21  0.88098  -0.025 -0.086  0.878  1.000 -0.164  0.875 -0.875
       22  0.31800  -0.040 -0.102 -0.159 -0.164  1.000 -0.146  0.161
       23  0.99861  -0.023 -0.023  0.998  0.875 -0.146  1.000 -0.995
       24  0.99815   0.020  0.019 -0.998 -0.875  0.161 -0.995  1.000
 ERR MATRIX NOT POS-DEF
MINUIT - FIT wiggle + 1-CBO + 2-CBO
 **********
 **   42 **RES 
 **********
                   PARAMETER   16  beta_vw RESTORED TO VARIABLE.
                   PARAMETER   14  alpha_vw RESTORED TO VARIABLE.
                   PARAMETER   13  beta_y RESTORED TO VARIABLE.
                   PARAMETER   11  alpha_y RESTORED TO VARIABLE.
                   PARAMETER   10  beta_2CBO RESTORED TO VARIABLE.
                   PARAMETER    6  alpha_CBO RESTORED TO VARIABLE.
                   PARAMETER    4  phi RESTORED TO VARIABLE.
                   PARAMETER    3  A0 RESTORED TO VARIABLE.
                   PARAMETER    1  N0 RESTORED TO VARIABLE.
 **********
 **   43 **FIX           10
 **********
 **********
 **   44 **FIX           11
 **********
 **********
 **   45 **FIX           12
 **********
 PARAMETER   12  IS CONSTANT.   IGNORED.
 **********
 **   46 **FIX           13
 **********
 **********
 **   47 **FIX           14
 **********
 **********
 **   48 **FIX           15
 **********
 PARAMETER   15  IS CONSTANT.   IGNORED.
 **********
 **   49 **FIX           16
 **********
 **********
 **   50 **MIGRAD
 **********
 START MIGRAD MINIMIZATION.  STRATEGY  1.  CONVERGENCE WHEN EDM .LT. 1.00e-04
 FCN=60.537 FROM MIGRAD    STATUS=INITIATE       22 CALLS        4417 TOTAL
                     EDM= unknown      STRATEGY= 1      NO ERROR MATRIX       
  EXT PARAMETER               CURRENT GUESS       STEP         FIRST   
  NO.   NAME      VALUE            ERROR          SIZE      DERIVATIVE 
   1  N0           3.18370e+06   6.16511e+02   6.16511e+02  -3.17122e-03
   2  tau          6.43838e+01   constant   
   3  A0           3.44490e-01   2.60491e-04   2.60491e-04  -1.57012e+04
   4  phi          4.11885e+00   8.24205e-04   8.24205e-04  -3.96641e+03
   5  R           -6.09625e+01   constant   
   6  alpha_CBO    1.01578e-03   2.69751e-04   2.69751e-04  -3.06211e+03
   7  w_CBO        2.32500e+00   constant   
   8  beta_CBO     3.19294e-03   2.65513e-04  -9.00386e-08  -6.31926e+00
   9  alpha_2CBO   2.21600e-04   2.63363e-04  -1.36774e-07  -1.03125e+01
  10  beta_2CBO   -8.77552e-04     fixed    
  11  alpha_y      0.00000e+00     fixed    
  12  w_y          1.44500e+01   constant   
  13  beta_y       5.11801e-04     fixed    
  14  alpha_vw     0.00000e+00     fixed    
  15  w_vw         1.29000e+01   constant   
  16  beta_vw      0.00000e+00     fixed    
  17  LM          -7.20700e-04   constant   
  18  zeta_y       0.00000e+00   constant   
  19  zeta_vw      0.00000e+00   constant   
  20  T_CBO        3.75573e+01   4.63029e+01   1.57611e-03  -1.02876e+00
  21  alpha_A0    -6.96445e-02   5.16629e-01   2.95033e-03   1.27555e-02
  22  beta_A0      7.20622e-03   2.32469e-01  -1.08117e-03  -2.51989e-02
  23  alpha_phi   -4.72885e-01   3.19345e+00   2.11246e-02   3.27443e-02
  24  beta_phi     5.11106e-01   3.41678e+00  -2.17583e-02  -3.87180e-02
 CALL LIMIT EXCEEDED IN MIGRAD.
 MIGRAD TERMINATED WITHOUT CONVERGENCE.
 FCN=52.7342 FROM MIGRAD    STATUS=CALL LIMIT   1911 CALLS        6306 TOTAL
                     EDM=0.00301305    STRATEGY= 1  ERROR MATRIX UNCERTAINTY   0.1 per cent
  EXT PARAMETER                APPROXIMATE        STEP         FIRST   
  NO.   NAME      VALUE            ERROR          SIZE      DERIVATIVE 
   1  N0           3.18413e+06   5.82061e+02  -1.79304e+00   6.66541e-07
   2  tau          6.43838e+01   constant   
   3  A0           3.45037e-01   2.49183e-04   7.77944e-07   3.13682e+00
   4  phi          4.12005e+00   7.68681e-04   1.50962e-06  -1.07301e+01
   5  R           -6.09625e+01   constant   
   6  alpha_CBO    1.11200e-03   2.50518e-04  -1.08165e-07   3.63495e+01
   7  w_CBO        2.32500e+00   constant   
   8  beta_CBO     3.35911e-03   2.69518e-04  -3.66397e-08  -9.40303e+00
   9  alpha_2CBO   1.78978e-04   2.59012e-04  -7.83126e-07  -7.39337e+00
  10  beta_2CBO   -8.77552e-04     fixed    
  11  alpha_y      0.00000e+00     fixed    
  12  w_y          1.44500e+01   constant   
  13  beta_y       5.11801e-04     fixed    
  14  alpha_vw     0.00000e+00     fixed    
  15  w_vw         1.29000e+01   constant   
  16  beta_vw      0.00000e+00     fixed    
  17  LM          -7.20700e-04   constant   
  18  zeta_y       0.00000e+00   constant   
  19  zeta_vw      0.00000e+00   constant   
  20  T_CBO        3.21377e+02   6.57210e+02   5.73226e-02  -2.80356e-01
  21  alpha_A0    -4.21176e-04   2.45959e-03   1.31241e-04   2.25085e+01
  22  beta_A0      5.45283e-04   3.25425e-03  -1.50138e-05   6.88580e+00
  23  alpha_phi   -4.79846e-03   7.23242e-03   3.17549e-04   3.46470e+01
  24  beta_phi     4.76481e-03   7.09418e-03  -3.02203e-04  -5.03272e+00
 EXTERNAL ERROR MATRIX.    NDIM=  25    NPAR= 11    ERR DEF=1
  3.388e+05 
 -4.444e-03  6.209e-08 
 -2.815e-02  7.575e-09  5.909e-07 
  1.055e-02  2.298e-09 -2.143e-08  6.276e-08 
  1.425e-02  1.133e-08  2.223e-08 -9.498e-10  7.264e-08 
 -3.812e-03  6.305e-10 -1.262e-08 -1.685e-09 -5.081e-09  6.709e-08 
 -7.855e+03  8.836e-03 -4.872e-03  2.673e-03  1.588e-04 -1.536e-03  4.108e+05 
 -3.333e-01  7.605e-08  1.189e-07 -3.075e-08  9.616e-12 -7.903e-08  7.065e-01  6.050e-06 
  3.049e-01 -8.993e-08  2.969e-07 -3.042e-08 -6.412e-09 -7.305e-08 -6.943e-01 -1.835e-06  1.059e-05 
  1.363e-01  3.654e-08  5.352e-08 -2.524e-08  1.126e-08  2.101e-08  4.439e+00  5.981e-06 -6.452e-06  5.231e-05 
  3.118e-01 -1.775e-07 -3.711e-08 -2.131e-08 -4.644e-08 -4.275e-08 -4.347e+00 -7.565e-06  8.678e-06 -4.602e-05  5.033e-05 
ERR MATRIX APPROXIMATE
 PARAMETER  CORRELATION COEFFICIENTS  
       NO.  GLOBAL      1      3      4      6      8      9     20     21     22     23     24
        1  0.36019   1.000 -0.031 -0.063  0.072  0.091 -0.025 -0.021 -0.233  0.161  0.032  0.076
        3  0.27113  -0.031  1.000  0.040  0.037  0.169  0.010  0.055  0.124 -0.111  0.020 -0.100
        4  0.25305  -0.063  0.040  1.000 -0.111  0.107 -0.063 -0.010  0.063  0.119  0.010 -0.007
        6  0.20061   0.072  0.037 -0.111  1.000 -0.014 -0.026  0.017 -0.050 -0.037 -0.014 -0.012
        8  0.24615   0.091  0.169  0.107 -0.014  1.000 -0.073  0.001  0.000 -0.007  0.006 -0.024
        9  0.23010  -0.025  0.010 -0.063 -0.026 -0.073  1.000 -0.009 -0.124 -0.087  0.011 -0.023
       20  0.98556  -0.021  0.055 -0.010  0.017  0.001 -0.009  1.000  0.448 -0.333  0.958 -0.956
       21  0.60508  -0.233  0.124  0.063 -0.050  0.000 -0.124  0.448  1.000 -0.229  0.336 -0.434
       22  0.44651   0.161 -0.111  0.119 -0.037 -0.007 -0.087 -0.333 -0.229  1.000 -0.274  0.376
       23  0.96686   0.032  0.020  0.010 -0.014  0.006  0.011  0.958  0.336 -0.274  1.000 -0.897
       24  0.96236   0.076 -0.100 -0.007 -0.012 -0.024 -0.023 -0.956 -0.434  0.376 -0.897  1.000
 ERR MATRIX APPROXIMATE
MINUIT - FIT ONLY 1-y
 **********
 **   51 **RES 
 **********
                   PARAMETER   16  beta_vw RESTORED TO VARIABLE.
                   PARAMETER   14  alpha_vw RESTORED TO VARIABLE.
                   PARAMETER   13  beta_y RESTORED TO VARIABLE.
                   PARAMETER   11  alpha_y RESTORED TO VARIABLE.
                   PARAMETER   10  beta_2CBO RESTORED TO VARIABLE.
 **********
 **   52 **FIX            0
 **********
 PARAMETER    0  IS UNDEFINED. IGNORED.
 **********
 **   53 **FIX            1
 **********
 **********
 **   54 **FIX            2
 **********
 PARAMETER    2  IS CONSTANT.   IGNORED.
 **********
 **   55 **FIX            3
 **********
 **********
 **   56 **FIX            4
 **********
 **********
 **   57 **FIX            5
 **********
 PARAMETER    5  IS CONSTANT.   IGNORED.
 **********
 **   58 **FIX            6
 **********
 **********
 **   59 **FIX            7
 **********
 PARAMETER    7  IS CONSTANT.   IGNORED.
 **********
 **   60 **FIX            8
 **********
 **********
 **   61 **FIX            9
 **********
 **********
 **   62 **FIX           13
 **********
 **********
 **   63 **FIX           14
 **********
 **********
 **   64 **FIX           15
 **********
 PARAMETER   15  IS CONSTANT.   IGNORED.
 **********
 **   65 **FIX           16
 **********
 **********
 **   66 **MIGRAD
 **********
 START MIGRAD MINIMIZATION.  STRATEGY  1.  CONVERGENCE WHEN EDM .LT. 1.00e-04
 FCN=52.7342 FROM MIGRAD    STATUS=INITIATE       16 CALLS        6322 TOTAL
                     EDM= unknown      STRATEGY= 1      NO ERROR MATRIX       
  EXT PARAMETER               CURRENT GUESS       STEP         FIRST   
  NO.   NAME      VALUE            ERROR          SIZE      DERIVATIVE 
   1  N0           3.18413e+06     fixed    
   2  tau          6.43838e+01   constant   
   3  A0           3.45037e-01     fixed    
   4  phi          4.12005e+00     fixed    
   5  R           -6.09625e+01   constant   
   6  alpha_CBO    1.11200e-03     fixed    
   7  w_CBO        2.32500e+00   constant   
   8  beta_CBO     3.35911e-03     fixed    
   9  alpha_2CBO   1.78978e-04     fixed    
  10  beta_2CBO   -8.77552e-04   2.67889e-04   2.67889e-04  -6.41005e+03
  11  alpha_y      0.00000e+00   1.00000e-03   1.00000e-03   7.94913e+03
  12  w_y          1.44500e+01   constant   
  13  beta_y       5.11801e-04     fixed    
  14  alpha_vw     0.00000e+00     fixed    
  15  w_vw         1.29000e+01   constant   
  16  beta_vw      0.00000e+00     fixed    
  17  LM          -7.20700e-04   constant   
  18  zeta_y       0.00000e+00   constant   
  19  zeta_vw      0.00000e+00   constant   
  20  T_CBO        3.21377e+02   6.57210e+02   5.73226e-02  -2.80362e-01
  21  alpha_A0    -4.21176e-04   2.45959e-03   1.31241e-04   2.25085e+01
  22  beta_A0      5.45283e-04   3.25425e-03  -1.50138e-05   6.88580e+00
  23  alpha_phi   -4.79846e-03   7.23242e-03   3.17549e-04   3.46470e+01
  24  beta_phi     4.76481e-03   7.09418e-03  -3.02203e-04  -5.03272e+00
 MIGRAD MINIMIZATION HAS CONVERGED.
 MIGRAD WILL VERIFY CONVERGENCE AND ERROR MATRIX.
 COVARIANCE MATRIX CALCULATED SUCCESSFULLY
 FCN=50.8894 FROM MIGRAD    STATUS=CONVERGED     465 CALLS        6771 TOTAL
                     EDM=6.49745e-06    STRATEGY= 1      ERROR MATRIX ACCURATE 
  EXT PARAMETER                                   STEP         FIRST   
  NO.   NAME      VALUE            ERROR          SIZE      DERIVATIVE 
   1  N0           3.18413e+06     fixed    
   2  tau          6.43838e+01   constant   
   3  A0           3.45037e-01     fixed    
   4  phi          4.12005e+00     fixed    
   5  R           -6.09625e+01   constant   
   6  alpha_CBO    1.11200e-03     fixed    
   7  w_CBO        2.32500e+00   constant   
   8  beta_CBO     3.35911e-03     fixed    
   9  alpha_2CBO   1.78978e-04     fixed    
  10  beta_2CBO   -6.50629e-04   2.67269e-04   9.16576e-07  -6.58284e+00
  11  alpha_y     -2.69229e-04   2.60410e-04   9.15668e-07   2.47928e-01
  12  w_y          1.44500e+01   constant   
  13  beta_y       5.11801e-04     fixed    
  14  alpha_vw     0.00000e+00     fixed    
  15  w_vw         1.29000e+01   constant   
  16  beta_vw      0.00000e+00     fixed    
  17  LM          -7.20700e-04   constant   
  18  zeta_y       0.00000e+00   constant   
  19  zeta_vw      0.00000e+00   constant   
  20  T_CBO        9.99977e+02   5.24366e+02   4.41130e-02  -1.13288e-04
  21  alpha_A0    -1.90591e-04   1.32752e-03   4.63747e-06   1.07476e-01
  22  beta_A0      1.56651e-04   1.37958e-03   4.79393e-06   2.88097e-01
  23  alpha_phi   -3.12032e-03   1.24536e-03   4.33535e-06   9.52773e-01
  24  beta_phi     3.28503e-03   1.25762e-03   4.38280e-06  -1.89003e+00
 EXTERNAL ERROR MATRIX.    NDIM=  25    NPAR=  7    ERR DEF=1
  7.143e-08  5.793e-11  1.486e-06  3.314e-08 -5.436e-08  3.307e-08  3.381e-08 
  5.793e-11  6.781e-08 -2.740e-07 -2.406e-09  6.696e-09 -2.591e-10 -4.177e-09 
  1.486e-06 -2.740e-07  3.948e+03 -1.838e-04  1.489e-04 -3.050e-03  3.242e-03 
  3.314e-08 -2.406e-09 -1.838e-04  1.762e-06 -6.399e-08 -9.521e-08 -8.854e-09 
 -5.436e-08  6.696e-09  1.489e-04 -6.399e-08  1.903e-06 -3.409e-08  4.356e-08 
  3.307e-08 -2.591e-10 -3.050e-03 -9.521e-08 -3.409e-08  1.551e-06  1.215e-07 
  3.381e-08 -4.177e-09  3.242e-03 -8.854e-09  4.356e-08  1.215e-07  1.582e-06 
 PARAMETER  CORRELATION COEFFICIENTS  
       NO.  GLOBAL     10     11     20     21     22     23     24
       10  0.22214   1.000  0.001  0.000  0.093 -0.147  0.099  0.101
       11  0.02439   0.001  1.000 -0.000 -0.007  0.019 -0.001 -0.013
       20  0.05908   0.000 -0.000  1.000 -0.002  0.002 -0.039  0.041
       21  0.11775   0.093 -0.007 -0.002  1.000 -0.035 -0.058 -0.005
       22  0.15566  -0.147  0.019  0.002 -0.035  1.000 -0.020  0.025
       23  0.14390   0.099 -0.001 -0.039 -0.058 -0.020  1.000  0.078
       24  0.13624   0.101 -0.013  0.041 -0.005  0.025  0.078  1.000
MINUIT - FIT ONLY 2-y
 **********
 **   67 **RES 
 **********
                   PARAMETER   16  beta_vw RESTORED TO VARIABLE.
                   PARAMETER   14  alpha_vw RESTORED TO VARIABLE.
                   PARAMETER   13  beta_y RESTORED TO VARIABLE.
                   PARAMETER    9  alpha_2CBO RESTORED TO VARIABLE.
                   PARAMETER    8  beta_CBO RESTORED TO VARIABLE.
                   PARAMETER    6  alpha_CBO RESTORED TO VARIABLE.
                   PARAMETER    4  phi RESTORED TO VARIABLE.
                   PARAMETER    3  A0 RESTORED TO VARIABLE.
                   PARAMETER    1  N0 RESTORED TO VARIABLE.
 **********
 **   68 **FIX            0
 **********
 PARAMETER    0  IS UNDEFINED. IGNORED.
 **********
 **   69 **FIX            1
 **********
 **********
 **   70 **FIX            2
 **********
 PARAMETER    2  IS CONSTANT.   IGNORED.
 **********
 **   71 **FIX            3
 **********
 **********
 **   72 **FIX            4
 **********
 **********
 **   73 **FIX            5
 **********
 PARAMETER    5  IS CONSTANT.   IGNORED.
 **********
 **   74 **FIX            6
 **********
 **********
 **   75 **FIX            7
 **********
 PARAMETER    7  IS CONSTANT.   IGNORED.
 **********
 **   76 **FIX            8
 **********
 **********
 **   77 **FIX            9
 **********
 **********
 **   78 **FIX           10
 **********
 **********
 **   79 **FIX           11
 **********
 **********
 **   80 **FIX           12
 **********
 PARAMETER   12  IS CONSTANT.   IGNORED.
 **********
 **   81 **FIX           16
 **********
 **********
 **   82 **MIGRAD
 **********
 START MIGRAD MINIMIZATION.  STRATEGY  1.  CONVERGENCE WHEN EDM .LT. 1.00e-04
 FCN=50.8894 FROM MIGRAD    STATUS=INITIATE       16 CALLS        6787 TOTAL
                     EDM= unknown      STRATEGY= 1      NO ERROR MATRIX       
  EXT PARAMETER               CURRENT GUESS       STEP         FIRST   
  NO.   NAME      VALUE            ERROR          SIZE      DERIVATIVE 
   1  N0           3.18413e+06     fixed    
   2  tau          6.43838e+01   constant   
   3  A0           3.45037e-01     fixed    
   4  phi          4.12005e+00     fixed    
   5  R           -6.09625e+01   constant   
   6  alpha_CBO    1.11200e-03     fixed    
   7  w_CBO        2.32500e+00   constant   
   8  beta_CBO     3.35911e-03     fixed    
   9  alpha_2CBO   1.78978e-04     fixed    
  10  beta_2CBO   -6.50629e-04     fixed    
  11  alpha_y     -2.69229e-04     fixed    
  12  w_y          1.44500e+01   constant   
  13  beta_y       5.11801e-04   2.60878e-04   2.60878e-04   1.87268e+03
  14  alpha_vw     0.00000e+00   1.00000e-03   1.00000e-03   5.43353e+03
