 + ++++++++++++++++++++++++++++++++++++++++++++++++++++++++++++++++++++ +
 +                                                                      +
 +           You have chose to blind your fitting according to          +
 +                omega_ref * (1 + (R +/- deltaR) *10^{-6})             +
 +                                                                      +
 + ++++++++++++++++++++++++++++++++++++++++++++++++++++++++++++++++++++ +
In main()...
reading format from /gm2data/zkhechad/run45/envelope/formats/formatB_sBin_constraintOn.txt
pBinTau 	= 0  
pBinPhi 	= 0  
constraintau 	= 1 
includeMopTerm 	= 0    
constrainMop    = 0   
Parameters after format file: pBinTau 0 pBinPhi 0 constraintau 1 includeMopTerm 0 constrainMop 0 c_e_scale 0.000000 
Opening file /gm2data/tbarrett/gm2fr/studies/run23_bunch_corrections/CorrectedFourier_Run3b.root.
reading full fit data from /gm2data/zkhechad/cboTemplates/Run4CBOTemplates/fullFits/noRF/sBin_constraintOn_cE0.0_seed0_noRF_calo18.root
windowBins = 69
fitting sliding window 840 from bin 976 at 145.470000 to bin 1045 at 155.914000 (69 bins)

Reading data from /gm2data/cornell/histograms/aMethod/histogram_a_noRF.root
 **********
 **    1 **SET PRINTOUT            1
 **********
 **********
 **    2 **SET NOWARNINGS 
 **********
 PARAMETER DEFINITIONS:
    NO.   NAME         VALUE      STEP SIZE      LIMITS
     1 N0           3.61741e+06  1.00000e+02     no limits
     2 tau          6.44109e+01  constant
     3 A0           3.53417e-01  1.00000e-04     no limits
     4 phi          4.12209e+00  1.00000e-02     no limits
     5 R           -6.03373e+01  constant
     6 alpha_CBO    0.00000e+00  1.00000e-03     no limits
     7 w_CBO        2.32500e+00  constant
     8 beta_CBO     0.00000e+00  1.00000e-03     no limits
     9 alpha_2CBO   0.00000e+00  1.00000e-03     no limits
    10 beta_2CBO    0.00000e+00  1.00000e-03     no limits
    11 alpha_y      0.00000e+00  1.00000e-03     no limits
    12 w_y          1.38860e+01  constant
    13 beta_y       0.00000e+00  1.00000e-03     no limits
    14 alpha_vw     0.00000e+00  1.00000e-03     no limits
    15 w_vw         1.43404e+01  constant
    16 beta_vw      0.00000e+00  1.00000e-03     no limits
    17 LM           1.86654e-04  constant
    18 zeta_y       0.00000e+00  constant
    19 zeta_vw      0.00000e+00  constant
    20 T_CBO        1.00000e+02  1.00000e+00    0.00000e+00  1.00000e+03
    21 alpha_A0     0.00000e+00  1.00000e-04   -1.00000e-02  1.00000e-02
    22 beta_A0      0.00000e+00  1.00000e-04   -1.00000e-02  1.00000e-02
    23 alpha_phi    0.00000e+00  1.00000e-04   -1.00000e-02  1.00000e-02
    24 beta_phi     0.00000e+00  1.00000e-04   -1.00000e-02  1.00000e-02
MINUIT - FIT ONLY WIGGLE
 **********
 **    3 **FIX            5
 **********
 PARAMETER    5  IS CONSTANT.   IGNORED.
 **********
 **    4 **FIX            6
 **********
 **********
 **    5 **FIX            7
 **********
 PARAMETER    7  IS CONSTANT.   IGNORED.
 **********
 **    6 **FIX            8
 **********
 **********
 **    7 **FIX            9
 **********
 **********
 **    8 **FIX           10
 **********
 **********
 **    9 **FIX           11
 **********
 **********
 **   10 **FIX           12
 **********
 PARAMETER   12  IS CONSTANT.   IGNORED.
 **********
 **   11 **FIX           13
 **********
 **********
 **   12 **FIX           14
 **********
 **********
 **   13 **FIX           15
 **********
 PARAMETER   15  IS CONSTANT.   IGNORED.
 **********
 **   14 **FIX           16
 **********
 **********
 **   15 **MIGRAD
 **********
 FIRST CALL TO USER FUNCTION AT NEW START POINT, WITH IFLAG=4.
 START MIGRAD MINIMIZATION.  STRATEGY  1.  CONVERGENCE WHEN EDM .LT. 1.00e-04
 FCN=770.078 FROM MIGRAD    STATUS=INITIATE      437 CALLS         438 TOTAL
                     EDM= unknown      STRATEGY= 1      NO ERROR MATRIX       
  EXT PARAMETER               CURRENT GUESS       STEP         FIRST   
  NO.   NAME      VALUE            ERROR          SIZE      DERIVATIVE 
   1  N0           3.61741e+06   1.00000e+02   0.00000e+00  -7.85203e-03
   2  tau          6.44109e+01   constant   
   3  A0           3.53417e-01   1.00000e-04   0.00000e+00   5.35781e+04
   4  phi          4.12209e+00   1.00000e-02   0.00000e+00   1.78085e+04
   5  R           -6.03373e+01   constant   
   6  alpha_CBO    0.00000e+00     fixed    
   7  w_CBO        2.32500e+00   constant   
   8  beta_CBO     0.00000e+00     fixed    
   9  alpha_2CBO   0.00000e+00     fixed    
  10  beta_2CBO    0.00000e+00     fixed    
  11  alpha_y      0.00000e+00     fixed    
  12  w_y          1.38860e+01   constant   
  13  beta_y       0.00000e+00     fixed    
  14  alpha_vw     0.00000e+00     fixed    
  15  w_vw         1.43404e+01   constant   
  16  beta_vw      0.00000e+00     fixed    
  17  LM           1.86654e-04   constant   
  18  zeta_y       0.00000e+00   constant   
  19  zeta_vw      0.00000e+00   constant   
  20  T_CBO        1.00000e+02   1.00000e+00   0.00000e+00   0.00000e+00
  21  alpha_A0     0.00000e+00   1.00000e-04   0.00000e+00   2.70876e+01
  22  beta_A0      0.00000e+00   1.00000e-04   0.00000e+00  -8.30044e+00
  23  alpha_phi    0.00000e+00   1.00000e-04   0.00000e+00   6.53949e+00
  24  beta_phi     0.00000e+00   1.00000e-04   0.00000e+00  -3.06877e+01
 MIGRAD MINIMIZATION HAS CONVERGED.
 FCN=676.101 FROM MIGRAD    STATUS=CONVERGED     651 CALLS         652 TOTAL
                     EDM=5.03777e-06    STRATEGY= 1  ERROR MATRIX UNCERTAINTY   2.2 per cent
  EXT PARAMETER                                   STEP         FIRST   
  NO.   NAME      VALUE            ERROR          SIZE      DERIVATIVE 
   1  N0           3.61761e+06   4.82313e+02  -1.37709e+00  -1.40051e-06
   2  tau          6.44109e+01   constant   
   3  A0           3.52453e-01   1.83102e-04   6.52039e-07  -1.00654e+01
   4  phi          4.11950e+00   5.18312e-04  -9.54453e-07   4.10564e-01
   5  R           -6.03373e+01   constant   
   6  alpha_CBO    0.00000e+00     fixed    
   7  w_CBO        2.32500e+00   constant   
   8  beta_CBO     0.00000e+00     fixed    
   9  alpha_2CBO   0.00000e+00     fixed    
  10  beta_2CBO    0.00000e+00     fixed    
  11  alpha_y      0.00000e+00     fixed    
  12  w_y          1.38860e+01   constant   
  13  beta_y       0.00000e+00     fixed    
  14  alpha_vw     0.00000e+00     fixed    
  15  w_vw         1.43404e+01   constant   
  16  beta_vw      0.00000e+00     fixed    
  17  LM           1.86654e-04   constant   
  18  zeta_y       0.00000e+00   constant   
  19  zeta_vw      0.00000e+00   constant   
  20  T_CBO        1.54546e+02   2.90668e+01   1.46571e-04   1.39953e-02
  21  alpha_A0    -6.57506e-03   2.22244e-03  -8.90449e-04  -4.59239e-03
  22  beta_A0      4.03901e-03   2.14433e-03  -1.58552e-04   3.59192e-03
  23  alpha_phi   -3.66810e-04   1.99968e-03   2.13429e-04   1.12175e-02
  24  beta_phi     9.99854e-03   5.12170e-04   4.99131e-04  -7.23793e-03
 EXTERNAL ERROR MATRIX.    NDIM=  25    NPAR=  8    ERR DEF=1
  2.326e+05 -4.628e-03  3.451e-02 -2.054e+03  6.234e-02  1.972e-01  1.721e-01 -4.497e-03 
 -4.628e-03  3.353e-08  1.131e-09 -1.903e-04 -5.672e-09 -5.138e-08 -7.991e-08  3.713e-10 
  3.451e-02  1.131e-09  2.686e-07 -2.338e-03 -9.136e-08  8.763e-08  5.552e-08 -1.988e-09 
 -2.054e+03 -1.903e-04 -2.338e-03  8.467e+02  3.826e-02 -2.226e-02 -1.509e-03  6.236e-05 
  6.234e-02 -5.672e-09 -9.136e-08  3.826e-02  5.090e-06 -7.178e-07  1.660e-07 -1.132e-08 
  1.972e-01 -5.138e-08  8.763e-08 -2.226e-02 -7.178e-07  4.685e-06  5.878e-07 -2.173e-09 
  1.721e-01 -7.991e-08  5.552e-08 -1.509e-03  1.660e-07  5.878e-07  4.053e-06  5.912e-09 
 -4.497e-03  3.713e-10 -1.988e-09  6.236e-05 -1.132e-08 -2.173e-09  5.912e-09  3.008e-09 
 PARAMETER  CORRELATION COEFFICIENTS  
       NO.  GLOBAL      1      3      4     20     21     22     23     24
        1  0.35132   1.000 -0.052  0.138 -0.146  0.057  0.189  0.177 -0.170
        3  0.26169  -0.052  1.000  0.012 -0.036 -0.014 -0.130 -0.217  0.037
        4  0.20377   0.138  0.012  1.000 -0.155 -0.078  0.078  0.053 -0.070
       20  0.66591  -0.146 -0.036 -0.155  1.000  0.583 -0.353 -0.026  0.039
       21  0.61066   0.057 -0.014 -0.078  0.583  1.000 -0.147  0.037 -0.091
       22  0.41342   0.189 -0.130  0.078 -0.353 -0.147  1.000  0.135 -0.018
       23  0.30364   0.177 -0.217  0.053 -0.026  0.037  0.135  1.000  0.054
       24  0.23529  -0.170  0.037 -0.070  0.039 -0.091 -0.018  0.054  1.000
MINUIT - FIT ONLY 1-CBO + wiggle
 **********
 **   16 **RES 
 **********
                   PARAMETER   16  beta_vw RESTORED TO VARIABLE.
                   PARAMETER   14  alpha_vw RESTORED TO VARIABLE.
                   PARAMETER   13  beta_y RESTORED TO VARIABLE.
                   PARAMETER   11  alpha_y RESTORED TO VARIABLE.
                   PARAMETER   10  beta_2CBO RESTORED TO VARIABLE.
                   PARAMETER    9  alpha_2CBO RESTORED TO VARIABLE.
                   PARAMETER    8  beta_CBO RESTORED TO VARIABLE.
                   PARAMETER    6  alpha_CBO RESTORED TO VARIABLE.
 **********
 **   17 **FIX            8
 **********
 **********
 **   18 **FIX            9
 **********
 **********
 **   19 **FIX           11
 **********
 **********
 **   20 **FIX           12
 **********
 PARAMETER   12  IS CONSTANT.   IGNORED.
 **********
 **   21 **FIX           14
 **********
 **********
 **   22 **FIX           15
 **********
 PARAMETER   15  IS CONSTANT.   IGNORED.
 **********
 **   23 **FIX           16
 **********
 **********
 **   24 **MIGRAD
 **********
 START MIGRAD MINIMIZATION.  STRATEGY  1.  CONVERGENCE WHEN EDM .LT. 1.00e-04
 FCN=676.101 FROM MIGRAD    STATUS=INITIATE       28 CALLS         680 TOTAL
                     EDM= unknown      STRATEGY= 1      NO ERROR MATRIX       
  EXT PARAMETER               CURRENT GUESS       STEP         FIRST   
  NO.   NAME      VALUE            ERROR          SIZE      DERIVATIVE 
   1  N0           3.61761e+06   4.82313e+02  -1.37709e+00  -1.40051e-06
   2  tau          6.44109e+01   constant   
   3  A0           3.52453e-01   1.83102e-04   6.52039e-07  -1.00654e+01
   4  phi          4.11950e+00   5.18312e-04  -9.54453e-07   4.10564e-01
   5  R           -6.03373e+01   constant   
   6  alpha_CBO    0.00000e+00   1.00000e-03   1.00000e-03  -2.62874e+05
   7  w_CBO        2.32500e+00   constant   
   8  beta_CBO     0.00000e+00     fixed    
   9  alpha_2CBO   0.00000e+00     fixed    
  10  beta_2CBO    0.00000e+00   1.00000e-03   1.00000e-03  -1.89189e+03
  11  alpha_y      0.00000e+00     fixed    
  12  w_y          1.38860e+01   constant   
  13  beta_y       0.00000e+00   1.00000e-03   1.00000e-03   1.47116e+04
  14  alpha_vw     0.00000e+00     fixed    
  15  w_vw         1.43404e+01   constant   
  16  beta_vw      0.00000e+00     fixed    
  17  LM           1.86654e-04   constant   
  18  zeta_y       0.00000e+00   constant   
  19  zeta_vw      0.00000e+00   constant   
  20  T_CBO        1.54546e+02   2.90668e+01   1.46571e-04   1.39953e-02
  21  alpha_A0    -6.57506e-03   2.22244e-03  -8.90449e-04  -4.59214e-03
  22  beta_A0      4.03901e-03   2.14433e-03  -1.58552e-04   3.59194e-03
  23  alpha_phi   -3.66810e-04   1.99968e-03   2.13429e-04   1.12175e-02
  24  beta_phi     9.99854e-03   5.12170e-04   4.99131e-04  -7.25499e-03
 MIGRAD MINIMIZATION HAS CONVERGED.
 FCN=85.6441 FROM MIGRAD    STATUS=CONVERGED    1193 CALLS        1845 TOTAL
                     EDM=2.79155e-06    STRATEGY= 1  ERROR MATRIX UNCERTAINTY   0.5 per cent
  EXT PARAMETER                                   STEP         FIRST   
  NO.   NAME      VALUE            ERROR          SIZE      DERIVATIVE 
   1  N0           3.61806e+06   4.85054e+02  -2.76245e-02  -1.75586e-06
   2  tau          6.44109e+01   constant   
   3  A0           3.53396e-01   1.82405e-04   3.40834e-07   2.41688e+00
   4  phi          4.12164e+00   5.19582e-04   8.30166e-07  -1.64479e-01
   5  R           -6.03373e+01   constant   
   6  alpha_CBO    4.47994e-03   1.83383e-04   2.15309e-07  -2.63283e+00
   7  w_CBO        2.32500e+00   constant   
   8  beta_CBO     0.00000e+00     fixed    
   9  alpha_2CBO   0.00000e+00     fixed    
  10  beta_2CBO   -1.43004e-04   1.73319e-04   1.74144e-07   1.93667e+00
  11  alpha_y      0.00000e+00     fixed    
  12  w_y          1.38860e+01   constant   
  13  beta_y      -2.40095e-04   1.79495e-04  -1.61158e-08   6.70795e-01
  14  alpha_vw     0.00000e+00     fixed    
  15  w_vw         1.43404e+01   constant   
  16  beta_vw      0.00000e+00     fixed    
  17  LM           1.86654e-04   constant   
  18  zeta_y       0.00000e+00   constant   
  19  zeta_vw      0.00000e+00   constant   
  20  T_CBO        9.99922e+02   5.23579e+02   3.08365e-02  -2.24698e-04
  21  alpha_A0     1.47634e-05   8.66923e-04   1.16259e-04   1.14631e-02
  22  beta_A0      6.24466e-04   9.40168e-04  -2.70352e-05   3.07115e-03
  23  alpha_phi   -1.82266e-03   9.21687e-04  -2.04361e-04  -1.39409e-02
  24  beta_phi     3.32352e-03   9.20716e-04  -2.21680e-04   4.17763e-03
 EXTERNAL ERROR MATRIX.    NDIM=  25    NPAR= 11    ERR DEF=1
  2.353e+05 
 -4.683e-03  3.327e-08 
  2.983e-02  3.521e-09  2.700e-07 
  4.102e-03  7.000e-09  1.534e-08  3.363e-08 
 -2.003e-03 -6.894e-10 -1.499e-09 -1.739e-09  3.004e-08 
  2.034e-05 -4.360e-10 -8.865e-10 -1.225e-10 -1.428e-10  3.222e-08 
 -4.811e+02  1.894e-03  4.393e-03  1.180e-03  9.831e-04 -1.026e-04  1.313e+04 
  7.375e-02 -2.001e-09 -2.073e-10  2.082e-08  8.973e-09 -1.488e-09  6.320e-03  7.534e-07 
  8.183e-02 -3.307e-08 -2.354e-09 -1.162e-08  1.696e-08  4.021e-09 -1.066e-02  3.509e-08  8.865e-07 
  9.418e-02 -2.461e-08  3.023e-08 -8.499e-09 -3.228e-09 -7.343e-10  1.487e-02  6.899e-08  1.422e-07  8.520e-07 
  4.042e-02  1.804e-08  7.831e-08  1.272e-08 -1.622e-08 -2.052e-09  3.093e-02  4.601e-09 -1.512e-07  7.619e-08  8.504e-07 
 PARAMETER  CORRELATION COEFFICIENTS  
       NO.  GLOBAL      1      3      4      6     10     13     20     21     22     23     24
        1  0.33711   1.000 -0.053  0.118  0.046 -0.024  0.000 -0.009  0.175  0.179  0.210  0.090
        3  0.31332  -0.053  1.000  0.037  0.209 -0.022 -0.013  0.091 -0.013 -0.193 -0.146  0.107
        4  0.24992   0.118  0.037  1.000  0.161 -0.017 -0.010  0.074 -0.000 -0.005  0.063  0.163
        6  0.30363   0.046  0.209  0.161  1.000 -0.055 -0.004  0.056  0.131 -0.067 -0.050  0.075
       10  0.18493  -0.024 -0.022 -0.017 -0.055  1.000 -0.005  0.050  0.060  0.104 -0.020 -0.102
       13  0.03164   0.000 -0.013 -0.010 -0.004 -0.005  1.000 -0.005 -0.010  0.024 -0.004 -0.012
       20  0.35034  -0.009  0.091  0.074  0.056  0.050 -0.005  1.000  0.064 -0.099  0.141  0.293
       21  0.24479   0.175 -0.013 -0.000  0.131  0.060 -0.010  0.064  1.000  0.043  0.086  0.006
       22  0.34901   0.179 -0.193 -0.005 -0.067  0.104  0.024 -0.099  0.043  1.000  0.164 -0.174
       23  0.33252   0.210 -0.146  0.063 -0.050 -0.020 -0.004  0.141  0.086  0.164  1.000  0.090
       24  0.39155   0.090  0.107  0.163  0.075 -0.102 -0.012  0.293  0.006 -0.174  0.090  1.000
MINUIT - FIT ONLY 2-CBO
 **********
 **   25 **RES 
 **********
                   PARAMETER   16  beta_vw RESTORED TO VARIABLE.
                   PARAMETER   14  alpha_vw RESTORED TO VARIABLE.
                   PARAMETER   11  alpha_y RESTORED TO VARIABLE.
                   PARAMETER    9  alpha_2CBO RESTORED TO VARIABLE.
                   PARAMETER    8  beta_CBO RESTORED TO VARIABLE.
 **********
 **   26 **FIX            0
 **********
 PARAMETER    0  IS UNDEFINED. IGNORED.
 **********
 **   27 **FIX            1
 **********
 **********
 **   28 **FIX            2
 **********
 PARAMETER    2  IS CONSTANT.   IGNORED.
 **********
 **   29 **FIX            3
 **********
 **********
 **   30 **FIX            4
 **********
 **********
 **   31 **FIX            5
 **********
 PARAMETER    5  IS CONSTANT.   IGNORED.
 **********
 **   32 **FIX            6
 **********
 **********
 **   33 **FIX            7
 **********
 PARAMETER    7  IS CONSTANT.   IGNORED.
 **********
 **   34 **FIX           10
 **********
 **********
 **   35 **FIX           11
 **********
 **********
 **   36 **FIX           12
 **********
 PARAMETER   12  IS CONSTANT.   IGNORED.
 **********
 **   37 **FIX           13
 **********
 **********
 **   38 **FIX           14
 **********
 **********
 **   39 **FIX           15
 **********
 PARAMETER   15  IS CONSTANT.   IGNORED.
 **********
 **   40 **FIX           16
 **********
 **********
 **   41 **MIGRAD
 **********
 START MIGRAD MINIMIZATION.  STRATEGY  1.  CONVERGENCE WHEN EDM .LT. 1.00e-04
 FCN=85.6441 FROM MIGRAD    STATUS=INITIATE       18 CALLS        1863 TOTAL
                     EDM= unknown      STRATEGY= 1      NO ERROR MATRIX       
  EXT PARAMETER               CURRENT GUESS       STEP         FIRST   
  NO.   NAME      VALUE            ERROR          SIZE      DERIVATIVE 
   1  N0           3.61806e+06     fixed    
   2  tau          6.44109e+01   constant   
   3  A0           3.53396e-01     fixed    
   4  phi          4.12164e+00     fixed    
   5  R           -6.03373e+01   constant   
   6  alpha_CBO    4.47994e-03     fixed    
   7  w_CBO        2.32500e+00   constant   
   8  beta_CBO     0.00000e+00   1.00000e-03   1.00000e-03  -4.63204e+04
   9  alpha_2CBO   0.00000e+00   1.00000e-03   1.00000e-03   2.11334e+04
  10  beta_2CBO   -1.43004e-04     fixed    
  11  alpha_y      0.00000e+00     fixed    
  12  w_y          1.38860e+01   constant   
  13  beta_y      -2.40095e-04     fixed    
  14  alpha_vw     0.00000e+00     fixed    
  15  w_vw         1.43404e+01   constant   
  16  beta_vw      0.00000e+00     fixed    
  17  LM           1.86654e-04   constant   
  18  zeta_y       0.00000e+00   constant   
  19  zeta_vw      0.00000e+00   constant   
  20  T_CBO        9.99922e+02   5.23579e+02   3.08365e-02  -2.26218e-04
  21  alpha_A0     1.47634e-05   8.66923e-04   1.16259e-04   1.14632e-02
  22  beta_A0      6.24466e-04   9.40168e-04  -2.70352e-05   3.07103e-03
  23  alpha_phi   -1.82266e-03   9.21687e-04  -2.04361e-04  -1.39409e-02
  24  beta_phi     3.32352e-03   9.20716e-04  -2.21680e-04  -4.17763e-03
 MIGRAD MINIMIZATION HAS CONVERGED.
 MIGRAD WILL VERIFY CONVERGENCE AND ERROR MATRIX.
 COVARIANCE MATRIX CALCULATED SUCCESSFULLY
 FCN=64.6656 FROM MIGRAD    STATUS=CONVERGED     136 CALLS        1981 TOTAL
                     EDM=1.09881e-06    STRATEGY= 1      ERROR MATRIX ACCURATE 
  EXT PARAMETER                                   STEP         FIRST   
  NO.   NAME      VALUE            ERROR          SIZE      DERIVATIVE 
   1  N0           3.61806e+06     fixed    
   2  tau          6.44109e+01   constant   
   3  A0           3.53396e-01     fixed    
   4  phi          4.12164e+00     fixed    
   5  R           -6.03373e+01   constant   
   6  alpha_CBO    4.47994e-03     fixed    
   7  w_CBO        2.32500e+00   constant   
   8  beta_CBO     7.66389e-04   1.85116e-04   7.25307e-07   7.39601e-02
   9  alpha_2CBO  -3.05619e-04   1.85931e-04   7.14919e-07   1.95951e-01
  10  beta_2CBO   -1.43004e-04     fixed    
  11  alpha_y      0.00000e+00     fixed    
  12  w_y          1.38860e+01   constant   
  13  beta_y      -2.40095e-04     fixed    
  14  alpha_vw     0.00000e+00     fixed    
  15  w_vw         1.43404e+01   constant   
  16  beta_vw      0.00000e+00     fixed    
  17  LM           1.86654e-04   constant   
  18  zeta_y       0.00000e+00   constant   
  19  zeta_vw      0.00000e+00   constant   
  20  T_CBO        1.00000e+03   9.02193e+02   4.13409e-02** at limit **
  21  alpha_A0    -2.04139e-04   7.93626e-04   3.11265e-04   1.63830e-02
  22  beta_A0      1.18655e-03   8.74533e-04   3.43430e-04   5.41397e-03
  23  alpha_phi   -2.04687e-03   8.34419e-04   3.33186e-04   1.28185e-03
  24  beta_phi     3.16160e-03   8.01731e-04   3.31849e-04  -6.77215e-03
 EXTERNAL ERROR MATRIX.    NDIM=  25    NPAR=  7    ERR DEF=1
  3.427e-08  2.575e-09 -3.465e-08 -2.066e-09  1.681e-08 -2.911e-10 -9.069e-10 
  2.575e-09  3.457e-08 -2.807e-08  1.621e-08 -1.642e-08  2.060e-08  1.334e-08 
 -3.465e-08 -2.807e-08  5.502e-01 -2.678e-06  1.411e-05 -2.474e-05  3.774e-05 
 -2.066e-09  1.621e-08 -2.678e-06  6.312e-07  2.027e-08  3.326e-08  4.929e-08 
  1.681e-08 -1.642e-08  1.411e-05  2.027e-08  7.668e-07  4.423e-08  1.529e-08 
 -2.911e-10  2.060e-08 -2.474e-05  3.326e-08  4.423e-08  6.979e-07  2.699e-09 
 -9.069e-10  1.334e-08  3.774e-05  4.929e-08  1.529e-08  2.699e-09  6.443e-07 
 PARAMETER  CORRELATION COEFFICIENTS  
       NO.  GLOBAL      8      9     20     21     22     23     24
        8  0.13938   1.000  0.075 -0.000 -0.014  0.104 -0.002 -0.006
        9  0.23591   0.075  1.000 -0.000  0.110 -0.101  0.133  0.089
       20  0.07895  -0.000 -0.000  1.000 -0.005  0.022 -0.040  0.063
       21  0.14119  -0.014  0.110 -0.005  1.000  0.029  0.050  0.077
       22  0.17726   0.104 -0.101  0.022  0.029  1.000  0.060  0.022
       23  0.16236  -0.002  0.133 -0.040  0.050  0.060  1.000  0.004
       24  0.13299  -0.006  0.089  0.063  0.077  0.022  0.004  1.000
MINUIT - FIT wiggle + 1-CBO + 2-CBO
 **********
 **   42 **RES 
 **********
                   PARAMETER   16  beta_vw RESTORED TO VARIABLE.
                   PARAMETER   14  alpha_vw RESTORED TO VARIABLE.
                   PARAMETER   13  beta_y RESTORED TO VARIABLE.
                   PARAMETER   11  alpha_y RESTORED TO VARIABLE.
                   PARAMETER   10  beta_2CBO RESTORED TO VARIABLE.
                   PARAMETER    6  alpha_CBO RESTORED TO VARIABLE.
                   PARAMETER    4  phi RESTORED TO VARIABLE.
                   PARAMETER    3  A0 RESTORED TO VARIABLE.
                   PARAMETER    1  N0 RESTORED TO VARIABLE.
 **********
 **   43 **FIX           10
 **********
 **********
 **   44 **FIX           11
 **********
 **********
 **   45 **FIX           12
 **********
 PARAMETER   12  IS CONSTANT.   IGNORED.
 **********
 **   46 **FIX           13
 **********
 **********
 **   47 **FIX           14
 **********
 **********
 **   48 **FIX           15
 **********
 PARAMETER   15  IS CONSTANT.   IGNORED.
 **********
 **   49 **FIX           16
 **********
 **********
 **   50 **MIGRAD
 **********
 START MIGRAD MINIMIZATION.  STRATEGY  1.  CONVERGENCE WHEN EDM .LT. 1.00e-04
 FCN=64.6656 FROM MIGRAD    STATUS=INITIATE       22 CALLS        2003 TOTAL
                     EDM= unknown      STRATEGY= 1      NO ERROR MATRIX       
  EXT PARAMETER               CURRENT GUESS       STEP         FIRST   
  NO.   NAME      VALUE            ERROR          SIZE      DERIVATIVE 
   1  N0           3.61806e+06   4.85054e+02   4.85054e+02   1.04292e-03
   2  tau          6.44109e+01   constant   
   3  A0           3.53396e-01   1.82405e-04   1.82405e-04   5.46643e+03
   4  phi          4.12164e+00   5.19582e-04   5.19582e-04  -2.31960e+03
   5  R           -6.03373e+01   constant   
   6  alpha_CBO    4.47994e-03   1.83383e-04   1.83383e-04   6.36595e+02
   7  w_CBO        2.32500e+00   constant   
   8  beta_CBO     7.66389e-04   1.85116e-04   7.25307e-07   7.42286e-02
   9  alpha_2CBO  -3.05619e-04   1.85931e-04   7.14919e-07   1.95635e-01
  10  beta_2CBO   -1.43004e-04     fixed    
  11  alpha_y      0.00000e+00     fixed    
  12  w_y          1.38860e+01   constant   
  13  beta_y      -2.40095e-04     fixed    
  14  alpha_vw     0.00000e+00     fixed    
  15  w_vw         1.43404e+01   constant   
  16  beta_vw      0.00000e+00     fixed    
  17  LM           1.86654e-04   constant   
  18  zeta_y       0.00000e+00   constant   
  19  zeta_vw      0.00000e+00   constant   
  20  T_CBO        9.99999e+02   9.02193e+02   4.13409e-02  -3.69817e-05
  21  alpha_A0    -2.04139e-04   7.93626e-04   3.11265e-04   1.63849e-02
  22  beta_A0      1.18655e-03   8.74533e-04   3.43430e-04   5.40756e-03
  23  alpha_phi   -2.04687e-03   8.34419e-04   3.33186e-04   1.29366e-03
  24  beta_phi     3.16160e-03   8.01731e-04   3.31849e-04  -6.79041e-03
 MIGRAD MINIMIZATION HAS CONVERGED.
 MIGRAD WILL VERIFY CONVERGENCE AND ERROR MATRIX.
 COVARIANCE MATRIX CALCULATED SUCCESSFULLY
 FCN=64.0579 FROM MIGRAD    STATUS=CONVERGED     220 CALLS        2201 TOTAL
                     EDM=1.44565e-06    STRATEGY= 1      ERROR MATRIX ACCURATE 
  EXT PARAMETER                                   STEP         FIRST   
  NO.   NAME      VALUE            ERROR          SIZE      DERIVATIVE 
   1  N0           3.61799e+06   4.92622e+02   1.80242e+00  -9.42659e-07
   2  tau          6.44109e+01   constant   
   3  A0           3.53307e-01   1.85229e-04   6.85244e-07  -4.79570e+00
   4  phi          4.12192e+00   5.22383e-04   1.96894e-06  -1.61228e+00
   5  R           -6.03373e+01   constant   
   6  alpha_CBO    4.46690e-03   1.84495e-04   6.92421e-07   3.39538e+00
   7  w_CBO        2.32500e+00   constant   
   8  beta_CBO     7.97205e-04   1.89338e-04   7.21967e-07   1.59929e+00
   9  alpha_2CBO  -2.95655e-04   1.86631e-04   7.11627e-07   1.33554e+00
  10  beta_2CBO   -1.43004e-04     fixed    
  11  alpha_y      0.00000e+00     fixed    
  12  w_y          1.38860e+01   constant   
  13  beta_y      -2.40095e-04     fixed    
  14  alpha_vw     0.00000e+00     fixed    
  15  w_vw         1.43404e+01   constant   
  16  beta_vw      0.00000e+00     fixed    
  17  LM           1.86654e-04   constant   
  18  zeta_y       0.00000e+00   constant   
  19  zeta_vw      0.00000e+00   constant   
  20  T_CBO        1.00000e+03   7.26609e+02   4.13293e-02** at limit **
  21  alpha_A0    -2.32339e-04   8.12843e-04   3.09890e-04   5.38507e-03
  22  beta_A0      1.24177e-03   9.01733e-04   3.42105e-04   4.02406e-03
  23  alpha_phi   -1.98313e-03   8.73071e-04   3.31360e-04  -9.12645e-03
  24  beta_phi     3.15205e-03   8.17242e-04   3.30188e-04   1.23001e-03
 EXTERNAL ERROR MATRIX.    NDIM=  25    NPAR= 11    ERR DEF=1
  2.427e+05 
 -6.060e-03  3.431e-08 
  3.782e-02  3.681e-09  2.729e-07 
  3.096e-03  7.018e-09  1.601e-08  3.404e-08 
 -4.847e-03 -4.545e-09  1.362e-08 -1.255e-10  3.585e-08 
 -4.121e-03 -1.590e-09  3.246e-09  9.666e-10  3.124e-09  3.483e-08 
  6.494e-05 -1.315e-10 -8.500e-12 -4.034e-11 -4.569e-11 -4.697e-11  1.621e-06 
  6.399e-02  1.925e-09  1.546e-08  2.253e-08 -3.488e-09  1.576e-08 -5.625e-09  6.622e-07 
  8.070e-02 -2.862e-08  1.416e-08 -8.759e-09  1.909e-08 -1.656e-08  2.719e-08  3.583e-08  8.154e-07 
  9.279e-02 -3.358e-08  1.450e-08 -1.250e-08  2.347e-09  2.038e-08 -4.355e-08  4.955e-08  1.005e-07  7.643e-07 
 -4.954e-02 -1.160e-08 -6.000e-08 -6.919e-09 -9.961e-10  1.401e-08  6.888e-08  3.335e-08  7.994e-09 -5.270e-09  6.695e-07 
 PARAMETER  CORRELATION COEFFICIENTS  
       NO.  GLOBAL      1      3      4      6      8      9     20     21     22     23     24
        1  0.36264   1.000 -0.066  0.147  0.034 -0.052 -0.045  0.000  0.160  0.181  0.215 -0.123
        3  0.34303  -0.066  1.000  0.038  0.205 -0.130 -0.046 -0.001  0.013 -0.171 -0.207 -0.077
        4  0.29000   0.147  0.038  1.000  0.166  0.138  0.033 -0.000  0.036  0.030  0.032 -0.140
        6  0.30316   0.034  0.205  0.166  1.000 -0.004  0.028 -0.000  0.150 -0.053 -0.077 -0.046
        8  0.25024  -0.052 -0.130  0.138 -0.004  1.000  0.088 -0.000 -0.023  0.112  0.014 -0.006
        9  0.25033  -0.045 -0.046  0.033  0.028  0.088  1.000 -0.000  0.104 -0.098  0.125  0.092
       20  0.08361   0.000 -0.001 -0.000 -0.000 -0.000 -0.000  1.000 -0.005  0.024 -0.039  0.066
       21  0.25603   0.160  0.013  0.036  0.150 -0.023  0.104 -0.005  1.000  0.049  0.070  0.050
       22  0.29813   0.181 -0.171  0.030 -0.053  0.112 -0.098  0.024  0.049  1.000  0.127  0.011
       23  0.33222   0.215 -0.207  0.032 -0.077  0.014  0.125 -0.039  0.070  0.127  1.000 -0.007
       24  0.23276  -0.123 -0.077 -0.140 -0.046 -0.006  0.092  0.066  0.050  0.011 -0.007  1.000
MINUIT - FIT ONLY 1-y
 **********
 **   51 **RES 
 **********
                   PARAMETER   16  beta_vw RESTORED TO VARIABLE.
                   PARAMETER   14  alpha_vw RESTORED TO VARIABLE.
                   PARAMETER   13  beta_y RESTORED TO VARIABLE.
                   PARAMETER   11  alpha_y RESTORED TO VARIABLE.
                   PARAMETER   10  beta_2CBO RESTORED TO VARIABLE.
 **********
 **   52 **FIX            0
 **********
 PARAMETER    0  IS UNDEFINED. IGNORED.
 **********
 **   53 **FIX            1
 **********
 **********
 **   54 **FIX            2
 **********
 PARAMETER    2  IS CONSTANT.   IGNORED.
 **********
 **   55 **FIX            3
 **********
 **********
 **   56 **FIX            4
 **********
 **********
 **   57 **FIX            5
 **********
 PARAMETER    5  IS CONSTANT.   IGNORED.
 **********
 **   58 **FIX            6
 **********
 **********
 **   59 **FIX            7
 **********
 PARAMETER    7  IS CONSTANT.   IGNORED.
 **********
 **   60 **FIX            8
 **********
 **********
 **   61 **FIX            9
 **********
 **********
 **   62 **FIX           13
 **********
 **********
 **   63 **FIX           14
 **********
 **********
 **   64 **FIX           15
 **********
 PARAMETER   15  IS CONSTANT.   IGNORED.
 **********
 **   65 **FIX           16
 **********
 **********
 **   66 **MIGRAD
 **********
 START MIGRAD MINIMIZATION.  STRATEGY  1.  CONVERGENCE WHEN EDM .LT. 1.00e-04
 FCN=64.0579 FROM MIGRAD    STATUS=INITIATE       16 CALLS        2217 TOTAL
                     EDM= unknown      STRATEGY= 1      NO ERROR MATRIX       
  EXT PARAMETER               CURRENT GUESS       STEP         FIRST   
  NO.   NAME      VALUE            ERROR          SIZE      DERIVATIVE 
   1  N0           3.61799e+06     fixed    
   2  tau          6.44109e+01   constant   
   3  A0           3.53307e-01     fixed    
   4  phi          4.12192e+00     fixed    
   5  R           -6.03373e+01   constant   
   6  alpha_CBO    4.46690e-03     fixed    
   7  w_CBO        2.32500e+00   constant   
   8  beta_CBO     7.97205e-04     fixed    
   9  alpha_2CBO  -2.95655e-04     fixed    
  10  beta_2CBO   -1.43004e-04   1.73319e-04   1.73319e-04  -8.79506e+02
  11  alpha_y      0.00000e+00   1.00000e-03   1.00000e-03  -1.79469e+04
  12  w_y          1.38860e+01   constant   
  13  beta_y      -2.40095e-04     fixed    
  14  alpha_vw     0.00000e+00     fixed    
  15  w_vw         1.43404e+01   constant   
  16  beta_vw      0.00000e+00     fixed    
  17  LM           1.86654e-04   constant   
  18  zeta_y       0.00000e+00   constant   
  19  zeta_vw      0.00000e+00   constant   
  20  T_CBO        9.99999e+02   7.26609e+02   4.13293e-02  -3.22739e-05
  21  alpha_A0    -2.32339e-04   8.12843e-04   3.09890e-04   5.38763e-03
  22  beta_A0      1.24177e-03   9.01733e-04   3.42105e-04   4.01735e-03
  23  alpha_phi   -1.98313e-03   8.73071e-04   3.31360e-04  -9.11500e-03
  24  beta_phi     3.15205e-03   8.17242e-04   3.30188e-04   1.21174e-03
 MIGRAD MINIMIZATION HAS CONVERGED.
 MIGRAD WILL VERIFY CONVERGENCE AND ERROR MATRIX.
 COVARIANCE MATRIX CALCULATED SUCCESSFULLY
 FCN=61.4643 FROM MIGRAD    STATUS=CONVERGED     114 CALLS        2315 TOTAL
                     EDM=1.83377e-06    STRATEGY= 1      ERROR MATRIX ACCURATE 
  EXT PARAMETER                                   STEP         FIRST   
  NO.   NAME      VALUE            ERROR          SIZE      DERIVATIVE 
   1  N0           3.61799e+06     fixed    
   2  tau          6.44109e+01   constant   
   3  A0           3.53307e-01     fixed    
   4  phi          4.12192e+00     fixed    
   5  R           -6.03373e+01   constant   
   6  alpha_CBO    4.46690e-03     fixed    
   7  w_CBO        2.32500e+00   constant   
   8  beta_CBO     7.97205e-04     fixed    
   9  alpha_2CBO  -2.95655e-04     fixed    
  10  beta_2CBO   -1.33601e-04   1.82204e-04   6.87793e-07  -4.75395e+00
  11  alpha_y      2.88563e-04   1.79402e-04   6.92039e-07   3.86963e-02
  12  w_y          1.38860e+01   constant   
  13  beta_y      -2.40095e-04     fixed    
  14  alpha_vw     0.00000e+00     fixed    
  15  w_vw         1.43404e+01   constant   
  16  beta_vw      0.00000e+00     fixed    
  17  LM           1.86654e-04   constant   
  18  zeta_y       0.00000e+00   constant   
  19  zeta_vw      0.00000e+00   constant   
  20  T_CBO        1.00000e+03   7.94787e+02   4.38800e-02** at limit **
  21  alpha_A0    -2.20657e-04   7.92205e-04   3.03643e-04  -8.80016e-03
  22  beta_A0      1.25517e-03   8.70938e-04   3.35276e-04  -1.46765e-02
  23  alpha_phi   -1.96807e-03   8.29432e-04   3.24597e-04   6.32617e-03
  24  beta_phi     3.18035e-03   8.06461e-04   3.23907e-04  -1.08607e-03
 EXTERNAL ERROR MATRIX.    NDIM=  25    NPAR=  7    ERR DEF=1
  3.320e-08 -5.659e-10 -7.268e-11  1.344e-08  1.882e-08 -1.066e-08  1.976e-08 
 -5.659e-10  3.218e-08 -2.187e-11  7.041e-10  6.601e-10  2.150e-09  2.204e-09 
 -7.268e-11 -2.187e-11  2.962e-05 -2.378e-08  1.210e-07 -1.919e-07  3.075e-07 
  1.344e-08  7.041e-10 -2.378e-08  6.289e-07  3.724e-08  1.898e-08  5.088e-08 
  1.882e-08  6.601e-10  1.210e-07  3.724e-08  7.605e-07  4.886e-08  3.404e-08 
 -1.066e-08  2.150e-09 -1.919e-07  1.898e-08  4.886e-08  6.896e-07 -1.185e-08 
  1.976e-08  2.204e-09  3.075e-07  5.088e-08  3.404e-08 -1.185e-08  6.520e-07 
 PARAMETER  CORRELATION COEFFICIENTS  
       NO.  GLOBAL     10     11     20     21     22     23     24
       10  0.20782   1.000 -0.017 -0.000  0.093  0.118 -0.070  0.134
       11  0.02894  -0.017  1.000 -0.000  0.005  0.004  0.014  0.015
       20  0.08693  -0.000 -0.000  1.000 -0.006  0.025 -0.042  0.070
       21  0.12688   0.093  0.005 -0.006  1.000  0.054  0.029  0.079
       22  0.15201   0.118  0.004  0.025  0.054  1.000  0.067  0.048
       23  0.11853  -0.070  0.014 -0.042  0.029  0.067  1.000 -0.018
       24  0.16934   0.134  0.015  0.070  0.079  0.048 -0.018  1.000
MINUIT - FIT ONLY 2-y
 **********
 **   67 **RES 
 **********
                   PARAMETER   16  beta_vw RESTORED TO VARIABLE.
                   PARAMETER   14  alpha_vw RESTORED TO VARIABLE.
                   PARAMETER   13  beta_y RESTORED TO VARIABLE.
                   PARAMETER    9  alpha_2CBO RESTORED TO VARIABLE.
                   PARAMETER    8  beta_CBO RESTORED TO VARIABLE.
                   PARAMETER    6  alpha_CBO RESTORED TO VARIABLE.
                   PARAMETER    4  phi RESTORED TO VARIABLE.
                   PARAMETER    3  A0 RESTORED TO VARIABLE.
                   PARAMETER    1  N0 RESTORED TO VARIABLE.
 **********
 **   68 **FIX            0
 **********
 PARAMETER    0  IS UNDEFINED. IGNORED.
 **********
 **   69 **FIX            1
 **********
 **********
 **   70 **FIX            2
 **********
 PARAMETER    2  IS CONSTANT.   IGNORED.
 **********
 **   71 **FIX            3
 **********
 **********
 **   72 **FIX            4
 **********
 **********
 **   73 **FIX            5
 **********
 PARAMETER    5  IS CONSTANT.   IGNORED.
 **********
 **   74 **FIX            6
 **********
 **********
 **   75 **FIX            7
 **********
 PARAMETER    7  IS CONSTANT.   IGNORED.
 **********
 **   76 **FIX            8
 **********
 **********
 **   77 **FIX            9
 **********
 **********
 **   78 **FIX           10
 **********
 **********
 **   79 **FIX           11
 **********
 **********
 **   80 **FIX           12
 **********
 PARAMETER   12  IS CONSTANT.   IGNORED.
 **********
 **   81 **FIX           16
 **********
 **********
 **   82 **MIGRAD
 **********
 START MIGRAD MINIMIZATION.  STRATEGY  1.  CONVERGENCE WHEN EDM .LT. 1.00e-04
 FCN=61.4643 FROM MIGRAD    STATUS=INITIATE       16 CALLS        2331 TOTAL
                     EDM= unknown      STRATEGY= 1      NO ERROR MATRIX       
  EXT PARAMETER               CURRENT GUESS       STEP         FIRST   
  NO.   NAME      VALUE            ERROR          SIZE      DERIVATIVE 
   1  N0           3.61799e+06     fixed    
   2  tau          6.44109e+01   constant   
   3  A0           3.53307e-01     fixed    
   4  phi          4.12192e+00     fixed    
   5  R           -6.03373e+01   constant   
   6  alpha_CBO    4.46690e-03     fixed    
   7  w_CBO        2.32500e+00   constant   
   8  beta_CBO     7.97205e-04     fixed    
   9  alpha_2CBO  -2.95655e-04     fixed    
  10  beta_2CBO   -1.33601e-04     fixed    
  11  alpha_y      2.88563e-04     fixed    
  12  w_y          1.38860e+01   constant   
  13  beta_y      -2.40095e-04   1.79495e-04   1.79495e-04   7.27185e+02
  14  alpha_vw     0.00000e+00   1.00000e-03   1.00000e-03  -5.35864e+03
  15  w_vw         1.43404e+01   constant   
  16  beta_vw      0.00000e+00     fixed    
  17  LM           1.86654e-04   constant   
  18  zeta_y       0.00000e+00   constant   
  19  zeta_vw      0.00000e+00   constant   
  20  T_CBO        9.99999e+02   7.94787e+02   4.38800e-02  -3.38602e-05
  21  alpha_A0    -2.20657e-04   7.92205e-04   3.03643e-04  -8.79786e-03
  22  beta_A0      1.25517e-03   8.70938e-04   3.35276e-04  -1.46830e-02
  23  alpha_phi   -1.96807e-03   8.29432e-04   3.24597e-04   6.33741e-03
  24  beta_phi     3.18035e-03   8.06461e-04   3.23907e-04  -1.10429e-03
 MIGRAD MINIMIZATION HAS CONVERGED.
 MIGRAD WILL VERIFY CONVERGENCE AND ERROR MATRIX.
 COVARIANCE MATRIX CALCULATED SUCCESSFULLY
 FCN=61.2044 FROM MIGRAD    STATUS=CONVERGED     112 CALLS        2427 TOTAL
                     EDM=1.09362e-07    STRATEGY= 1      ERROR MATRIX ACCURATE 
  EXT PARAMETER                                   STEP         FIRST   
  NO.   NAME      VALUE            ERROR          SIZE      DERIVATIVE 
   1  N0           3.61799e+06     fixed    
   2  tau          6.44109e+01   constant   
   3  A0           3.53307e-01     fixed    
   4  phi          4.12192e+00     fixed    
   5  R           -6.03373e+01   constant   
   6  alpha_CBO    4.46690e-03     fixed    
   7  w_CBO        2.32500e+00   constant   
   8  beta_CBO     7.97205e-04     fixed    
   9  alpha_2CBO  -2.95655e-04     fixed    
  10  beta_2CBO   -1.33601e-04     fixed    
  11  alpha_y      2.88563e-04     fixed    
  12  w_y          1.38860e+01   constant   
  13  beta_y      -2.71270e-04   1.83719e-04   6.91554e-07  -1.08578e-02
  14  alpha_vw     9.27982e-05   1.83515e-04   6.91067e-07  -1.35083e-03
  15  w_vw         1.43404e+01   constant   
  16  beta_vw      0.00000e+00     fixed    
  17  LM           1.86654e-04   constant   
  18  zeta_y       0.00000e+00   constant   
  19  zeta_vw      0.00000e+00   constant   
  20  T_CBO        1.00000e+03   7.81026e+02   4.40609e-02** at limit **
  21  alpha_A0    -2.20736e-04   7.88794e-04   3.03010e-04   4.08176e-03
  22  beta_A0      1.25217e-03   8.65057e-04   3.34581e-04  -1.14664e-03
  23  alpha_phi   -1.96704e-03   8.27344e-04   3.23882e-04   3.72228e-03
  24  beta_phi     3.17731e-03   7.99152e-04   3.23225e-04   7.69498e-04
 EXTERNAL ERROR MATRIX.    NDIM=  25    NPAR=  7    ERR DEF=1
  3.375e-08 -7.056e-09  5.262e-10 -1.184e-09  3.767e-09 -1.226e-09  1.812e-09 
 -7.056e-09  3.368e-08  2.098e-11 -3.452e-10 -8.024e-10  2.359e-10 -9.291e-10 
  5.262e-10  2.098e-11  3.860e-03 -2.733e-07  1.393e-06 -2.211e-06  3.542e-06 
 -1.184e-09 -3.452e-10 -2.733e-07  6.235e-07  2.946e-08  2.328e-08  4.275e-08 
  3.767e-09 -8.024e-10  1.393e-06  2.946e-08  7.502e-07  5.469e-08  2.299e-08 
 -1.226e-09  2.359e-10 -2.211e-06  2.328e-08  5.469e-08  6.861e-07 -5.765e-09 
  1.812e-09 -9.291e-10  3.542e-06  4.275e-08  2.299e-08 -5.765e-09  6.402e-07 
 PARAMETER  CORRELATION COEFFICIENTS  
       NO.  GLOBAL     13     14     20     21     22     23     24
       13  0.21121   1.000 -0.209  0.000 -0.008  0.024 -0.008  0.012
       14  0.20935  -0.209  1.000  0.000 -0.002 -0.005  0.002 -0.006
       20  0.08770   0.000  0.000  1.000 -0.006  0.026 -0.043  0.071
       21  0.08692  -0.008 -0.002 -0.006  1.000  0.043  0.036  0.068
       22  0.09869   0.024 -0.005  0.026  0.043  1.000  0.076  0.033
       23  0.09515  -0.008  0.002 -0.043  0.036  0.076  1.000 -0.009
       24  0.10383   0.012 -0.006  0.071  0.068  0.033 -0.009  1.000
MINUIT - FIT ALTOGETHER
 **********
