 + ++++++++++++++++++++++++++++++++++++++++++++++++++++++++++++++++++++ +
 +                                                                      +
 +           You have chose to blind your fitting according to          +
 +                omega_ref * (1 + (R +/- deltaR) *10^{-6})             +
 +                                                                      +
 + ++++++++++++++++++++++++++++++++++++++++++++++++++++++++++++++++++++ +
In main()...
reading format from /gm2data/zkhechad/run45/envelope/formats/formatB_sBin_constraintOn.txt
pBinTau 	= 0  
pBinPhi 	= 0  
constraintau 	= 1 
includeMopTerm 	= 0    
constrainMop    = 0   
Parameters after format file: pBinTau 0 pBinPhi 0 constraintau 1 includeMopTerm 0 constrainMop 0 c_e_scale 0.000000 
Opening file /gm2data/tbarrett/gm2fr/studies/run23_bunch_corrections/CorrectedFourier_Run3b.root.
reading full fit data from /gm2data/zkhechad/cboTemplates/Run4CBOTemplates/fullFits/noRF/sBin_constraintOn_cE0.0_seed0_noRF_calo6.root
windowBins = 34
fitting sliding window 35 from bin 171 at 25.364000 to bin 205 at 30.586000 (34 bins)

Reading data from /gm2data/cornell/histograms/aMethod/histogram_a_noRF.root
 **********
 **    1 **SET PRINTOUT            1
 **********
 **********
 **    2 **SET NOWARNINGS 
 **********
 PARAMETER DEFINITIONS:
    NO.   NAME         VALUE      STEP SIZE      LIMITS
     1 N0           2.91036e+06  1.00000e+02     no limits
     2 tau          6.44099e+01  constant
     3 A0           3.53688e-01  1.00000e-04     no limits
     4 phi          4.11540e+00  1.00000e-02     no limits
     5 R           -6.16610e+01  constant
     6 alpha_CBO    0.00000e+00  1.00000e-03     no limits
     7 w_CBO        2.32500e+00  constant
     8 beta_CBO     0.00000e+00  1.00000e-03     no limits
     9 alpha_2CBO   0.00000e+00  1.00000e-03     no limits
    10 beta_2CBO    0.00000e+00  1.00000e-03     no limits
    11 alpha_y      0.00000e+00  1.00000e-03     no limits
    12 w_y          1.38860e+01  constant
    13 beta_y       0.00000e+00  1.00000e-03     no limits
    14 alpha_vw     0.00000e+00  1.00000e-03     no limits
    15 w_vw         1.43404e+01  constant
    16 beta_vw      0.00000e+00  1.00000e-03     no limits
    17 LM           1.71412e-04  constant
    18 zeta_y       0.00000e+00  constant
    19 zeta_vw      0.00000e+00  constant
    20 T_CBO        1.00000e+02  1.00000e+00    0.00000e+00  1.00000e+03
    21 alpha_A0     0.00000e+00  1.00000e-03     no limits
    22 beta_A0      0.00000e+00  1.00000e-03     no limits
    23 alpha_phi    0.00000e+00  1.00000e-03     no limits
    24 beta_phi     0.00000e+00  1.00000e-03     no limits
MINUIT - FIT ONLY WIGGLE
 **********
 **    3 **FIX            5
 **********
 PARAMETER    5  IS CONSTANT.   IGNORED.
 **********
 **    4 **FIX            6
 **********
 **********
 **    5 **FIX            7
 **********
 PARAMETER    7  IS CONSTANT.   IGNORED.
 **********
 **    6 **FIX            8
 **********
 **********
 **    7 **FIX            9
 **********
 **********
 **    8 **FIX           10
 **********
 **********
 **    9 **FIX           11
 **********
 **********
 **   10 **FIX           12
 **********
 PARAMETER   12  IS CONSTANT.   IGNORED.
 **********
 **   11 **FIX           13
 **********
 **********
 **   12 **FIX           14
 **********
 **********
 **   13 **FIX           15
 **********
 PARAMETER   15  IS CONSTANT.   IGNORED.
 **********
 **   14 **FIX           16
 **********
 **********
 **   15 **MIGRAD
 **********
 FIRST CALL TO USER FUNCTION AT NEW START POINT, WITH IFLAG=4.
 START MIGRAD MINIMIZATION.  STRATEGY  1.  CONVERGENCE WHEN EDM .LT. 1.00e-04
 FCN=10288 FROM MIGRAD    STATUS=INITIATE      435 CALLS         436 TOTAL
                     EDM= unknown      STRATEGY= 1      NO ERROR MATRIX       
  EXT PARAMETER               CURRENT GUESS       STEP         FIRST   
  NO.   NAME      VALUE            ERROR          SIZE      DERIVATIVE 
   1  N0           2.91036e+06   1.00000e+02   0.00000e+00  -1.02999e-01
   2  tau          6.44099e+01   constant   
   3  A0           3.53688e-01   1.00000e-04   0.00000e+00  -4.41164e+05
   4  phi          4.11540e+00   1.00000e-02   0.00000e+00  -2.12011e+05
   5  R           -6.16610e+01   constant   
   6  alpha_CBO    0.00000e+00     fixed    
   7  w_CBO        2.32500e+00   constant   
   8  beta_CBO     0.00000e+00     fixed    
   9  alpha_2CBO   0.00000e+00     fixed    
  10  beta_2CBO    0.00000e+00     fixed    
  11  alpha_y      0.00000e+00     fixed    
  12  w_y          1.38860e+01   constant   
  13  beta_y       0.00000e+00     fixed    
  14  alpha_vw     0.00000e+00     fixed    
  15  w_vw         1.43404e+01   constant   
  16  beta_vw      0.00000e+00     fixed    
  17  LM           1.71412e-04   constant   
  18  zeta_y       0.00000e+00   constant   
  19  zeta_vw      0.00000e+00   constant   
  20  T_CBO        1.00000e+02   1.00000e+00   0.00000e+00   0.00000e+00
  21  alpha_A0     0.00000e+00   1.00000e-03   0.00000e+00  -9.40074e+03
  22  beta_A0      0.00000e+00   1.00000e-03   0.00000e+00   1.93353e+04
  23  alpha_phi    0.00000e+00   1.00000e-03   0.00000e+00  -5.37325e+04
  24  beta_phi     0.00000e+00   1.00000e-03   0.00000e+00   3.96466e+03
 CALL LIMIT EXCEEDED IN MIGRAD.
 MIGRAD TERMINATED WITHOUT CONVERGENCE.
 FCN=2911.1 FROM MIGRAD    STATUS=CALL LIMIT   1326 CALLS        1327 TOTAL
                     EDM=0.070266    STRATEGY= 1  ERROR MATRIX UNCERTAINTY   0.7 per cent
  EXT PARAMETER                APPROXIMATE        STEP         FIRST   
  NO.   NAME      VALUE            ERROR          SIZE      DERIVATIVE 
   1  N0           2.86190e+06   6.73346e+02  -3.50910e+01  -1.30804e-03
   2  tau          6.44099e+01   constant   
   3  A0           3.68908e-01   2.59060e-04   1.71165e-05   3.58239e+02
   4  phi          4.19494e+00   9.43664e-04   6.26014e-05   1.33021e+03
   5  R           -6.16610e+01   constant   
   6  alpha_CBO    0.00000e+00     fixed    
   7  w_CBO        2.32500e+00   constant   
   8  beta_CBO     0.00000e+00     fixed    
   9  alpha_2CBO   0.00000e+00     fixed    
  10  beta_2CBO    0.00000e+00     fixed    
  11  alpha_y      0.00000e+00     fixed    
  12  w_y          1.38860e+01   constant   
  13  beta_y       0.00000e+00     fixed    
  14  alpha_vw     0.00000e+00     fixed    
  15  w_vw         1.43404e+01   constant   
  16  beta_vw      0.00000e+00     fixed    
  17  LM           1.71412e-04   constant   
  18  zeta_y       0.00000e+00   constant   
  19  zeta_vw      0.00000e+00   constant   
  20  T_CBO        6.74287e+02   1.97269e+02  -1.48048e-01   6.52078e+00
  21  alpha_A0     5.74086e-02   1.18597e-03  -3.02843e-04  -5.79628e+02
  22  beta_A0     -8.90872e-02   1.66291e-03   3.99831e-04   4.10682e+02
  23  alpha_phi   -9.60530e-02   1.87385e-03   4.55615e-04   7.72402e+02
  24  beta_phi    -7.42345e-02   1.59856e-03   3.64555e-04   4.09370e+02
 EXTERNAL ERROR MATRIX.    NDIM=  25    NPAR=  8    ERR DEF=1
  4.534e+05 -1.183e-01 -5.831e-01  9.614e+03 -4.642e-01  5.797e-01  6.938e-01  6.575e-01 
 -1.183e-01  6.711e-08  1.556e-07  9.943e-04  1.122e-07 -2.215e-07 -2.851e-07 -1.347e-07 
 -5.831e-01  1.556e-07  8.905e-07 -1.920e-02  6.697e-07 -7.550e-07 -9.124e-07 -9.478e-07 
  9.614e+03  9.943e-04 -1.920e-02  4.146e+04  1.569e-01 -2.570e-01 -2.792e-01 -2.015e-01 
 -4.642e-01  1.122e-07  6.697e-07  1.569e-01  1.407e-06 -1.692e-06 -1.867e-06 -1.675e-06 
  5.797e-01 -2.215e-07 -7.550e-07 -2.570e-01 -1.692e-06  2.765e-06  2.909e-06  2.250e-06 
  6.938e-01 -2.851e-07 -9.124e-07 -2.792e-01 -1.867e-06  2.909e-06  3.511e-06  2.486e-06 
  6.575e-01 -1.347e-07 -9.478e-07 -2.015e-01 -1.675e-06  2.250e-06  2.486e-06  2.555e-06 
ERR MATRIX APPROXIMATE
 PARAMETER  CORRELATION COEFFICIENTS  
       NO.  GLOBAL      1      3      4     20     21     22     23     24
        1  0.95044   1.000 -0.678 -0.918  0.070 -0.581  0.518  0.550  0.611
        3  0.91148  -0.678  1.000  0.636  0.019  0.365 -0.514 -0.587 -0.325
        4  0.96780  -0.918  0.636  1.000 -0.100  0.598 -0.481 -0.516 -0.628
       20  0.98668   0.070  0.019 -0.100  1.000  0.650 -0.759 -0.732 -0.619
       21  0.94081  -0.581  0.365  0.598  0.650  1.000 -0.858 -0.840 -0.884
       22  0.96665   0.518 -0.514 -0.481 -0.759 -0.858  1.000  0.934  0.846
       23  0.97856   0.550 -0.587 -0.516 -0.732 -0.840  0.934  1.000  0.830
       24  0.95220   0.611 -0.325 -0.628 -0.619 -0.884  0.846  0.830  1.000
 ERR MATRIX APPROXIMATE
MINUIT - FIT ONLY 1-CBO + wiggle
 **********
 **   16 **RES 
 **********
                   PARAMETER   16  beta_vw RESTORED TO VARIABLE.
                   PARAMETER   14  alpha_vw RESTORED TO VARIABLE.
                   PARAMETER   13  beta_y RESTORED TO VARIABLE.
                   PARAMETER   11  alpha_y RESTORED TO VARIABLE.
                   PARAMETER   10  beta_2CBO RESTORED TO VARIABLE.
                   PARAMETER    9  alpha_2CBO RESTORED TO VARIABLE.
                   PARAMETER    8  beta_CBO RESTORED TO VARIABLE.
                   PARAMETER    6  alpha_CBO RESTORED TO VARIABLE.
 **********
 **   17 **FIX            8
 **********
 **********
 **   18 **FIX            9
 **********
 **********
 **   19 **FIX           11
 **********
 **********
 **   20 **FIX           12
 **********
 PARAMETER   12  IS CONSTANT.   IGNORED.
 **********
 **   21 **FIX           14
 **********
 **********
 **   22 **FIX           15
 **********
 PARAMETER   15  IS CONSTANT.   IGNORED.
 **********
 **   23 **FIX           16
 **********
 **********
 **   24 **MIGRAD
 **********
 START MIGRAD MINIMIZATION.  STRATEGY  1.  CONVERGENCE WHEN EDM .LT. 1.00e-04
 FCN=2911.1 FROM MIGRAD    STATUS=INITIATE       28 CALLS        1355 TOTAL
                     EDM= unknown      STRATEGY= 1      NO ERROR MATRIX       
  EXT PARAMETER               CURRENT GUESS       STEP         FIRST   
  NO.   NAME      VALUE            ERROR          SIZE      DERIVATIVE 
   1  N0           2.86190e+06   6.73346e+02  -3.50910e+01  -1.30804e-03
   2  tau          6.44099e+01   constant   
   3  A0           3.68908e-01   2.59060e-04   1.71165e-05   3.58239e+02
   4  phi          4.19494e+00   9.43664e-04   6.26014e-05   1.33021e+03
   5  R           -6.16610e+01   constant   
   6  alpha_CBO    0.00000e+00   1.00000e-03   1.00000e-03  -1.27278e+04
   7  w_CBO        2.32500e+00   constant   
   8  beta_CBO     0.00000e+00     fixed    
   9  alpha_2CBO   0.00000e+00     fixed    
  10  beta_2CBO    0.00000e+00   1.00000e-03   1.00000e-03   2.29346e+05
  11  alpha_y      0.00000e+00     fixed    
  12  w_y          1.38860e+01   constant   
  13  beta_y       0.00000e+00   1.00000e-03   1.00000e-03  -8.55793e+05
  14  alpha_vw     0.00000e+00     fixed    
  15  w_vw         1.43404e+01   constant   
  16  beta_vw      0.00000e+00     fixed    
  17  LM           1.71412e-04   constant   
  18  zeta_y       0.00000e+00   constant   
  19  zeta_vw      0.00000e+00   constant   
  20  T_CBO        6.74287e+02   1.97269e+02  -1.48048e-01  -6.52123e+00
  21  alpha_A0     5.74086e-02   1.18597e-03  -3.02843e-04  -5.79628e+02
  22  beta_A0     -8.90872e-02   1.66291e-03   3.99831e-04   4.10682e+02
  23  alpha_phi   -9.60530e-02   1.87385e-03   4.55615e-04   7.72402e+02
  24  beta_phi    -7.42345e-02   1.59856e-03   3.64555e-04   4.09370e+02
 MIGRAD MINIMIZATION HAS CONVERGED.
 FCN=720.007 FROM MIGRAD    STATUS=CONVERGED     539 CALLS        1866 TOTAL
                     EDM=5.24799e-06    STRATEGY= 1  ERROR MATRIX UNCERTAINTY   1.6 per cent
  EXT PARAMETER                                   STEP         FIRST   
  NO.   NAME      VALUE            ERROR          SIZE      DERIVATIVE 
   1  N0           2.85602e+06   7.21976e+02   7.53151e-01   3.09173e-06
   2  tau          6.44099e+01   constant   
   3  A0           3.67671e-01   3.23690e-04  -1.36293e-07   1.31747e+01
   4  phi          4.20521e+00   1.15327e-03  -3.51793e-07   9.24086e+00
   5  R           -6.16610e+01   constant   
   6  alpha_CBO   -1.50530e-03   2.13074e-04  -3.44270e-09   2.57022e+00
   7  w_CBO        2.32500e+00   constant   
   8  beta_CBO     0.00000e+00     fixed    
   9  alpha_2CBO   0.00000e+00     fixed    
  10  beta_2CBO   -1.78878e-03   1.32464e-04   4.97515e-08   3.73825e+00
  11  alpha_y      0.00000e+00     fixed    
  12  w_y          1.38860e+01   constant   
  13  beta_y       4.65777e-03   1.05095e-04   1.98823e-09   1.80922e+00
  14  alpha_vw     0.00000e+00     fixed    
  15  w_vw         1.43404e+01   constant   
  16  beta_vw      0.00000e+00     fixed    
  17  LM           1.71412e-04   constant   
  18  zeta_y       0.00000e+00   constant   
  19  zeta_vw      0.00000e+00   constant   
  20  T_CBO        9.99994e+02   8.53527e+02  -8.08986e-03   2.03189e-03
  21  alpha_A0     6.75058e-02   1.22645e-03  -1.20551e-06  -1.87358e+00
  22  beta_A0     -9.39795e-02   1.00241e-03   1.53440e-06   4.24689e+00
  23  alpha_phi   -1.00351e-01   1.15908e-03   2.14120e-06   4.17626e+00
  24  beta_phi    -9.17464e-02   1.81483e-03   1.05955e-06  -6.14553e-01
 EXTERNAL ERROR MATRIX.    NDIM=  25    NPAR= 11    ERR DEF=1
  5.212e+05 
 -4.501e-02  1.048e-07 
 -7.673e-01  4.347e-09  1.330e-06 
  6.682e-02  4.364e-08 -1.441e-07  4.540e-08 
  3.009e-02  1.321e-08 -6.526e-08  1.315e-08  1.755e-08 
 -6.083e-03  3.035e-10  7.802e-09 -4.467e-10  3.782e-10  1.104e-08 
 -2.111e+02  3.959e-05  8.665e-05  9.510e-07 -1.013e-05  1.631e-07  2.425e+01 
 -7.354e-01 -8.077e-08  1.293e-06 -1.855e-07 -6.442e-08  9.635e-09  3.536e-04  1.504e-06 
  6.258e-01 -1.438e-07 -9.165e-07  4.015e-08  1.901e-08 -8.532e-09 -4.725e-04 -8.187e-07  1.005e-06 
  6.787e-01 -2.254e-07 -9.659e-07  1.066e-08  2.266e-08 -6.370e-09 -6.215e-04 -7.649e-07  9.731e-07  1.343e-06 
  1.086e+00  1.547e-07 -1.924e-06  2.803e-07  1.250e-07 -1.234e-08 -3.145e-04 -2.033e-06  1.176e-06  1.095e-06  3.294e-06 
 PARAMETER  CORRELATION COEFFICIENTS  
       NO.  GLOBAL      1      3      4      6     10     13     20     21     22     23     24
        1  0.95639   1.000 -0.193 -0.922  0.434  0.315 -0.080 -0.059 -0.830  0.865  0.811  0.829
        3  0.94416  -0.193  1.000  0.012  0.633  0.308  0.009  0.025 -0.203 -0.443 -0.601  0.263
        4  0.97604  -0.922  0.012  1.000 -0.586 -0.427  0.064  0.015  0.914 -0.793 -0.723 -0.919
        6  0.87609   0.434  0.633 -0.586  1.000  0.466 -0.020  0.001 -0.710  0.188  0.043  0.725
       10  0.61416   0.315  0.308 -0.427  0.466  1.000  0.027 -0.016 -0.397  0.143  0.148  0.520
       13  0.11825  -0.080  0.009  0.064 -0.020  0.027  1.000  0.000  0.075 -0.081 -0.052 -0.065
       20  0.30746  -0.059  0.025  0.015  0.001 -0.016  0.000  1.000  0.059 -0.096 -0.109 -0.035
       21  0.94959  -0.830 -0.203  0.914 -0.710 -0.397  0.075  0.059  1.000 -0.666 -0.538 -0.913
       22  0.92804   0.865 -0.443 -0.793  0.188  0.143 -0.081 -0.096 -0.666  1.000  0.837  0.647
       23  0.94507   0.811 -0.601 -0.723  0.043  0.148 -0.052 -0.109 -0.538  0.837  1.000  0.521
       24  0.96808   0.829  0.263 -0.919  0.725  0.520 -0.065 -0.035 -0.913  0.647  0.521  1.000
MINUIT - FIT ONLY 2-CBO
 **********
 **   25 **RES 
 **********
                   PARAMETER   16  beta_vw RESTORED TO VARIABLE.
                   PARAMETER   14  alpha_vw RESTORED TO VARIABLE.
                   PARAMETER   11  alpha_y RESTORED TO VARIABLE.
                   PARAMETER    9  alpha_2CBO RESTORED TO VARIABLE.
                   PARAMETER    8  beta_CBO RESTORED TO VARIABLE.
 **********
 **   26 **FIX            0
 **********
 PARAMETER    0  IS UNDEFINED. IGNORED.
 **********
 **   27 **FIX            1
 **********
 **********
 **   28 **FIX            2
 **********
 PARAMETER    2  IS CONSTANT.   IGNORED.
 **********
 **   29 **FIX            3
 **********
 **********
 **   30 **FIX            4
 **********
 **********
 **   31 **FIX            5
 **********
 PARAMETER    5  IS CONSTANT.   IGNORED.
 **********
 **   32 **FIX            6
 **********
 **********
 **   33 **FIX            7
 **********
 PARAMETER    7  IS CONSTANT.   IGNORED.
 **********
 **   34 **FIX           10
 **********
 **********
 **   35 **FIX           11
 **********
 **********
 **   36 **FIX           12
 **********
 PARAMETER   12  IS CONSTANT.   IGNORED.
 **********
 **   37 **FIX           13
 **********
 **********
 **   38 **FIX           14
 **********
 **********
 **   39 **FIX           15
 **********
 PARAMETER   15  IS CONSTANT.   IGNORED.
 **********
 **   40 **FIX           16
 **********
 **********
 **   41 **MIGRAD
 **********
 START MIGRAD MINIMIZATION.  STRATEGY  1.  CONVERGENCE WHEN EDM .LT. 1.00e-04
 FCN=720.007 FROM MIGRAD    STATUS=INITIATE       18 CALLS        1884 TOTAL
                     EDM= unknown      STRATEGY= 1      NO ERROR MATRIX       
  EXT PARAMETER               CURRENT GUESS       STEP         FIRST   
  NO.   NAME      VALUE            ERROR          SIZE      DERIVATIVE 
   1  N0           2.85602e+06     fixed    
   2  tau          6.44099e+01   constant   
   3  A0           3.67671e-01     fixed    
   4  phi          4.20521e+00     fixed    
   5  R           -6.16610e+01   constant   
   6  alpha_CBO   -1.50530e-03     fixed    
   7  w_CBO        2.32500e+00   constant   
   8  beta_CBO     0.00000e+00   1.00000e-03   1.00000e-03   3.50617e+04
   9  alpha_2CBO   0.00000e+00   1.00000e-03   1.00000e-03   1.27438e+05
  10  beta_2CBO   -1.78878e-03     fixed    
  11  alpha_y      0.00000e+00     fixed    
  12  w_y          1.38860e+01   constant   
  13  beta_y       4.65777e-03     fixed    
  14  alpha_vw     0.00000e+00     fixed    
  15  w_vw         1.43404e+01   constant   
  16  beta_vw      0.00000e+00     fixed    
  17  LM           1.71412e-04   constant   
  18  zeta_y       0.00000e+00   constant   
  19  zeta_vw      0.00000e+00   constant   
  20  T_CBO        9.99994e+02   8.53527e+02  -8.08986e-03  -2.02092e-03
  21  alpha_A0     6.75058e-02   1.22645e-03  -1.20551e-06  -1.87357e+00
  22  beta_A0     -9.39795e-02   1.00241e-03   1.53440e-06   4.24690e+00
  23  alpha_phi   -1.00351e-01   1.15908e-03   2.14120e-06   4.17626e+00
  24  beta_phi    -9.17464e-02   1.81483e-03   1.05955e-06  -6.14551e-01
 MIGRAD MINIMIZATION HAS CONVERGED.
 MIGRAD WILL VERIFY CONVERGENCE AND ERROR MATRIX.
 COVARIANCE MATRIX CALCULATED SUCCESSFULLY
 FCN=666.714 FROM MIGRAD    STATUS=CONVERGED     170 CALLS        2036 TOTAL
                     EDM=1.26356e-07    STRATEGY= 1      ERROR MATRIX ACCURATE 
  EXT PARAMETER                                   STEP         FIRST   
  NO.   NAME      VALUE            ERROR          SIZE      DERIVATIVE 
   1  N0           2.85602e+06     fixed    
   2  tau          6.44099e+01   constant   
   3  A0           3.67671e-01     fixed    
   4  phi          4.20521e+00     fixed    
   5  R           -6.16610e+01   constant   
   6  alpha_CBO   -1.50530e-03     fixed    
   7  w_CBO        2.32500e+00   constant   
   8  beta_CBO    -1.46626e-04   1.09610e-04   1.35831e-06  -3.74578e+00
   9  alpha_2CBO  -7.95994e-04   1.12994e-04   1.31607e-06   9.58933e-01
  10  beta_2CBO   -1.78878e-03     fixed    
  11  alpha_y      0.00000e+00     fixed    
  12  w_y          1.38860e+01   constant   
  13  beta_y       4.65777e-03     fixed    
  14  alpha_vw     0.00000e+00     fixed    
  15  w_vw         1.43404e+01   constant   
  16  beta_vw      0.00000e+00     fixed    
  17  LM           1.71412e-04   constant   
  18  zeta_y       0.00000e+00   constant   
  19  zeta_vw      0.00000e+00   constant   
  20  T_CBO        1.00000e+03   7.39382e+02   1.92345e-02** at limit **
  21  alpha_A0     6.74635e-02   3.96541e-04   4.91222e-06   4.27516e-01
  22  beta_A0     -9.31161e-02   4.12233e-04   4.76488e-06   3.01155e-01
  23  alpha_phi   -1.01048e-01   4.11925e-04   5.02902e-06  -1.30027e-01
  24  beta_phi    -9.10181e-02   4.87362e-04   5.76459e-06  -1.56192e-01
 EXTERNAL ERROR MATRIX.    NDIM=  25    NPAR=  7    ERR DEF=1
  1.201e-08 -1.005e-09 -1.448e-09 -2.559e-09 -4.469e-09  1.408e-09  3.632e-09 
 -1.005e-09  1.277e-08  1.383e-09  1.370e-09 -1.231e-08  1.053e-08 -1.241e-08 
 -1.448e-09  1.383e-09  3.266e-04  2.437e-07 -3.425e-07 -3.680e-07 -3.413e-07 
 -2.559e-09  1.370e-09  2.437e-07  1.572e-07 -2.545e-08 -2.125e-09 -2.225e-08 
 -4.469e-09 -1.231e-08 -3.425e-07 -2.545e-08  1.699e-07 -1.691e-08  5.678e-08 
  1.408e-09  1.053e-08 -3.680e-07 -2.125e-09 -1.691e-08  1.697e-07  3.388e-09 
  3.632e-09 -1.241e-08 -3.413e-07 -2.225e-08  5.678e-08  3.388e-09  2.375e-07 
 PARAMETER  CORRELATION COEFFICIENTS  
       NO.  GLOBAL      8      9     20     21     22     23     24
        8  0.18807   1.000 -0.081 -0.001 -0.059 -0.099  0.031  0.068
        9  0.38451  -0.081  1.000  0.001  0.031 -0.264  0.226 -0.225
       20  0.07901  -0.001  0.001  1.000  0.034 -0.046 -0.049 -0.039
       21  0.18991  -0.059  0.031  0.034  1.000 -0.156 -0.013 -0.115
       22  0.40095  -0.099 -0.264 -0.046 -0.156  1.000 -0.100  0.283
       23  0.25246   0.031  0.226 -0.049 -0.013 -0.100  1.000  0.017
       24  0.34810   0.068 -0.225 -0.039 -0.115  0.283  0.017  1.000
MINUIT - FIT wiggle + 1-CBO + 2-CBO
 **********
 **   42 **RES 
 **********
                   PARAMETER   16  beta_vw RESTORED TO VARIABLE.
                   PARAMETER   14  alpha_vw RESTORED TO VARIABLE.
                   PARAMETER   13  beta_y RESTORED TO VARIABLE.
                   PARAMETER   11  alpha_y RESTORED TO VARIABLE.
                   PARAMETER   10  beta_2CBO RESTORED TO VARIABLE.
                   PARAMETER    6  alpha_CBO RESTORED TO VARIABLE.
                   PARAMETER    4  phi RESTORED TO VARIABLE.
                   PARAMETER    3  A0 RESTORED TO VARIABLE.
                   PARAMETER    1  N0 RESTORED TO VARIABLE.
 **********
 **   43 **FIX           10
 **********
 **********
 **   44 **FIX           11
 **********
 **********
 **   45 **FIX           12
 **********
 PARAMETER   12  IS CONSTANT.   IGNORED.
 **********
 **   46 **FIX           13
 **********
 **********
 **   47 **FIX           14
 **********
 **********
 **   48 **FIX           15
 **********
 PARAMETER   15  IS CONSTANT.   IGNORED.
 **********
 **   49 **FIX           16
 **********
 **********
 **   50 **MIGRAD
 **********
 START MIGRAD MINIMIZATION.  STRATEGY  1.  CONVERGENCE WHEN EDM .LT. 1.00e-04
 FCN=666.714 FROM MIGRAD    STATUS=INITIATE       22 CALLS        2058 TOTAL
                     EDM= unknown      STRATEGY= 1      NO ERROR MATRIX       
  EXT PARAMETER               CURRENT GUESS       STEP         FIRST   
  NO.   NAME      VALUE            ERROR          SIZE      DERIVATIVE 
   1  N0           2.85602e+06   7.21976e+02   7.21976e+02  -7.54285e-03
   2  tau          6.44099e+01   constant   
   3  A0           3.67671e-01   3.23690e-04   3.23690e-04  -2.14315e+04
   4  phi          4.20521e+00   1.15327e-03   1.15327e-03   3.91866e+03
   5  R           -6.16610e+01   constant   
   6  alpha_CBO   -1.50530e-03   2.13074e-04   2.13074e-04   9.10747e+03
   7  w_CBO        2.32500e+00   constant   
   8  beta_CBO    -1.46626e-04   1.09610e-04   1.35831e-06  -3.74437e+00
   9  alpha_2CBO  -7.95994e-04   1.12994e-04   1.31607e-06   9.70387e-01
  10  beta_2CBO   -1.78878e-03     fixed    
  11  alpha_y      0.00000e+00     fixed    
  12  w_y          1.38860e+01   constant   
  13  beta_y       4.65777e-03     fixed    
  14  alpha_vw     0.00000e+00     fixed    
  15  w_vw         1.43404e+01   constant   
  16  beta_vw      0.00000e+00     fixed    
  17  LM           1.71412e-04   constant   
  18  zeta_y       0.00000e+00   constant   
  19  zeta_vw      0.00000e+00   constant   
  20  T_CBO        9.99999e+02   7.39382e+02   1.92345e-02  -1.69380e-03
  21  alpha_A0     6.74635e-02   3.96541e-04   4.91222e-06   4.11598e-01
  22  beta_A0     -9.31161e-02   4.12233e-04   4.76488e-06   3.27666e-01
  23  alpha_phi   -1.01048e-01   4.11925e-04   5.02902e-06  -9.71534e-02
  24  beta_phi    -9.10181e-02   4.87362e-04   5.76459e-06  -1.43111e-01
 MIGRAD MINIMIZATION HAS CONVERGED.
 FCN=622.1 FROM MIGRAD    STATUS=CONVERGED     620 CALLS        2656 TOTAL
                     EDM=9.33104e-06    STRATEGY= 1  ERROR MATRIX UNCERTAINTY   2.6 per cent
  EXT PARAMETER                                   STEP         FIRST   
  NO.   NAME      VALUE            ERROR          SIZE      DERIVATIVE 
   1  N0           2.87107e+06   3.14384e+03  -1.24417e+00  -1.59655e-05
   2  tau          6.44099e+01   constant   
   3  A0           3.63162e-01   1.28565e-03   1.66195e-06   3.98731e+01
   4  phi          4.18141e+00   4.94509e-03   1.85541e-06   1.42046e+01
   5  R           -6.16610e+01   constant   
   6  alpha_CBO   -8.98065e-04   2.13199e-04   4.56165e-07  -4.35972e+00
   7  w_CBO        2.32500e+00   constant   
   8  beta_CBO    -2.81654e-03   6.48599e-04   4.39778e-07  -7.06026e+00
   9  alpha_2CBO  -7.66596e-04   1.65410e-04  -4.26258e-07  -5.36449e+00
  10  beta_2CBO   -1.78878e-03     fixed    
  11  alpha_y      0.00000e+00     fixed    
  12  w_y          1.38860e+01   constant   
  13  beta_y       4.65777e-03     fixed    
  14  alpha_vw     0.00000e+00     fixed    
  15  w_vw         1.43404e+01   constant   
  16  beta_vw      0.00000e+00     fixed    
  17  LM           1.71412e-04   constant   
  18  zeta_y       0.00000e+00   constant   
  19  zeta_vw      0.00000e+00   constant   
  20  T_CBO        3.89933e+02   7.54658e+01  -6.38938e-05  -5.57500e-03
  21  alpha_A0     5.09024e-02   3.04571e-03  -1.30518e-07  -5.36825e+00
  22  beta_A0     -7.16559e-02   4.86411e-03  -2.81252e-06   1.45045e+01
  23  alpha_phi   -7.75465e-02   5.75187e-03  -5.14723e-06   1.36227e+01
  24  beta_phi    -6.92249e-02   3.79927e-03   1.80842e-07   5.36647e-01
 EXTERNAL ERROR MATRIX.    NDIM=  25    NPAR= 11    ERR DEF=1
  9.884e+06 
 -3.808e+00  1.653e-06 
 -1.548e+01  5.942e-06  2.445e-05 
  3.156e-02  6.551e-08 -7.433e-08  4.545e-08 
 -1.977e+00  8.071e-07  3.111e-06  1.068e-08  4.207e-07 
  2.417e-01 -1.365e-07 -3.727e-07 -1.664e-08 -5.885e-08  2.736e-08 
  2.261e+05 -8.591e-02 -3.556e-01  1.226e-03 -4.547e-02  4.825e-03  5.741e+03 
 -9.290e+00  3.346e-06  1.472e-05 -1.460e-07  1.809e-06 -1.717e-07 -2.140e-01  9.276e-06 
  1.520e+01 -6.031e-06 -2.386e-05 -1.889e-08 -3.092e-06  4.099e-07  3.464e-01 -1.410e-05  2.366e-05 
  1.779e+01 -7.266e-06 -2.788e-05 -1.096e-07 -3.659e-06  5.416e-07  4.030e-01 -1.622e-05  2.770e-05  3.308e-05 
  1.140e+01 -3.991e-06 -1.809e-05  2.230e-07 -2.194e-06  1.789e-07  2.611e-01 -1.136e-05  1.723e-05  1.969e-05  1.443e-05 
 PARAMETER  CORRELATION COEFFICIENTS  
       NO.  GLOBAL      1      3      4      6      8      9     20     21     22     23     24
        1  0.99864   1.000 -0.942 -0.996  0.047 -0.970  0.465  0.949 -0.970  0.994  0.984  0.954
        3  0.99831  -0.942  1.000  0.935  0.239  0.968 -0.642 -0.882  0.855 -0.964 -0.983 -0.817
        4  0.99923  -0.996  0.935  1.000 -0.071  0.970 -0.456 -0.949  0.977 -0.992 -0.980 -0.963
        6  0.87080   0.047  0.239 -0.071  1.000  0.077 -0.472  0.076 -0.225 -0.018 -0.089  0.275
        8  0.98646  -0.970  0.968  0.970  0.077  1.000 -0.549 -0.925  0.916 -0.980 -0.981 -0.890
        9  0.79968   0.465 -0.642 -0.456 -0.472 -0.549  1.000  0.385 -0.341  0.509  0.569  0.285
       20  0.96312   0.949 -0.882 -0.949  0.076 -0.925  0.385  1.000 -0.927  0.940  0.925  0.907
       21  0.99326  -0.970  0.855  0.977 -0.225  0.916 -0.341 -0.927  1.000 -0.952 -0.926 -0.982
       22  0.99894   0.994 -0.964 -0.992 -0.018 -0.980  0.509  0.940 -0.952  1.000  0.990  0.933
       23  0.99912   0.984 -0.983 -0.980 -0.089 -0.981  0.569  0.925 -0.926  0.990  1.000  0.901
       24  0.99229   0.954 -0.817 -0.963  0.275 -0.890  0.285  0.907 -0.982  0.933  0.901  1.000
MINUIT - FIT ONLY 1-y
 **********
 **   51 **RES 
 **********
                   PARAMETER   16  beta_vw RESTORED TO VARIABLE.
                   PARAMETER   14  alpha_vw RESTORED TO VARIABLE.
                   PARAMETER   13  beta_y RESTORED TO VARIABLE.
                   PARAMETER   11  alpha_y RESTORED TO VARIABLE.
                   PARAMETER   10  beta_2CBO RESTORED TO VARIABLE.
 **********
 **   52 **FIX            0
 **********
 PARAMETER    0  IS UNDEFINED. IGNORED.
 **********
 **   53 **FIX            1
 **********
 **********
 **   54 **FIX            2
 **********
 PARAMETER    2  IS CONSTANT.   IGNORED.
 **********
 **   55 **FIX            3
 **********
 **********
 **   56 **FIX            4
 **********
 **********
 **   57 **FIX            5
 **********
 PARAMETER    5  IS CONSTANT.   IGNORED.
 **********
 **   58 **FIX            6
 **********
 **********
 **   59 **FIX            7
 **********
 PARAMETER    7  IS CONSTANT.   IGNORED.
 **********
 **   60 **FIX            8
 **********
 **********
 **   61 **FIX            9
 **********
 **********
 **   62 **FIX           13
 **********
 **********
 **   63 **FIX           14
 **********
 **********
 **   64 **FIX           15
 **********
 PARAMETER   15  IS CONSTANT.   IGNORED.
 **********
 **   65 **FIX           16
 **********
 **********
 **   66 **MIGRAD
 **********
 START MIGRAD MINIMIZATION.  STRATEGY  1.  CONVERGENCE WHEN EDM .LT. 1.00e-04
 FCN=622.1 FROM MIGRAD    STATUS=INITIATE       16 CALLS        2672 TOTAL
                     EDM= unknown      STRATEGY= 1      NO ERROR MATRIX       
  EXT PARAMETER               CURRENT GUESS       STEP         FIRST   
  NO.   NAME      VALUE            ERROR          SIZE      DERIVATIVE 
   1  N0           2.87107e+06     fixed    
   2  tau          6.44099e+01   constant   
   3  A0           3.63162e-01     fixed    
   4  phi          4.18141e+00     fixed    
   5  R           -6.16610e+01   constant   
   6  alpha_CBO   -8.98065e-04     fixed    
   7  w_CBO        2.32500e+00   constant   
   8  beta_CBO    -2.81654e-03     fixed    
   9  alpha_2CBO  -7.66596e-04     fixed    
  10  beta_2CBO   -1.78878e-03   1.32464e-04   1.32464e-04  -7.61771e+04
  11  alpha_y      0.00000e+00   1.00000e-03   1.00000e-03  -2.16642e+05
  12  w_y          1.38860e+01   constant   
  13  beta_y       4.65777e-03     fixed    
  14  alpha_vw     0.00000e+00     fixed    
  15  w_vw         1.43404e+01   constant   
  16  beta_vw      0.00000e+00     fixed    
  17  LM           1.71412e-04   constant   
  18  zeta_y       0.00000e+00   constant   
  19  zeta_vw      0.00000e+00   constant   
  20  T_CBO        3.89933e+02   7.54658e+01  -6.38938e-05   5.57506e-03
  21  alpha_A0     5.09024e-02   3.04571e-03  -1.30518e-07  -5.36826e+00
  22  beta_A0     -7.16559e-02   4.86411e-03  -2.81252e-06   1.45045e+01
  23  alpha_phi   -7.75465e-02   5.75187e-03  -5.14723e-06   1.36227e+01
  24  beta_phi    -6.92249e-02   3.79927e-03   1.80842e-07   5.36648e-01
 MIGRAD MINIMIZATION HAS CONVERGED.
 MIGRAD WILL VERIFY CONVERGENCE AND ERROR MATRIX.
 COVARIANCE MATRIX CALCULATED SUCCESSFULLY
 FCN=471.053 FROM MIGRAD    STATUS=CONVERGED     508 CALLS        3164 TOTAL
                     EDM=9.8926e-06    STRATEGY= 1      ERROR MATRIX ACCURATE 
  EXT PARAMETER                                   STEP         FIRST   
  NO.   NAME      VALUE            ERROR          SIZE      DERIVATIVE 
   1  N0           2.87107e+06     fixed    
   2  tau          6.44099e+01   constant   
   3  A0           3.63162e-01     fixed    
   4  phi          4.18141e+00     fixed    
   5  R           -6.16610e+01   constant   
   6  alpha_CBO   -8.98065e-04     fixed    
   7  w_CBO        2.32500e+00   constant   
   8  beta_CBO    -2.81654e-03     fixed    
   9  alpha_2CBO  -7.66596e-04     fixed    
  10  beta_2CBO   -1.29141e-03   1.13113e-04   1.11974e-06  -4.24002e-01
  11  alpha_y      1.21464e-03   1.05805e-04   1.12172e-06   1.08716e+01
  12  w_y          1.38860e+01   constant   
  13  beta_y       4.65777e-03     fixed    
  14  alpha_vw     0.00000e+00     fixed    
  15  w_vw         1.43404e+01   constant   
  16  beta_vw      0.00000e+00     fixed    
  17  LM           1.71412e-04   constant   
  18  zeta_y       0.00000e+00   constant   
  19  zeta_vw      0.00000e+00   constant   
  20  T_CBO        9.99998e+02   9.11225e+02   2.35970e-02  -9.88967e-04
  21  alpha_A0     4.91355e-02   4.11914e-04   4.19621e-06  -6.31099e+00
  22  beta_A0     -6.89832e-02   4.04066e-04   4.08087e-06   1.90389e+00
  23  alpha_phi   -7.41058e-02   4.06978e-04   4.26470e-06   5.04184e+00
  24  beta_phi    -6.56790e-02   4.78829e-04   4.79824e-06  -2.11195e+00
 EXTERNAL ERROR MATRIX.    NDIM=  25    NPAR=  7    ERR DEF=1
  1.279e-08 -2.100e-11 -2.415e-07  9.993e-09 -6.674e-09  4.868e-09  1.207e-08 
 -2.100e-11  1.119e-08 -5.334e-08 -2.999e-10 -1.059e-09 -1.399e-10  8.333e-10 
 -2.415e-07 -5.334e-08  8.411e+00  4.057e-05 -5.815e-05 -6.214e-05 -5.652e-05 
  9.993e-09 -2.999e-10  4.057e-05  1.697e-07 -3.142e-08 -4.308e-09 -8.946e-09 
 -6.674e-09 -1.059e-09 -5.815e-05 -3.142e-08  1.633e-07 -6.226e-09  3.508e-08 
  4.868e-09 -1.399e-10 -6.214e-05 -4.308e-09 -6.226e-09  1.656e-07  1.997e-08 
  1.207e-08  8.333e-10 -5.652e-05 -8.946e-09  3.508e-08  1.997e-08  2.293e-07 
 PARAMETER  CORRELATION COEFFICIENTS  
       NO.  GLOBAL     10     11     20     21     22     23     24
       10  0.35955   1.000 -0.002 -0.001  0.214 -0.146  0.106  0.223
       11  0.03636  -0.002  1.000 -0.000 -0.007 -0.025 -0.003  0.016
       20  0.08163  -0.001 -0.000  1.000  0.034 -0.050 -0.053 -0.041
       21  0.27915   0.214 -0.007  0.034  1.000 -0.189 -0.026 -0.045
       22  0.30612  -0.146 -0.025 -0.050 -0.189  1.000 -0.038  0.181
       23  0.15599   0.106 -0.003 -0.053 -0.026 -0.038  1.000  0.102
       24  0.32831   0.223  0.016 -0.041 -0.045  0.181  0.102  1.000
MINUIT - FIT ONLY 2-y
 **********
 **   67 **RES 
 **********
                   PARAMETER   16  beta_vw RESTORED TO VARIABLE.
                   PARAMETER   14  alpha_vw RESTORED TO VARIABLE.
                   PARAMETER   13  beta_y RESTORED TO VARIABLE.
                   PARAMETER    9  alpha_2CBO RESTORED TO VARIABLE.
                   PARAMETER    8  beta_CBO RESTORED TO VARIABLE.
                   PARAMETER    6  alpha_CBO RESTORED TO VARIABLE.
                   PARAMETER    4  phi RESTORED TO VARIABLE.
                   PARAMETER    3  A0 RESTORED TO VARIABLE.
                   PARAMETER    1  N0 RESTORED TO VARIABLE.
 **********
 **   68 **FIX            0
 **********
 PARAMETER    0  IS UNDEFINED. IGNORED.
 **********
 **   69 **FIX            1
 **********
 **********
 **   70 **FIX            2
 **********
 PARAMETER    2  IS CONSTANT.   IGNORED.
 **********
 **   71 **FIX            3
 **********
 **********
 **   72 **FIX            4
 **********
 **********
 **   73 **FIX            5
 **********
 PARAMETER    5  IS CONSTANT.   IGNORED.
 **********
 **   74 **FIX            6
 **********
 **********
 **   75 **FIX            7
 **********
 PARAMETER    7  IS CONSTANT.   IGNORED.
 **********
 **   76 **FIX            8
 **********
 **********
 **   77 **FIX            9
 **********
 **********
 **   78 **FIX           10
 **********
 **********
 **   79 **FIX           11
 **********
 **********
 **   80 **FIX           12
 **********
 PARAMETER   12  IS CONSTANT.   IGNORED.
 **********
 **   81 **FIX           16
 **********
 **********
 **   82 **MIGRAD
 **********
 START MIGRAD MINIMIZATION.  STRATEGY  1.  CONVERGENCE WHEN EDM .LT. 1.00e-04
 FCN=471.053 FROM MIGRAD    STATUS=INITIATE       16 CALLS        3180 TOTAL
                     EDM= unknown      STRATEGY= 1      NO ERROR MATRIX       
  EXT PARAMETER               CURRENT GUESS       STEP         FIRST   
  NO.   NAME      VALUE            ERROR          SIZE      DERIVATIVE 
   1  N0           2.87107e+06     fixed    
   2  tau          6.44099e+01   constant   
   3  A0           3.63162e-01     fixed    
   4  phi          4.18141e+00     fixed    
   5  R           -6.16610e+01   constant   
   6  alpha_CBO   -8.98065e-04     fixed    
   7  w_CBO        2.32500e+00   constant   
   8  beta_CBO    -2.81654e-03     fixed    
   9  alpha_2CBO  -7.66596e-04     fixed    
  10  beta_2CBO   -1.29141e-03     fixed    
  11  alpha_y      1.21464e-03     fixed    
  12  w_y          1.38860e+01   constant   
  13  beta_y       4.65777e-03   1.05095e-04   1.05095e-04   1.86388e+04
  14  alpha_vw     0.00000e+00   1.00000e-03   1.00000e-03  -1.70449e+05
  15  w_vw         1.43404e+01   constant   
  16  beta_vw      0.00000e+00     fixed    
  17  LM           1.71412e-04   constant   
  18  zeta_y       0.00000e+00   constant   
  19  zeta_vw      0.00000e+00   constant   
  20  T_CBO        9.99998e+02   9.11225e+02   2.35970e-02  -1.01075e-03
  21  alpha_A0     4.91355e-02   4.11914e-04   4.19621e-06  -6.31095e+00
  22  beta_A0     -6.89832e-02   4.04066e-04   4.08087e-06   1.90385e+00
  23  alpha_phi   -7.41058e-02   4.06978e-04   4.26470e-06   5.04185e+00
  24  beta_phi    -6.56790e-02   4.78829e-04   4.79824e-06  -2.11195e+00
 MIGRAD MINIMIZATION HAS CONVERGED.
 MIGRAD WILL VERIFY CONVERGENCE AND ERROR MATRIX.
 COVARIANCE MATRIX CALCULATED SUCCESSFULLY
 FCN=392.162 FROM MIGRAD    STATUS=CONVERGED     130 CALLS        3294 TOTAL
                     EDM=9.7396e-07    STRATEGY= 1      ERROR MATRIX ACCURATE 
  EXT PARAMETER                                   STEP         FIRST   
  NO.   NAME      VALUE            ERROR          SIZE      DERIVATIVE 
   1  N0           2.87107e+06     fixed    
   2  tau          6.44099e+01   constant   
   3  A0           3.63162e-01     fixed    
   4  phi          4.18141e+00     fixed    
   5  R           -6.16610e+01   constant   
   6  alpha_CBO   -8.98065e-04     fixed    
   7  w_CBO        2.32500e+00   constant   
   8  beta_CBO    -2.81654e-03     fixed    
   9  alpha_2CBO  -7.66596e-04     fixed    
  10  beta_2CBO   -1.29141e-03     fixed    
  11  alpha_y      1.21464e-03     fixed    
  12  w_y          1.38860e+01   constant   
  13  beta_y       4.66379e-03   1.04966e-04   1.00808e-06  -1.15281e+00
  14  alpha_vw     9.26363e-04   1.04922e-04   1.00820e-06   4.10755e+00
  15  w_vw         1.43404e+01   constant   
  16  beta_vw      0.00000e+00     fixed    
  17  LM           1.71412e-04   constant   
  18  zeta_y       0.00000e+00   constant   
  19  zeta_vw      0.00000e+00   constant   
  20  T_CBO        1.00000e+03   9.72115e+02   2.35109e-02** at limit **
  21  alpha_A0     4.92028e-02   4.03002e-04   3.82972e-06  -1.40897e+00
  22  beta_A0     -6.90978e-02   4.00785e-04   3.72415e-06  -1.54021e+00
  23  alpha_phi   -7.40546e-02   4.05478e-04   3.89201e-06   2.24764e+00
  24  beta_phi    -6.57631e-02   4.67459e-04   4.37915e-06   1.10229e+00
 EXTERNAL ERROR MATRIX.    NDIM=  25    NPAR=  7    ERR DEF=1
  1.102e-08  1.276e-09  4.798e-10  1.595e-09 -1.758e-09  6.660e-10 -1.134e-09 
  1.276e-09  1.101e-08  3.907e-10  9.540e-10 -1.526e-09  6.850e-10 -1.105e-09 
  4.798e-10  3.907e-10  3.448e-04  3.909e-07 -5.591e-07 -5.937e-07 -5.398e-07 
  1.595e-09  9.540e-10  3.909e-07  1.624e-07 -2.695e-08 -8.335e-09 -1.894e-08 
 -1.758e-09 -1.526e-09 -5.591e-07 -2.695e-08  1.606e-07 -3.347e-09  4.227e-08 
  6.660e-10  6.850e-10 -5.937e-07 -8.335e-09 -3.347e-09  1.644e-07  1.578e-08 
 -1.134e-09 -1.105e-09 -5.398e-07 -1.894e-08  4.227e-08  1.578e-08  2.185e-07 
 PARAMETER  CORRELATION COEFFICIENTS  
       NO.  GLOBAL     13     14     20     21     22     23     24
       13  0.12668   1.000  0.116  0.000  0.038 -0.042  0.016 -0.023
       14  0.12237   0.116  1.000  0.000  0.023 -0.036  0.016 -0.023
       20  0.12165   0.000  0.000  1.000  0.052 -0.075 -0.079 -0.062
       21  0.19130   0.038  0.023  0.052  1.000 -0.167 -0.051 -0.101
       22  0.28084  -0.042 -0.036 -0.075 -0.167  1.000 -0.021  0.226
       23  0.13083   0.016  0.016 -0.079 -0.051 -0.021  1.000  0.083
       24  0.25253  -0.023 -0.023 -0.062 -0.101  0.226  0.083  1.000
MINUIT - FIT ALTOGETHER
 **********
 **   83 **RES 
 **********
