 + ++++++++++++++++++++++++++++++++++++++++++++++++++++++++++++++++++++ +
 +                                                                      +
 +           You have chose to blind your fitting according to          +
 +                omega_ref * (1 + (R +/- deltaR) *10^{-6})             +
 +                                                                      +
 + ++++++++++++++++++++++++++++++++++++++++++++++++++++++++++++++++++++ +
In main()...
reading format from /gm2data/zkhechad/run45/envelope/formats/formatB_sBin_constraintOn.txt
pBinTau 	= 0  
pBinPhi 	= 0  
constraintau 	= 1 
includeMopTerm 	= 0    
constrainMop    = 0   
Parameters after format file: pBinTau 0 pBinPhi 0 constraintau 1 includeMopTerm 0 constrainMop 0 c_e_scale 0.000000 
Opening file /gm2data/tbarrett/gm2fr/studies/run23_bunch_corrections/CorrectedFourier_Run3b.root.
reading full fit data from /gm2data/zkhechad/cboTemplates/Run4CBOTemplates/fullFits/noRF/sBin_constraintOn_cE0.0_seed0_noRF_calo1.root
windowBins = 69
fitting sliding window 1260 from bin 1396 at 208.134000 to bin 1465 at 218.578000 (69 bins)

Reading data from /gm2data/cornell/histograms/aMethod/histogram_a_noRF.root
 **********
 **    1 **SET PRINTOUT            1
 **********
 **********
 **    2 **SET NOWARNINGS 
 **********
 PARAMETER DEFINITIONS:
    NO.   NAME         VALUE      STEP SIZE      LIMITS
     1 N0           3.52378e+06  1.00000e+02     no limits
     2 tau          6.43930e+01  constant
     3 A0           3.54691e-01  1.00000e-04     no limits
     4 phi          4.12302e+00  1.00000e-02     no limits
     5 R           -6.08522e+01  constant
     6 alpha_CBO    0.00000e+00  1.00000e-03     no limits
     7 w_CBO        2.32500e+00  constant
     8 beta_CBO     0.00000e+00  1.00000e-03     no limits
     9 alpha_2CBO   0.00000e+00  1.00000e-03     no limits
    10 beta_2CBO    0.00000e+00  1.00000e-03     no limits
    11 alpha_y      0.00000e+00  1.00000e-03     no limits
    12 w_y          1.38860e+01  constant
    13 beta_y       0.00000e+00  1.00000e-03     no limits
    14 alpha_vw     0.00000e+00  1.00000e-03     no limits
    15 w_vw         1.43404e+01  constant
    16 beta_vw      0.00000e+00  1.00000e-03     no limits
    17 LM          -3.26196e-04  constant
    18 zeta_y       0.00000e+00  constant
    19 zeta_vw      0.00000e+00  constant
    20 T_CBO        1.00000e+02  1.00000e+00    0.00000e+00  1.00000e+03
    21 alpha_A0     0.00000e+00  1.00000e-03     no limits
    22 beta_A0      0.00000e+00  1.00000e-03     no limits
    23 alpha_phi    0.00000e+00  1.00000e-03     no limits
    24 beta_phi     0.00000e+00  1.00000e-03     no limits
MINUIT - FIT ONLY WIGGLE
 **********
 **    3 **FIX            5
 **********
 PARAMETER    5  IS CONSTANT.   IGNORED.
 **********
 **    4 **FIX            6
 **********
 **********
 **    5 **FIX            7
 **********
 PARAMETER    7  IS CONSTANT.   IGNORED.
 **********
 **    6 **FIX            8
 **********
 **********
 **    7 **FIX            9
 **********
 **********
 **    8 **FIX           10
 **********
 **********
 **    9 **FIX           11
 **********
 **********
 **   10 **FIX           12
 **********
 PARAMETER   12  IS CONSTANT.   IGNORED.
 **********
 **   11 **FIX           13
 **********
 **********
 **   12 **FIX           14
 **********
 **********
 **   13 **FIX           15
 **********
 PARAMETER   15  IS CONSTANT.   IGNORED.
 **********
 **   14 **FIX           16
 **********
 **********
 **   15 **MIGRAD
 **********
 FIRST CALL TO USER FUNCTION AT NEW START POINT, WITH IFLAG=4.
 START MIGRAD MINIMIZATION.  STRATEGY  1.  CONVERGENCE WHEN EDM .LT. 1.00e-04
 FCN=203.549 FROM MIGRAD    STATUS=INITIATE      437 CALLS         438 TOTAL
                     EDM= unknown      STRATEGY= 1      NO ERROR MATRIX       
  EXT PARAMETER               CURRENT GUESS       STEP         FIRST   
  NO.   NAME      VALUE            ERROR          SIZE      DERIVATIVE 
   1  N0           3.52378e+06   1.00000e+02   0.00000e+00  -3.56424e-04
   2  tau          6.43930e+01   constant   
   3  A0           3.54691e-01   1.00000e-04   0.00000e+00  -2.19281e+04
   4  phi          4.12302e+00   1.00000e-02   0.00000e+00  -3.12111e+03
   5  R           -6.08522e+01   constant   
   6  alpha_CBO    0.00000e+00     fixed    
   7  w_CBO        2.32500e+00   constant   
   8  beta_CBO     0.00000e+00     fixed    
   9  alpha_2CBO   0.00000e+00     fixed    
  10  beta_2CBO    0.00000e+00     fixed    
  11  alpha_y      0.00000e+00     fixed    
  12  w_y          1.38860e+01   constant   
  13  beta_y       0.00000e+00     fixed    
  14  alpha_vw     0.00000e+00     fixed    
  15  w_vw         1.43404e+01   constant   
  16  beta_vw      0.00000e+00     fixed    
  17  LM          -3.26196e-04   constant   
  18  zeta_y       0.00000e+00   constant   
  19  zeta_vw      0.00000e+00   constant   
  20  T_CBO        1.00000e+02   1.00000e+00   0.00000e+00   0.00000e+00
  21  alpha_A0     0.00000e+00   1.00000e-03   0.00000e+00   2.23296e+02
  22  beta_A0      0.00000e+00   1.00000e-03   0.00000e+00  -2.81122e+02
  23  alpha_phi    0.00000e+00   1.00000e-03   0.00000e+00  -2.91792e+01
  24  beta_phi     0.00000e+00   1.00000e-03   0.00000e+00   1.19744e+02
 CALL LIMIT EXCEEDED IN MIGRAD.
 MIGRAD TERMINATED WITHOUT CONVERGENCE.
 FCN=186.869 FROM MIGRAD    STATUS=CALL LIMIT   1323 CALLS        1324 TOTAL
                     EDM=0.000723726    STRATEGY= 1  ERROR MATRIX UNCERTAINTY   0.2 per cent
  EXT PARAMETER                APPROXIMATE        STEP         FIRST   
  NO.   NAME      VALUE            ERROR          SIZE      DERIVATIVE 
   1  N0           3.52348e+06   7.54357e+02  -4.37094e-01   3.99503e-07
   2  tau          6.43930e+01   constant   
   3  A0           3.55687e-01   2.91535e-04   5.37823e-07   2.16176e+01
   4  phi          4.12403e+00   8.02916e-04  -1.76225e-06  -9.58114e+00
   5  R           -6.08522e+01   constant   
   6  alpha_CBO    0.00000e+00     fixed    
   7  w_CBO        2.32500e+00   constant   
   8  beta_CBO     0.00000e+00     fixed    
   9  alpha_2CBO   0.00000e+00     fixed    
  10  beta_2CBO    0.00000e+00     fixed    
  11  alpha_y      0.00000e+00     fixed    
  12  w_y          1.38860e+01   constant   
  13  beta_y       0.00000e+00     fixed    
  14  alpha_vw     0.00000e+00     fixed    
  15  w_vw         1.43404e+01   constant   
  16  beta_vw      0.00000e+00     fixed    
  17  LM          -3.26196e-04   constant   
  18  zeta_y       0.00000e+00   constant   
  19  zeta_vw      0.00000e+00   constant   
  20  T_CBO        5.65267e+02   5.51001e+02   2.29412e-02  -5.87506e-03
  21  alpha_A0    -2.70666e-03   3.09940e-03  -8.92625e-06  -1.15580e+01
  22  beta_A0      2.89702e-03   4.06982e-03   5.32761e-06  -7.11671e+00
  23  alpha_phi    1.49814e-03   2.91066e-03  -1.80541e-06  -8.50612e-01
  24  beta_phi    -2.66870e-05   1.97017e-03   1.14149e-06   6.52684e+00
 EXTERNAL ERROR MATRIX.    NDIM=  25    NPAR=  8    ERR DEF=1
  5.691e+05 -7.424e-03 -8.608e-02 -1.258e+05 -8.123e-03  1.448e-01  2.019e-02 -3.237e-01 
 -7.424e-03  8.499e-08 -2.510e-09  8.511e-02  1.363e-07 -1.028e-07  2.372e-08  4.130e-08 
 -8.608e-02 -2.510e-09  6.447e-07 -1.656e-01 -4.376e-07  2.864e-07  7.714e-08  1.638e-07 
 -1.258e+05  8.511e-02 -1.656e-01  3.209e+06  4.772e+00 -6.561e+00 -3.391e+00  8.720e-01 
 -8.123e-03  1.363e-07 -4.376e-07  4.772e+00  9.606e-06 -9.923e-06 -5.510e-06  1.819e-06 
  1.448e-01 -1.028e-07  2.864e-07 -6.561e+00 -9.923e-06  1.656e-05  6.640e-06 -1.099e-06 
  2.019e-02  2.372e-08  7.714e-08 -3.391e+00 -5.510e-06  6.640e-06  8.472e-06 -1.147e-06 
 -3.237e-01  4.130e-08  1.638e-07  8.720e-01  1.819e-06 -1.099e-06 -1.147e-06  3.882e-06 
ERR MATRIX APPROXIMATE
 PARAMETER  CORRELATION COEFFICIENTS  
       NO.  GLOBAL      1      3      4     20     21     22     23     24
        1  0.31424   1.000 -0.034 -0.142 -0.093 -0.003  0.047  0.009 -0.218
        3  0.29115  -0.034  1.000 -0.011  0.163  0.151 -0.087  0.028  0.072
        4  0.29637  -0.142 -0.011  1.000 -0.115 -0.176  0.088  0.033  0.104
       20  0.94332  -0.093  0.163 -0.115  1.000  0.859 -0.900 -0.650  0.247
       21  0.87725  -0.003  0.151 -0.176  0.859  1.000 -0.787 -0.611  0.298
       22  0.90923   0.047 -0.087  0.088 -0.900 -0.787  1.000  0.561 -0.137
       23  0.68247   0.009  0.028  0.033 -0.650 -0.611  0.561  1.000 -0.200
       24  0.44171  -0.218  0.072  0.104  0.247  0.298 -0.137 -0.200  1.000
 ERR MATRIX APPROXIMATE
MINUIT - FIT ONLY 1-CBO + wiggle
 **********
 **   16 **RES 
 **********
                   PARAMETER   16  beta_vw RESTORED TO VARIABLE.
                   PARAMETER   14  alpha_vw RESTORED TO VARIABLE.
                   PARAMETER   13  beta_y RESTORED TO VARIABLE.
                   PARAMETER   11  alpha_y RESTORED TO VARIABLE.
                   PARAMETER   10  beta_2CBO RESTORED TO VARIABLE.
                   PARAMETER    9  alpha_2CBO RESTORED TO VARIABLE.
                   PARAMETER    8  beta_CBO RESTORED TO VARIABLE.
                   PARAMETER    6  alpha_CBO RESTORED TO VARIABLE.
 **********
 **   17 **FIX            8
 **********
 **********
 **   18 **FIX            9
 **********
 **********
 **   19 **FIX           11
 **********
 **********
 **   20 **FIX           12
 **********
 PARAMETER   12  IS CONSTANT.   IGNORED.
 **********
 **   21 **FIX           14
 **********
 **********
 **   22 **FIX           15
 **********
 PARAMETER   15  IS CONSTANT.   IGNORED.
 **********
 **   23 **FIX           16
 **********
 **********
 **   24 **MIGRAD
 **********
 START MIGRAD MINIMIZATION.  STRATEGY  1.  CONVERGENCE WHEN EDM .LT. 1.00e-04
 FCN=186.869 FROM MIGRAD    STATUS=INITIATE       28 CALLS        1352 TOTAL
                     EDM= unknown      STRATEGY= 1      NO ERROR MATRIX       
  EXT PARAMETER               CURRENT GUESS       STEP         FIRST   
  NO.   NAME      VALUE            ERROR          SIZE      DERIVATIVE 
   1  N0           3.52348e+06   7.54357e+02  -4.37094e-01   3.99503e-07
   2  tau          6.43930e+01   constant   
   3  A0           3.55687e-01   2.91535e-04   5.37823e-07   2.16176e+01
   4  phi          4.12403e+00   8.02916e-04  -1.76225e-06  -9.58114e+00
   5  R           -6.08522e+01   constant   
   6  alpha_CBO    0.00000e+00   1.00000e-03   1.00000e-03   3.07354e+04
   7  w_CBO        2.32500e+00   constant   
   8  beta_CBO     0.00000e+00     fixed    
   9  alpha_2CBO   0.00000e+00     fixed    
  10  beta_2CBO    0.00000e+00   1.00000e-03   1.00000e-03   8.67246e+03
  11  alpha_y      0.00000e+00     fixed    
  12  w_y          1.38860e+01   constant   
  13  beta_y       0.00000e+00   1.00000e-03   1.00000e-03  -6.69271e+03
  14  alpha_vw     0.00000e+00     fixed    
  15  w_vw         1.43404e+01   constant   
  16  beta_vw      0.00000e+00     fixed    
  17  LM          -3.26196e-04   constant   
  18  zeta_y       0.00000e+00   constant   
  19  zeta_vw      0.00000e+00   constant   
  20  T_CBO        5.65267e+02   5.51001e+02   2.29412e-02  -5.88225e-03
  21  alpha_A0    -2.70666e-03   3.09940e-03  -8.92625e-06  -1.15580e+01
  22  beta_A0      2.89702e-03   4.06982e-03   5.32761e-06  -7.11671e+00
  23  alpha_phi    1.49814e-03   2.91066e-03  -1.80541e-06  -8.50612e-01
  24  beta_phi    -2.66870e-05   1.97017e-03   1.14149e-06   6.52684e+00
 MIGRAD MINIMIZATION HAS CONVERGED.
 FCN=162.597 FROM MIGRAD    STATUS=CONVERGED     553 CALLS        1877 TOTAL
                     EDM=6.49584e-06    STRATEGY= 1  ERROR MATRIX UNCERTAINTY   0.8 per cent
  EXT PARAMETER                                   STEP         FIRST   
  NO.   NAME      VALUE            ERROR          SIZE      DERIVATIVE 
   1  N0           3.52352e+06   7.78283e+02   5.04682e-01   2.93425e-07
   2  tau          6.43930e+01   constant   
   3  A0           3.55789e-01   2.92518e-04   2.41455e-07   3.34132e+00
   4  phi          4.12330e+00   8.32183e-04  -5.95026e-07  -1.76772e+00
   5  R           -6.08522e+01   constant   
   6  alpha_CBO   -1.43105e-03   3.05560e-04   3.29578e-07   5.38906e+00
   7  w_CBO        2.32500e+00   constant   
   8  beta_CBO     0.00000e+00     fixed    
   9  alpha_2CBO   0.00000e+00     fixed    
  10  beta_2CBO   -2.73827e-04   2.94878e-04  -6.83435e-08  -1.27462e+00
  11  alpha_y      0.00000e+00     fixed    
  12  w_y          1.38860e+01   constant   
  13  beta_y       3.24681e-04   2.95057e-04   2.72061e-07   4.15464e+00
  14  alpha_vw     0.00000e+00     fixed    
  15  w_vw         1.43404e+01   constant   
  16  beta_vw      0.00000e+00     fixed    
  17  LM          -3.26196e-04   constant   
  18  zeta_y       0.00000e+00   constant   
  19  zeta_vw      0.00000e+00   constant   
  20  T_CBO        9.98995e+02   5.32583e+02   7.96328e-02  -2.44699e-04
  21  alpha_A0    -1.36875e-03   1.64357e-03   2.24135e-06   2.03694e+00
  22  beta_A0      2.43633e-03   2.04550e-03  -3.84846e-07  -1.72423e+00
  23  alpha_phi    1.56612e-03   1.70067e-03   5.52908e-06   7.41494e-01
  24  beta_phi     1.80596e-04   1.61470e-03   5.67040e-07   3.31941e-01
 EXTERNAL ERROR MATRIX.    NDIM=  25    NPAR= 11    ERR DEF=1
  6.057e+05 
 -6.762e-03  8.557e-08 
 -1.025e-01 -2.570e-10  6.925e-07 
 -2.755e-03 -6.578e-09  5.378e-08  9.337e-08 
 -1.149e-02 -1.681e-09 -3.116e-09 -6.136e-09  8.695e-08 
 -6.185e-03 -1.076e-09  5.295e-09 -3.156e-09 -2.375e-11  8.706e-08 
  1.011e+04  6.354e-03 -2.990e-03  8.627e-03 -2.458e-03  5.973e-03  6.052e+05 
  2.046e-01 -4.015e-08 -5.880e-08 -6.790e-08 -1.574e-08 -1.128e-08  5.624e-01  2.701e-06 
 -6.341e-02  4.931e-08 -1.726e-10 -8.835e-09  3.381e-08  1.543e-09 -9.406e-01 -1.009e-06  4.184e-06 
 -1.033e-01  7.772e-08 -7.640e-08 -1.165e-08 -6.386e-08 -1.728e-08 -4.845e-01 -1.031e-06  1.184e-06  2.892e-06 
 -2.843e-01  3.573e-08  9.736e-08 -2.033e-08 -6.540e-09 -1.297e-09 -6.649e-02  1.618e-07  2.916e-07  9.531e-08  2.607e-06 
 PARAMETER  CORRELATION COEFFICIENTS  
       NO.  GLOBAL      1      3      4      6     10     13     20     21     22     23     24
        1  0.33420   1.000 -0.030 -0.158 -0.012 -0.050 -0.027  0.017  0.160 -0.040 -0.078 -0.226
        3  0.24390  -0.030  1.000 -0.001 -0.074 -0.019 -0.012  0.028 -0.084  0.082  0.156  0.076
        4  0.27822  -0.158 -0.001  1.000  0.211 -0.013  0.022 -0.005 -0.043 -0.000 -0.054  0.072
        6  0.30253  -0.012 -0.074  0.211  1.000 -0.068 -0.035  0.036 -0.135 -0.014 -0.022 -0.041
       10  0.20575  -0.050 -0.019 -0.013 -0.068  1.000 -0.000 -0.011 -0.032  0.056 -0.127 -0.014
       13  0.08906  -0.027 -0.012  0.022 -0.035 -0.000  1.000  0.026 -0.023  0.003 -0.034 -0.003
       20  0.67631   0.017  0.028 -0.005  0.036 -0.011  0.026  1.000  0.440 -0.591 -0.366 -0.053
       21  0.55577   0.160 -0.084 -0.043 -0.135 -0.032 -0.023  0.440  1.000 -0.300 -0.369  0.061
       22  0.61740  -0.040  0.082 -0.000 -0.014  0.056  0.003 -0.591 -0.300  1.000  0.340  0.088
       23  0.50308  -0.078  0.156 -0.054 -0.022 -0.127 -0.034 -0.366 -0.369  0.340  1.000  0.035
       24  0.29181  -0.226  0.076  0.072 -0.041 -0.014 -0.003 -0.053  0.061  0.088  0.035  1.000
MINUIT - FIT ONLY 2-CBO
 **********
 **   25 **RES 
 **********
                   PARAMETER   16  beta_vw RESTORED TO VARIABLE.
                   PARAMETER   14  alpha_vw RESTORED TO VARIABLE.
                   PARAMETER   11  alpha_y RESTORED TO VARIABLE.
                   PARAMETER    9  alpha_2CBO RESTORED TO VARIABLE.
                   PARAMETER    8  beta_CBO RESTORED TO VARIABLE.
 **********
 **   26 **FIX            0
 **********
 PARAMETER    0  IS UNDEFINED. IGNORED.
 **********
 **   27 **FIX            1
 **********
 **********
 **   28 **FIX            2
 **********
 PARAMETER    2  IS CONSTANT.   IGNORED.
 **********
 **   29 **FIX            3
 **********
 **********
 **   30 **FIX            4
 **********
 **********
 **   31 **FIX            5
 **********
 PARAMETER    5  IS CONSTANT.   IGNORED.
 **********
 **   32 **FIX            6
 **********
 **********
 **   33 **FIX            7
 **********
 PARAMETER    7  IS CONSTANT.   IGNORED.
 **********
 **   34 **FIX           10
 **********
 **********
 **   35 **FIX           11
 **********
 **********
 **   36 **FIX           12
 **********
 PARAMETER   12  IS CONSTANT.   IGNORED.
 **********
 **   37 **FIX           13
 **********
 **********
 **   38 **FIX           14
 **********
 **********
 **   39 **FIX           15
 **********
 PARAMETER   15  IS CONSTANT.   IGNORED.
 **********
 **   40 **FIX           16
 **********
 **********
 **   41 **MIGRAD
 **********
 START MIGRAD MINIMIZATION.  STRATEGY  1.  CONVERGENCE WHEN EDM .LT. 1.00e-04
 FCN=162.597 FROM MIGRAD    STATUS=INITIATE       18 CALLS        1895 TOTAL
                     EDM= unknown      STRATEGY= 1      NO ERROR MATRIX       
  EXT PARAMETER               CURRENT GUESS       STEP         FIRST   
  NO.   NAME      VALUE            ERROR          SIZE      DERIVATIVE 
   1  N0           3.52352e+06     fixed    
   2  tau          6.43930e+01   constant   
   3  A0           3.55789e-01     fixed    
   4  phi          4.12330e+00     fixed    
   5  R           -6.08522e+01   constant   
   6  alpha_CBO   -1.43105e-03     fixed    
   7  w_CBO        2.32500e+00   constant   
   8  beta_CBO     0.00000e+00   1.00000e-03   1.00000e-03  -6.99586e+04
   9  alpha_2CBO   0.00000e+00   1.00000e-03   1.00000e-03   1.00358e+03
  10  beta_2CBO   -2.73827e-04     fixed    
  11  alpha_y      0.00000e+00     fixed    
  12  w_y          1.38860e+01   constant   
  13  beta_y       3.24681e-04     fixed    
  14  alpha_vw     0.00000e+00     fixed    
  15  w_vw         1.43404e+01   constant   
  16  beta_vw      0.00000e+00     fixed    
  17  LM          -3.26196e-04   constant   
  18  zeta_y       0.00000e+00   constant   
  19  zeta_vw      0.00000e+00   constant   
  20  T_CBO        9.98995e+02   5.32583e+02   7.96328e-02  -2.73024e-04
  21  alpha_A0    -1.36875e-03   1.64357e-03   2.24135e-06   2.03695e+00
  22  beta_A0      2.43633e-03   2.04550e-03  -3.84846e-07  -1.72423e+00
  23  alpha_phi    1.56612e-03   1.70067e-03   5.52908e-06   7.41494e-01
  24  beta_phi     1.80596e-04   1.61470e-03   5.67040e-07   3.31941e-01
 MIGRAD MINIMIZATION HAS CONVERGED.
 MIGRAD WILL VERIFY CONVERGENCE AND ERROR MATRIX.
 COVARIANCE MATRIX CALCULATED SUCCESSFULLY
 FCN=53.8825 FROM MIGRAD    STATUS=CONVERGED     297 CALLS        2174 TOTAL
                     EDM=3.3462e-07    STRATEGY= 1      ERROR MATRIX ACCURATE 
  EXT PARAMETER                                   STEP         FIRST   
  NO.   NAME      VALUE            ERROR          SIZE      DERIVATIVE 
   1  N0           3.52352e+06     fixed    
   2  tau          6.43930e+01   constant   
   3  A0           3.55789e-01     fixed    
   4  phi          4.12330e+00     fixed    
   5  R           -6.08522e+01   constant   
   6  alpha_CBO   -1.43105e-03     fixed    
   7  w_CBO        2.32500e+00   constant   
   8  beta_CBO     3.10894e-03   2.98223e-04   1.05846e-06  -7.03473e-01
   9  alpha_2CBO   5.50008e-05   3.01888e-04   1.06693e-06  -1.93091e+00
  10  beta_2CBO   -2.73827e-04     fixed    
  11  alpha_y      0.00000e+00     fixed    
  12  w_y          1.38860e+01   constant   
  13  beta_y       3.24681e-04     fixed    
  14  alpha_vw     0.00000e+00     fixed    
  15  w_vw         1.43404e+01   constant   
  16  beta_vw      0.00000e+00     fixed    
  17  LM          -3.26196e-04   constant   
  18  zeta_y       0.00000e+00   constant   
  19  zeta_vw      0.00000e+00   constant   
  20  T_CBO        9.97589e+02   7.34233e+02   9.83558e-02   3.12300e-04
  21  alpha_A0    -1.40864e-03   1.42283e-03   5.06334e-06  -7.00110e-02
  22  beta_A0     -3.00941e-04   1.43460e-03   5.07381e-06  -8.35844e-02
  23  alpha_phi    1.03392e-03   1.45063e-03   5.21273e-06  -1.61984e-01
  24  beta_phi     5.98979e-04   1.37751e-03   4.90465e-06   2.10797e-01
 EXTERNAL ERROR MATRIX.    NDIM=  25    NPAR=  7    ERR DEF=1
  8.894e-08  2.869e-09 -6.451e-07 -1.089e-10 -7.866e-08 -1.566e-08  1.256e-08 
  2.869e-09  9.114e-08 -4.013e-07  6.066e-08  8.193e-12 -2.381e-08  6.541e-08 
 -6.451e-07 -4.013e-07  4.810e+03  7.239e-04  1.701e-04 -5.280e-04 -3.190e-04 
 -1.089e-10  6.066e-08  7.239e-04  2.024e-06 -1.379e-07 -1.837e-07  9.417e-08 
 -7.866e-08  8.193e-12  1.701e-04 -1.379e-07  2.058e-06  1.012e-07  1.134e-07 
 -1.566e-08 -2.381e-08 -5.280e-04 -1.837e-07  1.012e-07  2.104e-06  3.785e-08 
  1.256e-08  6.541e-08 -3.190e-04  9.417e-08  1.134e-07  3.785e-08  1.898e-06 
 PARAMETER  CORRELATION COEFFICIENTS  
       NO.  GLOBAL      8      9     20     21     22     23     24
        8  0.19311   1.000  0.032 -0.000 -0.000 -0.184 -0.036  0.031
        9  0.21315   0.032  1.000 -0.000  0.141  0.000 -0.054  0.157
       20  0.00978  -0.000 -0.000  1.000  0.007  0.002 -0.005 -0.003
       21  0.17930  -0.000  0.141  0.007  1.000 -0.068 -0.089  0.048
       22  0.20982  -0.184  0.000  0.002 -0.068  1.000  0.049  0.057
       23  0.11469  -0.036 -0.054 -0.005 -0.089  0.049  1.000  0.019
       24  0.17647   0.031  0.157 -0.003  0.048  0.057  0.019  1.000
MINUIT - FIT wiggle + 1-CBO + 2-CBO
 **********
 **   42 **RES 
 **********
                   PARAMETER   16  beta_vw RESTORED TO VARIABLE.
                   PARAMETER   14  alpha_vw RESTORED TO VARIABLE.
                   PARAMETER   13  beta_y RESTORED TO VARIABLE.
                   PARAMETER   11  alpha_y RESTORED TO VARIABLE.
                   PARAMETER   10  beta_2CBO RESTORED TO VARIABLE.
                   PARAMETER    6  alpha_CBO RESTORED TO VARIABLE.
                   PARAMETER    4  phi RESTORED TO VARIABLE.
                   PARAMETER    3  A0 RESTORED TO VARIABLE.
                   PARAMETER    1  N0 RESTORED TO VARIABLE.
 **********
 **   43 **FIX           10
 **********
 **********
 **   44 **FIX           11
 **********
 **********
 **   45 **FIX           12
 **********
 PARAMETER   12  IS CONSTANT.   IGNORED.
 **********
 **   46 **FIX           13
 **********
 **********
 **   47 **FIX           14
 **********
 **********
 **   48 **FIX           15
 **********
 PARAMETER   15  IS CONSTANT.   IGNORED.
 **********
 **   49 **FIX           16
 **********
 **********
 **   50 **MIGRAD
 **********
 START MIGRAD MINIMIZATION.  STRATEGY  1.  CONVERGENCE WHEN EDM .LT. 1.00e-04
 FCN=53.8823 FROM MIGRAD    STATUS=INITIATE       51 CALLS        2225 TOTAL
                     EDM= unknown      STRATEGY= 1      NO ERROR MATRIX       
  EXT PARAMETER               CURRENT GUESS       STEP         FIRST   
  NO.   NAME      VALUE            ERROR          SIZE      DERIVATIVE 
   1  N0           3.52352e+06   7.78283e+02   0.00000e+00   2.24851e-03
   2  tau          6.43930e+01   constant   
   3  A0           3.55789e-01   2.92518e-04   0.00000e+00   1.81499e+04
   4  phi          4.12330e+00   8.32183e-04   0.00000e+00   7.27700e+02
   5  R           -6.08522e+01   constant   
   6  alpha_CBO   -1.43105e-03   3.05560e-04   0.00000e+00   2.48353e+03
   7  w_CBO        2.32500e+00   constant   
   8  beta_CBO     3.10894e-03   2.98223e-04   0.00000e+00   2.54844e+00
   9  alpha_2CBO   5.50008e-05   3.01888e-04   0.00000e+00  -7.46604e+00
  10  beta_2CBO   -2.73827e-04     fixed    
  11  alpha_y      0.00000e+00     fixed    
  12  w_y          1.38860e+01   constant   
  13  beta_y       3.24681e-04     fixed    
  14  alpha_vw     0.00000e+00     fixed    
  15  w_vw         1.43404e+01   constant   
  16  beta_vw      0.00000e+00     fixed    
  17  LM          -3.26196e-04   constant   
  18  zeta_y       0.00000e+00   constant   
  19  zeta_vw      0.00000e+00   constant   
  20  T_CBO        9.60613e+02   7.34233e+02  -3.01338e-01   2.94217e-05
  21  alpha_A0    -1.40864e-03   1.42283e-03   0.00000e+00   1.13530e+01
  22  beta_A0     -3.00941e-04   1.43460e-03   0.00000e+00   4.12671e+00
  23  alpha_phi    1.03392e-03   1.45063e-03   0.00000e+00  -7.19280e+00
  24  beta_phi     5.98979e-04   1.37751e-03   0.00000e+00  -5.56586e+00
 MIGRAD MINIMIZATION HAS CONVERGED.
 FCN=45.5653 FROM MIGRAD    STATUS=CONVERGED     256 CALLS        2430 TOTAL
                     EDM=2.42082e-06    STRATEGY= 1  ERROR MATRIX UNCERTAINTY   3.9 per cent
  EXT PARAMETER                                   STEP         FIRST   
  NO.   NAME      VALUE            ERROR          SIZE      DERIVATIVE 
   1  N0           3.52289e+06   7.80274e+02  -1.74826e+00   1.60967e-06
   2  tau          6.43930e+01   constant   
   3  A0           3.54968e-01   3.03721e-04  -6.54329e-07   2.01618e+00
   4  phi          4.12316e+00   7.91419e-04   2.14520e-06  -1.47938e+00
   5  R           -6.08522e+01   constant   
   6  alpha_CBO   -1.51381e-03   2.97343e-04   6.43978e-07  -4.95485e+00
   7  w_CBO        2.32500e+00   constant   
   8  beta_CBO     3.34771e-03   3.09624e-04   2.01003e-06  -5.60488e-01
   9  alpha_2CBO   8.68736e-05   3.01337e-04   1.85585e-07  -2.49290e+00
  10  beta_2CBO   -2.73827e-04     fixed    
  11  alpha_y      0.00000e+00     fixed    
  12  w_y          1.38860e+01   constant   
  13  beta_y       3.24681e-04     fixed    
  14  alpha_vw     0.00000e+00     fixed    
  15  w_vw         1.43404e+01   constant   
  16  beta_vw      0.00000e+00     fixed    
  17  LM          -3.26196e-04   constant   
  18  zeta_y       0.00000e+00   constant   
  19  zeta_vw      0.00000e+00   constant   
  20  T_CBO        9.83682e+02   5.35014e+02  -2.16247e-02  -2.01717e-04
  21  alpha_A0    -1.19531e-03   1.69828e-03  -7.45185e-07  -1.69161e-01
  22  beta_A0     -7.87925e-04   1.45759e-03   8.86802e-07  -7.46645e-01
  23  alpha_phi    2.67909e-04   1.56280e-03   4.10229e-06   1.28408e+00
  24  beta_phi     6.19241e-04   1.46001e-03   1.65174e-06  -1.64509e-01
 EXTERNAL ERROR MATRIX.    NDIM=  25    NPAR= 11    ERR DEF=1
  6.088e+05 
 -9.029e-04  9.225e-08 
 -8.184e-02 -5.553e-09  6.263e-07 
  6.268e-03 -5.241e-09  2.349e-08  8.841e-08 
 -2.441e-02 -2.447e-08  8.678e-09  7.143e-10  9.587e-08 
  7.948e-03 -5.609e-09  6.589e-09  2.995e-09  5.809e-09  9.080e-08 
  9.321e+04  7.253e-02 -2.317e-02 -1.872e-02 -2.042e-01 -3.483e-03  8.174e+05 
  2.230e-01 -8.449e-08 -3.736e-08 -1.165e-08  7.836e-08  2.954e-08 -8.393e-01  2.884e-06 
 -1.861e-02  3.822e-08 -5.794e-08 -9.586e-09 -3.454e-08 -1.614e-08 -9.983e-02 -9.281e-09  2.125e-06 
 -1.469e-01  1.182e-07  1.432e-08  1.173e-08 -7.933e-08 -2.658e-08  8.836e-01 -7.843e-07 -1.838e-08  2.442e-06 
 -1.433e-01  2.840e-08  4.533e-08  1.434e-08 -1.875e-08 -9.345e-09  3.601e-01 -4.608e-07 -3.285e-08  3.878e-07  2.132e-06 
 PARAMETER  CORRELATION COEFFICIENTS  
       NO.  GLOBAL      1      3      4      6      8      9     20     21     22     23     24
        1  0.78213   1.000 -0.004 -0.133  0.027 -0.101  0.034  0.132  0.168 -0.016 -0.120 -0.126
        3  0.47494  -0.004  1.000 -0.023 -0.058 -0.260 -0.061  0.264 -0.164  0.086  0.249  0.064
        4  0.18077  -0.133 -0.023  1.000  0.100  0.035  0.028 -0.032 -0.028 -0.050  0.012  0.039
        6  0.53969   0.027 -0.058  0.100  1.000  0.008  0.033 -0.070 -0.023 -0.022  0.025  0.033
        8  0.96603  -0.101 -0.260  0.035  0.008  1.000  0.062 -0.730  0.149 -0.077 -0.164 -0.041
        9  0.36879   0.034 -0.061  0.028  0.033  0.062  1.000 -0.013  0.058 -0.037 -0.056 -0.021
       20  0.98664   0.132  0.264 -0.032 -0.070 -0.730 -0.013  1.000 -0.547 -0.076  0.625  0.273
       21  0.90906   0.168 -0.164 -0.028 -0.023  0.149  0.058 -0.547  1.000 -0.004 -0.296 -0.186
       22  0.56399  -0.016  0.086 -0.050 -0.022 -0.077 -0.037 -0.076 -0.004  1.000 -0.008 -0.015
       23  0.94007  -0.120  0.249  0.012  0.025 -0.164 -0.056  0.625 -0.296 -0.008  1.000  0.170
       24  0.66547  -0.126  0.064  0.039  0.033 -0.041 -0.021  0.273 -0.186 -0.015  0.170  1.000
MINUIT - FIT ONLY 1-y
 **********
 **   51 **RES 
 **********
                   PARAMETER   16  beta_vw RESTORED TO VARIABLE.
                   PARAMETER   14  alpha_vw RESTORED TO VARIABLE.
                   PARAMETER   13  beta_y RESTORED TO VARIABLE.
                   PARAMETER   11  alpha_y RESTORED TO VARIABLE.
                   PARAMETER   10  beta_2CBO RESTORED TO VARIABLE.
 **********
 **   52 **FIX            0
 **********
 PARAMETER    0  IS UNDEFINED. IGNORED.
 **********
 **   53 **FIX            1
 **********
 **********
 **   54 **FIX            2
 **********
 PARAMETER    2  IS CONSTANT.   IGNORED.
 **********
 **   55 **FIX            3
 **********
 **********
 **   56 **FIX            4
 **********
 **********
 **   57 **FIX            5
 **********
 PARAMETER    5  IS CONSTANT.   IGNORED.
 **********
 **   58 **FIX            6
 **********
 **********
 **   59 **FIX            7
 **********
 PARAMETER    7  IS CONSTANT.   IGNORED.
 **********
 **   60 **FIX            8
 **********
 **********
 **   61 **FIX            9
 **********
 **********
 **   62 **FIX           13
 **********
 **********
 **   63 **FIX           14
 **********
 **********
 **   64 **FIX           15
 **********
 PARAMETER   15  IS CONSTANT.   IGNORED.
 **********
 **   65 **FIX           16
 **********
 **********
 **   66 **MIGRAD
 **********
 START MIGRAD MINIMIZATION.  STRATEGY  1.  CONVERGENCE WHEN EDM .LT. 1.00e-04
 FCN=45.5653 FROM MIGRAD    STATUS=INITIATE       16 CALLS        2446 TOTAL
                     EDM= unknown      STRATEGY= 1      NO ERROR MATRIX       
  EXT PARAMETER               CURRENT GUESS       STEP         FIRST   
  NO.   NAME      VALUE            ERROR          SIZE      DERIVATIVE 
   1  N0           3.52289e+06     fixed    
   2  tau          6.43930e+01   constant   
   3  A0           3.54968e-01     fixed    
   4  phi          4.12316e+00     fixed    
   5  R           -6.08522e+01   constant   
   6  alpha_CBO   -1.51381e-03     fixed    
   7  w_CBO        2.32500e+00   constant   
   8  beta_CBO     3.34771e-03     fixed    
   9  alpha_2CBO   8.68736e-05     fixed    
  10  beta_2CBO   -2.73827e-04   2.94878e-04   2.94878e-04  -2.00410e+03
  11  alpha_y      0.00000e+00   1.00000e-03   1.00000e-03   2.70244e+03
  12  w_y          1.38860e+01   constant   
  13  beta_y       3.24681e-04     fixed    
  14  alpha_vw     0.00000e+00     fixed    
  15  w_vw         1.43404e+01   constant   
  16  beta_vw      0.00000e+00     fixed    
  17  LM          -3.26196e-04   constant   
  18  zeta_y       0.00000e+00   constant   
  19  zeta_vw      0.00000e+00   constant   
  20  T_CBO        9.83682e+02   5.35014e+02  -2.16247e-02   1.80804e-04
  21  alpha_A0    -1.19531e-03   1.69828e-03  -7.45185e-07  -1.69170e-01
  22  beta_A0     -7.87925e-04   1.45759e-03   8.86802e-07  -7.46637e-01
  23  alpha_phi    2.67909e-04   1.56280e-03   4.10229e-06   1.28408e+00
  24  beta_phi     6.19241e-04   1.46001e-03   1.65174e-06  -1.64509e-01
 MIGRAD MINIMIZATION HAS CONVERGED.
 MIGRAD WILL VERIFY CONVERGENCE AND ERROR MATRIX.
 COVARIANCE MATRIX CALCULATED SUCCESSFULLY
 FCN=45.3121 FROM HESSE     STATUS=OK             52 CALLS        2600 TOTAL
                     EDM=0.000164015    STRATEGY= 1      ERROR MATRIX ACCURATE 
  EXT PARAMETER                                   STEP         FIRST   
  NO.   NAME      VALUE            ERROR          SIZE      DERIVATIVE 
   1  N0           3.52289e+06     fixed    
   2  tau          6.43930e+01   constant   
   3  A0           3.54968e-01     fixed    
   4  phi          4.12316e+00     fixed    
   5  R           -6.08522e+01   constant   
   6  alpha_CBO   -1.51381e-03     fixed    
   7  w_CBO        2.32500e+00   constant   
   8  beta_CBO     3.34771e-03     fixed    
   9  alpha_2CBO   8.68736e-05     fixed    
  10  beta_2CBO   -1.80656e-04   3.02977e-04   9.81942e-07   1.96559e+00
  11  alpha_y     -1.18099e-04   2.94758e-04   9.79088e-07   9.25339e-01
  12  w_y          1.38860e+01   constant   
  13  beta_y       3.24681e-04     fixed    
  14  alpha_vw     0.00000e+00     fixed    
  15  w_vw         1.43404e+01   constant   
  16  beta_vw      0.00000e+00     fixed    
  17  LM          -3.26196e-04   constant   
  18  zeta_y       0.00000e+00   constant   
  19  zeta_vw      0.00000e+00   constant   
  20  T_CBO        8.35659e+02   5.10555e+02   2.77887e-02   8.27601e-05
  21  alpha_A0    -1.26212e-03   5.36801e-03   4.83726e-06   1.91079e+00
  22  beta_A0     -7.51397e-04   3.57034e-03   4.84744e-06   2.08602e+00
  23  alpha_phi    2.05510e-04   1.76309e-03   4.98452e-06  -7.80923e-01
  24  beta_phi     6.10348e-04   2.94372e-03   4.69010e-06  -1.81811e+00
 CALL LIMIT EXCEEDED IN MIGRAD.
 MIGRAD TERMINATED WITHOUT CONVERGENCE.
 FCN=45.2862 FROM MIGRAD    STATUS=CALL LIMIT   1157 CALLS        3587 TOTAL
                     EDM=0.00319908    STRATEGY= 1  ERROR MATRIX UNCERTAINTY  25.0 per cent
  EXT PARAMETER                APPROXIMATE        STEP         FIRST   
  NO.   NAME      VALUE            ERROR          SIZE      DERIVATIVE 
   1  N0           3.52289e+06     fixed    
   2  tau          6.43930e+01   constant   
   3  A0           3.54968e-01     fixed    
   4  phi          4.12316e+00     fixed    
   5  R           -6.08522e+01   constant   
   6  alpha_CBO   -1.51381e-03     fixed    
   7  w_CBO        2.32500e+00   constant   
   8  beta_CBO     3.34771e-03     fixed    
   9  alpha_2CBO   8.68736e-05     fixed    
  10  beta_2CBO   -1.88658e-04   3.00784e-04  -3.83373e-06  -1.13501e+02
  11  alpha_y     -1.18442e-04   2.94899e-04  -8.21111e-07  -1.30351e+01
  12  w_y          1.38860e+01   constant   
  13  beta_y       3.24681e-04     fixed    
  14  alpha_vw     0.00000e+00     fixed    
  15  w_vw         1.43404e+01   constant   
  16  beta_vw      0.00000e+00     fixed    
  17  LM          -3.26196e-04   constant   
  18  zeta_y       0.00000e+00   constant   
  19  zeta_vw      0.00000e+00   constant   
  20  T_CBO        5.65929e+01   8.42129e+01  -1.20716e-02  -6.94102e-01
  21  alpha_A0    -3.94537e-02   1.88552e-01  -6.35532e-03   5.62336e-01
  22  beta_A0     -2.82376e-02   1.38593e-01  -4.67474e-03   8.71468e-01
  23  alpha_phi    6.94486e-03   3.33020e-02   1.12417e-03   2.89112e-02
  24  beta_phi     2.06078e-02   9.93249e-02   3.34913e-03  -3.53848e-01
 EXTERNAL ERROR MATRIX.    NDIM=  25    NPAR=  7    ERR DEF=1
  9.047e-08 -4.541e-10 -7.097e-04  5.802e-06  4.389e-06 -1.112e-06 -3.107e-06 
 -4.541e-10  8.697e-08 -7.659e-05  7.232e-07  5.324e-07 -1.348e-07 -3.762e-07 
 -7.097e-04 -7.659e-05  7.430e+03  1.598e+01  1.174e+01 -2.817e+00 -8.416e+00 
  5.802e-06  7.232e-07  1.598e+01  3.555e-02  2.613e-02 -6.272e-03 -1.873e-02 
  4.389e-06  5.324e-07  1.174e+01  2.613e-02  1.921e-02 -4.610e-03 -1.376e-02 
 -1.112e-06 -1.348e-07 -2.817e+00 -6.272e-03 -4.610e-03  1.109e-03  3.304e-03 
 -3.107e-06 -3.762e-07 -8.416e+00 -1.873e-02 -1.376e-02  3.304e-03  9.865e-03 
ERR MATRIX APPROXIMATE
 PARAMETER  CORRELATION COEFFICIENTS  
       NO.  GLOBAL     10     11     20     21     22     23     24
       10  0.72911   1.000 -0.005 -0.027  0.102  0.105 -0.111 -0.104
       11  0.13170  -0.005  1.000 -0.003  0.013  0.013 -0.014 -0.013
       20  0.99179  -0.027 -0.003  1.000  0.983  0.983 -0.981 -0.983
       21  0.99993   0.102  0.013  0.983  1.000  1.000 -0.999 -1.000
       22  0.99991   0.105  0.013  0.983  1.000  1.000 -0.999 -1.000
       23  0.99893  -0.111 -0.014 -0.981 -0.999 -0.999  1.000  0.999
       24  0.99987  -0.104 -0.013 -0.983 -1.000 -1.000  0.999  1.000
 ERR MATRIX APPROXIMATE
MINUIT - FIT ONLY 2-y
 **********
 **   67 **RES 
 **********
                   PARAMETER   16  beta_vw RESTORED TO VARIABLE.
                   PARAMETER   14  alpha_vw RESTORED TO VARIABLE.
                   PARAMETER   13  beta_y RESTORED TO VARIABLE.
                   PARAMETER    9  alpha_2CBO RESTORED TO VARIABLE.
                   PARAMETER    8  beta_CBO RESTORED TO VARIABLE.
                   PARAMETER    6  alpha_CBO RESTORED TO VARIABLE.
                   PARAMETER    4  phi RESTORED TO VARIABLE.
                   PARAMETER    3  A0 RESTORED TO VARIABLE.
                   PARAMETER    1  N0 RESTORED TO VARIABLE.
 **********
 **   68 **FIX            0
 **********
 PARAMETER    0  IS UNDEFINED. IGNORED.
 **********
 **   69 **FIX            1
 **********
 **********
 **   70 **FIX            2
 **********
 PARAMETER    2  IS CONSTANT.   IGNORED.
 **********
 **   71 **FIX            3
 **********
 **********
 **   72 **FIX            4
 **********
 **********
 **   73 **FIX            5
 **********
 PARAMETER    5  IS CONSTANT.   IGNORED.
 **********
 **   74 **FIX            6
 **********
 **********
 **   75 **FIX            7
 **********
 PARAMETER    7  IS CONSTANT.   IGNORED.
 **********
 **   76 **FIX            8
 **********
 **********
 **   77 **FIX            9
 **********
 **********
 **   78 **FIX           10
 **********
 **********
 **   79 **FIX           11
 **********
 **********
 **   80 **FIX           12
 **********
 PARAMETER   12  IS CONSTANT.   IGNORED.
 **********
 **   81 **FIX           16
 **********
 **********
 **   82 **MIGRAD
 **********
 START MIGRAD MINIMIZATION.  STRATEGY  1.  CONVERGENCE WHEN EDM .LT. 1.00e-04
 FCN=45.2862 FROM MIGRAD    STATUS=INITIATE       16 CALLS        3603 TOTAL
                     EDM= unknown      STRATEGY= 1      NO ERROR MATRIX       
  EXT PARAMETER               CURRENT GUESS       STEP         FIRST   
  NO.   NAME      VALUE            ERROR          SIZE      DERIVATIVE 
   1  N0           3.52289e+06     fixed    
   2  tau          6.43930e+01   constant   
   3  A0           3.54968e-01     fixed    
   4  phi          4.12316e+00     fixed    
   5  R           -6.08522e+01   constant   
   6  alpha_CBO   -1.51381e-03     fixed    
   7  w_CBO        2.32500e+00   constant   
   8  beta_CBO     3.34771e-03     fixed    
   9  alpha_2CBO   8.68736e-05     fixed    
  10  beta_2CBO   -1.88658e-04     fixed    
  11  alpha_y     -1.18442e-04     fixed    
  12  w_y          1.38860e+01   constant   
  13  beta_y       3.24681e-04   2.95057e-04   2.95057e-04  -5.17196e+02
  14  alpha_vw     0.00000e+00   1.00000e-03   1.00000e-03  -3.43128e+03
  15  w_vw         1.43404e+01   constant   
  16  beta_vw      0.00000e+00     fixed    
  17  LM          -3.26196e-04   constant   
  18  zeta_y       0.00000e+00   constant   
  19  zeta_vw      0.00000e+00   constant   
  20  T_CBO        5.65929e+01   8.42129e+01  -1.20716e-02  -6.94118e-01
  21  alpha_A0    -3.94537e-02   1.88552e-01  -6.35532e-03   5.62336e-01
  22  beta_A0     -2.82376e-02   1.38593e-01  -4.67474e-03   8.71469e-01
  23  alpha_phi    6.94486e-03   3.33020e-02   1.12417e-03   2.89112e-02
  24  beta_phi     2.06078e-02   9.93249e-02   3.34913e-03  -3.53848e-01
 CALL LIMIT EXCEEDED IN MIGRAD.
 MIGRAD TERMINATED WITHOUT CONVERGENCE.
 FCN=44.9386 FROM MIGRAD    STATUS=CALL LIMIT   1152 CALLS        4739 TOTAL
                     EDM=0.0026318    STRATEGY= 1  ERROR MATRIX UNCERTAINTY  22.7 per cent
  EXT PARAMETER                APPROXIMATE        STEP         FIRST   
  NO.   NAME      VALUE            ERROR          SIZE      DERIVATIVE 
   1  N0           3.52289e+06     fixed    
   2  tau          6.43930e+01   constant   
   3  A0           3.54968e-01     fixed    
   4  phi          4.12316e+00     fixed    
   5  R           -6.08522e+01   constant   
   6  alpha_CBO   -1.51381e-03     fixed    
   7  w_CBO        2.32500e+00   constant   
   8  beta_CBO     3.34771e-03     fixed    
   9  alpha_2CBO   8.68736e-05     fixed    
  10  beta_2CBO   -1.88658e-04     fixed    
  11  alpha_y     -1.18442e-04     fixed    
  12  w_y          1.38860e+01   constant   
  13  beta_y       3.67258e-04   2.98234e-04  -1.45802e-06  -4.62646e+01
  14  alpha_vw     1.57859e-04   2.97657e-04   1.31564e-06   4.84705e+01
  15  w_vw         1.43404e+01   constant   
  16  beta_vw      0.00000e+00     fixed    
  17  LM          -3.26196e-04   constant   
  18  zeta_y       0.00000e+00   constant   
  19  zeta_vw      0.00000e+00   constant   
