 + ++++++++++++++++++++++++++++++++++++++++++++++++++++++++++++++++++++ +
 +                                                                      +
 +           You have chose to blind your fitting according to          +
 +                omega_ref * (1 + (R +/- deltaR) *10^{-6})             +
 +                                                                      +
 + ++++++++++++++++++++++++++++++++++++++++++++++++++++++++++++++++++++ +
In main()...
reading format from /gm2data/zkhechad/run45/envelope/formats/formatB_sBin_constraintOn.txt
pBinTau 	= 0  
pBinPhi 	= 0  
constraintau 	= 1 
includeMopTerm 	= 0    
constrainMop    = 0   
Parameters after format file: pBinTau 0 pBinPhi 0 constraintau 1 includeMopTerm 0 constrainMop 0 c_e_scale 0.000000 
Opening file /gm2data/tbarrett/gm2fr/studies/run23_bunch_corrections/CorrectedFourier_Run3b.root.
reading full fit data from /gm2data/zkhechad/cboTemplates/Run4CBOTemplates/fullFits/noRF/sBin_constraintOn_cE0.0_seed0_noRF_calo18.root
windowBins = 34
fitting sliding window 35 from bin 171 at 25.364000 to bin 205 at 30.586000 (34 bins)

Reading data from /gm2data/cornell/histograms/aMethod/histogram_a_noRF.root
 **********
 **    1 **SET PRINTOUT            1
 **********
 **********
 **    2 **SET NOWARNINGS 
 **********
 PARAMETER DEFINITIONS:
    NO.   NAME         VALUE      STEP SIZE      LIMITS
     1 N0           3.61741e+06  1.00000e+02     no limits
     2 tau          6.44109e+01  constant
     3 A0           3.53417e-01  1.00000e-04     no limits
     4 phi          4.12209e+00  1.00000e-02     no limits
     5 R           -6.03373e+01  constant
     6 alpha_CBO    0.00000e+00  1.00000e-03     no limits
     7 w_CBO        2.32500e+00  constant
     8 beta_CBO     0.00000e+00  1.00000e-03     no limits
     9 alpha_2CBO   0.00000e+00  1.00000e-03     no limits
    10 beta_2CBO    0.00000e+00  1.00000e-03     no limits
    11 alpha_y      0.00000e+00  1.00000e-03     no limits
    12 w_y          1.38860e+01  constant
    13 beta_y       0.00000e+00  1.00000e-03     no limits
    14 alpha_vw     0.00000e+00  1.00000e-03     no limits
    15 w_vw         1.43404e+01  constant
    16 beta_vw      0.00000e+00  1.00000e-03     no limits
    17 LM           1.86654e-04  constant
    18 zeta_y       0.00000e+00  constant
    19 zeta_vw      0.00000e+00  constant
    20 T_CBO        1.00000e+02  1.00000e+00    0.00000e+00  1.00000e+03
    21 alpha_A0     0.00000e+00  1.00000e-04   -1.00000e-02  1.00000e-02
    22 beta_A0      0.00000e+00  1.00000e-04   -1.00000e-02  1.00000e-02
    23 alpha_phi    0.00000e+00  1.00000e-04   -1.00000e-02  1.00000e-02
    24 beta_phi     0.00000e+00  1.00000e-04   -1.00000e-02  1.00000e-02
MINUIT - FIT ONLY WIGGLE
 **********
 **    3 **FIX            5
 **********
 PARAMETER    5  IS CONSTANT.   IGNORED.
 **********
 **    4 **FIX            6
 **********
 **********
 **    5 **FIX            7
 **********
 PARAMETER    7  IS CONSTANT.   IGNORED.
 **********
 **    6 **FIX            8
 **********
 **********
 **    7 **FIX            9
 **********
 **********
 **    8 **FIX           10
 **********
 **********
 **    9 **FIX           11
 **********
 **********
 **   10 **FIX           12
 **********
 PARAMETER   12  IS CONSTANT.   IGNORED.
 **********
 **   11 **FIX           13
 **********
 **********
 **   12 **FIX           14
 **********
 **********
 **   13 **FIX           15
 **********
 PARAMETER   15  IS CONSTANT.   IGNORED.
 **********
 **   14 **FIX           16
 **********
 **********
 **   15 **MIGRAD
 **********
 FIRST CALL TO USER FUNCTION AT NEW START POINT, WITH IFLAG=4.
 START MIGRAD MINIMIZATION.  STRATEGY  1.  CONVERGENCE WHEN EDM .LT. 1.00e-04
 FCN=12041.1 FROM MIGRAD    STATUS=INITIATE      435 CALLS         436 TOTAL
                     EDM= unknown      STRATEGY= 1      NO ERROR MATRIX       
  EXT PARAMETER               CURRENT GUESS       STEP         FIRST   
  NO.   NAME      VALUE            ERROR          SIZE      DERIVATIVE 
   1  N0           3.61741e+06   1.00000e+02   0.00000e+00   1.04690e-01
   2  tau          6.44109e+01   constant   
   3  A0           3.53417e-01   1.00000e-04   0.00000e+00   9.31768e+05
   4  phi          4.12209e+00   1.00000e-02   0.00000e+00   2.84982e+04
   5  R           -6.03373e+01   constant   
   6  alpha_CBO    0.00000e+00     fixed    
   7  w_CBO        2.32500e+00   constant   
   8  beta_CBO     0.00000e+00     fixed    
   9  alpha_2CBO   0.00000e+00     fixed    
  10  beta_2CBO    0.00000e+00     fixed    
  11  alpha_y      0.00000e+00     fixed    
  12  w_y          1.38860e+01   constant   
  13  beta_y       0.00000e+00     fixed    
  14  alpha_vw     0.00000e+00     fixed    
  15  w_vw         1.43404e+01   constant   
  16  beta_vw      0.00000e+00     fixed    
  17  LM           1.86654e-04   constant   
  18  zeta_y       0.00000e+00   constant   
  19  zeta_vw      0.00000e+00   constant   
  20  T_CBO        1.00000e+02   1.00000e+00   0.00000e+00   0.00000e+00
  21  alpha_A0     0.00000e+00   1.00000e-04   0.00000e+00  -8.39183e+02
  22  beta_A0      0.00000e+00   1.00000e-04   0.00000e+00  -4.07805e+02
  23  alpha_phi    0.00000e+00   1.00000e-04   0.00000e+00   3.41656e+02
  24  beta_phi     0.00000e+00   1.00000e-04   0.00000e+00  -1.10438e+02
 MIGRAD MINIMIZATION HAS CONVERGED.
 FCN=6101.58 FROM MIGRAD    STATUS=CONVERGED     690 CALLS         691 TOTAL
                     EDM=1.45396e-06    STRATEGY= 1  ERROR MATRIX UNCERTAINTY   1.2 per cent
  EXT PARAMETER                                   STEP         FIRST   
  NO.   NAME      VALUE            ERROR          SIZE      DERIVATIVE 
   1  N0           3.61525e+06   2.49497e+02  -8.93792e-01  -3.59425e-06
   2  tau          6.44109e+01   constant   
   3  A0           3.44660e-01   9.38427e-05  -1.06164e-07   6.47483e+00
   4  phi          4.12156e+00   2.69885e-04   6.13085e-07   1.96626e+00
   5  R           -6.03373e+01   constant   
   6  alpha_CBO    0.00000e+00     fixed    
   7  w_CBO        2.32500e+00   constant   
   8  beta_CBO     0.00000e+00     fixed    
   9  alpha_2CBO   0.00000e+00     fixed    
  10  beta_2CBO    0.00000e+00     fixed    
  11  alpha_y      0.00000e+00     fixed    
  12  w_y          1.38860e+01   constant   
  13  beta_y       0.00000e+00     fixed    
  14  alpha_vw     0.00000e+00     fixed    
  15  w_vw         1.43404e+01   constant   
  16  beta_vw      0.00000e+00     fixed    
  17  LM           1.86654e-04   constant   
  18  zeta_y       0.00000e+00   constant   
  19  zeta_vw      0.00000e+00   constant   
  20  T_CBO        1.00000e+03   1.39912e+01  -3.39141e-04** at limit **
  21  alpha_A0     1.00000e-02   1.09372e-05   6.73513e-05** at limit **
  22  beta_A0      1.00000e-02   1.73476e-05  -1.93975e-04** at limit **
  23  alpha_phi    1.00000e-02   1.96721e-05   1.26615e-04** at limit **
  24  beta_phi    -1.00000e-02   1.57107e-05   2.46978e-05** at limit **
 EXTERNAL ERROR MATRIX.    NDIM=  25    NPAR=  8    ERR DEF=1
  6.225e+04  1.481e-03 -9.914e-03 -2.758e-02  6.594e-09  2.110e-06  4.015e-08  6.836e-08 
  1.481e-03  8.806e-09 -2.039e-10  5.561e-08 -1.540e-14 -2.671e-13 -5.873e-14  1.259e-15 
 -9.914e-03 -2.039e-10  7.284e-08  1.574e-08 -3.255e-15 -1.555e-12 -3.170e-14 -3.898e-14 
 -2.758e-02  5.561e-08  1.574e-08  8.895e-05  8.483e-13  3.279e-11  5.637e-12 -4.316e-13 
  6.594e-09 -1.540e-14 -3.255e-15  8.483e-13  3.655e-17 -1.383e-17 -2.323e-18 -3.043e-19 
  2.110e-06 -2.671e-13 -1.555e-12  3.279e-11 -1.383e-17  2.713e-15 -5.659e-17 -2.665e-17 
  4.015e-08 -5.873e-14 -3.170e-14  5.637e-12 -2.323e-18 -5.659e-17  2.048e-16 -5.466e-19 
  6.836e-08  1.259e-15 -3.898e-14 -4.316e-13 -3.043e-19 -2.665e-17 -5.466e-19  6.114e-17 
 PARAMETER  CORRELATION COEFFICIENTS  
       NO.  GLOBAL      1      3      4     20     21     22     23     24
        1  0.22719   1.000  0.063 -0.147 -0.012  0.004  0.162  0.011  0.035
        3  0.13040   0.063  1.000 -0.008  0.063 -0.027 -0.055 -0.044  0.002
        4  0.17372  -0.147 -0.008  1.000  0.006 -0.002 -0.111 -0.008 -0.018
       20  0.11351  -0.012  0.063  0.006  1.000  0.015  0.067  0.042 -0.006
       21  0.06826   0.004 -0.027 -0.002  0.015  1.000 -0.044 -0.027 -0.006
       22  0.24212   0.162 -0.055 -0.111  0.067 -0.044  1.000 -0.076 -0.065
       23  0.11345   0.011 -0.044 -0.008  0.042 -0.027 -0.076  1.000 -0.005
       24  0.08424   0.035  0.002 -0.018 -0.006 -0.006 -0.065 -0.005  1.000
MINUIT - FIT ONLY 1-CBO + wiggle
 **********
 **   16 **RES 
 **********
                   PARAMETER   16  beta_vw RESTORED TO VARIABLE.
                   PARAMETER   14  alpha_vw RESTORED TO VARIABLE.
                   PARAMETER   13  beta_y RESTORED TO VARIABLE.
                   PARAMETER   11  alpha_y RESTORED TO VARIABLE.
                   PARAMETER   10  beta_2CBO RESTORED TO VARIABLE.
                   PARAMETER    9  alpha_2CBO RESTORED TO VARIABLE.
                   PARAMETER    8  beta_CBO RESTORED TO VARIABLE.
                   PARAMETER    6  alpha_CBO RESTORED TO VARIABLE.
 **********
 **   17 **FIX            8
 **********
 **********
 **   18 **FIX            9
 **********
 **********
 **   19 **FIX           11
 **********
 **********
 **   20 **FIX           12
 **********
 PARAMETER   12  IS CONSTANT.   IGNORED.
 **********
 **   21 **FIX           14
 **********
 **********
 **   22 **FIX           15
 **********
 PARAMETER   15  IS CONSTANT.   IGNORED.
 **********
 **   23 **FIX           16
 **********
 **********
 **   24 **MIGRAD
 **********
 START MIGRAD MINIMIZATION.  STRATEGY  1.  CONVERGENCE WHEN EDM .LT. 1.00e-04
 FCN=6101.58 FROM MIGRAD    STATUS=INITIATE       38 CALLS         729 TOTAL
                     EDM= unknown      STRATEGY= 1      NO ERROR MATRIX       
  EXT PARAMETER               CURRENT GUESS       STEP         FIRST   
  NO.   NAME      VALUE            ERROR          SIZE      DERIVATIVE 
   1  N0           3.61525e+06   2.49497e+02  -8.93792e-01  -3.45358e-06
   2  tau          6.44109e+01   constant   
   3  A0           3.44660e-01   9.38427e-05  -1.06164e-07   4.74301e+00
   4  phi          4.12156e+00   2.69885e-04   6.13085e-07   1.96266e+00
   5  R           -6.03373e+01   constant   
   6  alpha_CBO    0.00000e+00   1.00000e-03   1.00000e-03  -1.00359e+06
   7  w_CBO        2.32500e+00   constant   
   8  beta_CBO     0.00000e+00     fixed    
   9  alpha_2CBO   0.00000e+00     fixed    
  10  beta_2CBO    0.00000e+00   1.00000e-03   1.00000e-03   1.47686e+05
  11  alpha_y      0.00000e+00     fixed    
  12  w_y          1.38860e+01   constant   
  13  beta_y       0.00000e+00   1.00000e-03   1.00000e-03   6.35449e+05
  14  alpha_vw     0.00000e+00     fixed    
  15  w_vw         1.43404e+01   constant   
  16  beta_vw      0.00000e+00     fixed    
  17  LM           1.86654e-04   constant   
  18  zeta_y       0.00000e+00   constant   
  19  zeta_vw      0.00000e+00   constant   
  20  T_CBO        9.99999e+02   1.39912e+01  -3.39141e-04  -6.62641e-02
  21  alpha_A0     9.99998e-03   1.09372e-05   6.73513e-05  -1.74235e+00
  22  beta_A0      9.99998e-03   1.73476e-05  -1.93975e-04  -8.03464e-01
  23  alpha_phi    9.99998e-03   1.96721e-05   1.26615e-04  -9.56860e-01
  24  beta_phi    -9.99998e-03   1.57107e-05   2.46978e-05   1.21995e+00
 MIGRAD MINIMIZATION HAS CONVERGED.
 MIGRAD WILL VERIFY CONVERGENCE AND ERROR MATRIX.
 COVARIANCE MATRIX CALCULATED SUCCESSFULLY
 FCN=2456.01 FROM HESSE     STATUS=OK            100 CALLS        1007 TOTAL
                     EDM=0.0464864    STRATEGY= 1      ERROR MATRIX ACCURATE 
  EXT PARAMETER                                   STEP         FIRST   
  NO.   NAME      VALUE            ERROR          SIZE      DERIVATIVE 
   1  N0           3.61647e+06   9.87418e-02   6.15930e+00  -1.09307e-05
   2  tau          6.44109e+01   constant   
   3  A0           3.46471e-01   1.02814e-04   2.33867e-06   2.46016e+01
   4  phi          4.11973e+00   2.74670e-04   6.53569e-06   4.40140e+00
   5  R           -6.03373e+01   constant   
   6  alpha_CBO    5.32659e-03   1.04706e-04   2.35393e-06  -3.88623e+00
   7  w_CBO        2.32500e+00   constant   
   8  beta_CBO     0.00000e+00     fixed    
   9  alpha_2CBO   0.00000e+00     fixed    
  10  beta_2CBO   -3.95465e-04   1.01509e-04   2.42559e-06   2.96746e+01
  11  alpha_y      0.00000e+00     fixed    
  12  w_y          1.38860e+01   constant   
  13  beta_y      -2.96678e-03   9.90055e-05   2.39030e-06   1.25317e+00
  14  alpha_vw     0.00000e+00     fixed    
  15  w_vw         1.43404e+01   constant   
  16  beta_vw      0.00000e+00     fixed    
  17  LM           1.86654e-04   constant   
  18  zeta_y       0.00000e+00   constant   
  19  zeta_vw      0.00000e+00   constant   
  20  T_CBO        1.00000e+03   2.43981e+00   5.62979e-02   3.74576e-04
  21  alpha_A0     9.99999e-03   1.42278e-02   2.39380e-03   3.04836e-01
  22  beta_A0      1.00000e-02   3.30767e-05   3.47831e-03** at limit **
  23  alpha_phi    1.00000e-02   3.35573e-05   3.56577e-03** at limit **
  24  beta_phi    -1.00000e-02   5.24930e-05   9.04256e-03** at limit **
 MIGRAD MINIMIZATION HAS CONVERGED.
 FCN=2368.49 FROM MIGRAD    STATUS=CONVERGED    1422 CALLS        2113 TOTAL
                     EDM=2.47885e-07    STRATEGY= 1  ERROR MATRIX UNCERTAINTY   1.3 per cent
  EXT PARAMETER                                   STEP         FIRST   
  NO.   NAME      VALUE            ERROR          SIZE      DERIVATIVE 
   1  N0           3.61917e+06   4.04240e+02   4.08238e-01  -8.42977e-07
   2  tau          6.44109e+01   constant   
   3  A0           3.48790e-01   2.84868e-04  -3.31750e-07   5.95148e-01
   4  phi          4.11507e+00   6.09023e-04  -2.21022e-07   1.11349e+00
   5  R           -6.03373e+01   constant   
   6  alpha_CBO    6.84983e-03   1.98469e-04  -1.13410e-07  -7.84625e-03
   7  w_CBO        2.32500e+00   constant   
   8  beta_CBO     0.00000e+00     fixed    
   9  alpha_2CBO   0.00000e+00     fixed    
  10  beta_2CBO    8.46291e-05   1.26198e-04  -1.41966e-07   2.25852e+00
  11  alpha_y      0.00000e+00     fixed    
  12  w_y          1.38860e+01   constant   
  13  beta_y      -3.00030e-03   9.91357e-05   4.68039e-10   1.22397e-01
  14  alpha_vw     0.00000e+00     fixed    
  15  w_vw         1.43404e+01   constant   
  16  beta_vw      0.00000e+00     fixed    
  17  LM           1.86654e-04   constant   
  18  zeta_y       0.00000e+00   constant   
  19  zeta_vw      0.00000e+00   constant   
  20  T_CBO        1.00000e+03   1.02565e+02  -9.39409e-04** at limit **
  21  alpha_A0     2.25259e-03   8.18914e-04   3.23249e-05  -4.11783e-03
  22  beta_A0      1.00000e-02   3.70104e-05   3.21026e-04** at limit **
  23  alpha_phi    1.00000e-02   1.04748e-04   3.66529e-04** at limit **
  24  beta_phi    -4.11831e-04   1.21491e-03  -2.37044e-04   2.31908e-03
 EXTERNAL ERROR MATRIX.    NDIM=  25    NPAR= 11    ERR DEF=1
  1.634e+05 
  8.218e-02  8.115e-08 
 -1.798e-01 -1.425e-07  3.709e-07 
  5.305e-02  4.828e-08 -9.444e-08  3.939e-08 
  1.957e-02  1.864e-08 -4.092e-08  1.219e-08  1.593e-08 
 -1.472e-03 -6.933e-10  3.045e-10 -9.383e-11  5.044e-10  9.828e-09 
 -6.212e-01 -4.974e-07  1.627e-06 -3.551e-07 -2.646e-07 -8.433e-09  4.182e-03 
 -2.304e-01 -1.973e-07  3.905e-07 -1.296e-07 -3.930e-08  3.081e-09  5.480e-07  6.722e-07 
 -1.907e-08  3.634e-15  2.802e-14 -1.200e-15 -2.187e-15 -2.896e-16  4.981e-13  1.992e-14  6.174e-18 
 -3.569e-07 -1.047e-13  9.567e-13 -1.261e-13 -9.917e-14 -1.039e-14  1.305e-10  1.874e-15  6.657e-20  2.178e-15 
  3.631e-01  3.128e-07 -6.481e-07  1.962e-07  8.987e-08 -2.115e-09 -3.411e-06 -7.969e-07 -3.261e-14 -1.327e-12  1.483e-06 
 PARAMETER  CORRELATION COEFFICIENTS  
       NO.  GLOBAL      1      3      4      6     10     13     20     21     22     23     24
        1  0.77188   1.000  0.714 -0.730  0.661  0.384 -0.037 -0.024 -0.695 -0.019 -0.019  0.737
        3  0.93515   0.714  1.000 -0.822  0.854  0.519 -0.025 -0.027 -0.845  0.005 -0.008  0.901
        4  0.89416  -0.730 -0.822  1.000 -0.781 -0.532  0.005  0.041  0.782  0.019  0.034 -0.874
        6  0.87290   0.661  0.854 -0.781  1.000  0.487 -0.005 -0.028 -0.796 -0.002 -0.014  0.812
       10  0.61811   0.384  0.519 -0.532  0.487  1.000  0.040 -0.032 -0.380 -0.007 -0.017  0.585
       13  0.08766  -0.037 -0.025  0.005 -0.005  0.040  1.000 -0.001  0.038 -0.001 -0.002 -0.018
       20  0.07518  -0.024 -0.027  0.041 -0.028 -0.032 -0.001  1.000  0.010  0.003  0.043 -0.043
       21  0.87527  -0.695 -0.845  0.782 -0.796 -0.380  0.038  0.010  1.000  0.010  0.000 -0.798
       22  0.04868  -0.019  0.005  0.019 -0.002 -0.007 -0.001  0.003  0.010  1.000  0.001 -0.011
       23  0.07043  -0.019 -0.008  0.034 -0.014 -0.017 -0.002  0.043  0.000  0.001  1.000 -0.023
       24  0.93744   0.737  0.901 -0.874  0.812  0.585 -0.018 -0.043 -0.798 -0.011 -0.023  1.000
MINUIT - FIT ONLY 2-CBO
 **********
 **   25 **RES 
 **********
                   PARAMETER   16  beta_vw RESTORED TO VARIABLE.
                   PARAMETER   14  alpha_vw RESTORED TO VARIABLE.
                   PARAMETER   11  alpha_y RESTORED TO VARIABLE.
                   PARAMETER    9  alpha_2CBO RESTORED TO VARIABLE.
                   PARAMETER    8  beta_CBO RESTORED TO VARIABLE.
 **********
 **   26 **FIX            0
 **********
 PARAMETER    0  IS UNDEFINED. IGNORED.
 **********
 **   27 **FIX            1
 **********
 **********
 **   28 **FIX            2
 **********
 PARAMETER    2  IS CONSTANT.   IGNORED.
 **********
 **   29 **FIX            3
 **********
 **********
 **   30 **FIX            4
 **********
 **********
 **   31 **FIX            5
 **********
 PARAMETER    5  IS CONSTANT.   IGNORED.
 **********
 **   32 **FIX            6
 **********
 **********
 **   33 **FIX            7
 **********
 PARAMETER    7  IS CONSTANT.   IGNORED.
 **********
 **   34 **FIX           10
 **********
 **********
 **   35 **FIX           11
 **********
 **********
 **   36 **FIX           12
 **********
 PARAMETER   12  IS CONSTANT.   IGNORED.
 **********
 **   37 **FIX           13
 **********
 **********
 **   38 **FIX           14
 **********
 **********
 **   39 **FIX           15
 **********
 PARAMETER   15  IS CONSTANT.   IGNORED.
 **********
 **   40 **FIX           16
 **********
 **********
 **   41 **MIGRAD
 **********
 START MIGRAD MINIMIZATION.  STRATEGY  1.  CONVERGENCE WHEN EDM .LT. 1.00e-04
 FCN=2368.49 FROM MIGRAD    STATUS=INITIATE       24 CALLS        2137 TOTAL
                     EDM= unknown      STRATEGY= 1      NO ERROR MATRIX       
  EXT PARAMETER               CURRENT GUESS       STEP         FIRST   
  NO.   NAME      VALUE            ERROR          SIZE      DERIVATIVE 
   1  N0           3.61917e+06     fixed    
   2  tau          6.44109e+01   constant   
   3  A0           3.48790e-01     fixed    
   4  phi          4.11507e+00     fixed    
   5  R           -6.03373e+01   constant   
   6  alpha_CBO    6.84983e-03     fixed    
   7  w_CBO        2.32500e+00   constant   
   8  beta_CBO     0.00000e+00   1.00000e-03   1.00000e-03  -5.03185e+05
   9  alpha_2CBO   0.00000e+00   1.00000e-03   1.00000e-03  -2.29259e+05
  10  beta_2CBO    8.46291e-05     fixed    
  11  alpha_y      0.00000e+00     fixed    
  12  w_y          1.38860e+01   constant   
  13  beta_y      -3.00030e-03     fixed    
  14  alpha_vw     0.00000e+00     fixed    
  15  w_vw         1.43404e+01   constant   
  16  beta_vw      0.00000e+00     fixed    
  17  LM           1.86654e-04   constant   
  18  zeta_y       0.00000e+00   constant   
  19  zeta_vw      0.00000e+00   constant   
  20  T_CBO        9.99999e+02   1.02565e+02  -9.39409e-04  -1.06129e-02
  21  alpha_A0     2.25259e-03   8.18914e-04   3.23249e-05  -4.88899e-03
  22  beta_A0      9.99998e-03   3.70104e-05   3.21026e-04  -5.40491e-01
  23  alpha_phi    9.99998e-03   1.04748e-04   3.66529e-04  -1.95479e-01
  24  beta_phi    -4.11831e-04   1.21491e-03  -2.37044e-04   2.81939e-03
 MIGRAD MINIMIZATION HAS CONVERGED.
 MIGRAD WILL VERIFY CONVERGENCE AND ERROR MATRIX.
 COVARIANCE MATRIX CALCULATED SUCCESSFULLY
 FCN=1623.9 FROM MIGRAD    STATUS=CONVERGED     167 CALLS        2280 TOTAL
                     EDM=2.88077e-05    STRATEGY= 1      ERROR MATRIX ACCURATE 
  EXT PARAMETER                                   STEP         FIRST   
  NO.   NAME      VALUE            ERROR          SIZE      DERIVATIVE 
   1  N0           3.61917e+06     fixed    
   2  tau          6.44109e+01   constant   
   3  A0           3.48790e-01     fixed    
   4  phi          4.11507e+00     fixed    
   5  R           -6.03373e+01   constant   
   6  alpha_CBO    6.84983e-03     fixed    
   7  w_CBO        2.32500e+00   constant   
   8  beta_CBO     2.57699e-03   1.04057e-04   2.01057e-06   1.33515e+00
   9  alpha_2CBO   8.39915e-04   1.00660e-04   1.94856e-06  -1.02523e+01
  10  beta_2CBO    8.46291e-05     fixed    
  11  alpha_y      0.00000e+00     fixed    
  12  w_y          1.38860e+01   constant   
  13  beta_y      -3.00030e-03     fixed    
  14  alpha_vw     0.00000e+00     fixed    
  15  w_vw         1.43404e+01   constant   
  16  beta_vw      0.00000e+00     fixed    
  17  LM           1.86654e-04   constant   
  18  zeta_y       0.00000e+00   constant   
  19  zeta_vw      0.00000e+00   constant   
  20  T_CBO        1.00000e+03   1.14357e+02   1.35790e-02** at limit **
  21  alpha_A0     1.42541e-03   3.92510e-04   7.78020e-04  -5.52135e-02
  22  beta_A0      1.00000e-02   3.19483e-04   4.99177e-03** at limit **
  23  alpha_phi    1.00000e-02   3.79624e-05   1.71530e-03** at limit **
  24  beta_phi     4.66740e-04   4.29308e-04   8.29677e-04   7.60497e-02
 EXTERNAL ERROR MATRIX.    NDIM=  25    NPAR=  7    ERR DEF=1
  1.083e-08 -1.279e-09  5.524e-10 -3.092e-09  1.952e-13 -1.381e-16  6.428e-09 
 -1.279e-09  1.013e-08 -5.300e-11 -4.378e-10  4.906e-13 -1.287e-15 -6.378e-09 
  5.524e-10 -5.300e-11  2.204e-03  1.329e-08 -1.626e-12 -3.223e-15 -4.820e-09 
 -3.092e-09 -4.378e-10  1.329e-08  1.541e-07  1.408e-12  3.381e-15 -6.085e-09 
  1.952e-13  4.906e-13 -1.626e-12  1.408e-12  3.974e-12 -5.584e-20 -1.364e-12 
 -1.381e-16 -1.287e-15 -3.223e-15  3.381e-15 -5.584e-20  8.227e-16 -1.583e-15 
  6.428e-09 -6.378e-09 -4.820e-09 -6.085e-09 -1.364e-12 -1.583e-15  1.844e-07 
 PARAMETER  CORRELATION COEFFICIENTS  
       NO.  GLOBAL      8      9     20     21     22     23     24
        8  0.19059   1.000 -0.122  0.000 -0.076  0.001 -0.000  0.144
        9  0.18094  -0.122  1.000 -0.000 -0.011  0.002 -0.000 -0.148
       20  0.00078   0.000 -0.000  1.000  0.001 -0.000 -0.000 -0.000
       21  0.08342  -0.076 -0.011  0.001  1.000  0.002  0.000 -0.036
       22  0.00362   0.001  0.002 -0.000  0.002  1.000 -0.000 -0.002
       23  0.00057  -0.000 -0.000 -0.000  0.000 -0.000  1.000 -0.000
       24  0.19654   0.144 -0.148 -0.000 -0.036 -0.002 -0.000  1.000
MINUIT - FIT wiggle + 1-CBO + 2-CBO
 **********
 **   42 **RES 
 **********
                   PARAMETER   16  beta_vw RESTORED TO VARIABLE.
                   PARAMETER   14  alpha_vw RESTORED TO VARIABLE.
                   PARAMETER   13  beta_y RESTORED TO VARIABLE.
                   PARAMETER   11  alpha_y RESTORED TO VARIABLE.
                   PARAMETER   10  beta_2CBO RESTORED TO VARIABLE.
                   PARAMETER    6  alpha_CBO RESTORED TO VARIABLE.
                   PARAMETER    4  phi RESTORED TO VARIABLE.
                   PARAMETER    3  A0 RESTORED TO VARIABLE.
                   PARAMETER    1  N0 RESTORED TO VARIABLE.
 **********
 **   43 **FIX           10
 **********
 **********
 **   44 **FIX           11
 **********
 **********
 **   45 **FIX           12
 **********
 PARAMETER   12  IS CONSTANT.   IGNORED.
 **********
 **   46 **FIX           13
 **********
 **********
 **   47 **FIX           14
 **********
 **********
 **   48 **FIX           15
 **********
 PARAMETER   15  IS CONSTANT.   IGNORED.
 **********
 **   49 **FIX           16
 **********
 **********
 **   50 **MIGRAD
 **********
 START MIGRAD MINIMIZATION.  STRATEGY  1.  CONVERGENCE WHEN EDM .LT. 1.00e-04
 FCN=1623.9 FROM MIGRAD    STATUS=INITIATE       34 CALLS        2314 TOTAL
                     EDM= unknown      STRATEGY= 1      NO ERROR MATRIX       
  EXT PARAMETER               CURRENT GUESS       STEP         FIRST   
  NO.   NAME      VALUE            ERROR          SIZE      DERIVATIVE 
   1  N0           3.61917e+06   4.04240e+02   4.04240e+02  -2.48320e-02
   2  tau          6.44109e+01   constant   
   3  A0           3.48790e-01   2.84868e-04   2.84868e-04  -9.66358e+04
   4  phi          4.11507e+00   6.09023e-04   6.09023e-04  -4.49198e+04
   5  R           -6.03373e+01   constant   
   6  alpha_CBO    6.84983e-03   1.98469e-04   1.98469e-04  -2.16115e+03
   7  w_CBO        2.32500e+00   constant   
   8  beta_CBO     2.57699e-03   1.04057e-04   2.01057e-06   1.36047e+00
   9  alpha_2CBO   8.39915e-04   1.00660e-04   1.94856e-06  -1.00197e+01
  10  beta_2CBO    8.46291e-05     fixed    
  11  alpha_y      0.00000e+00     fixed    
  12  w_y          1.38860e+01   constant   
  13  beta_y      -3.00030e-03     fixed    
  14  alpha_vw     0.00000e+00     fixed    
  15  w_vw         1.43404e+01   constant   
  16  beta_vw      0.00000e+00     fixed    
  17  LM           1.86654e-04   constant   
  18  zeta_y       0.00000e+00   constant   
  19  zeta_vw      0.00000e+00   constant   
  20  T_CBO        9.99999e+02   1.14357e+02   1.35790e-02  -8.20625e-03
  21  alpha_A0     1.42541e-03   3.92510e-04   7.78020e-04  -5.56359e-02
  22  beta_A0      1.00000e-02   3.19483e-04   4.99177e-03** at limit **
  23  alpha_phi    9.99998e-03   3.79624e-05   1.71530e-03  -5.14168e-01
  24  beta_phi     4.66740e-04   4.29308e-04   8.29677e-04   7.62434e-02
 MIGRAD FAILS TO FIND IMPROVEMENT
 FCN=1504.41 FROM HESSE     STATUS=NOT POSDEF    102 CALLS        2964 TOTAL
                     EDM=431.71    STRATEGY= 1      ERR MATRIX NOT POS-DEF
  EXT PARAMETER                APPROXIMATE        STEP         FIRST   
  NO.   NAME      VALUE            ERROR          SIZE      DERIVATIVE 
   1  N0           3.62207e+06   7.77313e+02   4.82865e+00   1.22305e-03
   2  tau          6.44109e+01   constant   
   3  A0           3.51104e-01   4.99225e-04   1.84459e-06  -2.81421e+03
   4  phi          4.11372e+00   7.77573e-04   5.00405e-06  -5.90098e+02
   5  R           -6.03373e+01   constant   
   6  alpha_CBO    8.00710e-03   3.41033e-05   1.84122e-06   1.03692e+03
   7  w_CBO        2.32500e+00   constant   
   8  beta_CBO     3.22714e-03   3.66456e-05   1.93502e-06  -1.88768e+03
   9  alpha_2CBO   4.15452e-04   2.17354e-04   1.87494e-06  -1.60962e+03
  10  beta_2CBO    8.46291e-05     fixed    
  11  alpha_y      0.00000e+00     fixed    
  12  w_y          1.38860e+01   constant   
  13  beta_y      -3.00030e-03     fixed    
  14  alpha_vw     0.00000e+00     fixed    
  15  w_vw         1.43404e+01   constant   
  16  beta_vw      0.00000e+00     fixed    
  17  LM           1.86654e-04   constant   
  18  zeta_y       0.00000e+00   constant   
  19  zeta_vw      0.00000e+00   constant   
  20  T_CBO        9.99211e+02   5.14962e+02   7.00861e-02   4.43128e-03
  21  alpha_A0    -3.87284e-03   5.16226e-04   8.01078e-04   7.38931e-01
  22  beta_A0      9.99392e-03   6.05319e-05   6.64933e-03   6.46877e-01
  23  alpha_phi    9.94107e-03   1.88116e-02   4.31810e-02  -1.72127e+00
  24  beta_phi     7.75154e-03   3.21204e-04   1.29789e-03  -1.84485e+00
 CALL LIMIT EXCEEDED IN MIGRAD.
 MIGRAD TERMINATED WITHOUT CONVERGENCE.
 FCN=1492.39 FROM MIGRAD    STATUS=CALL LIMIT   1912 CALLS        4192 TOTAL
                     EDM=0.0133324    STRATEGY= 1      ERR MATRIX NOT POS-DEF
  EXT PARAMETER                APPROXIMATE        STEP         FIRST   
  NO.   NAME      VALUE            ERROR          SIZE      DERIVATIVE 
   1  N0           3.61563e+06   5.99328e+02  -8.55330e+01  -9.70799e-04
   2  tau          6.44109e+01   constant   
   3  A0           3.52524e-01   2.49366e-04  -2.22683e-05  -1.88231e+02
   4  phi          4.12233e+00   7.34601e-04   1.06702e-04   1.90181e+02
   5  R           -6.03373e+01   constant   
   6  alpha_CBO    7.80073e-03   1.31973e-04  -2.13168e-05   8.12949e+02
   7  w_CBO        2.32500e+00   constant   
   8  beta_CBO     4.19221e-03   1.30408e-04   8.29019e-06   1.22934e+03
   9  alpha_2CBO   1.93593e-04   1.14406e-04   3.78312e-06   6.11135e+01
  10  beta_2CBO    8.46291e-05     fixed    
  11  alpha_y      0.00000e+00     fixed    
  12  w_y          1.38860e+01   constant   
  13  beta_y      -3.00030e-03     fixed    
  14  alpha_vw     0.00000e+00     fixed    
  15  w_vw         1.43404e+01   constant   
  16  beta_vw      0.00000e+00     fixed    
  17  LM           1.86654e-04   constant   
  18  zeta_y       0.00000e+00   constant   
  19  zeta_vw      0.00000e+00   constant   
  20  T_CBO        2.32258e+01   8.86180e+00  -8.82202e-03  -4.04353e+00
  21  alpha_A0     4.67523e-03   3.26799e-03   5.78282e-02  -7.30501e-03
  22  beta_A0      4.76946e-04   2.08607e-03  -2.15340e-02   1.23125e+00
  23  alpha_phi   -5.50254e-03   3.26627e-03   5.18818e-02  -2.06642e+00
  24  beta_phi     6.14359e-03   4.06216e-04  -1.20801e-03   2.19454e+00
 EXTERNAL ERROR MATRIX.    NDIM=  25    NPAR= 11    ERR DEF=1
  3.592e+05 
 -3.009e-02  6.218e-08 
 -3.935e-01  2.374e-08  5.396e-07 
  3.039e-02  2.116e-08 -3.334e-08  1.742e-08 
 -4.282e-02  1.367e-08  6.436e-08 -1.262e-09  1.701e-08 
  2.008e-03 -1.280e-08  3.675e-09 -5.296e-09 -2.456e-09  1.309e-08 
  3.026e+03  9.821e-04 -4.048e-03  7.002e-04 -3.111e-04 -3.540e-04  7.862e+01 
 -1.611e+00 -1.902e-07  2.060e-06 -2.609e-07  2.258e-07  7.922e-08 -2.651e-02  1.121e-05 
  1.098e+00 -1.912e-07 -1.359e-06  5.470e-08 -1.921e-07  7.596e-09  9.050e-03 -5.252e-06  4.416e-06 
 -1.845e+00  9.025e-08  2.225e-06 -1.623e-07  2.695e-07  9.036e-09 -2.242e-02  1.042e-05 -6.079e-06  1.126e-05 
 -7.105e-02  5.364e-08  8.341e-08  1.118e-08  2.739e-08 -1.059e-08 -8.406e-04  4.145e-07 -4.441e-07  6.148e-07  1.652e-07 
ERR MATRIX NOT POS-DEF
 PARAMETER  CORRELATION COEFFICIENTS  
       NO.  GLOBAL      1      3      4      6      8      9     20     21     22     23     24
        1  0.97783   1.000 -0.201 -0.894  0.384 -0.548  0.029  0.569 -0.803  0.872 -0.917 -0.292
        3  0.97224  -0.201  1.000  0.130  0.643  0.420 -0.449  0.444 -0.228 -0.365  0.108  0.529
        4  0.95932  -0.894  0.130  1.000 -0.344  0.672  0.044 -0.621  0.838 -0.880  0.903  0.279
        6  0.88677   0.384  0.643 -0.344  1.000 -0.073 -0.351  0.598 -0.591  0.197 -0.366  0.208
        8  0.87042  -0.548  0.420  0.672 -0.073  1.000 -0.165 -0.269  0.517 -0.701  0.616  0.517
        9  0.59977   0.029 -0.449  0.044 -0.351 -0.165  1.000 -0.349  0.207  0.032  0.024 -0.228
       20  0.95546   0.569  0.444 -0.621  0.598 -0.269 -0.349  1.000 -0.893  0.486 -0.753 -0.233
       21  0.99371  -0.803 -0.228  0.838 -0.591  0.517  0.207 -0.893  1.000 -0.747  0.928  0.305
       22  0.96267   0.872 -0.365 -0.880  0.197 -0.701  0.032  0.486 -0.747  1.000 -0.862 -0.520
       23  0.99335  -0.917  0.108  0.903 -0.366  0.616  0.024 -0.753  0.928 -0.862  1.000  0.451
       24  0.88675  -0.292  0.529  0.279  0.208  0.517 -0.228 -0.233  0.305 -0.520  0.451  1.000
 ERR MATRIX NOT POS-DEF
MINUIT - FIT ONLY 1-y
 **********
 **   51 **RES 
 **********
                   PARAMETER   16  beta_vw RESTORED TO VARIABLE.
                   PARAMETER   14  alpha_vw RESTORED TO VARIABLE.
                   PARAMETER   13  beta_y RESTORED TO VARIABLE.
                   PARAMETER   11  alpha_y RESTORED TO VARIABLE.
                   PARAMETER   10  beta_2CBO RESTORED TO VARIABLE.
 **********
 **   52 **FIX            0
 **********
 PARAMETER    0  IS UNDEFINED. IGNORED.
 **********
 **   53 **FIX            1
 **********
 **********
 **   54 **FIX            2
 **********
 PARAMETER    2  IS CONSTANT.   IGNORED.
 **********
 **   55 **FIX            3
 **********
 **********
 **   56 **FIX            4
 **********
 **********
 **   57 **FIX            5
 **********
 PARAMETER    5  IS CONSTANT.   IGNORED.
 **********
 **   58 **FIX            6
 **********
 **********
 **   59 **FIX            7
 **********
 PARAMETER    7  IS CONSTANT.   IGNORED.
 **********
 **   60 **FIX            8
 **********
 **********
 **   61 **FIX            9
 **********
 **********
 **   62 **FIX           13
 **********
 **********
 **   63 **FIX           14
 **********
 **********
 **   64 **FIX           15
 **********
 PARAMETER   15  IS CONSTANT.   IGNORED.
 **********
 **   65 **FIX           16
 **********
 **********
 **   66 **MIGRAD
 **********
 START MIGRAD MINIMIZATION.  STRATEGY  1.  CONVERGENCE WHEN EDM .LT. 1.00e-04
 FCN=1492.39 FROM MIGRAD    STATUS=INITIATE       16 CALLS        4208 TOTAL
                     EDM= unknown      STRATEGY= 1      NO ERROR MATRIX       
  EXT PARAMETER               CURRENT GUESS       STEP         FIRST   
  NO.   NAME      VALUE            ERROR          SIZE      DERIVATIVE 
   1  N0           3.61563e+06     fixed    
   2  tau          6.44109e+01   constant   
   3  A0           3.52524e-01     fixed    
   4  phi          4.12233e+00     fixed    
   5  R           -6.03373e+01   constant   
   6  alpha_CBO    7.80073e-03     fixed    
   7  w_CBO        2.32500e+00   constant   
   8  beta_CBO     4.19221e-03     fixed    
   9  alpha_2CBO   1.93593e-04     fixed    
  10  beta_2CBO    8.46291e-05   1.26198e-04   1.26198e-04  -4.23388e+04
  11  alpha_y      0.00000e+00   1.00000e-03   1.00000e-03   4.62622e+05
  12  w_y          1.38860e+01   constant   
  13  beta_y      -3.00030e-03     fixed    
  14  alpha_vw     0.00000e+00     fixed    
  15  w_vw         1.43404e+01   constant   
  16  beta_vw      0.00000e+00     fixed    
  17  LM           1.86654e-04   constant   
  18  zeta_y       0.00000e+00   constant   
  19  zeta_vw      0.00000e+00   constant   
  20  T_CBO        2.32258e+01   8.86180e+00  -8.82202e-03  -4.04341e+00
  21  alpha_A0     4.67523e-03   3.26799e-03   5.78282e-02  -7.33618e-03
  22  beta_A0      4.76946e-04   2.08607e-03  -2.15340e-02   1.23124e+00
  23  alpha_phi   -5.50254e-03   3.26627e-03   5.18818e-02   2.06646e+00
  24  beta_phi     6.14359e-03   4.06216e-04  -1.20801e-03   2.19451e+00
 MIGRAD MINIMIZATION HAS CONVERGED.
 MIGRAD WILL VERIFY CONVERGENCE AND ERROR MATRIX.
 COVARIANCE MATRIX CALCULATED SUCCESSFULLY
 FCN=945.884 FROM MIGRAD    STATUS=CONVERGED     547 CALLS        4739 TOTAL
                     EDM=7.07251e-06    STRATEGY= 1      ERROR MATRIX ACCURATE 
  EXT PARAMETER                                   STEP         FIRST   
  NO.   NAME      VALUE            ERROR          SIZE      DERIVATIVE 
   1  N0           3.61563e+06     fixed    
   2  tau          6.44109e+01   constant   
   3  A0           3.52524e-01     fixed    
   4  phi          4.12233e+00     fixed    
   5  R           -6.03373e+01   constant   
   6  alpha_CBO    7.80073e-03     fixed    
   7  w_CBO        2.32500e+00   constant   
   8  beta_CBO     4.19221e-03     fixed    
   9  alpha_2CBO   1.93593e-04     fixed    
  10  beta_2CBO    3.40848e-04   1.06268e-04   1.50507e-06   8.43453e+00
  11  alpha_y     -2.33994e-03   1.00547e-04   1.50973e-06   1.19006e+01
  12  w_y          1.38860e+01   constant   
  13  beta_y      -3.00030e-03     fixed    
  14  alpha_vw     0.00000e+00     fixed    
  15  w_vw         1.43404e+01   constant   
  16  beta_vw      0.00000e+00     fixed    
  17  LM           1.86654e-04   constant   
  18  zeta_y       0.00000e+00   constant   
  19  zeta_vw      0.00000e+00   constant   
  20  T_CBO        1.63079e+01   2.27033e+00   1.45933e-04  -6.84127e-02
  21  alpha_A0     9.45545e-03   3.91205e-03   9.40382e-03  -9.39974e-04
  22  beta_A0      1.11859e-03   2.05453e-03   3.05716e-03  -9.10639e-03
  23  alpha_phi   -9.01873e-03   2.84307e-03   7.09860e-03   2.62965e-03
  24  beta_phi     9.99992e-03   1.99857e-02   4.14005e-02  -8.06951e-04
 EXTERNAL ERROR MATRIX.    NDIM=  25    NPAR=  7    ERR DEF=1
  1.129e-08 -4.502e-11  4.981e-05  3.335e-09 -3.153e-08  5.392e-08 -1.048e-10 
 -4.502e-11  1.011e-08  3.933e-06 -6.293e-09 -5.182e-09  2.809e-09  4.912e-12 
  4.981e-05  3.933e-06  5.155e+00 -5.052e-03 -3.381e-07  5.287e-03  5.828e-05 
  3.335e-09 -6.293e-09 -5.052e-03  9.448e-06 -7.966e-07 -5.705e-06 -5.630e-08 
 -3.153e-08 -5.182e-09 -3.381e-07 -7.966e-07  4.283e-06 -5.586e-08 -7.099e-09 
  5.392e-08  2.809e-09  5.287e-03 -5.705e-06 -5.586e-08  9.629e-06  5.359e-08 
 -1.048e-10  4.912e-12  5.828e-05 -5.630e-08 -7.099e-09  5.359e-08  1.431e-08 
 PARAMETER  CORRELATION COEFFICIENTS  
       NO.  GLOBAL     10     11     20     21     22     23     24
       10  0.33387   1.000 -0.004  0.206  0.010 -0.143  0.164 -0.008
       11  0.03659  -0.004  1.000  0.017 -0.020 -0.025  0.009  0.000
       20  0.84034   0.206  0.017  1.000 -0.724 -0.000  0.750  0.215
       21  0.75411   0.010 -0.020 -0.724  1.000 -0.125 -0.598 -0.153
       22  0.21752  -0.143 -0.025 -0.000 -0.125  1.000 -0.009 -0.029
       23  0.75561   0.164  0.009  0.750 -0.598 -0.009  1.000  0.144
       24  0.22583  -0.008  0.000  0.215 -0.153 -0.029  0.144  1.000
MINUIT - FIT ONLY 2-y
 **********
 **   67 **RES 
 **********
                   PARAMETER   16  beta_vw RESTORED TO VARIABLE.
                   PARAMETER   14  alpha_vw RESTORED TO VARIABLE.
                   PARAMETER   13  beta_y RESTORED TO VARIABLE.
                   PARAMETER    9  alpha_2CBO RESTORED TO VARIABLE.
                   PARAMETER    8  beta_CBO RESTORED TO VARIABLE.
                   PARAMETER    6  alpha_CBO RESTORED TO VARIABLE.
                   PARAMETER    4  phi RESTORED TO VARIABLE.
                   PARAMETER    3  A0 RESTORED TO VARIABLE.
                   PARAMETER    1  N0 RESTORED TO VARIABLE.
 **********
 **   68 **FIX            0
 **********
 PARAMETER    0  IS UNDEFINED. IGNORED.
 **********
 **   69 **FIX            1
 **********
 **********
 **   70 **FIX            2
 **********
 PARAMETER    2  IS CONSTANT.   IGNORED.
 **********
 **   71 **FIX            3
 **********
 **********
 **   72 **FIX            4
 **********
 **********
 **   73 **FIX            5
 **********
 PARAMETER    5  IS CONSTANT.   IGNORED.
 **********
 **   74 **FIX            6
 **********
 **********
 **   75 **FIX            7
 **********
 PARAMETER    7  IS CONSTANT.   IGNORED.
 **********
 **   76 **FIX            8
 **********
 **********
 **   77 **FIX            9
 **********
 **********
 **   78 **FIX           10
 **********
 **********
 **   79 **FIX           11
 **********
 **********
 **   80 **FIX           12
 **********
 PARAMETER   12  IS CONSTANT.   IGNORED.
 **********
 **   81 **FIX           16
 **********
 **********
 **   82 **MIGRAD
 **********
 START MIGRAD MINIMIZATION.  STRATEGY  1.  CONVERGENCE WHEN EDM .LT. 1.00e-04
 FCN=945.884 FROM MIGRAD    STATUS=INITIATE       16 CALLS        4755 TOTAL
                     EDM= unknown      STRATEGY= 1      NO ERROR MATRIX       
  EXT PARAMETER               CURRENT GUESS       STEP         FIRST   
  NO.   NAME      VALUE            ERROR          SIZE      DERIVATIVE 
   1  N0           3.61563e+06     fixed    
   2  tau          6.44109e+01   constant   
   3  A0           3.52524e-01     fixed    
   4  phi          4.12233e+00     fixed    
   5  R           -6.03373e+01   constant   
   6  alpha_CBO    7.80073e-03     fixed    
   7  w_CBO        2.32500e+00   constant   
   8  beta_CBO     4.19221e-03     fixed    
   9  alpha_2CBO   1.93593e-04     fixed    
  10  beta_2CBO    3.40848e-04     fixed    
  11  alpha_y     -2.33994e-03     fixed    
  12  w_y          1.38860e+01   constant   
  13  beta_y      -3.00030e-03   9.91357e-05   9.91357e-05   1.72446e+04
  14  alpha_vw     0.00000e+00   1.00000e-03   1.00000e-03   2.09540e+05
