 + ++++++++++++++++++++++++++++++++++++++++++++++++++++++++++++++++++++ +
 +                                                                      +
 +           You have chose to blind your fitting according to          +
 +                omega_ref * (1 + (R +/- deltaR) *10^{-6})             +
 +                                                                      +
 + ++++++++++++++++++++++++++++++++++++++++++++++++++++++++++++++++++++ +
In main()...
reading format from /gm2data/zkhechad/run45/envelope/formats/formatB_sBin_constraintOn.txt
pBinTau 	= 0  
pBinPhi 	= 0  
constraintau 	= 1 
includeMopTerm 	= 0    
constrainMop    = 0   
Parameters after format file: pBinTau 0 pBinPhi 0 constraintau 1 includeMopTerm 0 constrainMop 0 c_e_scale 0.000000 
Opening file /gm2data/tbarrett/gm2fr/studies/run23_bunch_corrections/CorrectedFourier_Run3b.root.
reading full fit data from /gm2data/zkhechad/cboTemplates/Run4CBOTemplates/fullFits/noRF/sBin_constraintOn_cE0.0_seed0_noRF_calo1.root
windowBins = 69
fitting sliding window 1960 from bin 2096 at 312.574000 to bin 2165 at 323.018000 (69 bins)

Reading data from /gm2data/cornell/histograms/aMethod/histogram_a_noRF.root
 **********
 **    1 **SET PRINTOUT            1
 **********
 **********
 **    2 **SET NOWARNINGS 
 **********
 PARAMETER DEFINITIONS:
    NO.   NAME         VALUE      STEP SIZE      LIMITS
     1 N0           3.52378e+06  1.00000e+02     no limits
     2 tau          6.43930e+01  constant
     3 A0           3.54691e-01  1.00000e-04     no limits
     4 phi          4.12302e+00  1.00000e-02     no limits
     5 R           -6.08522e+01  constant
     6 alpha_CBO    0.00000e+00  1.00000e-03     no limits
     7 w_CBO        2.32500e+00  constant
     8 beta_CBO     0.00000e+00  1.00000e-03     no limits
     9 alpha_2CBO   0.00000e+00  1.00000e-03     no limits
    10 beta_2CBO    0.00000e+00  1.00000e-03     no limits
    11 alpha_y      0.00000e+00  1.00000e-03     no limits
    12 w_y          1.38860e+01  constant
    13 beta_y       0.00000e+00  1.00000e-03     no limits
    14 alpha_vw     0.00000e+00  1.00000e-03     no limits
    15 w_vw         1.43404e+01  constant
    16 beta_vw      0.00000e+00  1.00000e-03     no limits
    17 LM          -3.26196e-04  constant
    18 zeta_y       0.00000e+00  constant
    19 zeta_vw      0.00000e+00  constant
    20 T_CBO        1.00000e+02  1.00000e+00    0.00000e+00  1.00000e+03
    21 alpha_A0     0.00000e+00  1.00000e-03     no limits
    22 beta_A0      0.00000e+00  1.00000e-03     no limits
    23 alpha_phi    0.00000e+00  1.00000e-03     no limits
    24 beta_phi     0.00000e+00  1.00000e-03     no limits
MINUIT - FIT ONLY WIGGLE
 **********
 **    3 **FIX            5
 **********
 PARAMETER    5  IS CONSTANT.   IGNORED.
 **********
 **    4 **FIX            6
 **********
 **********
 **    5 **FIX            7
 **********
 PARAMETER    7  IS CONSTANT.   IGNORED.
 **********
 **    6 **FIX            8
 **********
 **********
 **    7 **FIX            9
 **********
 **********
 **    8 **FIX           10
 **********
 **********
 **    9 **FIX           11
 **********
 **********
 **   10 **FIX           12
 **********
 PARAMETER   12  IS CONSTANT.   IGNORED.
 **********
 **   11 **FIX           13
 **********
 **********
 **   12 **FIX           14
 **********
 **********
 **   13 **FIX           15
 **********
 PARAMETER   15  IS CONSTANT.   IGNORED.
 **********
 **   14 **FIX           16
 **********
 **********
 **   15 **MIGRAD
 **********
 FIRST CALL TO USER FUNCTION AT NEW START POINT, WITH IFLAG=4.
 START MIGRAD MINIMIZATION.  STRATEGY  1.  CONVERGENCE WHEN EDM .LT. 1.00e-04
 FCN=108.467 FROM MIGRAD    STATUS=INITIATE      437 CALLS         438 TOTAL
                     EDM= unknown      STRATEGY= 1      NO ERROR MATRIX       
  EXT PARAMETER               CURRENT GUESS       STEP         FIRST   
  NO.   NAME      VALUE            ERROR          SIZE      DERIVATIVE 
   1  N0           3.52378e+06   1.00000e+02   0.00000e+00   1.34226e-03
   2  tau          6.43930e+01   constant   
   3  A0           3.54691e-01   1.00000e-04   0.00000e+00   4.98620e+03
   4  phi          4.12302e+00   1.00000e-02   0.00000e+00  -8.26376e+02
   5  R           -6.08522e+01   constant   
   6  alpha_CBO    0.00000e+00     fixed    
   7  w_CBO        2.32500e+00   constant   
   8  beta_CBO     0.00000e+00     fixed    
   9  alpha_2CBO   0.00000e+00     fixed    
  10  beta_2CBO    0.00000e+00     fixed    
  11  alpha_y      0.00000e+00     fixed    
  12  w_y          1.38860e+01   constant   
  13  beta_y       0.00000e+00     fixed    
  14  alpha_vw     0.00000e+00     fixed    
  15  w_vw         1.43404e+01   constant   
  16  beta_vw      0.00000e+00     fixed    
  17  LM          -3.26196e-04   constant   
  18  zeta_y       0.00000e+00   constant   
  19  zeta_vw      0.00000e+00   constant   
  20  T_CBO        1.00000e+02   1.00000e+00   0.00000e+00   0.00000e+00
  21  alpha_A0     0.00000e+00   1.00000e-03   0.00000e+00   3.66546e+01
  22  beta_A0      0.00000e+00   1.00000e-03   0.00000e+00  -4.23520e+01
  23  alpha_phi    0.00000e+00   1.00000e-03   0.00000e+00   4.80247e+00
  24  beta_phi     0.00000e+00   1.00000e-03   0.00000e+00  -3.04944e+01
 CALL LIMIT EXCEEDED IN MIGRAD.
 MIGRAD TERMINATED WITHOUT CONVERGENCE.
 FCN=99.4341 FROM MIGRAD    STATUS=CALL LIMIT   1326 CALLS        1327 TOTAL
                     EDM=0.000613102    STRATEGY= 1  ERROR MATRIX UNCERTAINTY   1.5 per cent
  EXT PARAMETER                APPROXIMATE        STEP         FIRST   
  NO.   NAME      VALUE            ERROR          SIZE      DERIVATIVE 
   1  N0           3.52178e+06   1.70948e+03  -1.13905e+01   2.01127e-06
   2  tau          6.43930e+01   constant   
   3  A0           3.53637e-01   6.57684e-04   9.32507e-06   2.18710e+01
   4  phi          4.12523e+00   1.67394e-03  -4.28382e-05  -2.21697e+01
   5  R           -6.08522e+01   constant   
   6  alpha_CBO    0.00000e+00     fixed    
   7  w_CBO        2.32500e+00   constant   
   8  beta_CBO     0.00000e+00     fixed    
   9  alpha_2CBO   0.00000e+00     fixed    
  10  beta_2CBO    0.00000e+00     fixed    
  11  alpha_y      0.00000e+00     fixed    
  12  w_y          1.38860e+01   constant   
  13  beta_y       0.00000e+00     fixed    
  14  alpha_vw     0.00000e+00     fixed    
  15  w_vw         1.43404e+01   constant   
  16  beta_vw      0.00000e+00     fixed    
  17  LM          -3.26196e-04   constant   
  18  zeta_y       0.00000e+00   constant   
  19  zeta_vw      0.00000e+00   constant   
  20  T_CBO        5.08126e+01   3.75785e+01  -4.72675e-03  -1.11818e+00
  21  alpha_A0    -1.79842e+00   6.94066e+00  -2.22210e-01   1.41526e-02
  22  beta_A0      1.60690e+00   6.19296e+00   1.98390e-01  -2.22185e-02
  23  alpha_phi    1.19331e-02   7.62262e-01   2.92143e-02   2.48932e-02
  24  beta_phi     1.35328e+00   5.09679e+00   1.61240e-01   1.71022e-03
 EXTERNAL ERROR MATRIX.    NDIM=  25    NPAR=  8    ERR DEF=1
  2.922e+06 -1.123e-01 -3.077e-01  7.924e+03  1.496e+03 -1.375e+03 -1.781e+02 -1.092e+03 
 -1.123e-01  4.325e-07  4.955e-08 -3.331e-03 -6.137e-04  5.590e-04  7.401e-05  4.470e-04 
 -3.077e-01  4.955e-08  2.802e-06 -3.654e-04  4.324e-05 -4.143e-05 -3.504e-05 -1.763e-05 
  7.924e+03 -3.331e-03 -3.654e-04  1.426e+03  2.587e+02 -2.309e+02 -2.548e+01 -1.903e+02 
  1.496e+03 -6.137e-04  4.324e-05  2.587e+02  4.817e+01 -4.298e+01 -4.985e+00 -3.537e+01 
 -1.375e+03  5.590e-04 -4.143e-05 -2.309e+02 -4.298e+01  3.835e+01  4.446e+00  3.156e+01 
 -1.781e+02  7.401e-05 -3.504e-05 -2.548e+01 -4.985e+00  4.446e+00  5.810e-01  3.641e+00 
 -1.092e+03  4.470e-04 -1.763e-05 -1.903e+02 -3.537e+01  3.156e+01  3.641e+00  2.598e+01 
ERR MATRIX APPROXIMATE
 PARAMETER  CORRELATION COEFFICIENTS  
       NO.  GLOBAL      1      3      4     20     21     22     23     24
        1  0.32109   1.000 -0.100 -0.108  0.123  0.126 -0.130 -0.137 -0.125
        3  0.27345  -0.100  1.000  0.045 -0.134 -0.134  0.137  0.148  0.133
        4  0.16597  -0.108  0.045  1.000 -0.006  0.004 -0.004 -0.027 -0.002
       20  0.99630   0.123 -0.134 -0.006  1.000  0.987 -0.987 -0.885 -0.989
       21  0.99992   0.126 -0.134  0.004  0.987  1.000 -1.000 -0.942 -1.000
       22  0.99990  -0.130  0.137 -0.004 -0.987 -1.000  1.000  0.942  1.000
       23  0.98679  -0.137  0.148 -0.027 -0.885 -0.942  0.942  1.000  0.937
       24  0.99989  -0.125  0.133 -0.002 -0.989 -1.000  1.000  0.937  1.000
 ERR MATRIX APPROXIMATE
MINUIT - FIT ONLY 1-CBO + wiggle
 **********
 **   16 **RES 
 **********
                   PARAMETER   16  beta_vw RESTORED TO VARIABLE.
                   PARAMETER   14  alpha_vw RESTORED TO VARIABLE.
                   PARAMETER   13  beta_y RESTORED TO VARIABLE.
                   PARAMETER   11  alpha_y RESTORED TO VARIABLE.
                   PARAMETER   10  beta_2CBO RESTORED TO VARIABLE.
                   PARAMETER    9  alpha_2CBO RESTORED TO VARIABLE.
                   PARAMETER    8  beta_CBO RESTORED TO VARIABLE.
                   PARAMETER    6  alpha_CBO RESTORED TO VARIABLE.
 **********
 **   17 **FIX            8
 **********
 **********
 **   18 **FIX            9
 **********
 **********
 **   19 **FIX           11
 **********
 **********
 **   20 **FIX           12
 **********
 PARAMETER   12  IS CONSTANT.   IGNORED.
 **********
 **   21 **FIX           14
 **********
 **********
 **   22 **FIX           15
 **********
 PARAMETER   15  IS CONSTANT.   IGNORED.
 **********
 **   23 **FIX           16
 **********
 **********
 **   24 **MIGRAD
 **********
 START MIGRAD MINIMIZATION.  STRATEGY  1.  CONVERGENCE WHEN EDM .LT. 1.00e-04
 FCN=99.4341 FROM MIGRAD    STATUS=INITIATE       28 CALLS        1355 TOTAL
                     EDM= unknown      STRATEGY= 1      NO ERROR MATRIX       
  EXT PARAMETER               CURRENT GUESS       STEP         FIRST   
  NO.   NAME      VALUE            ERROR          SIZE      DERIVATIVE 
   1  N0           3.52178e+06   1.70948e+03  -1.13905e+01   2.01127e-06
   2  tau          6.43930e+01   constant   
   3  A0           3.53637e-01   6.57684e-04   9.32507e-06   2.18710e+01
   4  phi          4.12523e+00   1.67394e-03  -4.28382e-05  -2.21697e+01
   5  R           -6.08522e+01   constant   
   6  alpha_CBO    0.00000e+00   1.00000e-03   1.00000e-03   7.68195e+03
   7  w_CBO        2.32500e+00   constant   
   8  beta_CBO     0.00000e+00     fixed    
   9  alpha_2CBO   0.00000e+00     fixed    
  10  beta_2CBO    0.00000e+00   1.00000e-03   1.00000e-03   3.72674e+03
  11  alpha_y      0.00000e+00     fixed    
  12  w_y          1.38860e+01   constant   
  13  beta_y       0.00000e+00   1.00000e-03   1.00000e-03   4.08664e+03
  14  alpha_vw     0.00000e+00     fixed    
  15  w_vw         1.43404e+01   constant   
  16  beta_vw      0.00000e+00     fixed    
  17  LM          -3.26196e-04   constant   
  18  zeta_y       0.00000e+00   constant   
  19  zeta_vw      0.00000e+00   constant   
  20  T_CBO        5.08126e+01   3.75785e+01  -4.72675e-03  -1.11822e+00
  21  alpha_A0    -1.79842e+00   6.94066e+00  -2.22210e-01   1.41526e-02
  22  beta_A0      1.60690e+00   6.19296e+00   1.98390e-01  -2.22185e-02
  23  alpha_phi    1.19331e-02   7.62262e-01   2.92143e-02   2.48932e-02
  24  beta_phi     1.35328e+00   5.09679e+00   1.61240e-01   1.71022e-03
 CALL LIMIT EXCEEDED IN MIGRAD.
 MIGRAD TERMINATED WITHOUT CONVERGENCE.
 FCN=88.791 FROM MIGRAD    STATUS=CALL LIMIT   1914 CALLS        3241 TOTAL
                     EDM=0.00163053    STRATEGY= 1  ERROR MATRIX UNCERTAINTY  25.6 per cent
  EXT PARAMETER                APPROXIMATE        STEP         FIRST   
  NO.   NAME      VALUE            ERROR          SIZE      DERIVATIVE 
   1  N0           3.52210e+06   1.69541e+03  -8.38457e-01   1.96871e-06
   2  tau          6.43930e+01   constant   
   3  A0           3.54015e-01   6.31742e-04   9.24085e-07  -1.60363e+01
   4  phi          4.12541e+00   1.89799e-03  -2.38605e-06   4.39498e+00
   5  R           -6.08522e+01   constant   
   6  alpha_CBO   -1.85693e-03   6.79783e-04  -1.10932e-06   1.73282e+01
   7  w_CBO        2.32500e+00   constant   
   8  beta_CBO     0.00000e+00     fixed    
   9  alpha_2CBO   0.00000e+00     fixed    
  10  beta_2CBO   -8.27020e-04   6.45029e-04  -1.59365e-06   2.28224e+01
  11  alpha_y      0.00000e+00     fixed    
  12  w_y          1.38860e+01   constant   
  13  beta_y      -9.27488e-04   6.55947e-04   1.73115e-06  -2.75782e+01
  14  alpha_vw     0.00000e+00     fixed    
  15  w_vw         1.43404e+01   constant   
  16  beta_vw      0.00000e+00     fixed    
  17  LM          -3.26196e-04   constant   
  18  zeta_y       0.00000e+00   constant   
  19  zeta_vw      0.00000e+00   constant   
  20  T_CBO        2.53725e+01   6.32710e+00   1.72629e-04   6.24300e-01
  21  alpha_A0    -5.17063e+02   1.58664e+03   1.28144e+00   8.20567e-05
  22  beta_A0      9.04108e+02   2.79302e+03  -2.24272e+00   1.40070e-05
  23  alpha_phi   -7.98497e+01   2.81069e+02   2.05963e-01  -2.62844e-04
  24  beta_phi     7.59679e+02   2.34241e+03  -1.88414e+00   1.63676e-06
 EXTERNAL ERROR MATRIX.    NDIM=  25    NPAR= 11    ERR DEF=1
  2.874e+06 
 -6.422e-02  3.991e-07 
 -3.412e-01  2.311e-08  3.602e-06 
 -1.000e-01 -6.461e-08 -5.395e-08  4.621e-07 
  1.756e-02  4.387e-10  3.800e-08 -7.346e-09  4.161e-07 
  2.725e-03 -9.048e-09 -1.547e-09  2.506e-08  2.141e-09  4.303e-07 
 -1.605e+02  1.098e-04 -2.676e-04 -1.365e-04 -1.092e-04  2.271e-04  4.005e+01 
 -1.599e+04  2.876e-02 -1.229e-01 -4.870e-02 -1.818e-02  5.600e-02  9.897e+03  2.517e+06 
  2.733e+04 -5.038e-02  2.157e-01  8.543e-02  3.180e-02 -9.856e-02 -1.742e+04 -4.432e+06  7.801e+06 
 -3.528e+03  5.189e-03 -2.123e-02 -8.568e-03 -3.074e-03  9.897e-03  1.752e+03  4.459e+05 -7.850e+05  7.900e+04 
  2.378e+04 -4.244e-02  1.810e-01  7.164e-02  2.664e-02 -8.266e-02 -1.461e+04 -3.717e+06  6.542e+06 -6.584e+05  5.487e+06 
ERR MATRIX APPROXIMATE
 PARAMETER  CORRELATION COEFFICIENTS  
       NO.  GLOBAL      1      3      4      6     10     13     20     21     22     23     24
        1  0.35215   1.000 -0.060 -0.106 -0.087  0.016  0.002 -0.015 -0.006  0.006 -0.007  0.006
        3  0.23286  -0.060  1.000  0.019 -0.150  0.001 -0.022  0.027  0.029 -0.029  0.029 -0.029
        4  0.23759  -0.106  0.019  1.000 -0.042  0.031 -0.001 -0.022 -0.041  0.041 -0.040  0.041
        6  0.26478  -0.087 -0.150 -0.042  1.000 -0.017  0.056 -0.032 -0.045  0.045 -0.045  0.045
       10  0.13049   0.016  0.001  0.031 -0.017  1.000  0.005 -0.027 -0.018  0.018 -0.017  0.018
       13  0.08390   0.002 -0.022 -0.001  0.056  0.005  1.000  0.055  0.054 -0.054  0.054 -0.054
       20  0.98785  -0.015  0.027 -0.022 -0.032 -0.027  0.055  1.000  0.986 -0.986  0.985 -0.986
       21  1.00000  -0.006  0.029 -0.041 -0.045 -0.018  0.054  0.986  1.000 -1.000  1.000 -1.000
       22  1.00000   0.006 -0.029  0.041  0.045  0.018 -0.054 -0.986 -1.000  1.000 -1.000  1.000
       23  0.99997  -0.007  0.029 -0.040 -0.045 -0.017  0.054  0.985  1.000 -1.000  1.000 -1.000
       24  1.00000   0.006 -0.029  0.041  0.045  0.018 -0.054 -0.986 -1.000  1.000 -1.000  1.000
 ERR MATRIX APPROXIMATE
MINUIT - FIT ONLY 2-CBO
 **********
 **   25 **RES 
 **********
                   PARAMETER   16  beta_vw RESTORED TO VARIABLE.
                   PARAMETER   14  alpha_vw RESTORED TO VARIABLE.
                   PARAMETER   11  alpha_y RESTORED TO VARIABLE.
                   PARAMETER    9  alpha_2CBO RESTORED TO VARIABLE.
                   PARAMETER    8  beta_CBO RESTORED TO VARIABLE.
 **********
 **   26 **FIX            0
 **********
 PARAMETER    0  IS UNDEFINED. IGNORED.
 **********
 **   27 **FIX            1
 **********
 **********
 **   28 **FIX            2
 **********
 PARAMETER    2  IS CONSTANT.   IGNORED.
 **********
 **   29 **FIX            3
 **********
 **********
 **   30 **FIX            4
 **********
 **********
 **   31 **FIX            5
 **********
 PARAMETER    5  IS CONSTANT.   IGNORED.
 **********
 **   32 **FIX            6
 **********
 **********
 **   33 **FIX            7
 **********
 PARAMETER    7  IS CONSTANT.   IGNORED.
 **********
 **   34 **FIX           10
 **********
 **********
 **   35 **FIX           11
 **********
 **********
 **   36 **FIX           12
 **********
 PARAMETER   12  IS CONSTANT.   IGNORED.
 **********
 **   37 **FIX           13
 **********
 **********
 **   38 **FIX           14
 **********
 **********
 **   39 **FIX           15
 **********
 PARAMETER   15  IS CONSTANT.   IGNORED.
 **********
 **   40 **FIX           16
 **********
 **********
 **   41 **MIGRAD
 **********
 START MIGRAD MINIMIZATION.  STRATEGY  1.  CONVERGENCE WHEN EDM .LT. 1.00e-04
 FCN=88.791 FROM MIGRAD    STATUS=INITIATE       18 CALLS        3259 TOTAL
                     EDM= unknown      STRATEGY= 1      NO ERROR MATRIX       
  EXT PARAMETER               CURRENT GUESS       STEP         FIRST   
  NO.   NAME      VALUE            ERROR          SIZE      DERIVATIVE 
   1  N0           3.52210e+06     fixed    
   2  tau          6.43930e+01   constant   
   3  A0           3.54015e-01     fixed    
   4  phi          4.12541e+00     fixed    
   5  R           -6.08522e+01   constant   
   6  alpha_CBO   -1.85693e-03     fixed    
   7  w_CBO        2.32500e+00   constant   
   8  beta_CBO     0.00000e+00   1.00000e-03   1.00000e-03  -1.45236e+04
   9  alpha_2CBO   0.00000e+00   1.00000e-03   1.00000e-03   1.18541e+03
  10  beta_2CBO   -8.27020e-04     fixed    
  11  alpha_y      0.00000e+00     fixed    
  12  w_y          1.38860e+01   constant   
  13  beta_y      -9.27488e-04     fixed    
  14  alpha_vw     0.00000e+00     fixed    
  15  w_vw         1.43404e+01   constant   
  16  beta_vw      0.00000e+00     fixed    
  17  LM          -3.26196e-04   constant   
  18  zeta_y       0.00000e+00   constant   
  19  zeta_vw      0.00000e+00   constant   
  20  T_CBO        2.53725e+01   6.32710e+00   1.72629e-04   6.24259e-01
  21  alpha_A0    -5.17063e+02   1.58664e+03   1.28144e+00   8.20567e-05
  22  beta_A0      9.04108e+02   2.79302e+03  -2.24272e+00   1.40070e-05
  23  alpha_phi   -7.98497e+01   2.81069e+02   2.05963e-01  -2.62844e-04
  24  beta_phi     7.59679e+02   2.34241e+03  -1.88414e+00   1.63676e-06
 MIGRAD MINIMIZATION HAS CONVERGED.
 MIGRAD WILL VERIFY CONVERGENCE AND ERROR MATRIX.
 FCN=65.6865 FROM HESSE     STATUS=NOT POSDEF     50 CALLS        3389 TOTAL
                     EDM=0.00255822    STRATEGY= 1      ERR MATRIX NOT POS-DEF
  EXT PARAMETER                APPROXIMATE        STEP         FIRST   
  NO.   NAME      VALUE            ERROR          SIZE      DERIVATIVE 
   1  N0           3.52210e+06     fixed    
   2  tau          6.43930e+01   constant   
   3  A0           3.54015e-01     fixed    
   4  phi          4.12541e+00     fixed    
   5  R           -6.08522e+01   constant   
   6  alpha_CBO   -1.85693e-03     fixed    
   7  w_CBO        2.32500e+00   constant   
   8  beta_CBO     3.14400e-03   6.53659e-04   2.58995e-06   1.78773e+00
   9  alpha_2CBO  -4.23261e-04   6.73266e-04   2.62357e-06   2.76786e+00
  10  beta_2CBO   -8.27020e-04     fixed    
  11  alpha_y      0.00000e+00     fixed    
  12  w_y          1.38860e+01   constant   
  13  beta_y      -9.27488e-04     fixed    
  14  alpha_vw     0.00000e+00     fixed    
  15  w_vw         1.43404e+01   constant   
  16  beta_vw      0.00000e+00     fixed    
  17  LM          -3.26196e-04   constant   
  18  zeta_y       0.00000e+00   constant   
  19  zeta_vw      0.00000e+00   constant   
  20  T_CBO        2.49746e+01   2.36039e+01   3.85418e-05   3.90440e-01
  21  alpha_A0    -5.47564e+02   6.63614e+03   3.48296e+00   2.46955e-06
  22  beta_A0      5.35638e+02   6.52851e+03   3.35196e+00  -1.97987e-06
  23  alpha_phi    1.22787e+02   1.75582e+03   3.25109e+00  -3.50092e-07
  24  beta_phi     7.24129e+02   8.75603e+03   3.24151e+00  -1.39724e-06
 CALL LIMIT EXCEEDED IN MIGRAD.
 MIGRAD TERMINATED WITHOUT CONVERGENCE.
 FCN=65.6463 FROM MIGRAD    STATUS=CALL LIMIT   1150 CALLS        4391 TOTAL
                     EDM=0.000938976    STRATEGY= 1      ERR MATRIX NOT POS-DEF
  EXT PARAMETER                APPROXIMATE        STEP         FIRST   
  NO.   NAME      VALUE            ERROR          SIZE      DERIVATIVE 
   1  N0           3.52210e+06     fixed    
   2  tau          6.43930e+01   constant   
   3  A0           3.54015e-01     fixed    
   4  phi          4.12541e+00     fixed    
   5  R           -6.08522e+01   constant   
   6  alpha_CBO   -1.85693e-03     fixed    
   7  w_CBO        2.32500e+00   constant   
   8  beta_CBO     3.13986e-03   6.49230e-04  -1.63216e-06  -1.29941e+01
   9  alpha_2CBO  -4.17656e-04   6.25931e-04   6.44812e-06   3.91380e+01
  10  beta_2CBO   -8.27020e-04     fixed    
  11  alpha_y      0.00000e+00     fixed    
  12  w_y          1.38860e+01   constant   
  13  beta_y      -9.27488e-04     fixed    
  14  alpha_vw     0.00000e+00     fixed    
  15  w_vw         1.43404e+01   constant   
  16  beta_vw      0.00000e+00     fixed    
  17  LM          -3.26196e-04   constant   
  18  zeta_y       0.00000e+00   constant   
  19  zeta_vw      0.00000e+00   constant   
  20  T_CBO        1.72145e+01   6.70760e+00  -1.74425e-03  -4.06244e+00
  21  alpha_A0    -1.74913e+05   1.03582e+06  -3.82003e+04   4.52881e-08
  22  beta_A0      1.62906e+05   9.62653e+05   3.55024e+04  -5.80342e-08
  23  alpha_phi    4.01628e+04   2.37604e+05   8.76155e+03  -6.33412e-08
  24  beta_phi     2.18268e+05   1.29178e+06   4.76402e+04  -6.87561e-08
 EXTERNAL ERROR MATRIX.    NDIM=  25    NPAR=  7    ERR DEF=1
  4.215e-07 -3.982e-09 -5.533e-05  3.230e+00 -3.054e+00 -7.280e-01 -4.047e+00 
 -3.982e-09  3.918e-07  1.272e-04  6.196e+00 -5.704e+00 -1.494e+00 -7.792e+00 
 -5.533e-05  1.272e-04  4.503e+01  6.821e+06 -6.340e+06 -1.565e+06 -8.507e+06 
  3.230e+00  6.196e+00  6.821e+06  1.073e+12 -9.971e+11 -2.461e+11 -1.338e+12 
 -3.054e+00 -5.704e+00 -6.340e+06 -9.971e+11  9.267e+11  2.287e+11  1.244e+12 
 -7.280e-01 -1.494e+00 -1.565e+06 -2.461e+11  2.287e+11  5.646e+10  3.069e+11 
 -4.047e+00 -7.792e+00 -8.507e+06 -1.338e+12  1.244e+12  3.069e+11  1.669e+12 
ERR MATRIX NOT POS-DEF
 PARAMETER  CORRELATION COEFFICIENTS  
       NO.  GLOBAL      8      9     20     21     22     23     24
        8  0.12186   1.000 -0.010 -0.013  0.005 -0.005 -0.005 -0.005
        9  0.23623  -0.010  1.000  0.030  0.010 -0.009 -0.010 -0.010
       20  0.98211  -0.013  0.030  1.000  0.981 -0.981 -0.981 -0.981
       21  1.00000   0.005  0.010  0.981  1.000 -1.000 -1.000 -1.000
       22  1.00000  -0.005 -0.009 -0.981 -1.000  1.000  1.000  1.000
       23  0.99999  -0.005 -0.010 -0.981 -1.000  1.000  1.000  1.000
       24  1.00000  -0.005 -0.010 -0.981 -1.000  1.000  1.000  1.000
 ERR MATRIX NOT POS-DEF
MINUIT - FIT wiggle + 1-CBO + 2-CBO
 **********
 **   42 **RES 
 **********
                   PARAMETER   16  beta_vw RESTORED TO VARIABLE.
                   PARAMETER   14  alpha_vw RESTORED TO VARIABLE.
                   PARAMETER   13  beta_y RESTORED TO VARIABLE.
                   PARAMETER   11  alpha_y RESTORED TO VARIABLE.
                   PARAMETER   10  beta_2CBO RESTORED TO VARIABLE.
                   PARAMETER    6  alpha_CBO RESTORED TO VARIABLE.
                   PARAMETER    4  phi RESTORED TO VARIABLE.
                   PARAMETER    3  A0 RESTORED TO VARIABLE.
                   PARAMETER    1  N0 RESTORED TO VARIABLE.
 **********
 **   43 **FIX           10
 **********
 **********
 **   44 **FIX           11
 **********
 **********
 **   45 **FIX           12
 **********
 PARAMETER   12  IS CONSTANT.   IGNORED.
 **********
 **   46 **FIX           13
 **********
 **********
 **   47 **FIX           14
 **********
 **********
 **   48 **FIX           15
 **********
 PARAMETER   15  IS CONSTANT.   IGNORED.
 **********
 **   49 **FIX           16
 **********
 **********
 **   50 **MIGRAD
 **********
 START MIGRAD MINIMIZATION.  STRATEGY  1.  CONVERGENCE WHEN EDM .LT. 1.00e-04
 FCN=65.6463 FROM MIGRAD    STATUS=INITIATE       22 CALLS        4413 TOTAL
                     EDM= unknown      STRATEGY= 1      NO ERROR MATRIX       
  EXT PARAMETER               CURRENT GUESS       STEP         FIRST   
  NO.   NAME      VALUE            ERROR          SIZE      DERIVATIVE 
   1  N0           3.52210e+06   1.69541e+03   1.69541e+03  -2.88917e-05
   2  tau          6.43930e+01   constant   
   3  A0           3.54015e-01   6.31742e-04   6.31742e-04  -1.63016e+03
   4  phi          4.12541e+00   1.89799e-03   1.89799e-03   1.04246e+03
   5  R           -6.08522e+01   constant   
   6  alpha_CBO   -1.85693e-03   6.79783e-04   6.79783e-04  -4.73824e+02
   7  w_CBO        2.32500e+00   constant   
   8  beta_CBO     3.13986e-03   6.49230e-04  -1.63216e-06  -1.29941e+01
   9  alpha_2CBO  -4.17656e-04   6.25931e-04   6.44812e-06   3.91380e+01
  10  beta_2CBO   -8.27020e-04     fixed    
  11  alpha_y      0.00000e+00     fixed    
  12  w_y          1.38860e+01   constant   
  13  beta_y      -9.27488e-04     fixed    
  14  alpha_vw     0.00000e+00     fixed    
  15  w_vw         1.43404e+01   constant   
  16  beta_vw      0.00000e+00     fixed    
  17  LM          -3.26196e-04   constant   
  18  zeta_y       0.00000e+00   constant   
  19  zeta_vw      0.00000e+00   constant   
  20  T_CBO        1.72145e+01   6.70760e+00  -1.74425e-03  -4.06256e+00
  21  alpha_A0    -1.74913e+05   1.03582e+06  -3.82003e+04   4.52887e-08
  22  beta_A0      1.62906e+05   9.62653e+05   3.55024e+04  -5.80326e-08
  23  alpha_phi    4.01628e+04   2.37604e+05   8.76155e+03  -6.33412e-08
  24  beta_phi     2.18268e+05   1.29178e+06   4.76402e+04  -6.87561e-08
 MIGRAD MINIMIZATION HAS CONVERGED.
 MIGRAD WILL VERIFY CONVERGENCE AND ERROR MATRIX.
 FCN=64.2237 FROM HESSE     STATUS=NOT POSDEF    100 CALLS        4631 TOTAL
                     EDM=0.00111252    STRATEGY= 1      ERR MATRIX NOT POS-DEF
  EXT PARAMETER                APPROXIMATE        STEP         FIRST   
  NO.   NAME      VALUE            ERROR          SIZE      DERIVATIVE 
   1  N0           3.52223e+06   1.75758e+03   6.23550e+00   2.23416e-06
   2  tau          6.43930e+01   constant   
   3  A0           3.54407e-01   6.75202e-04   2.50180e-06   2.63739e+00
   4  phi          4.12332e+00   1.95860e-03   7.30984e-06   8.22763e-01
   5  R           -6.08522e+01   constant   
   6  alpha_CBO   -1.80447e-03   6.96715e-04   2.64515e-06  -1.51473e+00
   7  w_CBO        2.32500e+00   constant   
   8  beta_CBO     3.34171e-03   6.74973e-04   2.56132e-06   6.69154e-01
   9  alpha_2CBO  -3.94556e-04   6.78628e-04   2.59458e-06   1.50316e+00
  10  beta_2CBO   -8.27020e-04     fixed    
  11  alpha_y      0.00000e+00     fixed    
  12  w_y          1.38860e+01   constant   
  13  beta_y      -9.27488e-04     fixed    
  14  alpha_vw     0.00000e+00     fixed    
  15  w_vw         1.43404e+01   constant   
  16  beta_vw      0.00000e+00     fixed    
  17  LM          -3.26196e-04   constant   
  18  zeta_y       0.00000e+00   constant   
  19  zeta_vw      0.00000e+00   constant   
  20  T_CBO        1.71308e+01   1.27428e+01   2.52893e-05   4.25871e-01
  21  alpha_A0    -1.33729e+05   1.87689e+06   2.28384e+01   2.82365e-09
  22  beta_A0      2.03466e+05   2.82692e+06   2.28380e+01  -4.86815e-09
  23  alpha_phi    4.39489e+04   6.99237e+05   2.28376e+01  -5.27275e-09
  24  beta_phi     1.76723e+05   2.43668e+06   2.28376e+01  -9.92268e-10
 CALL LIMIT EXCEEDED IN MIGRAD.
 MIGRAD TERMINATED WITHOUT CONVERGENCE.
 FCN=64.2004 FROM MIGRAD    STATUS=CALL LIMIT   1910 CALLS        6301 TOTAL
                     EDM=0.000624955    STRATEGY= 1      ERR MATRIX NOT POS-DEF
  EXT PARAMETER                APPROXIMATE        STEP         FIRST   
  NO.   NAME      VALUE            ERROR          SIZE      DERIVATIVE 
   1  N0           3.52222e+06   1.66426e+03   5.39461e+00   2.54359e-06
   2  tau          6.43930e+01   constant   
   3  A0           3.54435e-01   6.44585e-04   5.68885e-06   2.32307e+01
   4  phi          4.12336e+00   1.94901e-03  -2.39637e-07  -1.32719e+00
   5  R           -6.08522e+01   constant   
   6  alpha_CBO   -1.81129e-03   6.75794e-04  -5.67000e-06  -2.05664e+01
   7  w_CBO        2.32500e+00   constant   
   8  beta_CBO     3.33755e-03   6.74892e-04  -5.74058e-07  -3.73306e+00
   9  alpha_2CBO  -3.92937e-04   6.71011e-04   2.65883e-06   9.47322e+00
  10  beta_2CBO   -8.27020e-04     fixed    
  11  alpha_y      0.00000e+00     fixed    
  12  w_y          1.38860e+01   constant   
  13  beta_y      -9.27488e-04     fixed    
  14  alpha_vw     0.00000e+00     fixed    
  15  w_vw         1.43404e+01   constant   
  16  beta_vw      0.00000e+00     fixed    
  17  LM          -3.26196e-04   constant   
  18  zeta_y       0.00000e+00   constant   
  19  zeta_vw      0.00000e+00   constant   
  20  T_CBO        1.30869e+01   6.70009e+00  -5.23310e-04   1.31938e+00
  21  alpha_A0    -4.07635e+07   4.60870e+08  -4.73941e+06   2.81675e-10
  22  beta_A0      6.27847e+07   7.08790e+08   7.28854e+06  -1.40559e-10
  23  alpha_phi    1.35458e+07   1.49520e+08   1.53749e+06  -1.17396e-09
  24  beta_phi     5.47691e+07   6.21884e+08   6.39501e+06   7.09937e-10
 EXTERNAL ERROR MATRIX.    NDIM=  25    NPAR= 11    ERR DEF=1
  2.770e+06 
 -2.564e-02  4.155e-07 
 -4.548e-01 -1.365e-08  3.799e-06 
 -1.027e-01 -6.702e-08 -6.513e-08  4.567e-07 
  3.349e-02  4.618e-08 -2.959e-07  4.397e-09  4.555e-07 
  6.504e-02  9.842e-09 -1.226e-08 -2.586e-08 -1.574e-08  4.503e-07 
 -1.216e+03 -1.350e-03 -1.377e-04  1.180e-03  1.044e-04 -5.297e-04  4.494e+01 
 -7.687e+10 -9.312e+04 -2.261e+04  7.852e+04  1.086e+04 -3.649e+04  3.079e+09  2.124e+17 
  1.181e+11  1.433e+05  3.466e+04 -1.208e+05 -1.671e+04  5.613e+04 -4.735e+09 -3.267e+17  5.024e+17 
  2.481e+10  3.024e+04  7.359e+03 -2.548e+04 -3.517e+03  1.181e+04 -9.989e+08 -6.891e+16  1.060e+17  2.236e+16 
  1.037e+11  1.257e+05  3.048e+04 -1.060e+05 -1.466e+04  4.921e+04 -4.154e+09 -2.866e+17  4.408e+17  9.298e+16  3.867e+17 
ERR MATRIX NOT POS-DEF
 PARAMETER  CORRELATION COEFFICIENTS  
       NO.  GLOBAL      1      3      4      6      8      9     20     21     22     23     24
        1  0.36804   1.000 -0.024 -0.140 -0.091  0.030  0.058 -0.109 -0.100  0.100  0.100  0.100
        3  0.39966  -0.024  1.000 -0.011 -0.154  0.106  0.023 -0.312 -0.313  0.314  0.314  0.313
        4  0.33186  -0.140 -0.011  1.000 -0.049 -0.225 -0.009 -0.011 -0.025  0.025  0.025  0.025
        6  0.32298  -0.091 -0.154 -0.049  1.000  0.010 -0.057  0.260  0.252 -0.252 -0.252 -0.252
        8  0.28652   0.030  0.106 -0.225  0.010  1.000 -0.035  0.023  0.035 -0.035 -0.035 -0.035
        9  0.26265   0.058  0.023 -0.009 -0.057 -0.035  1.000 -0.118 -0.118  0.118  0.118  0.118
       20  0.99676  -0.109 -0.312 -0.011  0.260  0.023 -0.118  1.000  0.996 -0.996 -0.996 -0.996
       21  1.00000  -0.100 -0.313 -0.025  0.252  0.035 -0.118  0.996  1.000 -1.000 -1.000 -1.000
       22  1.00000   0.100  0.314  0.025 -0.252 -0.035  0.118 -0.996 -1.000  1.000  1.000  1.000
       23  1.00000   0.100  0.314  0.025 -0.252 -0.035  0.118 -0.996 -1.000  1.000  1.000  1.000
       24  1.00000   0.100  0.313  0.025 -0.252 -0.035  0.118 -0.996 -1.000  1.000  1.000  1.000
 ERR MATRIX NOT POS-DEF
MINUIT - FIT ONLY 1-y
 **********
 **   51 **RES 
 **********
                   PARAMETER   16  beta_vw RESTORED TO VARIABLE.
                   PARAMETER   14  alpha_vw RESTORED TO VARIABLE.
                   PARAMETER   13  beta_y RESTORED TO VARIABLE.
                   PARAMETER   11  alpha_y RESTORED TO VARIABLE.
                   PARAMETER   10  beta_2CBO RESTORED TO VARIABLE.
 **********
 **   52 **FIX            0
 **********
 PARAMETER    0  IS UNDEFINED. IGNORED.
 **********
 **   53 **FIX            1
 **********
 **********
 **   54 **FIX            2
 **********
 PARAMETER    2  IS CONSTANT.   IGNORED.
 **********
 **   55 **FIX            3
 **********
 **********
 **   56 **FIX            4
 **********
 **********
 **   57 **FIX            5
 **********
 PARAMETER    5  IS CONSTANT.   IGNORED.
 **********
 **   58 **FIX            6
 **********
 **********
 **   59 **FIX            7
 **********
 PARAMETER    7  IS CONSTANT.   IGNORED.
 **********
 **   60 **FIX            8
 **********
 **********
 **   61 **FIX            9
 **********
 **********
 **   62 **FIX           13
 **********
 **********
 **   63 **FIX           14
 **********
 **********
 **   64 **FIX           15
 **********
 PARAMETER   15  IS CONSTANT.   IGNORED.
 **********
 **   65 **FIX           16
 **********
 **********
 **   66 **MIGRAD
 **********
 START MIGRAD MINIMIZATION.  STRATEGY  1.  CONVERGENCE WHEN EDM .LT. 1.00e-04
 FCN=64.2003 FROM MIGRAD    STATUS=INITIATE      100 CALLS        6401 TOTAL
                     EDM= unknown      STRATEGY= 1      NO ERROR MATRIX       
  EXT PARAMETER               CURRENT GUESS       STEP         FIRST   
  NO.   NAME      VALUE            ERROR          SIZE      DERIVATIVE 
   1  N0           3.52222e+06     fixed    
   2  tau          6.43930e+01   constant   
   3  A0           3.54435e-01     fixed    
   4  phi          4.12336e+00     fixed    
   5  R           -6.08522e+01   constant   
   6  alpha_CBO   -1.81129e-03     fixed    
   7  w_CBO        2.32500e+00   constant   
   8  beta_CBO     3.33755e-03     fixed    
   9  alpha_2CBO  -3.92937e-04     fixed    
  10  beta_2CBO   -8.27020e-04   6.45029e-04   0.00000e+00   9.85985e+02
  11  alpha_y      0.00000e+00   1.00000e-03   0.00000e+00  -1.04315e+03
  12  w_y          1.38860e+01   constant   
  13  beta_y      -9.27488e-04     fixed    
  14  alpha_vw     0.00000e+00     fixed    
  15  w_vw         1.43404e+01   constant   
  16  beta_vw      0.00000e+00     fixed    
  17  LM          -3.26196e-04   constant   
  18  zeta_y       0.00000e+00   constant   
  19  zeta_vw      0.00000e+00   constant   
  20  T_CBO        1.30869e+01   6.70009e+00   0.00000e+00   1.58235e+00
  21  alpha_A0    -4.08320e+07   4.60870e+08   0.00000e+00   2.64227e-10
  22  beta_A0      6.28146e+07   7.08790e+08   2.99381e+04  -1.31525e-10
  23  alpha_phi    1.35458e+07   1.49520e+08   0.00000e+00  -1.17383e-09
  24  beta_phi     5.47691e+07   6.21884e+08   0.00000e+00   7.09675e-10
 MIGRAD MINIMIZATION HAS CONVERGED.
 MIGRAD WILL VERIFY CONVERGENCE AND ERROR MATRIX.
 COVARIANCE MATRIX CALCULATED SUCCESSFULLY
 FCN=63.9687 FROM MIGRAD    STATUS=CONVERGED     268 CALLS        6569 TOTAL
                     EDM=1.14674e-08    STRATEGY= 1      ERROR MATRIX ACCURATE 
  EXT PARAMETER                                   STEP         FIRST   
  NO.   NAME      VALUE            ERROR          SIZE      DERIVATIVE 
   1  N0           3.52222e+06     fixed    
   2  tau          6.43930e+01   constant   
   3  A0           3.54435e-01     fixed    
   4  phi          4.12336e+00     fixed    
   5  R           -6.08522e+01   constant   
   6  alpha_CBO   -1.81129e-03     fixed    
   7  w_CBO        2.32500e+00   constant   
   8  beta_CBO     3.33755e-03     fixed    
   9  alpha_2CBO  -3.92937e-04     fixed    
  10  beta_2CBO   -1.05284e-03   6.62782e-04   2.60480e-06   5.91950e-03
  11  alpha_y      2.29738e-04   6.56672e-04   2.58369e-06  -1.33190e-02
  12  w_y          1.38860e+01   constant   
  13  beta_y      -9.27488e-04     fixed    
  14  alpha_vw     0.00000e+00     fixed    
  15  w_vw         1.43404e+01   constant   
  16  beta_vw      0.00000e+00     fixed    
  17  LM          -3.26196e-04   constant   
  18  zeta_y       0.00000e+00   constant   
  19  zeta_vw      0.00000e+00   constant   
  20  T_CBO        1.30832e+01   4.68371e-01   1.61771e-05   3.67441e-02
  21  alpha_A0    -3.77424e+07   1.41421e+00   2.27980e+01   2.69933e-11
  22  beta_A0      6.44279e+07   1.41421e+00   3.07216e+01  -4.18065e-11
  23  alpha_phi    1.63348e+07   1.41421e+00   2.27980e+01  -9.35006e-14
  24  beta_phi     5.73007e+07   1.41421e+00   2.73231e+01  -1.01457e-11
 EXTERNAL ERROR MATRIX.    NDIM=  25    NPAR=  7    ERR DEF=1
  4.393e-07 -8.907e-09 -1.539e-05 -2.488e-12 -1.072e-13  1.151e-12 -1.854e-12 
 -8.907e-09  4.312e-07  4.412e-06  8.917e-15 -3.174e-13  2.345e-13  2.969e-13 
 -1.539e-05  4.412e-06  2.194e-01  4.042e-09 -7.694e-09 -2.369e-09 -7.032e-09 
 -2.488e-12  8.917e-15  4.042e-09  2.000e+00  1.521e-13 -3.002e-15  4.525e-16 
 -1.072e-13 -3.174e-13 -7.694e-09  1.521e-13  2.000e+00 -1.823e-16  1.503e-15 
  1.151e-12  2.345e-13 -2.369e-09 -3.002e-15 -1.823e-16  2.000e+00  7.782e-16 
 -1.854e-12  2.969e-13 -7.032e-09  4.525e-16  1.503e-15  7.782e-16  2.000e+00 
 PARAMETER  CORRELATION COEFFICIENTS  
       NO.  GLOBAL     10     11     20     21     22     23     24
       10  0.05336   1.000 -0.020 -0.050 -0.000 -0.000  0.000 -0.000
       11  0.02443  -0.020  1.000  0.014  0.000 -0.000  0.000  0.000
       20  0.05133  -0.050  0.014  1.000  0.000 -0.000 -0.000 -0.000
       21  0.00000  -0.000  0.000  0.000  1.000  0.000 -0.000  0.000
       22  0.00000  -0.000 -0.000 -0.000  0.000  1.000 -0.000  0.000
       23  0.00000   0.000  0.000 -0.000 -0.000 -0.000  1.000  0.000
       24  0.00000  -0.000  0.000 -0.000  0.000  0.000  0.000  1.000
MINUIT - FIT ONLY 2-y
 **********
 **   67 **RES 
 **********
                   PARAMETER   16  beta_vw RESTORED TO VARIABLE.
                   PARAMETER   14  alpha_vw RESTORED TO VARIABLE.
                   PARAMETER   13  beta_y RESTORED TO VARIABLE.
                   PARAMETER    9  alpha_2CBO RESTORED TO VARIABLE.
                   PARAMETER    8  beta_CBO RESTORED TO VARIABLE.
                   PARAMETER    6  alpha_CBO RESTORED TO VARIABLE.
                   PARAMETER    4  phi RESTORED TO VARIABLE.
                   PARAMETER    3  A0 RESTORED TO VARIABLE.
                   PARAMETER    1  N0 RESTORED TO VARIABLE.
 **********
 **   68 **FIX            0
 **********
 PARAMETER    0  IS UNDEFINED. IGNORED.
 **********
 **   69 **FIX            1
 **********
 **********
 **   70 **FIX            2
 **********
 PARAMETER    2  IS CONSTANT.   IGNORED.
 **********
 **   71 **FIX            3
 **********
 **********
 **   72 **FIX            4
 **********
 **********
 **   73 **FIX            5
 **********
 PARAMETER    5  IS CONSTANT.   IGNORED.
 **********
 **   74 **FIX            6
 **********
 **********
 **   75 **FIX            7
 **********
 PARAMETER    7  IS CONSTANT.   IGNORED.
 **********
 **   76 **FIX            8
 **********
 **********
 **   77 **FIX            9
 **********
 **********
 **   78 **FIX           10
 **********
 **********
 **   79 **FIX           11
 **********
 **********
 **   80 **FIX           12
 **********
 PARAMETER   12  IS CONSTANT.   IGNORED.
 **********
 **   81 **FIX           16
 **********
 **********
 **   82 **MIGRAD
 **********
 START MIGRAD MINIMIZATION.  STRATEGY  1.  CONVERGENCE WHEN EDM .LT. 1.00e-04
 FCN=63.9687 FROM MIGRAD    STATUS=INITIATE       57 CALLS        6626 TOTAL
                     EDM= unknown      STRATEGY= 1      NO ERROR MATRIX       
  EXT PARAMETER               CURRENT GUESS       STEP         FIRST   
  NO.   NAME      VALUE            ERROR          SIZE      DERIVATIVE 
   1  N0           3.52222e+06     fixed    
   2  tau          6.43930e+01   constant   
   3  A0           3.54435e-01     fixed    
   4  phi          4.12336e+00     fixed    
   5  R           -6.08522e+01   constant   
   6  alpha_CBO   -1.81129e-03     fixed    
   7  w_CBO        2.32500e+00   constant   
   8  beta_CBO     3.33755e-03     fixed    
   9  alpha_2CBO  -3.92937e-04     fixed    
  10  beta_2CBO   -1.05284e-03     fixed    
  11  alpha_y      2.29738e-04     fixed    
  12  w_y          1.38860e+01   constant   
  13  beta_y      -9.27488e-04   6.55947e-04   0.00000e+00  -1.86059e+02
  14  alpha_vw     0.00000e+00   1.00000e-03   0.00000e+00  -3.56588e+03
