 + ++++++++++++++++++++++++++++++++++++++++++++++++++++++++++++++++++++ +
 +                                                                      +
 +           You have chose to blind your fitting according to          +
 +                omega_ref * (1 + (R +/- deltaR) *10^{-6})             +
 +                                                                      +
 + ++++++++++++++++++++++++++++++++++++++++++++++++++++++++++++++++++++ +
In main()...
reading format from /gm2data/zkhechad/run45/envelope/formats/formatB_sBin_constraintOn.txt
pBinTau 	= 0  
pBinPhi 	= 0  
constraintau 	= 1 
includeMopTerm 	= 0    
constrainMop    = 0   
Parameters after format file: pBinTau 0 pBinPhi 0 constraintau 1 includeMopTerm 0 constrainMop 0 c_e_scale 0.000000 
Opening file /gm2data/tbarrett/gm2fr/studies/run23_bunch_corrections/CorrectedFourier_Run3b.root.
reading full fit data from /gm2data/zkhechad/cboTemplates/Run4CBOTemplates/fullFits/noRF/sBin_constraintOn_cE0.0_seed0_noRF_calo8.root
windowBins = 69
fitting sliding window 2030 from bin 2166 at 323.018000 to bin 2235 at 333.462000 (69 bins)

Reading data from /gm2data/cornell/histograms/aMethod/histogram_a_noRF.root
 **********
 **    1 **SET PRINTOUT            1
 **********
 **********
 **    2 **SET NOWARNINGS 
 **********
 PARAMETER DEFINITIONS:
    NO.   NAME         VALUE      STEP SIZE      LIMITS
     1 N0           2.93777e+06  1.00000e+02     no limits
     2 tau          6.44050e+01  constant
     3 A0           3.52923e-01  1.00000e-04     no limits
     4 phi          4.11508e+00  1.00000e-02     no limits
     5 R           -6.11922e+01  constant
     6 alpha_CBO    0.00000e+00  1.00000e-03     no limits
     7 w_CBO        2.32500e+00  constant
     8 beta_CBO     0.00000e+00  1.00000e-03     no limits
     9 alpha_2CBO   0.00000e+00  1.00000e-03     no limits
    10 beta_2CBO    0.00000e+00  1.00000e-03     no limits
    11 alpha_y      0.00000e+00  1.00000e-03     no limits
    12 w_y          1.38860e+01  constant
    13 beta_y       0.00000e+00  1.00000e-03     no limits
    14 alpha_vw     0.00000e+00  1.00000e-03     no limits
    15 w_vw         1.43404e+01  constant
    16 beta_vw      0.00000e+00  1.00000e-03     no limits
    17 LM           1.41693e-04  constant
    18 zeta_y       0.00000e+00  constant
    19 zeta_vw      0.00000e+00  constant
    20 T_CBO        1.00000e+02  1.00000e+00    0.00000e+00  1.00000e+03
    21 alpha_A0     0.00000e+00  1.00000e-04   -1.00000e-02  1.00000e-02
    22 beta_A0      0.00000e+00  1.00000e-04   -1.00000e-02  1.00000e-02
    23 alpha_phi    0.00000e+00  1.00000e-04   -1.00000e-02  1.00000e-02
    24 beta_phi     0.00000e+00  1.00000e-04   -1.00000e-02  1.00000e-02
MINUIT - FIT ONLY WIGGLE
 **********
 **    3 **FIX            5
 **********
 PARAMETER    5  IS CONSTANT.   IGNORED.
 **********
 **    4 **FIX            6
 **********
 **********
 **    5 **FIX            7
 **********
 PARAMETER    7  IS CONSTANT.   IGNORED.
 **********
 **    6 **FIX            8
 **********
 **********
 **    7 **FIX            9
 **********
 **********
 **    8 **FIX           10
 **********
 **********
 **    9 **FIX           11
 **********
 **********
 **   10 **FIX           12
 **********
 PARAMETER   12  IS CONSTANT.   IGNORED.
 **********
 **   11 **FIX           13
 **********
 **********
 **   12 **FIX           14
 **********
 **********
 **   13 **FIX           15
 **********
 PARAMETER   15  IS CONSTANT.   IGNORED.
 **********
 **   14 **FIX           16
 **********
 **********
 **   15 **MIGRAD
 **********
 FIRST CALL TO USER FUNCTION AT NEW START POINT, WITH IFLAG=4.
 START MIGRAD MINIMIZATION.  STRATEGY  1.  CONVERGENCE WHEN EDM .LT. 1.00e-04
 FCN=78.7673 FROM MIGRAD    STATUS=INITIATE      437 CALLS         438 TOTAL
                     EDM= unknown      STRATEGY= 1      NO ERROR MATRIX       
  EXT PARAMETER               CURRENT GUESS       STEP         FIRST   
  NO.   NAME      VALUE            ERROR          SIZE      DERIVATIVE 
   1  N0           2.93777e+06   1.00000e+02   0.00000e+00   1.84546e-03
   2  tau          6.44050e+01   constant   
   3  A0           3.52923e-01   1.00000e-04   0.00000e+00  -3.70281e+02
   4  phi          4.11508e+00   1.00000e-02   0.00000e+00   7.73321e+01
   5  R           -6.11922e+01   constant   
   6  alpha_CBO    0.00000e+00     fixed    
   7  w_CBO        2.32500e+00   constant   
   8  beta_CBO     0.00000e+00     fixed    
   9  alpha_2CBO   0.00000e+00     fixed    
  10  beta_2CBO    0.00000e+00     fixed    
  11  alpha_y      0.00000e+00     fixed    
  12  w_y          1.38860e+01   constant   
  13  beta_y       0.00000e+00     fixed    
  14  alpha_vw     0.00000e+00     fixed    
  15  w_vw         1.43404e+01   constant   
  16  beta_vw      0.00000e+00     fixed    
  17  LM           1.41693e-04   constant   
  18  zeta_y       0.00000e+00   constant   
  19  zeta_vw      0.00000e+00   constant   
  20  T_CBO        1.00000e+02   1.00000e+00   0.00000e+00   0.00000e+00
  21  alpha_A0     0.00000e+00   1.00000e-04   0.00000e+00   2.24927e-01
  22  beta_A0      0.00000e+00   1.00000e-04   0.00000e+00  -1.87307e-01
  23  alpha_phi    0.00000e+00   1.00000e-04   0.00000e+00   3.77653e-01
  24  beta_phi     0.00000e+00   1.00000e-04   0.00000e+00   5.94149e-02
 MIGRAD MINIMIZATION HAS CONVERGED.
 FCN=72.9894 FROM MIGRAD    STATUS=CONVERGED     792 CALLS         793 TOTAL
                     EDM=8.96466e-07    STRATEGY= 1  ERROR MATRIX UNCERTAINTY   3.5 per cent
  EXT PARAMETER                                   STEP         FIRST   
  NO.   NAME      VALUE            ERROR          SIZE      DERIVATIVE 
   1  N0           2.93498e+06   1.61481e+03  -2.38751e+00  -7.79916e-07
   2  tau          6.44050e+01   constant   
   3  A0           3.52781e-01   6.59668e-04  -6.30420e-07  -6.04413e-01
   4  phi          4.11528e+00   2.10719e-03  -4.56787e-06  -1.74060e-01
   5  R           -6.11922e+01   constant   
   6  alpha_CBO    0.00000e+00     fixed    
   7  w_CBO        2.32500e+00   constant   
   8  beta_CBO     0.00000e+00     fixed    
   9  alpha_2CBO   0.00000e+00     fixed    
  10  beta_2CBO    0.00000e+00     fixed    
  11  alpha_y      0.00000e+00     fixed    
  12  w_y          1.38860e+01   constant   
  13  beta_y       0.00000e+00     fixed    
  14  alpha_vw     0.00000e+00     fixed    
  15  w_vw         1.43404e+01   constant   
  16  beta_vw      0.00000e+00     fixed    
  17  LM           1.41693e-04   constant   
  18  zeta_y       0.00000e+00   constant   
  19  zeta_vw      0.00000e+00   constant   
  20  T_CBO        3.39738e+02   2.49850e+02   1.28530e-03   5.68582e-04
  21  alpha_A0    -8.72985e-03   1.88404e-02  -6.62408e-03   3.12237e-04
  22  beta_A0      3.82596e-03   7.33198e-03  -7.01994e-04   3.77830e-04
  23  alpha_phi   -9.99992e-03   1.00001e-02   1.16713e-02  -1.90863e-04
  24  beta_phi    -3.04904e-04   6.33956e-03  -3.21078e-04  -6.55586e-04
 EXTERNAL ERROR MATRIX.    NDIM=  25    NPAR=  8    ERR DEF=1
  2.608e+06  1.908e-01 -9.912e-02 -6.296e+04  1.493e+00  3.103e+00 -1.565e-02 -1.143e+00 
  1.908e-01  4.352e-07 -5.091e-08 -2.601e-03  2.696e-07  2.704e-07 -4.276e-09  9.671e-08 
 -9.912e-02 -5.091e-08  4.440e-06 -7.029e-03  3.986e-06  1.370e-06 -2.894e-08 -9.726e-08 
 -6.296e+04 -2.601e-03 -7.029e-03  6.927e+04 -1.856e+00 -8.579e-01 -1.242e-02  1.856e-02 
  1.493e+00  2.696e-07  3.986e-06 -1.856e+00  1.120e-04  3.207e-05  2.488e-07  1.363e-06 
  3.103e+00  2.704e-07  1.370e-06 -8.579e-01  3.207e-05  7.173e-05  1.415e-07  2.356e-06 
 -1.565e-02 -4.276e-09 -2.894e-08 -1.242e-02  2.488e-07  1.415e-07  6.050e-08 -3.413e-08 
 -1.143e+00  9.671e-08 -9.726e-08  1.856e-02  1.363e-06  2.356e-06 -3.413e-08  4.716e-05 
 PARAMETER  CORRELATION COEFFICIENTS  
       NO.  GLOBAL      1      3      4     20     21     22     23     24
        1  0.32389   1.000  0.179 -0.029 -0.148  0.087  0.227 -0.039 -0.103
        3  0.19348   0.179  1.000 -0.037 -0.015  0.039  0.048 -0.026  0.021
        4  0.24620  -0.029 -0.037  1.000 -0.013  0.179  0.077 -0.056 -0.007
       20  0.70624  -0.148 -0.015 -0.013  1.000 -0.666 -0.385 -0.192  0.010
       21  0.69643   0.087  0.039  0.179 -0.666  1.000  0.358  0.096  0.019
       22  0.45034   0.227  0.048  0.077 -0.385  0.358  1.000  0.068  0.041
       23  0.21763  -0.039 -0.026 -0.056 -0.192  0.096  0.068  1.000 -0.020
       24  0.13564  -0.103  0.021 -0.007  0.010  0.019  0.041 -0.020  1.000
MINUIT - FIT ONLY 1-CBO + wiggle
 **********
 **   16 **RES 
 **********
                   PARAMETER   16  beta_vw RESTORED TO VARIABLE.
                   PARAMETER   14  alpha_vw RESTORED TO VARIABLE.
                   PARAMETER   13  beta_y RESTORED TO VARIABLE.
                   PARAMETER   11  alpha_y RESTORED TO VARIABLE.
                   PARAMETER   10  beta_2CBO RESTORED TO VARIABLE.
                   PARAMETER    9  alpha_2CBO RESTORED TO VARIABLE.
                   PARAMETER    8  beta_CBO RESTORED TO VARIABLE.
                   PARAMETER    6  alpha_CBO RESTORED TO VARIABLE.
 **********
 **   17 **FIX            8
 **********
 **********
 **   18 **FIX            9
 **********
 **********
 **   19 **FIX           11
 **********
 **********
 **   20 **FIX           12
 **********
 PARAMETER   12  IS CONSTANT.   IGNORED.
 **********
 **   21 **FIX           14
 **********
 **********
 **   22 **FIX           15
 **********
 PARAMETER   15  IS CONSTANT.   IGNORED.
 **********
 **   23 **FIX           16
 **********
 **********
 **   24 **MIGRAD
 **********
 START MIGRAD MINIMIZATION.  STRATEGY  1.  CONVERGENCE WHEN EDM .LT. 1.00e-04
 FCN=72.9894 FROM MIGRAD    STATUS=INITIATE       28 CALLS         821 TOTAL
                     EDM= unknown      STRATEGY= 1      NO ERROR MATRIX       
  EXT PARAMETER               CURRENT GUESS       STEP         FIRST   
  NO.   NAME      VALUE            ERROR          SIZE      DERIVATIVE 
   1  N0           2.93498e+06   1.61481e+03  -2.38751e+00  -7.79917e-07
   2  tau          6.44050e+01   constant   
   3  A0           3.52781e-01   6.59668e-04  -6.30420e-07  -6.04413e-01
   4  phi          4.11528e+00   2.10719e-03  -4.56787e-06  -1.74064e-01
   5  R           -6.11922e+01   constant   
   6  alpha_CBO    0.00000e+00   1.00000e-03   1.00000e-03  -6.07561e+03
   7  w_CBO        2.32500e+00   constant   
   8  beta_CBO     0.00000e+00     fixed    
   9  alpha_2CBO   0.00000e+00     fixed    
  10  beta_2CBO    0.00000e+00   1.00000e-03   1.00000e-03  -1.49574e+03
  11  alpha_y      0.00000e+00     fixed    
  12  w_y          1.38860e+01   constant   
  13  beta_y       0.00000e+00   1.00000e-03   1.00000e-03   8.51499e+02
  14  alpha_vw     0.00000e+00     fixed    
  15  w_vw         1.43404e+01   constant   
  16  beta_vw      0.00000e+00     fixed    
  17  LM           1.41693e-04   constant   
  18  zeta_y       0.00000e+00   constant   
  19  zeta_vw      0.00000e+00   constant   
  20  T_CBO        3.39738e+02   2.49850e+02   1.28530e-03   5.68466e-04
  21  alpha_A0    -8.72985e-03   1.88404e-02  -6.62408e-03  -3.13281e-04
  22  beta_A0      3.82596e-03   7.33198e-03  -7.01994e-04   3.77862e-04
  23  alpha_phi   -9.99992e-03   1.00001e-02   1.16713e-02   1.91640e-04
  24  beta_phi    -3.04904e-04   6.33956e-03  -3.21078e-04  -6.55588e-04
 MIGRAD MINIMIZATION HAS CONVERGED.
 FCN=66.4442 FROM MIGRAD    STATUS=CONVERGED     285 CALLS        1078 TOTAL
                     EDM=9.12709e-06    STRATEGY= 1  ERROR MATRIX UNCERTAINTY   1.7 per cent
  EXT PARAMETER                                   STEP         FIRST   
  NO.   NAME      VALUE            ERROR          SIZE      DERIVATIVE 
   1  N0           2.93509e+06   1.65730e+03  -2.34222e+00   3.31964e-07
   2  tau          6.44050e+01   constant   
   3  A0           3.53038e-01   7.00789e-04  -1.02659e-06   1.51326e+00
   4  phi          4.11589e+00   2.10891e-03  -2.39619e-06  -3.68670e-01
   5  R           -6.11922e+01   constant   
   6  alpha_CBO    1.99955e-03   8.12564e-04  -6.26068e-07   5.39321e-01
   7  w_CBO        2.32500e+00   constant   
   8  beta_CBO     0.00000e+00     fixed    
   9  alpha_2CBO   0.00000e+00     fixed    
  10  beta_2CBO    4.99992e-04   7.77587e-04  -3.72681e-07  -3.31890e+00
  11  alpha_y      0.00000e+00     fixed    
  12  w_y          1.38860e+01   constant   
  13  beta_y      -2.29005e-04   7.75102e-04  -2.84975e-07  -6.45042e-01
  14  alpha_vw     0.00000e+00     fixed    
  15  w_vw         1.43404e+01   constant   
  16  beta_vw      0.00000e+00     fixed    
  17  LM           1.41693e-04   constant   
  18  zeta_y       0.00000e+00   constant   
  19  zeta_vw      0.00000e+00   constant   
  20  T_CBO        2.83522e+02   2.35041e+02  -5.74739e-04   4.77138e-03
  21  alpha_A0    -9.96545e-03   1.69533e-02  -2.89460e-03   2.45897e-03
  22  beta_A0      5.02259e-03   1.58481e-02   1.28903e-04   2.03855e-03
  23  alpha_phi   -8.31028e-03   1.90299e-02   7.69854e-03   1.21642e-03
  24  beta_phi     9.30509e-04   6.59521e-03   1.31741e-04   8.02045e-05
 EXTERNAL ERROR MATRIX.    NDIM=  25    NPAR= 11    ERR DEF=1
  2.747e+06 
  1.588e-01  4.911e-07 
  2.465e-01  7.732e-08  4.447e-06 
  3.462e-02  9.913e-08  2.105e-07  6.603e-07 
  3.727e-02  1.643e-08 -7.543e-08  2.592e-09  6.046e-07 
  1.360e-02  9.627e-09 -1.566e-08  7.299e-09 -2.459e-09  6.008e-07 
 -3.048e+04 -2.224e-03  8.942e-02  2.385e-03 -2.924e-02 -1.492e-03  6.114e+04 
  1.630e-01  9.637e-08  1.276e-07  8.996e-09  2.558e-07  7.876e-08  8.746e-02  2.924e-06 
  3.239e+00  2.536e-07 -2.370e-07 -1.867e-08  1.206e-06  1.783e-07 -1.274e+00 -5.082e-06  1.181e-04 
 -1.252e+00 -4.459e-08 -3.775e-06 -1.500e-06  1.680e-06  1.393e-07 -2.395e+00 -6.409e-06  4.450e-05  1.676e-04 
  4.736e-01  2.031e-07 -1.991e-07  2.201e-07  1.399e-07  8.205e-09 -3.365e-01 -1.499e-06  1.269e-05  1.059e-05  5.197e-05 
 PARAMETER  CORRELATION COEFFICIENTS  
       NO.  GLOBAL      1      3      4      6     10     13     20     21     22     23     24
        1  0.28986   1.000  0.137  0.071  0.026  0.029  0.011 -0.074  0.058  0.180 -0.058  0.040
        3  0.24258   0.137  1.000  0.052  0.174  0.030  0.018 -0.013  0.080  0.033 -0.005  0.040
        4  0.24075   0.071  0.052  1.000  0.123 -0.046 -0.010  0.171  0.035 -0.010 -0.138 -0.013
        6  0.29864   0.026  0.174  0.123  1.000  0.004  0.012  0.012  0.006 -0.002 -0.143  0.038
       10  0.34220   0.029  0.030 -0.046  0.004  1.000 -0.004 -0.152  0.192  0.143  0.167  0.025
       13  0.08654   0.011  0.018 -0.010  0.012 -0.004  1.000 -0.008  0.059  0.021  0.014  0.001
       20  0.80735  -0.074 -0.013  0.171  0.012 -0.152 -0.008  1.000  0.207 -0.474 -0.748 -0.189
       21  0.47163   0.058  0.080  0.035  0.006  0.192  0.059  0.207  1.000 -0.273 -0.290 -0.122
       22  0.55839   0.180  0.033 -0.010 -0.002  0.143  0.021 -0.474 -0.273  1.000  0.316  0.162
       23  0.78896  -0.058 -0.005 -0.138 -0.143  0.167  0.014 -0.748 -0.290  0.316  1.000  0.113
       24  0.22952   0.040  0.040 -0.013  0.038  0.025  0.001 -0.189 -0.122  0.162  0.113  1.000
MINUIT - FIT ONLY 2-CBO
 **********
 **   25 **RES 
 **********
                   PARAMETER   16  beta_vw RESTORED TO VARIABLE.
                   PARAMETER   14  alpha_vw RESTORED TO VARIABLE.
                   PARAMETER   11  alpha_y RESTORED TO VARIABLE.
                   PARAMETER    9  alpha_2CBO RESTORED TO VARIABLE.
                   PARAMETER    8  beta_CBO RESTORED TO VARIABLE.
 **********
 **   26 **FIX            0
 **********
 PARAMETER    0  IS UNDEFINED. IGNORED.
 **********
 **   27 **FIX            1
 **********
 **********
 **   28 **FIX            2
 **********
 PARAMETER    2  IS CONSTANT.   IGNORED.
 **********
 **   29 **FIX            3
 **********
 **********
 **   30 **FIX            4
 **********
 **********
 **   31 **FIX            5
 **********
 PARAMETER    5  IS CONSTANT.   IGNORED.
 **********
 **   32 **FIX            6
 **********
 **********
 **   33 **FIX            7
 **********
 PARAMETER    7  IS CONSTANT.   IGNORED.
 **********
 **   34 **FIX           10
 **********
 **********
 **   35 **FIX           11
 **********
 **********
 **   36 **FIX           12
 **********
 PARAMETER   12  IS CONSTANT.   IGNORED.
 **********
 **   37 **FIX           13
 **********
 **********
 **   38 **FIX           14
 **********
 **********
 **   39 **FIX           15
 **********
 PARAMETER   15  IS CONSTANT.   IGNORED.
 **********
 **   40 **FIX           16
 **********
 **********
 **   41 **MIGRAD
 **********
 START MIGRAD MINIMIZATION.  STRATEGY  1.  CONVERGENCE WHEN EDM .LT. 1.00e-04
 FCN=66.4442 FROM MIGRAD    STATUS=INITIATE       18 CALLS        1096 TOTAL
                     EDM= unknown      STRATEGY= 1      NO ERROR MATRIX       
  EXT PARAMETER               CURRENT GUESS       STEP         FIRST   
  NO.   NAME      VALUE            ERROR          SIZE      DERIVATIVE 
   1  N0           2.93509e+06     fixed    
   2  tau          6.44050e+01   constant   
   3  A0           3.53038e-01     fixed    
   4  phi          4.11589e+00     fixed    
   5  R           -6.11922e+01   constant   
   6  alpha_CBO    1.99955e-03     fixed    
   7  w_CBO        2.32500e+00   constant   
   8  beta_CBO     0.00000e+00   1.00000e-03   1.00000e-03   8.42747e+03
   9  alpha_2CBO   0.00000e+00   1.00000e-03   1.00000e-03  -1.90394e+03
  10  beta_2CBO    4.99992e-04     fixed    
  11  alpha_y      0.00000e+00     fixed    
  12  w_y          1.38860e+01   constant   
  13  beta_y      -2.29005e-04     fixed    
  14  alpha_vw     0.00000e+00     fixed    
  15  w_vw         1.43404e+01   constant   
  16  beta_vw      0.00000e+00     fixed    
  17  LM           1.41693e-04   constant   
  18  zeta_y       0.00000e+00   constant   
  19  zeta_vw      0.00000e+00   constant   
  20  T_CBO        2.83522e+02   2.35041e+02  -5.74739e-04   4.77144e-03
  21  alpha_A0    -9.96545e-03   1.69533e-02  -2.89460e-03   2.45895e-03
  22  beta_A0      5.02259e-03   1.58481e-02   1.28903e-04   2.03853e-03
  23  alpha_phi   -8.31028e-03   1.90299e-02   7.69854e-03  -1.21563e-03
  24  beta_phi     9.30509e-04   6.59521e-03   1.31741e-04   8.02014e-05
 MIGRAD MINIMIZATION HAS CONVERGED.
 MIGRAD WILL VERIFY CONVERGENCE AND ERROR MATRIX.
 COVARIANCE MATRIX CALCULATED SUCCESSFULLY
 FCN=55.0383 FROM MIGRAD    STATUS=CONVERGED     279 CALLS        1357 TOTAL
                     EDM=1.23848e-05    STRATEGY= 1      ERROR MATRIX ACCURATE 
  EXT PARAMETER                                   STEP         FIRST   
  NO.   NAME      VALUE            ERROR          SIZE      DERIVATIVE 
   1  N0           2.93509e+06     fixed    
   2  tau          6.44050e+01   constant   
   3  A0           3.53038e-01     fixed    
   4  phi          4.11589e+00     fixed    
   5  R           -6.11922e+01   constant   
   6  alpha_CBO    1.99955e-03     fixed    
   7  w_CBO        2.32500e+00   constant   
   8  beta_CBO    -2.58651e-03   7.85990e-04   2.78232e-06   1.42068e+00
   9  alpha_2CBO   5.27392e-04   7.86795e-04   2.81271e-06   1.31725e+00
  10  beta_2CBO    4.99992e-04     fixed    
  11  alpha_y      0.00000e+00     fixed    
  12  w_y          1.38860e+01   constant   
  13  beta_y      -2.29005e-04     fixed    
  14  alpha_vw     0.00000e+00     fixed    
  15  w_vw         1.43404e+01   constant   
  16  beta_vw      0.00000e+00     fixed    
  17  LM           1.41693e-04   constant   
  18  zeta_y       0.00000e+00   constant   
  19  zeta_vw      0.00000e+00   constant   
  20  T_CBO        2.50710e+02   1.95020e+02   1.05247e-03  -4.43363e-03
  21  alpha_A0    -9.86724e-03   1.89155e-02   2.13612e-02   3.10274e-05
  22  beta_A0      2.33754e-03   1.51842e-02   4.05137e-03  -1.48837e-03
  23  alpha_phi   -9.99972e-03   1.09216e-02   2.47455e-02   3.19005e-04
  24  beta_phi    -6.49046e-03   1.05765e-02   4.68664e-03  -1.99549e-03
 EXTERNAL ERROR MATRIX.    NDIM=  25    NPAR=  7    ERR DEF=1
  6.178e-07  1.501e-08 -6.721e-03 -6.484e-07  6.225e-07 -2.526e-10  1.684e-06 
  1.501e-08  6.190e-07 -1.487e-02  7.924e-08 -1.110e-06  1.792e-10 -1.164e-08 
 -6.721e-03 -1.487e-02  4.092e+04  2.430e+00 -5.454e-01  1.500e-02  1.287e+00 
 -6.484e-07  7.924e-08  2.430e+00  2.764e-04 -5.126e-05  8.252e-07  7.598e-05 
  6.225e-07 -1.110e-06 -5.454e-01 -5.126e-05  1.291e-04 -1.961e-07 -1.068e-05 
 -2.526e-10  1.792e-10  1.500e-02  8.252e-07 -1.961e-07  2.701e-07  5.117e-07 
  1.684e-06 -1.164e-08  1.287e+00  7.598e-05 -1.068e-05  5.117e-07  1.418e-04 
 PARAMETER  CORRELATION COEFFICIENTS  
       NO.  GLOBAL      8      9     20     21     22     23     24
        8  0.24920   1.000  0.024 -0.042 -0.050  0.070 -0.001  0.180
        9  0.20848   0.024  1.000 -0.093  0.006 -0.124  0.000 -0.001
       20  0.78752  -0.042 -0.093  1.000  0.722 -0.237  0.143  0.534
       21  0.73226  -0.050  0.006  0.722  1.000 -0.271  0.095  0.384
       22  0.31757   0.070 -0.124 -0.237 -0.271  1.000 -0.033 -0.079
       23  0.14408  -0.001  0.000  0.143  0.095 -0.033  1.000  0.083
       24  0.57505   0.180 -0.001  0.534  0.384 -0.079  0.083  1.000
MINUIT - FIT wiggle + 1-CBO + 2-CBO
 **********
 **   42 **RES 
 **********
                   PARAMETER   16  beta_vw RESTORED TO VARIABLE.
                   PARAMETER   14  alpha_vw RESTORED TO VARIABLE.
                   PARAMETER   13  beta_y RESTORED TO VARIABLE.
                   PARAMETER   11  alpha_y RESTORED TO VARIABLE.
                   PARAMETER   10  beta_2CBO RESTORED TO VARIABLE.
                   PARAMETER    6  alpha_CBO RESTORED TO VARIABLE.
                   PARAMETER    4  phi RESTORED TO VARIABLE.
                   PARAMETER    3  A0 RESTORED TO VARIABLE.
                   PARAMETER    1  N0 RESTORED TO VARIABLE.
 **********
 **   43 **FIX           10
 **********
 **********
 **   44 **FIX           11
 **********
 **********
 **   45 **FIX           12
 **********
 PARAMETER   12  IS CONSTANT.   IGNORED.
 **********
 **   46 **FIX           13
 **********
 **********
 **   47 **FIX           14
 **********
 **********
 **   48 **FIX           15
 **********
 PARAMETER   15  IS CONSTANT.   IGNORED.
 **********
 **   49 **FIX           16
 **********
 **********
 **   50 **MIGRAD
 **********
 START MIGRAD MINIMIZATION.  STRATEGY  1.  CONVERGENCE WHEN EDM .LT. 1.00e-04
 FCN=55.0383 FROM MIGRAD    STATUS=INITIATE       22 CALLS        1379 TOTAL
                     EDM= unknown      STRATEGY= 1      NO ERROR MATRIX       
  EXT PARAMETER               CURRENT GUESS       STEP         FIRST   
  NO.   NAME      VALUE            ERROR          SIZE      DERIVATIVE 
   1  N0           2.93509e+06   1.65730e+03   1.65730e+03  -1.83169e-05
   2  tau          6.44050e+01   constant   
   3  A0           3.53038e-01   7.00789e-04   7.00789e-04  -8.71305e+02
   4  phi          4.11589e+00   2.10891e-03   2.10891e-03   7.25765e+02
   5  R           -6.11922e+01   constant   
   6  alpha_CBO    1.99955e-03   8.12564e-04   8.12564e-04  -1.31335e+02
   7  w_CBO        2.32500e+00   constant   
   8  beta_CBO    -2.58651e-03   7.85990e-04   2.78232e-06   1.42068e+00
   9  alpha_2CBO   5.27392e-04   7.86795e-04   2.81271e-06   1.31725e+00
  10  beta_2CBO    4.99992e-04     fixed    
  11  alpha_y      0.00000e+00     fixed    
  12  w_y          1.38860e+01   constant   
  13  beta_y      -2.29005e-04     fixed    
  14  alpha_vw     0.00000e+00     fixed    
  15  w_vw         1.43404e+01   constant   
  16  beta_vw      0.00000e+00     fixed    
  17  LM           1.41693e-04   constant   
  18  zeta_y       0.00000e+00   constant   
  19  zeta_vw      0.00000e+00   constant   
  20  T_CBO        2.50710e+02   1.95020e+02   1.05247e-03  -4.44158e-03
  21  alpha_A0    -9.86724e-03   1.89155e-02   2.13612e-02   3.99761e-05
  22  beta_A0      2.33754e-03   1.51842e-02   4.05137e-03  -1.49144e-03
  23  alpha_phi   -9.99972e-03   1.09216e-02   2.47455e-02   3.23666e-04
  24  beta_phi    -6.49046e-03   1.05765e-02   4.68664e-03  -1.98453e-03
 MIGRAD MINIMIZATION HAS CONVERGED.
 FCN=54.2872 FROM MIGRAD    STATUS=CONVERGED     195 CALLS        1552 TOTAL
                     EDM=5.8039e-06    STRATEGY= 1  ERROR MATRIX UNCERTAINTY   4.0 per cent
  EXT PARAMETER                                   STEP         FIRST   
  NO.   NAME      VALUE            ERROR          SIZE      DERIVATIVE 
   1  N0           2.93519e+06   1.55325e+03  -8.56973e+00  -5.01185e-07
   2  tau          6.44050e+01   constant   
   3  A0           3.53256e-01   6.53962e-04   1.38152e-06  -2.02705e+00
   4  phi          4.11408e+00   2.21120e-03  -1.82568e-06  -1.27093e+00
   5  R           -6.11922e+01   constant   
   6  alpha_CBO    1.99507e-03   7.84939e-04  -4.36584e-06  -1.27426e+00
   7  w_CBO        2.32500e+00   constant   
   8  beta_CBO    -2.76028e-03   8.10177e-04  -2.73595e-07  -1.70555e+00
   9  alpha_2CBO   5.54452e-04   7.56791e-04   1.09449e-06   1.63611e+00
  10  beta_2CBO    4.99992e-04     fixed    
  11  alpha_y      0.00000e+00     fixed    
  12  w_y          1.38860e+01   constant   
  13  beta_y      -2.29005e-04     fixed    
  14  alpha_vw     0.00000e+00     fixed    
  15  w_vw         1.43404e+01   constant   
  16  beta_vw      0.00000e+00     fixed    
  17  LM           1.41693e-04   constant   
  18  zeta_y       0.00000e+00   constant   
  19  zeta_vw      0.00000e+00   constant   
  20  T_CBO        2.53917e+02   1.89014e+02   4.25884e-03   5.75674e-04
  21  alpha_A0    -7.79584e-03   1.48138e-02   7.92859e-03  -1.20637e-03
  22  beta_A0      1.31344e-03   1.48929e-02   1.12376e-04   4.87154e-04
  23  alpha_phi   -1.00000e-02   1.07422e-02  -4.40754e-04** at limit **
  24  beta_phi    -6.78757e-03   1.00635e-02   1.45253e-02  -1.19056e-04
 EXTERNAL ERROR MATRIX.    NDIM=  25    NPAR= 11    ERR DEF=1
  2.413e+06 
  1.265e-01  4.277e-07 
 -9.498e-03 -8.088e-08  4.889e-06 
 -3.449e-03  1.913e-08  1.559e-07  6.161e-07 
 -3.192e-02 -5.177e-08  4.095e-07 -1.003e-08  6.564e-07 
  5.757e-02 -7.129e-09 -5.179e-08  1.447e-08 -2.304e-08  5.727e-07 
 -6.279e+04 -8.536e-03 -2.848e-02 -3.751e-02 -6.658e-03 -1.064e-02  3.823e+04 
 -9.930e-01 -1.816e-07 -6.874e-06 -1.872e-06 -1.119e-06  4.631e-07  1.776e+00  2.320e-04 
  1.649e+00 -4.584e-07  2.858e-06  8.042e-07  7.255e-07 -2.917e-07 -4.141e-01 -3.789e-05  1.283e-04 
 -5.537e-06  1.669e-12  1.997e-12 -1.182e-12  3.305e-13  1.017e-12 -2.853e-07 -3.707e-11  2.634e-11  4.769e-12 
 -3.182e+00 -2.167e-07  2.141e-07 -1.107e-06  1.760e-06 -1.333e-07  1.277e+00  5.099e-05 -4.877e-06 -2.025e-11  1.436e-04 
 PARAMETER  CORRELATION COEFFICIENTS  
       NO.  GLOBAL      1      3      4      6      8      9     20     21     22     23     24
        1  0.28377   1.000  0.125 -0.003 -0.003 -0.025  0.049 -0.207 -0.042  0.094 -0.002 -0.171
        3  0.19416   0.125  1.000 -0.056  0.037 -0.098 -0.014 -0.067 -0.018 -0.062  0.001 -0.028
        4  0.31916  -0.003 -0.056  1.000  0.090  0.229 -0.031 -0.066 -0.204  0.114  0.000  0.008
        6  0.27131  -0.003  0.037  0.090  1.000 -0.016  0.024 -0.244 -0.157  0.090 -0.001 -0.118
        8  0.34580  -0.025 -0.098  0.229 -0.016  1.000 -0.038 -0.042 -0.091  0.079  0.000  0.181
        9  0.14940   0.049 -0.014 -0.031  0.024 -0.038  1.000 -0.072  0.040 -0.034  0.001 -0.015
       20  0.74793  -0.207 -0.067 -0.066 -0.244 -0.042 -0.072  1.000  0.596 -0.187 -0.001  0.545
       21  0.63665  -0.042 -0.018 -0.204 -0.157 -0.091  0.040  0.596  1.000 -0.220 -0.001  0.279
       22  0.28103   0.094 -0.062  0.114  0.090  0.079 -0.034 -0.187 -0.220  1.000  0.001 -0.036
       23  0.00314  -0.002  0.001  0.000 -0.001  0.000  0.001 -0.001 -0.001  0.001  1.000 -0.001
       24  0.59081  -0.171 -0.028  0.008 -0.118  0.181 -0.015  0.545  0.279 -0.036 -0.001  1.000
MINUIT - FIT ONLY 1-y
 **********
 **   51 **RES 
 **********
                   PARAMETER   16  beta_vw RESTORED TO VARIABLE.
                   PARAMETER   14  alpha_vw RESTORED TO VARIABLE.
                   PARAMETER   13  beta_y RESTORED TO VARIABLE.
                   PARAMETER   11  alpha_y RESTORED TO VARIABLE.
                   PARAMETER   10  beta_2CBO RESTORED TO VARIABLE.
 **********
 **   52 **FIX            0
 **********
 PARAMETER    0  IS UNDEFINED. IGNORED.
 **********
 **   53 **FIX            1
 **********
 **********
 **   54 **FIX            2
 **********
 PARAMETER    2  IS CONSTANT.   IGNORED.
 **********
 **   55 **FIX            3
 **********
 **********
 **   56 **FIX            4
 **********
 **********
 **   57 **FIX            5
 **********
 PARAMETER    5  IS CONSTANT.   IGNORED.
 **********
 **   58 **FIX            6
 **********
 **********
 **   59 **FIX            7
 **********
 PARAMETER    7  IS CONSTANT.   IGNORED.
 **********
 **   60 **FIX            8
 **********
 **********
 **   61 **FIX            9
 **********
 **********
 **   62 **FIX           13
 **********
 **********
 **   63 **FIX           14
 **********
 **********
 **   64 **FIX           15
 **********
 PARAMETER   15  IS CONSTANT.   IGNORED.
 **********
 **   65 **FIX           16
 **********
 **********
 **   66 **MIGRAD
 **********
 START MIGRAD MINIMIZATION.  STRATEGY  1.  CONVERGENCE WHEN EDM .LT. 1.00e-04
 FCN=54.2872 FROM MIGRAD    STATUS=INITIATE       16 CALLS        1568 TOTAL
                     EDM= unknown      STRATEGY= 1      NO ERROR MATRIX       
  EXT PARAMETER               CURRENT GUESS       STEP         FIRST   
  NO.   NAME      VALUE            ERROR          SIZE      DERIVATIVE 
   1  N0           2.93519e+06     fixed    
   2  tau          6.44050e+01   constant   
   3  A0           3.53256e-01     fixed    
   4  phi          4.11408e+00     fixed    
   5  R           -6.11922e+01   constant   
   6  alpha_CBO    1.99507e-03     fixed    
   7  w_CBO        2.32500e+00   constant   
   8  beta_CBO    -2.76028e-03     fixed    
   9  alpha_2CBO   5.54452e-04     fixed    
  10  beta_2CBO    4.99992e-04   7.77587e-04   7.77587e-04  -1.58916e+00
  11  alpha_y      0.00000e+00   1.00000e-03   1.00000e-03  -2.86713e+03
  12  w_y          1.38860e+01   constant   
  13  beta_y      -2.29005e-04     fixed    
  14  alpha_vw     0.00000e+00     fixed    
  15  w_vw         1.43404e+01   constant   
  16  beta_vw      0.00000e+00     fixed    
  17  LM           1.41693e-04   constant   
  18  zeta_y       0.00000e+00   constant   
  19  zeta_vw      0.00000e+00   constant   
  20  T_CBO        2.53917e+02   1.89014e+02   4.25884e-03   5.66245e-04
  21  alpha_A0    -7.79584e-03   1.48138e-02   7.92859e-03  -1.20674e-03
  22  beta_A0      1.31344e-03   1.48929e-02   1.12376e-04   4.87176e-04
  23  alpha_phi   -9.99998e-03   1.07422e-02  -4.40754e-04   6.85171e-05
  24  beta_phi    -6.78757e-03   1.00635e-02   1.45253e-02  -1.19821e-04
 MIGRAD MINIMIZATION HAS CONVERGED.
 MIGRAD WILL VERIFY CONVERGENCE AND ERROR MATRIX.
 COVARIANCE MATRIX CALCULATED SUCCESSFULLY
 FCN=53.0865 FROM MIGRAD    STATUS=CONVERGED     149 CALLS        1701 TOTAL
                     EDM=8.22774e-08    STRATEGY= 1      ERROR MATRIX ACCURATE 
  EXT PARAMETER                                   STEP         FIRST   
  NO.   NAME      VALUE            ERROR          SIZE      DERIVATIVE 
   1  N0           2.93519e+06     fixed    
   2  tau          6.44050e+01   constant   
   3  A0           3.53256e-01     fixed    
   4  phi          4.11408e+00     fixed    
   5  R           -6.11922e+01   constant   
   6  alpha_CBO    1.99507e-03     fixed    
   7  w_CBO        2.32500e+00   constant   
   8  beta_CBO    -2.76028e-03     fixed    
   9  alpha_2CBO   5.54452e-04     fixed    
  10  beta_2CBO    4.91045e-04   7.89078e-04   2.76559e-06  -3.33369e-01
  11  alpha_y      8.37449e-04   7.64351e-04   2.74314e-06  -3.66398e-01
  12  w_y          1.38860e+01   constant   
  13  beta_y      -2.29005e-04     fixed    
  14  alpha_vw     0.00000e+00     fixed    
  15  w_vw         1.43404e+01   constant   
  16  beta_vw      0.00000e+00     fixed    
  17  LM           1.41693e-04   constant   
  18  zeta_y       0.00000e+00   constant   
  19  zeta_vw      0.00000e+00   constant   
  20  T_CBO        2.55778e+02   1.86720e+02   1.12546e-03  -4.23020e-04
  21  alpha_A0    -7.35932e-03   1.24433e-02   5.90525e-03   1.00465e-04
  22  beta_A0      1.13017e-03   1.46715e-02   3.79736e-03   6.79174e-05
  23  alpha_phi   -1.00000e-02   1.44397e-02   2.65318e-02** at limit **
  24  beta_phi    -6.78891e-03   1.03154e-02   4.64388e-03   2.49056e-05
 EXTERNAL ERROR MATRIX.    NDIM=  25    NPAR=  7    ERR DEF=1
  6.226e-07 -6.631e-09  1.516e-02  1.912e-06  5.645e-07 -5.778e-16  1.225e-06 
 -6.631e-09  5.842e-07  1.197e-03  2.884e-07 -1.232e-07 -1.554e-16 -5.894e-09 
  1.516e-02  1.197e-03  3.723e+04  1.592e+00 -2.338e-01  4.213e-07  1.222e+00 
  1.912e-06  2.884e-07  1.592e+00  1.954e-04 -2.363e-05  1.557e-11  5.345e-05 
  5.645e-07 -1.232e-07 -2.338e-01 -2.363e-05  1.145e-04 -2.427e-12 -1.352e-06 
 -5.778e-16 -1.554e-16  4.213e-07  1.557e-11 -2.427e-12  4.300e-16  1.450e-11 
  1.225e-06 -5.894e-09  1.222e+00  5.345e-05 -1.352e-06  1.450e-11  1.311e-04 
 PARAMETER  CORRELATION COEFFICIENTS  
       NO.  GLOBAL     10     11     20     21     22     23     24
       10  0.21772   1.000 -0.011  0.100  0.173  0.067 -0.000  0.136
       11  0.03451  -0.011  1.000  0.008  0.027 -0.015 -0.000 -0.001
       20  0.70462   0.100  0.008  1.000  0.590 -0.113  0.105  0.553
       21  0.61027   0.173  0.027  0.590  1.000 -0.158  0.054  0.334
       22  0.19425   0.067 -0.015 -0.113 -0.158  1.000 -0.011 -0.011
       23  0.10629  -0.000 -0.000  0.105  0.054 -0.011  1.000  0.061
       24  0.56085   0.136 -0.001  0.553  0.334 -0.011  0.061  1.000
MINUIT - FIT ONLY 2-y
 **********
 **   67 **RES 
 **********
                   PARAMETER   16  beta_vw RESTORED TO VARIABLE.
                   PARAMETER   14  alpha_vw RESTORED TO VARIABLE.
                   PARAMETER   13  beta_y RESTORED TO VARIABLE.
                   PARAMETER    9  alpha_2CBO RESTORED TO VARIABLE.
                   PARAMETER    8  beta_CBO RESTORED TO VARIABLE.
                   PARAMETER    6  alpha_CBO RESTORED TO VARIABLE.
                   PARAMETER    4  phi RESTORED TO VARIABLE.
                   PARAMETER    3  A0 RESTORED TO VARIABLE.
                   PARAMETER    1  N0 RESTORED TO VARIABLE.
 **********
 **   68 **FIX            0
 **********
 PARAMETER    0  IS UNDEFINED. IGNORED.
 **********
 **   69 **FIX            1
 **********
 **********
 **   70 **FIX            2
 **********
 PARAMETER    2  IS CONSTANT.   IGNORED.
 **********
 **   71 **FIX            3
 **********
 **********
 **   72 **FIX            4
 **********
 **********
 **   73 **FIX            5
 **********
 PARAMETER    5  IS CONSTANT.   IGNORED.
 **********
 **   74 **FIX            6
 **********
 **********
 **   75 **FIX            7
 **********
 PARAMETER    7  IS CONSTANT.   IGNORED.
 **********
 **   76 **FIX            8
 **********
 **********
 **   77 **FIX            9
 **********
 **********
 **   78 **FIX           10
 **********
 **********
 **   79 **FIX           11
 **********
 **********
 **   80 **FIX           12
 **********
 PARAMETER   12  IS CONSTANT.   IGNORED.
 **********
 **   81 **FIX           16
 **********
 **********
 **   82 **MIGRAD
 **********
 START MIGRAD MINIMIZATION.  STRATEGY  1.  CONVERGENCE WHEN EDM .LT. 1.00e-04
 FCN=53.0865 FROM MIGRAD    STATUS=INITIATE       16 CALLS        1717 TOTAL
                     EDM= unknown      STRATEGY= 1      NO ERROR MATRIX       
  EXT PARAMETER               CURRENT GUESS       STEP         FIRST   
  NO.   NAME      VALUE            ERROR          SIZE      DERIVATIVE 
   1  N0           2.93519e+06     fixed    
   2  tau          6.44050e+01   constant   
   3  A0           3.53256e-01     fixed    
   4  phi          4.11408e+00     fixed    
   5  R           -6.11922e+01   constant   
   6  alpha_CBO    1.99507e-03     fixed    
   7  w_CBO        2.32500e+00   constant   
   8  beta_CBO    -2.76028e-03     fixed    
   9  alpha_2CBO   5.54452e-04     fixed    
  10  beta_2CBO    4.91045e-04     fixed    
  11  alpha_y      8.37449e-04     fixed    
  12  w_y          1.38860e+01   constant   
  13  beta_y      -2.29005e-04   7.75102e-04   7.75102e-04  -3.99622e+01
  14  alpha_vw     0.00000e+00   1.00000e-03   1.00000e-03  -3.42699e+03
  15  w_vw         1.43404e+01   constant   
  16  beta_vw      0.00000e+00     fixed    
  17  LM           1.41693e-04   constant   
  18  zeta_y       0.00000e+00   constant   
  19  zeta_vw      0.00000e+00   constant   
  20  T_CBO        2.55778e+02   1.86720e+02   1.12546e-03  -4.40596e-04
  21  alpha_A0    -7.35932e-03   1.24433e-02   5.90525e-03   1.02867e-04
  22  beta_A0      1.13017e-03   1.46715e-02   3.79736e-03   6.64855e-05
  23  alpha_phi   -9.99998e-03   1.44397e-02   2.65318e-02   6.68073e-05
  24  beta_phi    -6.78891e-03   1.03154e-02   4.64388e-03   2.66746e-05
 MIGRAD MINIMIZATION HAS CONVERGED.
 MIGRAD WILL VERIFY CONVERGENCE AND ERROR MATRIX.
 COVARIANCE MATRIX CALCULATED SUCCESSFULLY
 FCN=51.1115 FROM MIGRAD    STATUS=CONVERGED     147 CALLS        1848 TOTAL
                     EDM=3.15995e-06    STRATEGY= 1      ERROR MATRIX ACCURATE 
  EXT PARAMETER                                   STEP         FIRST   
  NO.   NAME      VALUE            ERROR          SIZE      DERIVATIVE 
   1  N0           2.93519e+06     fixed    
   2  tau          6.44050e+01   constant   
   3  A0           3.53256e-01     fixed    
   4  phi          4.11408e+00     fixed    
   5  R           -6.11922e+01   constant   
   6  alpha_CBO    1.99507e-03     fixed    
   7  w_CBO        2.32500e+00   constant   
   8  beta_CBO    -2.76028e-03     fixed    
   9  alpha_2CBO   5.54452e-04     fixed    
  10  beta_2CBO    4.91045e-04     fixed    
  11  alpha_y      8.37449e-04     fixed    
  12  w_y          1.38860e+01   constant   
  13  beta_y      -6.31270e-04   8.30129e-04   2.73443e-06  -1.88433e-01
  14  alpha_vw     1.15718e-03   8.23525e-04   2.71241e-06  -2.44159e-01
  15  w_vw         1.43404e+01   constant   
  16  beta_vw      0.00000e+00     fixed    
  17  LM           1.41693e-04   constant   
  18  zeta_y       0.00000e+00   constant   
  19  zeta_vw      0.00000e+00   constant   
  20  T_CBO        2.49666e+02   1.83113e+02   1.07247e-03   2.64185e-03
  21  alpha_A0    -7.83067e-03   1.43533e-02   6.40401e-03   6.80538e-04
  22  beta_A0      7.24637e-04   1.46450e-02   3.82959e-03   2.71152e-04
  23  alpha_phi   -1.00000e-02   1.46993e-02   2.64162e-02** at limit **
  24  beta_phi    -7.05229e-03   1.03678e-02   4.85482e-03  -1.49832e-03
 EXTERNAL ERROR MATRIX.    NDIM=  25    NPAR=  7    ERR DEF=1
  6.891e-07 -2.428e-07  3.333e-03  2.774e-07  2.316e-07  2.221e-15  1.629e-07 
 -2.428e-07  6.782e-07 -3.652e-03 -2.933e-07 -2.429e-07 -4.328e-15 -1.589e-07 
  3.333e-03 -3.652e-03  3.575e+04  1.663e+00 -1.747e-01  1.324e-05  1.268e+00 
  2.774e-07 -2.933e-07  1.663e+00  2.099e-04 -2.397e-05  5.469e-10  5.870e-05 
  2.316e-07 -2.429e-07 -1.747e-01 -2.397e-05  1.206e-04 -5.209e-11 -2.691e-07 
  2.221e-15 -4.328e-15  1.324e-05  5.469e-10 -5.209e-11  4.637e-13  4.981e-10 
  1.629e-07 -1.589e-07  1.268e+00  5.870e-05 -2.691e-07  4.981e-10  1.411e-04 
 PARAMETER  CORRELATION COEFFICIENTS  
       NO.  GLOBAL     13     14     20     21     22     23     24
       13  0.35593   1.000 -0.355  0.021  0.023  0.025  0.000  0.017
       14  0.35617  -0.355  1.000 -0.023 -0.025 -0.027 -0.000 -0.016
       20  0.71831   0.021 -0.023  1.000  0.607 -0.084  0.103  0.565
       21  0.61543   0.023 -0.025  0.607  1.000 -0.151  0.055  0.341
       22  0.16446   0.025 -0.027 -0.084 -0.151  1.000 -0.007 -0.002
       23  0.10330   0.000 -0.000  0.103  0.055 -0.007  1.000  0.062
       24  0.56639   0.017 -0.016  0.565  0.341 -0.002  0.062  1.000
MINUIT - FIT ALTOGETHER
 **********
 **   83 **RES 
 **********
                   PARAMETER   16  beta_vw RESTORED TO VARIABLE.
