 + ++++++++++++++++++++++++++++++++++++++++++++++++++++++++++++++++++++ +
 +                                                                      +
 +           You have chose to blind your fitting according to          +
 +                omega_ref * (1 + (R +/- deltaR) *10^{-6})             +
 +                                                                      +
 + ++++++++++++++++++++++++++++++++++++++++++++++++++++++++++++++++++++ +
In main()...
reading format from /gm2data/zkhechad/run45/envelope/formats/formatB_sBin_constraintOn.txt
pBinTau 	= 0  
pBinPhi 	= 0  
constraintau 	= 1 
includeMopTerm 	= 0    
constrainMop    = 0   
Parameters after format file: pBinTau 0 pBinPhi 0 constraintau 1 includeMopTerm 0 constrainMop 0 c_e_scale 0.000000 
Opening file /gm2data/tbarrett/gm2fr/studies/run23_bunch_corrections/CorrectedFourier_Run3b.root.
reading full fit data from /gm2data/zkhechad/cboTemplates/Run4CBOTemplates/fullFits/noRF/sBin_constraintOn_cE0.0_seed0_noRF_calo21.root
windowBins = 69
fitting sliding window 1750 from bin 1886 at 281.242000 to bin 1955 at 291.686000 (69 bins)

Reading data from /gm2data/cornell/histograms/aMethod/histogram_a_noRF.root
 **********
 **    1 **SET PRINTOUT            1
 **********
 **********
 **    2 **SET NOWARNINGS 
 **********
 PARAMETER DEFINITIONS:
    NO.   NAME         VALUE      STEP SIZE      LIMITS
     1 N0           2.83609e+06  1.00000e+02     no limits
     2 tau          6.44055e+01  constant
     3 A0           3.54106e-01  1.00000e-04     no limits
     4 phi          4.11637e+00  1.00000e-02     no limits
     5 R           -5.93657e+01  constant
     6 alpha_CBO    0.00000e+00  1.00000e-03     no limits
     7 w_CBO        2.32500e+00  constant
     8 beta_CBO     0.00000e+00  1.00000e-03     no limits
     9 alpha_2CBO   0.00000e+00  1.00000e-03     no limits
    10 beta_2CBO    0.00000e+00  1.00000e-03     no limits
    11 alpha_y      0.00000e+00  1.00000e-03     no limits
    12 w_y          1.38860e+01  constant
    13 beta_y       0.00000e+00  1.00000e-03     no limits
    14 alpha_vw     0.00000e+00  1.00000e-03     no limits
    15 w_vw         1.43404e+01  constant
    16 beta_vw      0.00000e+00  1.00000e-03     no limits
    17 LM           6.62355e-05  constant
    18 zeta_y       0.00000e+00  constant
    19 zeta_vw      0.00000e+00  constant
    20 T_CBO        1.00000e+02  1.00000e+00    0.00000e+00  1.00000e+03
    21 alpha_A0     0.00000e+00  1.00000e-04   -1.00000e-02  1.00000e-02
    22 beta_A0      0.00000e+00  1.00000e-04   -1.00000e-02  1.00000e-02
    23 alpha_phi    0.00000e+00  1.00000e-04   -1.00000e-02  1.00000e-02
    24 beta_phi     0.00000e+00  1.00000e-04   -1.00000e-02  1.00000e-02
MINUIT - FIT ONLY WIGGLE
 **********
 **    3 **FIX            5
 **********
 PARAMETER    5  IS CONSTANT.   IGNORED.
 **********
 **    4 **FIX            6
 **********
 **********
 **    5 **FIX            7
 **********
 PARAMETER    7  IS CONSTANT.   IGNORED.
 **********
 **    6 **FIX            8
 **********
 **********
 **    7 **FIX            9
 **********
 **********
 **    8 **FIX           10
 **********
 **********
 **    9 **FIX           11
 **********
 **********
 **   10 **FIX           12
 **********
 PARAMETER   12  IS CONSTANT.   IGNORED.
 **********
 **   11 **FIX           13
 **********
 **********
 **   12 **FIX           14
 **********
 **********
 **   13 **FIX           15
 **********
 PARAMETER   15  IS CONSTANT.   IGNORED.
 **********
 **   14 **FIX           16
 **********
 **********
 **   15 **MIGRAD
 **********
 FIRST CALL TO USER FUNCTION AT NEW START POINT, WITH IFLAG=4.
 START MIGRAD MINIMIZATION.  STRATEGY  1.  CONVERGENCE WHEN EDM .LT. 1.00e-04
 FCN=148.377 FROM MIGRAD    STATUS=INITIATE      437 CALLS         438 TOTAL
                     EDM= unknown      STRATEGY= 1      NO ERROR MATRIX       
  EXT PARAMETER               CURRENT GUESS       STEP         FIRST   
  NO.   NAME      VALUE            ERROR          SIZE      DERIVATIVE 
   1  N0           2.83609e+06   1.00000e+02   0.00000e+00  -3.09072e-04
   2  tau          6.44055e+01   constant   
   3  A0           3.54106e-01   1.00000e-04   0.00000e+00  -5.32210e+03
   4  phi          4.11637e+00   1.00000e-02   0.00000e+00   2.25789e+03
   5  R           -5.93657e+01   constant   
   6  alpha_CBO    0.00000e+00     fixed    
   7  w_CBO        2.32500e+00   constant   
   8  beta_CBO     0.00000e+00     fixed    
   9  alpha_2CBO   0.00000e+00     fixed    
  10  beta_2CBO    0.00000e+00     fixed    
  11  alpha_y      0.00000e+00     fixed    
  12  w_y          1.38860e+01   constant   
  13  beta_y       0.00000e+00     fixed    
  14  alpha_vw     0.00000e+00     fixed    
  15  w_vw         1.43404e+01   constant   
  16  beta_vw      0.00000e+00     fixed    
  17  LM           6.62355e-05   constant   
  18  zeta_y       0.00000e+00   constant   
  19  zeta_vw      0.00000e+00   constant   
  20  T_CBO        1.00000e+02   1.00000e+00   0.00000e+00   0.00000e+00
  21  alpha_A0     0.00000e+00   1.00000e-04   0.00000e+00   1.29804e-02
  22  beta_A0      0.00000e+00   1.00000e-04   0.00000e+00   3.67427e-01
  23  alpha_phi    0.00000e+00   1.00000e-04   0.00000e+00   3.36910e-02
  24  beta_phi     0.00000e+00   1.00000e-04   0.00000e+00  -8.84129e-01
 MIGRAD MINIMIZATION HAS CONVERGED.
 FCN=140.047 FROM MIGRAD    STATUS=CONVERGED    1128 CALLS        1129 TOTAL
                     EDM=2.3523e-06    STRATEGY= 1  ERROR MATRIX UNCERTAINTY   0.7 per cent
  EXT PARAMETER                                   STEP         FIRST   
  NO.   NAME      VALUE            ERROR          SIZE      DERIVATIVE 
   1  N0           2.83578e+06   1.12485e+03  -8.29177e-01  -5.14767e-09
   2  tau          6.44055e+01   constant   
   3  A0           3.54821e-01   5.32030e-04   8.38680e-07  -4.76186e-01
   4  phi          4.11335e+00   1.61001e-03   1.07237e-06  -5.98425e-01
   5  R           -5.93657e+01   constant   
   6  alpha_CBO    0.00000e+00     fixed    
   7  w_CBO        2.32500e+00   constant   
   8  beta_CBO     0.00000e+00     fixed    
   9  alpha_2CBO   0.00000e+00     fixed    
  10  beta_2CBO    0.00000e+00     fixed    
  11  alpha_y      0.00000e+00     fixed    
  12  w_y          1.38860e+01   constant   
  13  beta_y       0.00000e+00     fixed    
  14  alpha_vw     0.00000e+00     fixed    
  15  w_vw         1.43404e+01   constant   
  16  beta_vw      0.00000e+00     fixed    
  17  LM           6.62355e-05   constant   
  18  zeta_y       0.00000e+00   constant   
  19  zeta_vw      0.00000e+00   constant   
  20  T_CBO        9.99942e+02   7.10297e+02   4.47935e-02  -8.33305e-05
  21  alpha_A0     2.04984e-04   2.96450e-03  -2.16878e-04  -7.71583e-04
  22  beta_A0     -2.63086e-03   3.33142e-03   8.31045e-04   2.76454e-03
  23  alpha_phi   -1.24311e-03   3.05301e-03   7.33401e-05   7.09497e-04
  24  beta_phi     4.11779e-03   2.93869e-03   1.72766e-04   8.72470e-03
 EXTERNAL ERROR MATRIX.    NDIM=  25    NPAR=  8    ERR DEF=1
  1.265e+06 -4.616e-02  3.154e-02 -3.923e+03  1.897e-03 -9.744e-01  8.029e-01 -3.327e-02 
 -4.616e-02  2.831e-07  4.079e-08  3.512e-03  1.425e-07  1.590e-07 -2.749e-07 -2.886e-08 
  3.154e-02  4.079e-08  2.592e-06  2.850e-03  7.737e-07 -9.913e-08  3.096e-07  1.946e-07 
 -3.923e+03  3.512e-03  2.850e-03  2.394e+04 -2.513e-03 -1.122e-01  5.471e-02  1.681e-01 
  1.897e-03  1.425e-07  7.737e-07 -2.513e-03  9.059e-06  5.737e-07  2.387e-07  4.910e-07 
 -9.744e-01  1.590e-07 -9.913e-08 -1.122e-01  5.737e-07  1.157e-05 -1.850e-06 -8.842e-07 
  8.029e-01 -2.749e-07  3.096e-07  5.471e-02  2.387e-07 -1.850e-06  9.631e-06  3.915e-07 
 -3.327e-02 -2.886e-08  1.946e-07  1.681e-01  4.910e-07 -8.842e-07  3.915e-07  8.953e-06 
 PARAMETER  CORRELATION COEFFICIENTS  
       NO.  GLOBAL      1      3      4     20     21     22     23     24
        1  0.33111   1.000 -0.077  0.017 -0.023  0.001 -0.255  0.230 -0.010
        3  0.22168  -0.077  1.000  0.048  0.043  0.089  0.088 -0.166 -0.018
        4  0.17924   0.017  0.048  1.000  0.011  0.160 -0.018  0.062  0.040
       20  0.42752  -0.023  0.043  0.011  1.000 -0.005 -0.213  0.114  0.363
       21  0.19965   0.001  0.089  0.160 -0.005  1.000  0.056  0.026  0.055
       22  0.35874  -0.255  0.088 -0.018 -0.213  0.056  1.000 -0.175 -0.087
       23  0.32118   0.230 -0.166  0.062  0.114  0.026 -0.175  1.000  0.042
       24  0.37094  -0.010 -0.018  0.040  0.363  0.055 -0.087  0.042  1.000
MINUIT - FIT ONLY 1-CBO + wiggle
 **********
 **   16 **RES 
 **********
                   PARAMETER   16  beta_vw RESTORED TO VARIABLE.
                   PARAMETER   14  alpha_vw RESTORED TO VARIABLE.
                   PARAMETER   13  beta_y RESTORED TO VARIABLE.
                   PARAMETER   11  alpha_y RESTORED TO VARIABLE.
                   PARAMETER   10  beta_2CBO RESTORED TO VARIABLE.
                   PARAMETER    9  alpha_2CBO RESTORED TO VARIABLE.
                   PARAMETER    8  beta_CBO RESTORED TO VARIABLE.
                   PARAMETER    6  alpha_CBO RESTORED TO VARIABLE.
 **********
 **   17 **FIX            8
 **********
 **********
 **   18 **FIX            9
 **********
 **********
 **   19 **FIX           11
 **********
 **********
 **   20 **FIX           12
 **********
 PARAMETER   12  IS CONSTANT.   IGNORED.
 **********
 **   21 **FIX           14
 **********
 **********
 **   22 **FIX           15
 **********
 PARAMETER   15  IS CONSTANT.   IGNORED.
 **********
 **   23 **FIX           16
 **********
 **********
 **   24 **MIGRAD
 **********
 START MIGRAD MINIMIZATION.  STRATEGY  1.  CONVERGENCE WHEN EDM .LT. 1.00e-04
 FCN=140.047 FROM MIGRAD    STATUS=INITIATE       28 CALLS        1157 TOTAL
                     EDM= unknown      STRATEGY= 1      NO ERROR MATRIX       
  EXT PARAMETER               CURRENT GUESS       STEP         FIRST   
  NO.   NAME      VALUE            ERROR          SIZE      DERIVATIVE 
   1  N0           2.83578e+06   1.12485e+03  -8.29177e-01  -5.14751e-09
   2  tau          6.44055e+01   constant   
   3  A0           3.54821e-01   5.32030e-04   8.38680e-07  -4.76186e-01
   4  phi          4.11335e+00   1.61001e-03   1.07237e-06  -5.98423e-01
   5  R           -5.93657e+01   constant   
   6  alpha_CBO    0.00000e+00   1.00000e-03   1.00000e-03   2.53209e+04
   7  w_CBO        2.32500e+00   constant   
   8  beta_CBO     0.00000e+00     fixed    
   9  alpha_2CBO   0.00000e+00     fixed    
  10  beta_2CBO    0.00000e+00   1.00000e-03   1.00000e-03  -2.52600e+02
  11  alpha_y      0.00000e+00     fixed    
  12  w_y          1.38860e+01   constant   
  13  beta_y       0.00000e+00   1.00000e-03   1.00000e-03  -9.83156e+03
  14  alpha_vw     0.00000e+00     fixed    
  15  w_vw         1.43404e+01   constant   
  16  beta_vw      0.00000e+00     fixed    
  17  LM           6.62355e-05   constant   
  18  zeta_y       0.00000e+00   constant   
  19  zeta_vw      0.00000e+00   constant   
  20  T_CBO        9.99942e+02   7.10297e+02   4.47935e-02  -8.58789e-05
  21  alpha_A0     2.04984e-04   2.96450e-03  -2.16878e-04  -7.71587e-04
  22  beta_A0     -2.63086e-03   3.33142e-03   8.31045e-04  -2.76454e-03
  23  alpha_phi   -1.24311e-03   3.05301e-03   7.33401e-05   7.09495e-04
  24  beta_phi     4.11779e-03   2.93869e-03   1.72766e-04  -8.72469e-03
 MIGRAD MINIMIZATION HAS CONVERGED.
 MIGRAD WILL VERIFY CONVERGENCE AND ERROR MATRIX.
 FCN=81.2238 FROM MIGRAD    STATUS=CONVERGED     253 CALLS        1382 TOTAL
                     EDM=9.42265e-06    STRATEGY= 1      ERR MATRIX NOT POS-DEF
  EXT PARAMETER                APPROXIMATE        STEP         FIRST   
  NO.   NAME      VALUE            ERROR          SIZE      DERIVATIVE 
   1  N0           2.83528e+06   1.11365e+03   4.73916e+00  -1.21354e-07
   2  tau          6.44055e+01   constant   
   3  A0           3.54071e-01   5.18459e-04   2.29797e-06  -1.43826e+00
   4  phi          4.11344e+00   1.54246e-03   6.97758e-06  -5.96096e-01
   5  R           -5.93657e+01   constant   
   6  alpha_CBO   -4.10087e-03   5.44145e-04   2.45850e-06  -2.14601e-01
   7  w_CBO        2.32500e+00   constant   
   8  beta_CBO     0.00000e+00     fixed    
   9  alpha_2CBO   0.00000e+00     fixed    
  10  beta_2CBO    1.38670e-04   5.31459e-04   2.39045e-06   3.99654e-01
  11  alpha_y      0.00000e+00     fixed    
  12  w_y          1.38860e+01   constant   
  13  beta_y       1.40346e-03   5.17795e-04   2.39187e-06   1.75456e-01
  14  alpha_vw     0.00000e+00     fixed    
  15  w_vw         1.43404e+01   constant   
  16  beta_vw      0.00000e+00     fixed    
  17  LM           6.62355e-05   constant   
  18  zeta_y       0.00000e+00   constant   
  19  zeta_vw      0.00000e+00   constant   
  20  T_CBO        9.99985e+02   9.00390e+02   2.96992e-01  -2.13207e-06
  21  alpha_A0    -1.03685e-03   7.52377e-03   1.31793e-03  -4.13473e-03
  22  beta_A0     -3.12176e-03   1.03609e-02   1.38546e-03   2.60586e-03
  23  alpha_phi    4.34941e-04   4.14957e-03   1.26392e-03  -9.37738e-03
  24  beta_phi     4.46863e-03   1.18081e-02   1.32659e-03   2.61072e-03
 EXTERNAL ERROR MATRIX.    NDIM=  25    NPAR= 11    ERR DEF=1
  1.240e+06 
 -7.336e-02  2.688e-07 
  1.015e-01  1.024e-08  2.379e-06 
  4.048e-02  4.814e-08 -8.399e-09  2.961e-07 
 -1.707e-02  1.581e-09  2.751e-08 -6.497e-09  2.824e-07 
  3.083e-03 -3.830e-10 -1.810e-08  2.161e-09  4.283e-09  2.681e-07 
  1.805e+05 -3.865e-02  2.574e-01  2.951e-02 -8.502e-02 -8.591e-03  1.933e+06 
 -1.162e+00  3.530e-07 -9.793e-07 -1.010e-07  7.456e-07  1.314e-08 -1.115e+01  7.280e-05 
 -2.137e+00  4.539e-07 -4.186e-06 -4.525e-07  1.380e-06  1.354e-07 -3.182e+01  1.830e-04  5.328e-04 
  1.056e+00 -3.101e-07  9.339e-07 -3.895e-08 -1.635e-07 -1.916e-08  4.461e+00 -2.581e-05 -7.255e-05  1.831e-05 
  4.429e+00 -1.031e-06  5.835e-06  6.812e-07 -1.863e-06 -1.977e-07  4.575e+01 -2.636e-04 -7.528e-04  1.059e-04  1.090e-03 
ERR MATRIX NOT POS-DEF
 PARAMETER  CORRELATION COEFFICIENTS  
       NO.  GLOBAL      1      3      4      6     10     13     20     21     22     23     24
        1  0.35033   1.000 -0.127  0.059  0.067 -0.029  0.005  0.117 -0.122 -0.083  0.221  0.120
        3  0.28433  -0.127  1.000  0.013  0.171  0.006 -0.001 -0.054  0.080  0.038 -0.140 -0.060
        4  0.20628   0.059  0.013  1.000 -0.010  0.034 -0.023  0.120 -0.074 -0.118  0.141  0.115
        6  0.21192   0.067  0.171 -0.010  1.000 -0.022  0.008  0.039 -0.022 -0.036 -0.017  0.038
       10  0.23115  -0.029  0.006  0.034 -0.022  1.000  0.016 -0.115  0.164  0.112 -0.072 -0.106
       13  0.04036   0.005 -0.001 -0.023  0.008  0.016  1.000 -0.012  0.003  0.011 -0.009 -0.012
       20  0.99804   0.117 -0.054  0.120  0.039 -0.115 -0.012  1.000 -0.940 -0.992  0.750  0.997
       21  0.94316  -0.122  0.080 -0.074 -0.022  0.164  0.003 -0.940  1.000  0.929 -0.707 -0.936
       22  0.99236  -0.083  0.038 -0.118 -0.036  0.112  0.011 -0.992  0.929  1.000 -0.734 -0.988
       23  0.76982   0.221 -0.140  0.141 -0.017 -0.072 -0.009  0.750 -0.707 -0.734  1.000  0.750
       24  0.99698   0.120 -0.060  0.115  0.038 -0.106 -0.012  0.997 -0.936 -0.988  0.750  1.000
 ERR MATRIX NOT POS-DEF
MINUIT - FIT ONLY 2-CBO
 **********
 **   25 **RES 
 **********
                   PARAMETER   16  beta_vw RESTORED TO VARIABLE.
                   PARAMETER   14  alpha_vw RESTORED TO VARIABLE.
                   PARAMETER   11  alpha_y RESTORED TO VARIABLE.
                   PARAMETER    9  alpha_2CBO RESTORED TO VARIABLE.
                   PARAMETER    8  beta_CBO RESTORED TO VARIABLE.
 **********
 **   26 **FIX            0
 **********
 PARAMETER    0  IS UNDEFINED. IGNORED.
 **********
 **   27 **FIX            1
 **********
 **********
 **   28 **FIX            2
 **********
 PARAMETER    2  IS CONSTANT.   IGNORED.
 **********
 **   29 **FIX            3
 **********
 **********
 **   30 **FIX            4
 **********
 **********
 **   31 **FIX            5
 **********
 PARAMETER    5  IS CONSTANT.   IGNORED.
 **********
 **   32 **FIX            6
 **********
 **********
 **   33 **FIX            7
 **********
 PARAMETER    7  IS CONSTANT.   IGNORED.
 **********
 **   34 **FIX           10
 **********
 **********
 **   35 **FIX           11
 **********
 **********
 **   36 **FIX           12
 **********
 PARAMETER   12  IS CONSTANT.   IGNORED.
 **********
 **   37 **FIX           13
 **********
 **********
 **   38 **FIX           14
 **********
 **********
 **   39 **FIX           15
 **********
 PARAMETER   15  IS CONSTANT.   IGNORED.
 **********
 **   40 **FIX           16
 **********
 **********
 **   41 **MIGRAD
 **********
 START MIGRAD MINIMIZATION.  STRATEGY  1.  CONVERGENCE WHEN EDM .LT. 1.00e-04
 FCN=81.2238 FROM MIGRAD    STATUS=INITIATE       18 CALLS        1400 TOTAL
                     EDM= unknown      STRATEGY= 1      NO ERROR MATRIX       
  EXT PARAMETER               CURRENT GUESS       STEP         FIRST   
  NO.   NAME      VALUE            ERROR          SIZE      DERIVATIVE 
   1  N0           2.83528e+06     fixed    
   2  tau          6.44055e+01   constant   
   3  A0           3.54071e-01     fixed    
   4  phi          4.11344e+00     fixed    
   5  R           -5.93657e+01   constant   
   6  alpha_CBO   -4.10087e-03     fixed    
   7  w_CBO        2.32500e+00   constant   
   8  beta_CBO     0.00000e+00   1.00000e-03   1.00000e-03  -1.43789e+04
   9  alpha_2CBO   0.00000e+00   1.00000e-03   1.00000e-03   2.77176e+02
  10  beta_2CBO    1.38670e-04     fixed    
  11  alpha_y      0.00000e+00     fixed    
  12  w_y          1.38860e+01   constant   
  13  beta_y       1.40346e-03     fixed    
  14  alpha_vw     0.00000e+00     fixed    
  15  w_vw         1.43404e+01   constant   
  16  beta_vw      0.00000e+00     fixed    
  17  LM           6.62355e-05   constant   
  18  zeta_y       0.00000e+00   constant   
  19  zeta_vw      0.00000e+00   constant   
  20  T_CBO        9.99985e+02   9.00390e+02   2.96992e-01  -5.08862e-06
  21  alpha_A0    -1.03685e-03   7.52377e-03   1.31793e-03  -4.13276e-03
  22  beta_A0     -3.12176e-03   1.03609e-02   1.38546e-03   2.61191e-03
  23  alpha_phi    4.34941e-04   4.14957e-03   1.26392e-03  -9.37820e-03
  24  beta_phi     4.46863e-03   1.18081e-02   1.32659e-03   2.60132e-03
 MIGRAD MINIMIZATION HAS CONVERGED.
 MIGRAD WILL VERIFY CONVERGENCE AND ERROR MATRIX.
 FCN=66.3582 FROM MIGRAD    STATUS=CONVERGED     189 CALLS        1571 TOTAL
                     EDM=1.63615e-06    STRATEGY= 1      ERR MATRIX NOT POS-DEF
  EXT PARAMETER                APPROXIMATE        STEP         FIRST   
  NO.   NAME      VALUE            ERROR          SIZE      DERIVATIVE 
   1  N0           2.83528e+06     fixed    
   2  tau          6.44055e+01   constant   
   3  A0           3.54071e-01     fixed    
   4  phi          4.11344e+00     fixed    
   5  R           -5.93657e+01   constant   
   6  alpha_CBO   -4.10087e-03     fixed    
   7  w_CBO        2.32500e+00   constant   
   8  beta_CBO     2.06629e-03   5.32064e-04   2.13298e-06  -5.66350e-01
   9  alpha_2CBO  -6.67302e-05   4.70842e-04   2.19191e-06   2.45655e+00
  10  beta_2CBO    1.38670e-04     fixed    
  11  alpha_y      0.00000e+00     fixed    
  12  w_y          1.38860e+01   constant   
  13  beta_y       1.40346e-03     fixed    
  14  alpha_vw     0.00000e+00     fixed    
  15  w_vw         1.43404e+01   constant   
  16  beta_vw      0.00000e+00     fixed    
  17  LM           6.62355e-05   constant   
  18  zeta_y       0.00000e+00   constant   
  19  zeta_vw      0.00000e+00   constant   
  20  T_CBO        9.99787e+02   7.18610e+02   6.69393e-02  -3.84410e-06
  21  alpha_A0    -7.91802e-04   6.77984e-03   1.19030e-03  -1.53310e-03
  22  beta_A0     -2.63670e-03   1.22114e-02   1.23525e-03  -9.12489e-04
  23  alpha_phi    3.54891e-04   3.09022e-03   1.14364e-03  -1.36568e-03
  24  beta_phi     3.36508e-03   1.53246e-02   1.13968e-03   1.57200e-03
 EXTERNAL ERROR MATRIX.    NDIM=  25    NPAR=  7    ERR DEF=1
  2.831e-07 -1.235e-07  1.125e+01 -2.894e-06 -8.076e-06  1.018e-06  1.007e-05 
 -1.235e-07  2.217e-07 -8.524e+00  2.193e-06  6.080e-06 -7.320e-07 -7.666e-06 
  1.125e+01 -8.524e+00  7.791e+08 -2.010e+02 -5.604e+02  7.060e+01  6.998e+02 
 -2.894e-06  2.193e-06 -2.010e+02  5.559e-05  1.445e-04 -1.822e-05 -1.805e-04 
 -8.076e-06  6.080e-06 -5.604e+02  1.445e-04  4.068e-04 -5.071e-05 -5.032e-04 
  1.018e-06 -7.320e-07  7.060e+01 -1.822e-05 -5.071e-05  9.870e-06  6.345e-05 
  1.007e-05 -7.666e-06  6.998e+02 -1.805e-04 -5.032e-04  6.345e-05  6.316e-04 
ERR MATRIX NOT POS-DEF
 PARAMETER  CORRELATION COEFFICIENTS  
       NO.  GLOBAL      8      9     20     21     22     23     24
        8  0.75795   1.000 -0.493  0.757 -0.730 -0.753  0.609  0.753
        9  0.65284  -0.493  1.000 -0.649  0.625  0.640 -0.495 -0.648
       20  0.99856   0.757 -0.649  1.000 -0.966 -0.995  0.805  0.998
       21  0.96589  -0.730  0.625 -0.966  1.000  0.961 -0.778 -0.963
       22  0.99537  -0.753  0.640 -0.995  0.961  1.000 -0.800 -0.993
       23  0.80599   0.609 -0.495  0.805 -0.778 -0.800  1.000  0.804
       24  0.99758   0.753 -0.648  0.998 -0.963 -0.993  0.804  1.000
 ERR MATRIX NOT POS-DEF
MINUIT - FIT wiggle + 1-CBO + 2-CBO
 **********
 **   42 **RES 
 **********
                   PARAMETER   16  beta_vw RESTORED TO VARIABLE.
                   PARAMETER   14  alpha_vw RESTORED TO VARIABLE.
                   PARAMETER   13  beta_y RESTORED TO VARIABLE.
                   PARAMETER   11  alpha_y RESTORED TO VARIABLE.
                   PARAMETER   10  beta_2CBO RESTORED TO VARIABLE.
                   PARAMETER    6  alpha_CBO RESTORED TO VARIABLE.
                   PARAMETER    4  phi RESTORED TO VARIABLE.
                   PARAMETER    3  A0 RESTORED TO VARIABLE.
                   PARAMETER    1  N0 RESTORED TO VARIABLE.
 **********
 **   43 **FIX           10
 **********
 **********
 **   44 **FIX           11
 **********
 **********
 **   45 **FIX           12
 **********
 PARAMETER   12  IS CONSTANT.   IGNORED.
 **********
 **   46 **FIX           13
 **********
 **********
 **   47 **FIX           14
 **********
 **********
 **   48 **FIX           15
 **********
 PARAMETER   15  IS CONSTANT.   IGNORED.
 **********
 **   49 **FIX           16
 **********
 **********
 **   50 **MIGRAD
 **********
 START MIGRAD MINIMIZATION.  STRATEGY  1.  CONVERGENCE WHEN EDM .LT. 1.00e-04
 FCN=66.3582 FROM MIGRAD    STATUS=INITIATE       52 CALLS        1623 TOTAL
                     EDM= unknown      STRATEGY= 1      NO ERROR MATRIX       
  EXT PARAMETER               CURRENT GUESS       STEP         FIRST   
  NO.   NAME      VALUE            ERROR          SIZE      DERIVATIVE 
   1  N0           2.83528e+06   1.11365e+03   0.00000e+00   5.48495e-05
   2  tau          6.44055e+01   constant   
   3  A0           3.54071e-01   5.18459e-04   0.00000e+00  -6.31398e+02
   4  phi          4.11344e+00   1.54246e-03   0.00000e+00  -1.23677e+03
   5  R           -5.93657e+01   constant   
   6  alpha_CBO   -4.10087e-03   5.44145e-04   0.00000e+00   1.92576e+02
   7  w_CBO        2.32500e+00   constant   
   8  beta_CBO     2.06629e-03   5.32064e-04   0.00000e+00  -6.79799e-01
   9  alpha_2CBO  -6.67302e-05   4.70842e-04   0.00000e+00   2.53930e+00
  10  beta_2CBO    1.38670e-04     fixed    
  11  alpha_y      0.00000e+00     fixed    
  12  w_y          1.38860e+01   constant   
  13  beta_y       1.40346e-03     fixed    
  14  alpha_vw     0.00000e+00     fixed    
  15  w_vw         1.43404e+01   constant   
  16  beta_vw      0.00000e+00     fixed    
  17  LM           6.62355e-05   constant   
  18  zeta_y       0.00000e+00   constant   
  19  zeta_vw      0.00000e+00   constant   
  20  T_CBO        9.99217e+02   7.18610e+02  -2.67757e-02  -1.39275e-04
  21  alpha_A0    -7.91802e-04   6.77984e-03   0.00000e+00  -1.10470e-03
  22  beta_A0     -2.63670e-03   1.22114e-02   0.00000e+00   1.26661e-04
  23  alpha_phi    3.54891e-04   3.09022e-03   0.00000e+00  -1.51092e-03
  24  beta_phi     3.36508e-03   1.53246e-02   0.00000e+00   6.30649e-05
 MIGRAD MINIMIZATION HAS CONVERGED.
 MIGRAD WILL VERIFY CONVERGENCE AND ERROR MATRIX.
 FCN=65.2661 FROM HESSE     STATUS=NOT POSDEF    102 CALLS        1850 TOTAL
                     EDM=0.000287753    STRATEGY= 1      ERR MATRIX NOT POS-DEF
  EXT PARAMETER                APPROXIMATE        STEP         FIRST   
  NO.   NAME      VALUE            ERROR          SIZE      DERIVATIVE 
   1  N0           2.83527e+06   1.16107e+03   4.25449e+00   4.83407e-08
   2  tau          6.44055e+01   constant   
   3  A0           3.54181e-01   5.44869e-04   2.06290e-06  -1.28211e+00
   4  phi          4.11514e+00   1.64131e-03   6.26179e-06   7.46042e-02
   5  R           -5.93657e+01   constant   
   6  alpha_CBO   -4.12349e-03   5.67703e-04   2.20711e-06   1.74991e-01
   7  w_CBO        2.32500e+00   constant   
   8  beta_CBO     2.21785e-03   5.50557e-04   2.11564e-06  -3.00057e+00
   9  alpha_2CBO  -6.04790e-05   5.60222e-04   2.17408e-06   2.57168e+00
  10  beta_2CBO    1.38670e-04     fixed    
  11  alpha_y      0.00000e+00     fixed    
  12  w_y          1.38860e+01   constant   
  13  beta_y       1.40346e-03     fixed    
  14  alpha_vw     0.00000e+00     fixed    
  15  w_vw         1.43404e+01   constant   
  16  beta_vw      0.00000e+00     fixed    
  17  LM           6.62355e-05   constant   
  18  zeta_y       0.00000e+00   constant   
  19  zeta_vw      0.00000e+00   constant   
  20  T_CBO        9.21059e+02   7.46732e+02   2.65325e-02   3.98090e-04
  21  alpha_A0    -3.65715e-04   4.84849e-03   1.20971e-03  -1.15695e-04
  22  beta_A0     -2.74568e-03   1.16789e-02   1.26164e-03   5.52472e-03
  23  alpha_phi    5.38692e-04   6.06572e-03   1.16604e-03   4.95963e-03
  24  beta_phi     3.08400e-03   1.20563e-02   1.14927e-03   6.97793e-04
 MIGRAD MINIMIZATION HAS CONVERGED.
 MIGRAD WILL VERIFY CONVERGENCE AND ERROR MATRIX.
 COVARIANCE MATRIX CALCULATED SUCCESSFULLY
 MIGRAD TERMINATED WITHOUT CONVERGENCE.
 FCN=65.2661 FROM MIGRAD    STATUS=FAILED        429 CALLS        2000 TOTAL
                     EDM=0.000110357    STRATEGY= 1      ERR MATRIX APPROXIMATE
  EXT PARAMETER                APPROXIMATE        STEP         FIRST   
  NO.   NAME      VALUE            ERROR          SIZE      DERIVATIVE 
   1  N0           2.83527e+06   1.17124e+03   4.25448e+00  -4.27376e-07
   2  tau          6.44055e+01   constant   
   3  A0           3.54181e-01   5.47761e-04   2.06291e-06  -1.19623e+00
   4  phi          4.11514e+00   1.65612e-03   6.26177e-06  -1.83258e-01
   5  R           -5.93657e+01   constant   
   6  alpha_CBO   -4.12348e-03   5.72666e-04   2.20711e-06  -1.71721e-01
   7  w_CBO        2.32500e+00   constant   
   8  beta_CBO     2.21796e-03   5.55416e-04   2.11564e-06  -3.31017e+00
   9  alpha_2CBO  -6.05730e-05   5.65008e-04   2.17408e-06   2.85717e+00
  10  beta_2CBO    1.38670e-04     fixed    
  11  alpha_y      0.00000e+00     fixed    
  12  w_y          1.38860e+01   constant   
  13  beta_y       1.40346e-03     fixed    
  14  alpha_vw     0.00000e+00     fixed    
  15  w_vw         1.43404e+01   constant   
  16  beta_vw      0.00000e+00     fixed    
  17  LM           6.62355e-05   constant   
  18  zeta_y       0.00000e+00   constant   
  19  zeta_vw      0.00000e+00   constant   
  20  T_CBO        9.55652e+02   5.36166e+02   3.49973e-02   7.47292e-04
  21  alpha_A0    -3.60509e-04   3.47316e-03   1.19731e-03   2.38999e-03
  22  beta_A0     -2.71159e-03   1.36347e-02   1.24839e-03   1.41262e-02
  23  alpha_phi    5.30718e-04   3.89765e-03   1.15404e-03   1.07410e-03
  24  beta_phi     3.04417e-03   1.62331e-02   1.13651e-03  -1.33554e-02
 EXTERNAL ERROR MATRIX.    NDIM=  25    NPAR= 11    ERR DEF=1
  1.372e+06 
 -8.779e-02  3.000e-07 
  9.646e-02  3.062e-08  2.743e-06 
  4.587e-02  6.030e-08 -1.452e-08  3.279e-07 
 -1.787e-03  1.581e-08  2.370e-07 -2.609e-09  3.085e-07 
  3.206e-02  1.528e-08  8.356e-09  3.061e-08 -2.393e-09  3.192e-07 
  3.118e+05 -4.023e-01  1.314e-01 -8.136e-02  1.234e-02 -2.218e-02  2.091e+08 
 -1.887e-01  2.179e-07  6.175e-07  9.898e-08  9.383e-08 -1.637e-08 -2.614e+01  1.258e-05 
  7.417e-01  1.078e-07 -1.853e-08  8.113e-08  4.493e-08 -2.598e-07 -1.832e+02  2.223e-05  1.708e-04 
  8.830e-01 -3.400e-07  4.551e-07 -1.252e-07  1.812e-08  2.231e-07  3.757e+01 -4.872e-06 -3.193e-05  1.603e-05 
  5.156e-01 -5.628e-07 -3.632e-07 -1.051e-07 -1.945e-07 -8.477e-08  2.081e+02 -2.588e-05 -1.816e-04  3.777e-05  2.147e-04 
ERR MATRIX APPROXIMATE
 PARAMETER  CORRELATION COEFFICIENTS  
       NO.  GLOBAL      1      3      4      6      8      9     20     21     22     23     24
        1  0.36785   1.000 -0.137  0.050  0.068 -0.003  0.048  0.018 -0.045  0.048  0.188  0.030
        3  0.31979  -0.137  1.000  0.034  0.192  0.052  0.049 -0.051  0.112  0.015 -0.155 -0.070
        4  0.30845   0.050  0.034  1.000 -0.015  0.258  0.009  0.005  0.105 -0.001  0.069 -0.015
        6  0.24457   0.068  0.192 -0.015  1.000 -0.008  0.095 -0.010  0.049  0.011 -0.055 -0.013
        8  0.28572  -0.003  0.052  0.258 -0.008  1.000 -0.008  0.002  0.048  0.006  0.008 -0.024
        9  0.25069   0.048  0.049  0.009  0.095 -0.008  1.000 -0.003 -0.008 -0.035  0.099 -0.010
       20  0.99016   0.018 -0.051  0.005 -0.010  0.002 -0.003  1.000 -0.510 -0.969  0.649  0.982
       21  0.53370  -0.045  0.112  0.105  0.049  0.048 -0.008 -0.510  1.000  0.480 -0.343 -0.498
       22  0.97309   0.048  0.015 -0.001  0.011  0.006 -0.035 -0.969  0.480  1.000 -0.610 -0.948
       23  0.69238   0.188 -0.155  0.069 -0.055  0.008  0.099  0.649 -0.343 -0.610  1.000  0.644
       24  0.98272   0.030 -0.070 -0.015 -0.013 -0.024 -0.010  0.982 -0.498 -0.948  0.644  1.000
 ERR MATRIX APPROXIMATE
MINUIT - FIT ONLY 1-y
 **********
 **   51 **RES 
 **********
                   PARAMETER   16  beta_vw RESTORED TO VARIABLE.
                   PARAMETER   14  alpha_vw RESTORED TO VARIABLE.
                   PARAMETER   13  beta_y RESTORED TO VARIABLE.
                   PARAMETER   11  alpha_y RESTORED TO VARIABLE.
                   PARAMETER   10  beta_2CBO RESTORED TO VARIABLE.
 **********
 **   52 **FIX            0
 **********
 PARAMETER    0  IS UNDEFINED. IGNORED.
 **********
 **   53 **FIX            1
 **********
 **********
 **   54 **FIX            2
 **********
 PARAMETER    2  IS CONSTANT.   IGNORED.
 **********
 **   55 **FIX            3
 **********
 **********
 **   56 **FIX            4
 **********
 **********
 **   57 **FIX            5
 **********
 PARAMETER    5  IS CONSTANT.   IGNORED.
 **********
 **   58 **FIX            6
 **********
 **********
 **   59 **FIX            7
 **********
 PARAMETER    7  IS CONSTANT.   IGNORED.
 **********
 **   60 **FIX            8
 **********
 **********
 **   61 **FIX            9
 **********
 **********
 **   62 **FIX           13
 **********
 **********
 **   63 **FIX           14
 **********
 **********
 **   64 **FIX           15
 **********
 PARAMETER   15  IS CONSTANT.   IGNORED.
 **********
 **   65 **FIX           16
 **********
 **********
 **   66 **MIGRAD
 **********
 START MIGRAD MINIMIZATION.  STRATEGY  1.  CONVERGENCE WHEN EDM .LT. 1.00e-04
 FCN=65.2661 FROM MIGRAD    STATUS=INITIATE       16 CALLS        2016 TOTAL
                     EDM= unknown      STRATEGY= 1      NO ERROR MATRIX       
  EXT PARAMETER               CURRENT GUESS       STEP         FIRST   
  NO.   NAME      VALUE            ERROR          SIZE      DERIVATIVE 
   1  N0           2.83527e+06     fixed    
   2  tau          6.44055e+01   constant   
   3  A0           3.54181e-01     fixed    
   4  phi          4.11514e+00     fixed    
   5  R           -5.93657e+01   constant   
   6  alpha_CBO   -4.12348e-03     fixed    
   7  w_CBO        2.32500e+00   constant   
   8  beta_CBO     2.21796e-03     fixed    
   9  alpha_2CBO  -6.05730e-05     fixed    
  10  beta_2CBO    1.38670e-04   5.31459e-04   5.31459e-04  -6.52610e+02
  11  alpha_y      0.00000e+00   1.00000e-03   1.00000e-03  -1.24396e+03
  12  w_y          1.38860e+01   constant   
  13  beta_y       1.40346e-03     fixed    
  14  alpha_vw     0.00000e+00     fixed    
  15  w_vw         1.43404e+01   constant   
  16  beta_vw      0.00000e+00     fixed    
  17  LM           6.62355e-05   constant   
  18  zeta_y       0.00000e+00   constant   
  19  zeta_vw      0.00000e+00   constant   
  20  T_CBO        9.55652e+02   5.36166e+02   3.49973e-02  -7.83300e-04
  21  alpha_A0    -3.60509e-04   3.47316e-03   1.19731e-03   2.39047e-03
  22  beta_A0     -2.71159e-03   1.36347e-02   1.24839e-03   1.41304e-02
  23  alpha_phi    5.30718e-04   3.89765e-03   1.15404e-03   1.07330e-03
  24  beta_phi     3.04417e-03   1.62331e-02   1.13651e-03  -1.33602e-02
 MIGRAD MINIMIZATION HAS CONVERGED.
 MIGRAD WILL VERIFY CONVERGENCE AND ERROR MATRIX.
 COVARIANCE MATRIX CALCULATED SUCCESSFULLY
 FCN=65.1167 FROM MIGRAD    STATUS=CONVERGED     116 CALLS        2116 TOTAL
                     EDM=1.81533e-05    STRATEGY= 1      ERROR MATRIX ACCURATE 
  EXT PARAMETER                                   STEP         FIRST   
  NO.   NAME      VALUE            ERROR          SIZE      DERIVATIVE 
   1  N0           2.83527e+06     fixed    
   2  tau          6.44055e+01   constant   
   3  A0           3.54181e-01     fixed    
   4  phi          4.11514e+00     fixed    
   5  R           -5.93657e+01   constant   
   6  alpha_CBO   -4.12348e-03     fixed    
   7  w_CBO        2.32500e+00   constant   
   8  beta_CBO     2.21796e-03     fixed    
   9  alpha_2CBO  -6.05730e-05     fixed    
  10  beta_2CBO    2.39952e-04   5.52517e-04   2.14360e-06  -2.60246e+00
  11  alpha_y      1.87059e-04   5.46463e-04   2.16902e-06   2.13903e+00
  12  w_y          1.38860e+01   constant   
  13  beta_y       1.40346e-03     fixed    
  14  alpha_vw     0.00000e+00     fixed    
  15  w_vw         1.43404e+01   constant   
  16  beta_vw      0.00000e+00     fixed    
  17  LM           6.62355e-05   constant   
  18  zeta_y       0.00000e+00   constant   
  19  zeta_vw      0.00000e+00   constant   
  20  T_CBO        9.75185e+02   5.88562e+02   6.10540e-02  -3.02311e-04
  21  alpha_A0    -2.62038e-04   3.00660e-03   1.18384e-03   3.48638e-03
  22  beta_A0     -2.68892e-03   4.04922e-03   1.23410e-03   4.68001e-03
  23  alpha_phi    5.26703e-04   2.89439e-03   1.14133e-03  -2.92193e-03
  24  beta_phi     3.09813e-03   4.18532e-03   1.12594e-03  -1.94847e-03
 EXTERNAL ERROR MATRIX.    NDIM=  25    NPAR=  7    ERR DEF=1
  3.053e-07  3.090e-09  2.085e-03  2.995e-07 -1.536e-08  3.687e-08  1.860e-07 
  3.090e-09  2.986e-07  1.852e-04 -3.602e-09  2.639e-08 -1.797e-08  1.079e-08 
  2.085e-03  1.852e-04  1.604e+07  1.219e+00  1.162e+01 -2.337e+00 -1.350e+01 
  2.995e-07 -3.602e-09  1.219e+00  9.326e-06  3.531e-07 -1.575e-07 -4.829e-07 
 -1.536e-08  2.639e-08  1.162e+01  3.531e-07  1.747e-05 -1.245e-06 -9.373e-06 
  3.687e-08 -1.797e-08 -2.337e+00 -1.575e-07 -1.245e-06  8.623e-06  2.238e-06 
  1.860e-07  1.079e-08 -1.350e+01 -4.829e-07 -9.373e-06  2.238e-06  1.878e-05 
 PARAMETER  CORRELATION COEFFICIENTS  
       NO.  GLOBAL     10     11     20     21     22     23     24
       10  0.21242   1.000  0.010  0.001  0.177 -0.007  0.023  0.078
       11  0.02374   0.010  1.000  0.000 -0.002  0.012 -0.011  0.005
       20  0.85455   0.001  0.000  1.000  0.100  0.694 -0.199 -0.777
       21  0.21604   0.177 -0.002  0.100  1.000  0.028 -0.018 -0.036
       22  0.69775  -0.007  0.012  0.694  0.028  1.000 -0.101 -0.518
       23  0.20879   0.023 -0.011 -0.199 -0.018 -0.101  1.000  0.176
       24  0.78281   0.078  0.005 -0.777 -0.036 -0.518  0.176  1.000
MINUIT - FIT ONLY 2-y
 **********
 **   67 **RES 
 **********
                   PARAMETER   16  beta_vw RESTORED TO VARIABLE.
                   PARAMETER   14  alpha_vw RESTORED TO VARIABLE.
                   PARAMETER   13  beta_y RESTORED TO VARIABLE.
                   PARAMETER    9  alpha_2CBO RESTORED TO VARIABLE.
                   PARAMETER    8  beta_CBO RESTORED TO VARIABLE.
                   PARAMETER    6  alpha_CBO RESTORED TO VARIABLE.
                   PARAMETER    4  phi RESTORED TO VARIABLE.
                   PARAMETER    3  A0 RESTORED TO VARIABLE.
                   PARAMETER    1  N0 RESTORED TO VARIABLE.
 **********
 **   68 **FIX            0
 **********
 PARAMETER    0  IS UNDEFINED. IGNORED.
 **********
 **   69 **FIX            1
 **********
 **********
 **   70 **FIX            2
 **********
 PARAMETER    2  IS CONSTANT.   IGNORED.
 **********
 **   71 **FIX            3
 **********
 **********
 **   72 **FIX            4
 **********
 **********
 **   73 **FIX            5
 **********
 PARAMETER    5  IS CONSTANT.   IGNORED.
 **********
 **   74 **FIX            6
 **********
 **********
 **   75 **FIX            7
 **********
 PARAMETER    7  IS CONSTANT.   IGNORED.
 **********
 **   76 **FIX            8
 **********
 **********
 **   77 **FIX            9
 **********
 **********
 **   78 **FIX           10
 **********
 **********
 **   79 **FIX           11
 **********
 **********
 **   80 **FIX           12
 **********
 PARAMETER   12  IS CONSTANT.   IGNORED.
 **********
 **   81 **FIX           16
 **********
 **********
 **   82 **MIGRAD
 **********
 START MIGRAD MINIMIZATION.  STRATEGY  1.  CONVERGENCE WHEN EDM .LT. 1.00e-04
 FCN=65.1167 FROM MIGRAD    STATUS=INITIATE       16 CALLS        2132 TOTAL
                     EDM= unknown      STRATEGY= 1      NO ERROR MATRIX       
  EXT PARAMETER               CURRENT GUESS       STEP         FIRST   
  NO.   NAME      VALUE            ERROR          SIZE      DERIVATIVE 
   1  N0           2.83527e+06     fixed    
   2  tau          6.44055e+01   constant   
   3  A0           3.54181e-01     fixed    
   4  phi          4.11514e+00     fixed    
   5  R           -5.93657e+01   constant   
   6  alpha_CBO   -4.12348e-03     fixed    
   7  w_CBO        2.32500e+00   constant   
   8  beta_CBO     2.21796e-03     fixed    
   9  alpha_2CBO  -6.05730e-05     fixed    
  10  beta_2CBO    2.39952e-04     fixed    
  11  alpha_y      1.87059e-04     fixed    
  12  w_y          1.38860e+01   constant   
  13  beta_y       1.40346e-03   5.17795e-04   5.17795e-04  -9.25787e+00
  14  alpha_vw     0.00000e+00   1.00000e-03   1.00000e-03   2.29506e+03
  15  w_vw         1.43404e+01   constant   
  16  beta_vw      0.00000e+00     fixed    
  17  LM           6.62355e-05   constant   
  18  zeta_y       0.00000e+00   constant   
  19  zeta_vw      0.00000e+00   constant   
  20  T_CBO        9.75185e+02   5.88562e+02   6.10540e-02  -3.12241e-04
  21  alpha_A0    -2.62038e-04   3.00660e-03   1.18384e-03   3.48687e-03
  22  beta_A0     -2.68892e-03   4.04922e-03   1.23410e-03   4.68408e-03
  23  alpha_phi    5.26703e-04   2.89439e-03   1.14133e-03  -2.92273e-03
  24  beta_phi     3.09813e-03   4.18532e-03   1.12594e-03  -1.95341e-03
 MIGRAD MINIMIZATION HAS CONVERGED.
 MIGRAD WILL VERIFY CONVERGENCE AND ERROR MATRIX.
 COVARIANCE MATRIX CALCULATED SUCCESSFULLY
 FCN=64.7019 FROM MIGRAD    STATUS=CONVERGED     114 CALLS        2230 TOTAL
                     EDM=1.23571e-05    STRATEGY= 1      ERROR MATRIX ACCURATE 
  EXT PARAMETER                                   STEP         FIRST   
  NO.   NAME      VALUE            ERROR          SIZE      DERIVATIVE 
   1  N0           2.83527e+06     fixed    
   2  tau          6.44055e+01   constant   
   3  A0           3.54181e-01     fixed    
   4  phi          4.11514e+00     fixed    
   5  R           -5.93657e+01   constant   
   6  alpha_CBO   -4.12348e-03     fixed    
   7  w_CBO        2.32500e+00   constant   
   8  beta_CBO     2.21796e-03     fixed    
   9  alpha_2CBO  -6.05730e-05     fixed    
  10  beta_2CBO    2.39952e-04     fixed    
  11  alpha_y      1.87059e-04     fixed    
  12  w_y          1.38860e+01   constant   
