 + ++++++++++++++++++++++++++++++++++++++++++++++++++++++++++++++++++++ +
 +                                                                      +
 +           You have chose to blind your fitting according to          +
 +                omega_ref * (1 + (R +/- deltaR) *10^{-6})             +
 +                                                                      +
 + ++++++++++++++++++++++++++++++++++++++++++++++++++++++++++++++++++++ +
In main()...
reading format from /gm2data/zkhechad/run45/envelope/formats/formatB_sBin_constraintOn.txt
pBinTau 	= 0  
pBinPhi 	= 0  
constraintau 	= 1 
includeMopTerm 	= 0    
constrainMop    = 0   
Parameters after format file: pBinTau 0 pBinPhi 0 constraintau 1 includeMopTerm 0 constrainMop 0 c_e_scale 0.000000 
Opening file /gm2data/tbarrett/gm2fr/studies/run23_bunch_corrections/CorrectedFourier_Run3b.root.
reading full fit data from /gm2data/zkhechad/cboTemplates/Run4CBOTemplates/templateFits0_v2.0/noRF/sBin_constraintOn_cE0.0_seed0_noRF_calo16.root
windowBins = 17
fitting sliding window 126 from bin 262 at 38.941200 to bin 279 at 41.626800 (17 bins)

Reading data from /gm2data/cornell/histograms/aMethod/histogram_a_noRF.root
 **********
 **    1 **SET PRINTOUT            1
 **********
 **********
 **    2 **SET NOWARNINGS 
 **********
 PARAMETER DEFINITIONS:
    NO.   NAME         VALUE      STEP SIZE      LIMITS
     1 N0           3.09796e+06  1.00000e+02     no limits
     2 tau          6.43838e+01  constant
     3 A0           3.49539e-01  1.00000e-04     no limits
     4 phi          4.11719e+00  1.00000e-02     no limits
     5 R           -6.25346e+01  constant
     6 alpha_CBO    0.00000e+00  1.00000e-03     no limits
     7 w_CBO        2.32500e+00  constant
     8 beta_CBO     0.00000e+00  1.00000e-03     no limits
     9 alpha_2CBO   0.00000e+00  1.00000e-03     no limits
    10 beta_2CBO    0.00000e+00  1.00000e-03     no limits
    11 alpha_y      0.00000e+00  1.00000e-03     no limits
    12 w_y          1.44500e+01  constant
    13 beta_y       0.00000e+00  1.00000e-03     no limits
    14 alpha_vw     0.00000e+00  1.00000e-03     no limits
    15 w_vw         1.29000e+01  constant
    16 beta_vw      0.00000e+00  1.00000e-03     no limits
    17 LM          -7.79046e-04  constant
    18 zeta_y       0.00000e+00  constant
    19 zeta_vw      0.00000e+00  constant
    20 T_CBO        1.00000e+02  1.00000e+00    0.00000e+00  1.00000e+03
    21 alpha_A0     0.00000e+00  1.00000e-03     no limits
    22 beta_A0      0.00000e+00  1.00000e-03     no limits
    23 alpha_phi    0.00000e+00  1.00000e-03     no limits
    24 beta_phi     0.00000e+00  1.00000e-03     no limits
MINUIT - FIT ONLY WIGGLE
 **********
 **    3 **FIX            5
 **********
 PARAMETER    5  IS CONSTANT.   IGNORED.
 **********
 **    4 **FIX            6
 **********
 **********
 **    5 **FIX            7
 **********
 PARAMETER    7  IS CONSTANT.   IGNORED.
 **********
 **    6 **FIX            8
 **********
 **********
 **    7 **FIX            9
 **********
 **********
 **    8 **FIX           10
 **********
 **********
 **    9 **FIX           11
 **********
 **********
 **   10 **FIX           12
 **********
 PARAMETER   12  IS CONSTANT.   IGNORED.
 **********
 **   11 **FIX           13
 **********
 **********
 **   12 **FIX           14
 **********
 **********
 **   13 **FIX           15
 **********
 PARAMETER   15  IS CONSTANT.   IGNORED.
 **********
 **   14 **FIX           16
 **********
 **********
 **   15 **MIGRAD
 **********
 FIRST CALL TO USER FUNCTION AT NEW START POINT, WITH IFLAG=4.
 START MIGRAD MINIMIZATION.  STRATEGY  1.  CONVERGENCE WHEN EDM .LT. 1.00e-04
 FCN=2300.8 FROM MIGRAD    STATUS=INITIATE      429 CALLS         430 TOTAL
                     EDM= unknown      STRATEGY= 1      NO ERROR MATRIX       
  EXT PARAMETER               CURRENT GUESS       STEP         FIRST   
  NO.   NAME      VALUE            ERROR          SIZE      DERIVATIVE 
   1  N0           3.09796e+06   1.00000e+02   0.00000e+00  -5.49201e-02
   2  tau          6.43838e+01   constant   
   3  A0           3.49539e-01   1.00000e-04   0.00000e+00  -3.10691e+05
   4  phi          4.11719e+00   1.00000e-02   0.00000e+00   1.64538e+05
   5  R           -6.25346e+01   constant   
   6  alpha_CBO    0.00000e+00     fixed    
   7  w_CBO        2.32500e+00   constant   
   8  beta_CBO     0.00000e+00     fixed    
   9  alpha_2CBO   0.00000e+00     fixed    
  10  beta_2CBO    0.00000e+00     fixed    
  11  alpha_y      0.00000e+00     fixed    
  12  w_y          1.44500e+01   constant   
  13  beta_y       0.00000e+00     fixed    
  14  alpha_vw     0.00000e+00     fixed    
  15  w_vw         1.29000e+01   constant   
  16  beta_vw      0.00000e+00     fixed    
  17  LM          -7.79046e-04   constant   
  18  zeta_y       0.00000e+00   constant   
  19  zeta_vw      0.00000e+00   constant   
  20  T_CBO        1.00000e+02   1.00000e+00   0.00000e+00   0.00000e+00
  21  alpha_A0     0.00000e+00   1.00000e-03   0.00000e+00   3.78084e+03
  22  beta_A0      0.00000e+00   1.00000e-03   0.00000e+00   5.38315e+04
  23  alpha_phi    0.00000e+00   1.00000e-03   0.00000e+00   2.71730e+04
  24  beta_phi     0.00000e+00   1.00000e-03   0.00000e+00   5.00328e+04
 CALL LIMIT EXCEEDED IN MIGRAD.
 MIGRAD TERMINATED WITHOUT CONVERGENCE.
 FCN=96.6569 FROM MIGRAD    STATUS=CALL LIMIT   1336 CALLS        1337 TOTAL
                     EDM=0.00653021    STRATEGY= 1  ERROR MATRIX UNCERTAINTY   1.0 per cent
  EXT PARAMETER                APPROXIMATE        STEP         FIRST   
  NO.   NAME      VALUE            ERROR          SIZE      DERIVATIVE 
   1  N0           3.11388e+06   6.68757e+02  -7.09660e+00  -6.00287e-05
   2  tau          6.43838e+01   constant   
   3  A0           3.56262e-01   2.19012e-04  -2.31113e-06  -1.71810e+02
   4  phi          4.10861e+00   4.45223e-04   6.19737e-06   1.57072e+02
   5  R           -6.25346e+01   constant   
   6  alpha_CBO    0.00000e+00     fixed    
   7  w_CBO        2.32500e+00   constant   
   8  beta_CBO     0.00000e+00     fixed    
   9  alpha_2CBO   0.00000e+00     fixed    
  10  beta_2CBO    0.00000e+00     fixed    
  11  alpha_y      0.00000e+00     fixed    
  12  w_y          1.44500e+01   constant   
  13  beta_y       0.00000e+00     fixed    
  14  alpha_vw     0.00000e+00     fixed    
  15  w_vw         1.29000e+01   constant   
  16  beta_vw      0.00000e+00     fixed    
  17  LM          -7.79046e-04   constant   
  18  zeta_y       0.00000e+00   constant   
  19  zeta_vw      0.00000e+00   constant   
  20  T_CBO        6.22714e+00   2.26642e+00  -3.71260e-04   4.71289e+00
  21  alpha_A0    -3.69558e-01   8.69617e-01  -2.56387e-02  -3.06206e-02
  22  beta_A0      6.84910e-01   1.54090e+00   4.51861e-02  -1.91466e-01
  23  alpha_phi   -2.92311e-01   5.90407e-01  -1.72142e-02  -1.89151e-01
  24  beta_phi    -3.07724e-01   6.92384e-01  -2.03781e-02  -1.87414e-01
 EXTERNAL ERROR MATRIX.    NDIM=  25    NPAR=  8    ERR DEF=1
  4.472e+05  1.130e-01  1.472e-01  4.371e+02  1.438e+02 -2.527e+02  9.598e+01  1.142e+02 
  1.130e-01  4.797e-08  3.931e-08  1.155e-04  3.994e-05 -7.022e-05  2.669e-05  3.177e-05 
  1.472e-01  3.931e-08  1.982e-07  8.596e-05  2.764e-05 -4.846e-05  1.816e-05  2.189e-05 
  4.371e+02  1.155e-04  8.596e-05  5.138e+00  1.936e+00 -3.430e+00  1.315e+00  1.541e+00 
  1.438e+02  3.994e-05  2.764e-05  1.936e+00  7.562e-01 -1.340e+00  5.134e-01  6.021e-01 
 -2.527e+02 -7.022e-05 -4.846e-05 -3.430e+00 -1.340e+00  2.374e+00 -9.098e-01 -1.067e+00 
  9.598e+01  2.669e-05  1.816e-05  1.315e+00  5.134e-01 -9.098e-01  3.486e-01  4.088e-01 
  1.142e+02  3.177e-05  2.189e-05  1.541e+00  6.021e-01 -1.067e+00  4.088e-01  4.794e-01 
ERR MATRIX APPROXIMATE
 PARAMETER  CORRELATION COEFFICIENTS  
       NO.  GLOBAL      1      3      4     20     21     22     23     24
        1  0.88366   1.000  0.772  0.494  0.288  0.247 -0.245  0.243  0.247
        3  0.81360   0.772  1.000  0.403  0.233  0.210 -0.208  0.206  0.209
        4  0.68522   0.494  0.403  1.000  0.085  0.071 -0.071  0.069  0.071
       20  0.98909   0.288  0.233  0.085  1.000  0.982 -0.982  0.982  0.982
       21  1.00000   0.247  0.210  0.071  0.982  1.000 -1.000  1.000  1.000
       22  1.00000  -0.245 -0.208 -0.071 -0.982 -1.000  1.000 -1.000 -1.000
       23  1.00000   0.243  0.206  0.069  0.982  1.000 -1.000  1.000  1.000
       24  1.00000   0.247  0.209  0.071  0.982  1.000 -1.000  1.000  1.000
 ERR MATRIX APPROXIMATE
MINUIT - FIT ONLY 1-CBO + wiggle
 **********
 **   16 **RES 
 **********
                   PARAMETER   16  beta_vw RESTORED TO VARIABLE.
                   PARAMETER   14  alpha_vw RESTORED TO VARIABLE.
                   PARAMETER   13  beta_y RESTORED TO VARIABLE.
                   PARAMETER   11  alpha_y RESTORED TO VARIABLE.
                   PARAMETER   10  beta_2CBO RESTORED TO VARIABLE.
                   PARAMETER    9  alpha_2CBO RESTORED TO VARIABLE.
                   PARAMETER    8  beta_CBO RESTORED TO VARIABLE.
                   PARAMETER    6  alpha_CBO RESTORED TO VARIABLE.
 **********
 **   17 **FIX            8
 **********
 **********
 **   18 **FIX            9
 **********
 **********
 **   19 **FIX           11
 **********
 **********
 **   20 **FIX           12
 **********
 PARAMETER   12  IS CONSTANT.   IGNORED.
 **********
 **   21 **FIX           14
 **********
 **********
 **   22 **FIX           15
 **********
 PARAMETER   15  IS CONSTANT.   IGNORED.
 **********
 **   23 **FIX           16
 **********
 **********
 **   24 **MIGRAD
 **********
 START MIGRAD MINIMIZATION.  STRATEGY  1.  CONVERGENCE WHEN EDM .LT. 1.00e-04
 FCN=96.6569 FROM MIGRAD    STATUS=INITIATE       28 CALLS        1365 TOTAL
                     EDM= unknown      STRATEGY= 1      NO ERROR MATRIX       
  EXT PARAMETER               CURRENT GUESS       STEP         FIRST   
  NO.   NAME      VALUE            ERROR          SIZE      DERIVATIVE 
   1  N0           3.11388e+06   6.68757e+02  -7.09660e+00  -6.00287e-05
   2  tau          6.43838e+01   constant   
   3  A0           3.56262e-01   2.19012e-04  -2.31113e-06  -1.71810e+02
   4  phi          4.10861e+00   4.45223e-04   6.19737e-06   1.57072e+02
   5  R           -6.25346e+01   constant   
   6  alpha_CBO    0.00000e+00   1.00000e-03   1.00000e-03  -2.95478e+03
   7  w_CBO        2.32500e+00   constant   
   8  beta_CBO     0.00000e+00     fixed    
   9  alpha_2CBO   0.00000e+00     fixed    
  10  beta_2CBO    0.00000e+00   1.00000e-03   1.00000e-03  -5.18051e+03
  11  alpha_y      0.00000e+00     fixed    
  12  w_y          1.44500e+01   constant   
  13  beta_y       0.00000e+00   1.00000e-03   1.00000e-03  -8.99204e+04
  14  alpha_vw     0.00000e+00     fixed    
  15  w_vw         1.29000e+01   constant   
  16  beta_vw      0.00000e+00     fixed    
  17  LM          -7.79046e-04   constant   
  18  zeta_y       0.00000e+00   constant   
  19  zeta_vw      0.00000e+00   constant   
  20  T_CBO        6.22714e+00   2.26642e+00  -3.71260e-04   4.71271e+00
  21  alpha_A0    -3.69558e-01   8.69617e-01  -2.56387e-02  -3.06206e-02
  22  beta_A0      6.84910e-01   1.54090e+00   4.51861e-02  -1.91466e-01
  23  alpha_phi   -2.92311e-01   5.90407e-01  -1.72142e-02  -1.89151e-01
  24  beta_phi    -3.07724e-01   6.92384e-01  -2.03781e-02  -1.87414e-01
 CALL LIMIT EXCEEDED IN MIGRAD.
 MIGRAD TERMINATED WITHOUT CONVERGENCE.
 FCN=7.8837 FROM MIGRAD    STATUS=CALL LIMIT   1907 CALLS        3244 TOTAL
                     EDM=0.00197772    STRATEGY= 1  ERROR MATRIX UNCERTAINTY  30.2 per cent
  EXT PARAMETER                APPROXIMATE        STEP         FIRST   
  NO.   NAME      VALUE            ERROR          SIZE      DERIVATIVE 
   1  N0           3.12618e+06   1.88178e+03  -1.30442e+01   4.54939e-05
   2  tau          6.43838e+01   constant   
   3  A0           3.63948e-01   1.88159e-03   7.40319e-06  -1.78014e+02
   4  phi          4.13969e+00   1.98929e-02   2.23751e-04  -1.04007e+01
   5  R           -6.25346e+01   constant   
   6  alpha_CBO    1.65868e-02   4.57474e-03   3.01993e-05   3.74835e+01
   7  w_CBO        2.32500e+00   constant   
   8  beta_CBO     0.00000e+00     fixed    
   9  alpha_2CBO   0.00000e+00     fixed    
  10  beta_2CBO   -4.80932e-03   2.03294e-03  -1.79961e-05   9.62598e+01
  11  alpha_y      0.00000e+00     fixed    
  12  w_y          1.44500e+01   constant   
  13  beta_y       1.68494e-03   1.75681e-04  -6.12577e-07   3.46670e+01
  14  alpha_vw     0.00000e+00     fixed    
  15  w_vw         1.29000e+01   constant   
  16  beta_vw      0.00000e+00     fixed    
  17  LM          -7.79046e-04   constant   
  18  zeta_y       0.00000e+00   constant   
  19  zeta_vw      0.00000e+00   constant   
  20  T_CBO        5.81962e+00   2.94469e-01  -6.24337e-05   1.01811e+02
  21  alpha_A0    -4.56946e+00   1.98121e+00  -1.74061e-02  -3.61279e-02
  22  beta_A0     -1.55647e+01   2.81178e+01  -3.99914e-01  -3.48112e-02
  23  alpha_phi    1.28577e+01   8.75129e+00  -1.43410e-01   1.48769e-02
  24  beta_phi     6.31948e+00   1.80743e+00  -3.43562e-02   3.56996e-02
 EXTERNAL ERROR MATRIX.    NDIM=  25    NPAR= 11    ERR DEF=1
  3.541e+06 
  2.271e+00  3.540e-06 
  1.219e+01  3.436e-05  3.957e-04 
  3.948e+00  8.342e-06  8.867e-05  2.093e-05 
 -8.259e-01 -3.318e-06 -3.904e-05 -8.906e-06  4.133e-06 
  9.062e-02  5.083e-08  2.122e-07  8.449e-08 -1.246e-08  3.086e-08 
 -8.403e+01 -4.192e-04 -5.484e-03 -1.147e-03  5.307e-04 -1.252e-06  8.671e-02 
 -7.132e+02 -3.132e-03 -3.788e-02 -8.507e-03  3.939e-03 -1.582e-05  5.419e-01  3.925e+00 
 -1.054e+04 -4.493e-02 -5.528e-01 -1.201e-01  5.490e-02 -1.113e-04  8.029e+00  5.385e+01  7.906e+02 
 -2.957e+03 -1.360e-02 -1.689e-01 -3.587e-02  1.625e-02 -6.092e-07  2.443e+00  1.580e+01  2.420e+02  7.659e+01 
  1.003e+03 -1.592e-03 -2.789e-02 -5.329e-03  2.925e-03  3.831e-05  4.682e-01  2.930e+00  4.365e+01  1.341e+01  3.267e+00 
ERR MATRIX APPROXIMATE
 PARAMETER  CORRELATION COEFFICIENTS  
       NO.  GLOBAL      1      3      4      6     10     13     20     21     22     23     24
        1  0.98745   1.000  0.641  0.326  0.459 -0.216  0.274 -0.152 -0.191 -0.199 -0.180  0.295
        3  0.99916   0.641  1.000  0.918  0.969 -0.868  0.154 -0.757 -0.840 -0.849 -0.826 -0.468
        4  0.99998   0.326  0.918  1.000  0.974 -0.965  0.061 -0.936 -0.961 -0.988 -0.970 -0.776
        6  0.99995   0.459  0.969  0.974  1.000 -0.958  0.105 -0.851 -0.939 -0.934 -0.896 -0.644
       10  0.99970  -0.216 -0.868 -0.965 -0.958  1.000 -0.035  0.887  0.978  0.960  0.913  0.796
       13  0.43197   0.274  0.154  0.061  0.105 -0.035  1.000 -0.024 -0.045 -0.023 -0.000  0.121
       20  0.99993  -0.152 -0.757 -0.936 -0.851  0.887 -0.024  1.000  0.929  0.970  0.948  0.880
       21  0.99907  -0.191 -0.840 -0.961 -0.939  0.978 -0.045  0.929  1.000  0.967  0.912  0.818
       22  0.99999  -0.199 -0.849 -0.988 -0.934  0.960 -0.023  0.970  0.967  1.000  0.983  0.859
       23  0.99997  -0.180 -0.826 -0.970 -0.896  0.913 -0.000  0.948  0.912  0.983  1.000  0.848
       24  0.99947   0.295 -0.468 -0.776 -0.644  0.796  0.121  0.880  0.818  0.859  0.848  1.000
 ERR MATRIX APPROXIMATE
MINUIT - FIT ONLY 2-CBO
 **********
 **   25 **RES 
 **********
                   PARAMETER   16  beta_vw RESTORED TO VARIABLE.
                   PARAMETER   14  alpha_vw RESTORED TO VARIABLE.
                   PARAMETER   11  alpha_y RESTORED TO VARIABLE.
                   PARAMETER    9  alpha_2CBO RESTORED TO VARIABLE.
                   PARAMETER    8  beta_CBO RESTORED TO VARIABLE.
 **********
 **   26 **FIX            0
 **********
 PARAMETER    0  IS UNDEFINED. IGNORED.
 **********
 **   27 **FIX            1
 **********
 **********
 **   28 **FIX            2
 **********
 PARAMETER    2  IS CONSTANT.   IGNORED.
 **********
 **   29 **FIX            3
 **********
 **********
 **   30 **FIX            4
 **********
 **********
 **   31 **FIX            5
 **********
 PARAMETER    5  IS CONSTANT.   IGNORED.
 **********
 **   32 **FIX            6
 **********
 **********
 **   33 **FIX            7
 **********
 PARAMETER    7  IS CONSTANT.   IGNORED.
 **********
 **   34 **FIX           10
 **********
 **********
 **   35 **FIX           11
 **********
 **********
 **   36 **FIX           12
 **********
 PARAMETER   12  IS CONSTANT.   IGNORED.
 **********
 **   37 **FIX           13
 **********
 **********
 **   38 **FIX           14
 **********
 **********
 **   39 **FIX           15
 **********
 PARAMETER   15  IS CONSTANT.   IGNORED.
 **********
 **   40 **FIX           16
 **********
 **********
 **   41 **MIGRAD
 **********
 START MIGRAD MINIMIZATION.  STRATEGY  1.  CONVERGENCE WHEN EDM .LT. 1.00e-04
 FCN=7.8837 FROM MIGRAD    STATUS=INITIATE       18 CALLS        3262 TOTAL
                     EDM= unknown      STRATEGY= 1      NO ERROR MATRIX       
  EXT PARAMETER               CURRENT GUESS       STEP         FIRST   
  NO.   NAME      VALUE            ERROR          SIZE      DERIVATIVE 
   1  N0           3.12618e+06     fixed    
   2  tau          6.43838e+01   constant   
   3  A0           3.63948e-01     fixed    
   4  phi          4.13969e+00     fixed    
   5  R           -6.25346e+01   constant   
   6  alpha_CBO    1.65868e-02     fixed    
   7  w_CBO        2.32500e+00   constant   
   8  beta_CBO     0.00000e+00   1.00000e-03   1.00000e-03   6.52130e+00
   9  alpha_2CBO   0.00000e+00   1.00000e-03   1.00000e-03  -6.49572e+02
  10  beta_2CBO   -4.80932e-03     fixed    
  11  alpha_y      0.00000e+00     fixed    
  12  w_y          1.44500e+01   constant   
  13  beta_y       1.68494e-03     fixed    
  14  alpha_vw     0.00000e+00     fixed    
  15  w_vw         1.29000e+01   constant   
  16  beta_vw      0.00000e+00     fixed    
  17  LM          -7.79046e-04   constant   
  18  zeta_y       0.00000e+00   constant   
  19  zeta_vw      0.00000e+00   constant   
  20  T_CBO        5.81962e+00   2.94469e-01  -6.24337e-05   1.01811e+02
  21  alpha_A0    -4.56946e+00   1.98121e+00  -1.74061e-02  -3.61279e-02
  22  beta_A0     -1.55647e+01   2.81178e+01  -3.99914e-01  -3.48112e-02
  23  alpha_phi    1.28577e+01   8.75129e+00  -1.43410e-01   1.48769e-02
  24  beta_phi     6.31948e+00   1.80743e+00  -3.43562e-02   3.56996e-02
 MIGRAD MINIMIZATION HAS CONVERGED.
 MIGRAD WILL VERIFY CONVERGENCE AND ERROR MATRIX.
 FCN=7.83878 FROM HESSE     STATUS=NOT POSDEF     50 CALLS        3426 TOTAL
                     EDM=0.000138386    STRATEGY= 1      ERR MATRIX NOT POS-DEF
  EXT PARAMETER                APPROXIMATE        STEP         FIRST   
  NO.   NAME      VALUE            ERROR          SIZE      DERIVATIVE 
   1  N0           3.12618e+06     fixed    
   2  tau          6.43838e+01   constant   
   3  A0           3.63948e-01     fixed    
   4  phi          4.13969e+00     fixed    
   5  R           -6.25346e+01   constant   
   6  alpha_CBO    1.65868e-02     fixed    
   7  w_CBO        2.32500e+00   constant   
   8  beta_CBO     8.14090e-05   4.96054e-04   2.50079e-07   5.66825e-01
   9  alpha_2CBO   1.46223e-04   6.54644e-04   2.43230e-07  -5.46083e-02
  10  beta_2CBO   -4.80932e-03     fixed    
  11  alpha_y      0.00000e+00     fixed    
  12  w_y          1.44500e+01   constant   
  13  beta_y       1.68494e-03     fixed    
  14  alpha_vw     0.00000e+00     fixed    
  15  w_vw         1.29000e+01   constant   
  16  beta_vw      0.00000e+00     fixed    
  17  LM          -7.79046e-04   constant   
  18  zeta_y       0.00000e+00   constant   
  19  zeta_vw      0.00000e+00   constant   
  20  T_CBO        5.82225e+00   2.88796e-01   6.76174e-07  -3.05760e+00
  21  alpha_A0    -4.23578e+00   2.14052e+00   6.90959e-04  -6.07120e-04
  22  beta_A0     -1.56130e+01   5.39809e+00   9.50440e-04  -9.91282e-04
  23  alpha_phi    1.28726e+01   4.37684e+00   8.10588e-04   9.95980e-04
  24  beta_phi     6.63551e+00   2.76949e+00   6.70464e-04   6.61134e-04
 CALL LIMIT EXCEEDED IN MIGRAD.
 MIGRAD TERMINATED WITHOUT CONVERGENCE.
 FCN=7.78578 FROM MIGRAD    STATUS=CALL LIMIT   1145 CALLS        4389 TOTAL
                     EDM=0.000955852    STRATEGY= 1      ERR MATRIX NOT POS-DEF
  EXT PARAMETER                APPROXIMATE        STEP         FIRST   
  NO.   NAME      VALUE            ERROR          SIZE      DERIVATIVE 
   1  N0           3.12618e+06     fixed    
   2  tau          6.43838e+01   constant   
   3  A0           3.63948e-01     fixed    
   4  phi          4.13969e+00     fixed    
   5  R           -6.25346e+01   constant   
   6  alpha_CBO    1.65868e-02     fixed    
   7  w_CBO        2.32500e+00   constant   
   8  beta_CBO     2.99924e-05   4.10346e-04   4.43627e-07   1.18878e-01
   9  alpha_2CBO   2.52608e-04   5.09137e-04   5.54391e-07   1.09013e+02
  10  beta_2CBO   -4.80932e-03     fixed    
  11  alpha_y      0.00000e+00     fixed    
  12  w_y          1.44500e+01   constant   
  13  beta_y       1.68494e-03     fixed    
  14  alpha_vw     0.00000e+00     fixed    
  15  w_vw         1.29000e+01   constant   
  16  beta_vw      0.00000e+00     fixed    
  17  LM          -7.79046e-04   constant   
  18  zeta_y       0.00000e+00   constant   
  19  zeta_vw      0.00000e+00   constant   
  20  T_CBO        6.60187e+00   1.13196e+00   3.41240e-04  -1.33488e+02
  21  alpha_A0    -1.83058e+00   2.11380e+00   4.39448e-02   1.34489e-02
  22  beta_A0     -6.97326e+00   7.41989e+00   1.88730e-01   9.92181e-02
  23  alpha_phi    5.76507e+00   6.07364e+00  -1.48329e-01  -1.52771e-01
  24  beta_phi     2.99777e+00   3.19098e+00  -7.40088e-02  -4.59951e-02
 EXTERNAL ERROR MATRIX.    NDIM=  25    NPAR=  7    ERR DEF=1
  1.684e-07  1.177e-07 -5.963e-05  5.696e-05 -3.080e-04  3.882e-04  4.413e-04 
  1.177e-07  2.592e-07  1.346e-04  5.598e-04  7.970e-04 -6.987e-04 -7.026e-05 
 -5.963e-05  1.346e-04  1.281e+00  2.261e+00  8.379e+00 -6.866e+00 -3.507e+00 
  5.696e-05  5.598e-04  2.261e+00  4.468e+00  1.467e+01 -1.209e+01 -5.791e+00 
 -3.080e-04  7.970e-04  8.379e+00  1.467e+01  5.505e+01 -4.480e+01 -2.286e+01 
  3.882e-04 -6.987e-04 -6.866e+00 -1.209e+01 -4.480e+01  3.689e+01  1.891e+01 
  4.413e-04 -7.026e-05 -3.507e+00 -5.791e+00 -2.286e+01  1.891e+01  1.018e+01 
ERR MATRIX NOT POS-DEF
 PARAMETER  CORRELATION COEFFICIENTS  
       NO.  GLOBAL      8      9     20     21     22     23     24
        8  0.92470   1.000  0.563 -0.128  0.066 -0.101  0.156  0.337
        9  0.96406   0.563  1.000  0.234  0.520  0.211 -0.226 -0.043
       20  0.99980  -0.128  0.234  1.000  0.945  0.998 -0.999 -0.971
       21  0.99389   0.066  0.520  0.945  1.000  0.935 -0.941 -0.858
       22  0.99939  -0.101  0.211  0.998  0.935  1.000 -0.994 -0.965
       23  0.99928   0.156 -0.226 -0.999 -0.941 -0.994  1.000  0.976
       24  0.99737   0.337 -0.043 -0.971 -0.858 -0.965  0.976  1.000
 ERR MATRIX NOT POS-DEF
MINUIT - FIT wiggle + 1-CBO + 2-CBO
 **********
 **   42 **RES 
 **********
                   PARAMETER   16  beta_vw RESTORED TO VARIABLE.
                   PARAMETER   14  alpha_vw RESTORED TO VARIABLE.
                   PARAMETER   13  beta_y RESTORED TO VARIABLE.
                   PARAMETER   11  alpha_y RESTORED TO VARIABLE.
                   PARAMETER   10  beta_2CBO RESTORED TO VARIABLE.
                   PARAMETER    6  alpha_CBO RESTORED TO VARIABLE.
                   PARAMETER    4  phi RESTORED TO VARIABLE.
                   PARAMETER    3  A0 RESTORED TO VARIABLE.
                   PARAMETER    1  N0 RESTORED TO VARIABLE.
 **********
 **   43 **FIX           10
 **********
 **********
 **   44 **FIX           11
 **********
 **********
 **   45 **FIX           12
 **********
 PARAMETER   12  IS CONSTANT.   IGNORED.
 **********
 **   46 **FIX           13
 **********
 **********
 **   47 **FIX           14
 **********
 **********
 **   48 **FIX           15
 **********
 PARAMETER   15  IS CONSTANT.   IGNORED.
 **********
 **   49 **FIX           16
 **********
 **********
 **   50 **MIGRAD
 **********
 START MIGRAD MINIMIZATION.  STRATEGY  1.  CONVERGENCE WHEN EDM .LT. 1.00e-04
 FCN=7.78578 FROM MIGRAD    STATUS=INITIATE       22 CALLS        4411 TOTAL
                     EDM= unknown      STRATEGY= 1      NO ERROR MATRIX       
  EXT PARAMETER               CURRENT GUESS       STEP         FIRST   
  NO.   NAME      VALUE            ERROR          SIZE      DERIVATIVE 
   1  N0           3.12618e+06   1.88178e+03   1.88178e+03   2.20479e-05
   2  tau          6.43838e+01   constant   
   3  A0           3.63948e-01   1.88159e-03   1.88159e-03   9.28407e+01
   4  phi          4.13969e+00   1.98929e-02   1.98929e-02  -1.65254e+01
   5  R           -6.25346e+01   constant   
   6  alpha_CBO    1.65868e-02   4.57474e-03   4.57474e-03  -2.72407e+02
   7  w_CBO        2.32500e+00   constant   
   8  beta_CBO     2.99924e-05   4.10346e-04   4.43627e-07   1.18871e-01
   9  alpha_2CBO   2.52608e-04   5.09137e-04   5.54391e-07   1.09013e+02
  10  beta_2CBO   -4.80932e-03     fixed    
  11  alpha_y      0.00000e+00     fixed    
  12  w_y          1.44500e+01   constant   
  13  beta_y       1.68494e-03     fixed    
  14  alpha_vw     0.00000e+00     fixed    
  15  w_vw         1.29000e+01   constant   
  16  beta_vw      0.00000e+00     fixed    
  17  LM          -7.79046e-04   constant   
  18  zeta_y       0.00000e+00   constant   
  19  zeta_vw      0.00000e+00   constant   
  20  T_CBO        6.60187e+00   1.13196e+00   3.41240e-04  -1.33488e+02
  21  alpha_A0    -1.83058e+00   2.11380e+00   4.39448e-02   1.34489e-02
  22  beta_A0     -6.97326e+00   7.41989e+00   1.88730e-01   9.92181e-02
  23  alpha_phi    5.76507e+00   6.07364e+00  -1.48329e-01  -1.52771e-01
  24  beta_phi     2.99777e+00   3.19098e+00  -7.40088e-02  -4.59951e-02
 MIGRAD MINIMIZATION HAS CONVERGED.
 FCN=5.8133 FROM MIGRAD    STATUS=CONVERGED    1908 CALLS        6297 TOTAL
                     EDM=6.3149e-06    STRATEGY= 1  ERROR MATRIX UNCERTAINTY   0.8 per cent
  EXT PARAMETER                                   STEP         FIRST   
  NO.   NAME      VALUE            ERROR          SIZE      DERIVATIVE 
   1  N0           3.10112e+06   1.33430e+04   1.15497e+01   6.96620e-06
   2  tau          6.43838e+01   constant   
   3  A0           3.51840e-01   6.31177e-03   7.25036e-06  -2.25348e+01
   4  phi          4.13314e+00   3.02636e-02   3.90984e-05   3.08321e+00
   5  R           -6.25346e+01   constant   
   6  alpha_CBO    2.40582e-02   9.85015e-03   1.55199e-05  -4.41052e+00
   7  w_CBO        2.32500e+00   constant   
   8  beta_CBO     2.40271e-02   1.12831e-02   7.72108e-06  -9.08619e+00
   9  alpha_2CBO   1.11521e-02   6.10869e-03   7.81948e-06  -1.43862e+01
  10  beta_2CBO   -4.80932e-03     fixed    
  11  alpha_y      0.00000e+00     fixed    
  12  w_y          1.44500e+01   constant   
  13  beta_y       1.68494e-03     fixed    
  14  alpha_vw     0.00000e+00     fixed    
  15  w_vw         1.29000e+01   constant   
  16  beta_vw      0.00000e+00     fixed    
  17  LM          -7.79046e-04   constant   
  18  zeta_y       0.00000e+00   constant   
  19  zeta_vw      0.00000e+00   constant   
  20  T_CBO        7.16578e+00   6.69306e-02   9.44792e-08   2.28683e+01
  21  alpha_A0     4.99800e+00   3.46674e+00   4.49767e-03   1.86616e-02
  22  beta_A0      3.18086e+00   9.43371e+00  -5.65215e-03  -5.23317e-03
  23  alpha_phi    1.75320e+01   1.04814e+01  -2.15858e-04   6.14817e-03
  24  beta_phi     1.60959e+01   7.68842e+00   9.13517e-03   1.08554e-02
 EXTERNAL ERROR MATRIX.    NDIM=  25    NPAR= 11    ERR DEF=1
  1.780e+08 
  7.523e+01  3.984e-05 
  4.780e+01  9.632e-05  9.159e-04 
  2.958e+01  1.484e-05  1.576e-04  9.703e-05 
 -6.881e+01 -3.477e-05  5.868e-05  8.083e-05  1.273e-04 
 -9.073e+00 -5.620e-06  6.046e-05  5.541e-05  6.395e-05  3.732e-05 
 -7.336e+02 -3.538e-04 -2.158e-04  1.601e-04  6.172e-04  2.328e-04  4.480e-03 
 -1.841e+03 -2.941e-03  2.374e-02  3.115e-02  3.532e-02  2.096e-02  1.221e-01  1.202e+01 
 -2.621e+03 -2.768e-02 -2.424e-01 -1.986e-04  2.803e-02  1.103e-02  1.860e-01  9.924e+00  8.899e+01 
  1.000e+03 -2.614e-02 -1.905e-01  3.694e-02  6.416e-02  3.392e-02  2.874e-01  2.278e+01  9.203e+01  1.099e+02 
 -9.945e+03 -8.446e-03  5.660e-02  6.870e-02  8.058e-02  4.668e-02  2.942e-01  2.653e+01  2.052e+01  4.897e+01  5.911e+01 
 PARAMETER  CORRELATION COEFFICIENTS  
       NO.  GLOBAL      1      3      4      6      8      9     20     21     22     23     24
        1  0.99971   1.000  0.893  0.118  0.225 -0.457 -0.111 -0.821 -0.040 -0.021  0.007 -0.097
        3  0.99984   0.893  1.000  0.504  0.239 -0.488 -0.146 -0.838 -0.134 -0.465 -0.395 -0.174
        4  0.99996   0.118  0.504  1.000  0.529  0.172  0.327 -0.107  0.226 -0.849 -0.601  0.243
        6  0.99990   0.225  0.239  0.529  1.000  0.727  0.921  0.243  0.912 -0.002  0.358  0.907
        8  0.99995  -0.457 -0.488  0.172  0.727  1.000  0.928  0.817  0.903  0.263  0.542  0.929
        9  0.99973  -0.111 -0.146  0.327  0.921  0.928  1.000  0.569  0.990  0.191  0.530  0.994
       20  0.99410  -0.821 -0.838 -0.107  0.243  0.817  0.569  1.000  0.526  0.295  0.410  0.572
       21  0.99942  -0.040 -0.134  0.226  0.912  0.903  0.990  0.526  1.000  0.303  0.627  0.995
       22  0.99982  -0.021 -0.465 -0.849 -0.002  0.263  0.191  0.295  0.303  1.000  0.931  0.283
       23  0.99994   0.007 -0.395 -0.601  0.358  0.542  0.530  0.410  0.627  0.931  1.000  0.608
       24  0.99991  -0.097 -0.174  0.243  0.907  0.929  0.994  0.572  0.995  0.283  0.608  1.000
MINUIT - FIT ONLY 1-y
 **********
 **   51 **RES 
 **********
                   PARAMETER   16  beta_vw RESTORED TO VARIABLE.
                   PARAMETER   14  alpha_vw RESTORED TO VARIABLE.
                   PARAMETER   13  beta_y RESTORED TO VARIABLE.
                   PARAMETER   11  alpha_y RESTORED TO VARIABLE.
                   PARAMETER   10  beta_2CBO RESTORED TO VARIABLE.
 **********
 **   52 **FIX            0
 **********
 PARAMETER    0  IS UNDEFINED. IGNORED.
 **********
 **   53 **FIX            1
 **********
 **********
 **   54 **FIX            2
 **********
 PARAMETER    2  IS CONSTANT.   IGNORED.
 **********
 **   55 **FIX            3
 **********
 **********
 **   56 **FIX            4
 **********
 **********
 **   57 **FIX            5
 **********
 PARAMETER    5  IS CONSTANT.   IGNORED.
 **********
 **   58 **FIX            6
 **********
 **********
 **   59 **FIX            7
 **********
 PARAMETER    7  IS CONSTANT.   IGNORED.
 **********
 **   60 **FIX            8
 **********
 **********
 **   61 **FIX            9
 **********
 **********
 **   62 **FIX           13
 **********
 **********
 **   63 **FIX           14
 **********
 **********
 **   64 **FIX           15
 **********
 PARAMETER   15  IS CONSTANT.   IGNORED.
 **********
 **   65 **FIX           16
 **********
 **********
 **   66 **MIGRAD
 **********
 START MIGRAD MINIMIZATION.  STRATEGY  1.  CONVERGENCE WHEN EDM .LT. 1.00e-04
 FCN=5.8133 FROM MIGRAD    STATUS=INITIATE       16 CALLS        6313 TOTAL
                     EDM= unknown      STRATEGY= 1      NO ERROR MATRIX       
  EXT PARAMETER               CURRENT GUESS       STEP         FIRST   
  NO.   NAME      VALUE            ERROR          SIZE      DERIVATIVE 
   1  N0           3.10112e+06     fixed    
   2  tau          6.43838e+01   constant   
   3  A0           3.51840e-01     fixed    
   4  phi          4.13314e+00     fixed    
   5  R           -6.25346e+01   constant   
   6  alpha_CBO    2.40582e-02     fixed    
   7  w_CBO        2.32500e+00   constant   
   8  beta_CBO     2.40271e-02     fixed    
   9  alpha_2CBO   1.11521e-02     fixed    
  10  beta_2CBO   -4.80932e-03   2.03294e-03   2.03294e-03   2.72204e+02
  11  alpha_y      0.00000e+00   1.00000e-03   1.00000e-03   5.31110e+03
  12  w_y          1.44500e+01   constant   
  13  beta_y       1.68494e-03     fixed    
  14  alpha_vw     0.00000e+00     fixed    
  15  w_vw         1.29000e+01   constant   
  16  beta_vw      0.00000e+00     fixed    
  17  LM          -7.79046e-04   constant   
  18  zeta_y       0.00000e+00   constant   
  19  zeta_vw      0.00000e+00   constant   
  20  T_CBO        7.16578e+00   6.69306e-02   9.44792e-08   2.28683e+01
  21  alpha_A0     4.99800e+00   3.46674e+00   4.49767e-03   1.86617e-02
  22  beta_A0      3.18086e+00   9.43371e+00  -5.65215e-03  -5.23317e-03
  23  alpha_phi    1.75320e+01   1.04814e+01  -2.15858e-04   6.14817e-03
  24  beta_phi     1.60959e+01   7.68842e+00   9.13517e-03   1.08554e-02
 MIGRAD MINIMIZATION HAS CONVERGED.
 MIGRAD WILL VERIFY CONVERGENCE AND ERROR MATRIX.
 FCN=5.57303 FROM MIGRAD    STATUS=CONVERGED     145 CALLS        6442 TOTAL
                     EDM=2.20202e-05    STRATEGY= 1      ERR MATRIX NOT POS-DEF
  EXT PARAMETER                APPROXIMATE        STEP         FIRST   
  NO.   NAME      VALUE            ERROR          SIZE      DERIVATIVE 
   1  N0           3.10112e+06     fixed    
   2  tau          6.43838e+01   constant   
   3  A0           3.51840e-01     fixed    
   4  phi          4.13314e+00     fixed    
   5  R           -6.25346e+01   constant   
   6  alpha_CBO    2.40582e-02     fixed    
   7  w_CBO        2.32500e+00   constant   
   8  beta_CBO     2.40271e-02     fixed    
   9  alpha_2CBO   1.11521e-02     fixed    
  10  beta_2CBO   -4.83742e-03   2.73947e-04   2.26078e-07  -1.49925e+00
  11  alpha_y     -8.90746e-05   1.81945e-04   2.25848e-07  -1.96568e+00
  12  w_y          1.44500e+01   constant   
  13  beta_y       1.68494e-03     fixed    
  14  alpha_vw     0.00000e+00     fixed    
  15  w_vw         1.29000e+01   constant   
  16  beta_vw      0.00000e+00     fixed    
  17  LM          -7.79046e-04   constant   
  18  zeta_y       0.00000e+00   constant   
  19  zeta_vw      0.00000e+00   constant   
  20  T_CBO        7.16578e+00   1.19061e-01   6.68188e-07   4.61285e+00
  21  alpha_A0     4.99316e+00   4.99191e-01   1.75875e-04   1.10110e-02
  22  beta_A0      3.16377e+00   3.79422e-01   2.29450e-04  -1.83707e-03
  23  alpha_phi    1.75407e+01   1.64231e+00   1.97351e-04  -2.53644e-03
  24  beta_phi     1.60920e+01   1.48980e+00   1.69580e-04  -3.12070e-04
 EXTERNAL ERROR MATRIX.    NDIM=  25    NPAR=  7    ERR DEF=1
  7.505e-08  6.667e-09  2.504e-06  1.414e-06  3.236e-05 -5.915e-05 -1.996e-05 
  6.667e-09  3.310e-08  4.052e-08  1.028e-06  4.303e-06 -2.569e-06  3.219e-07 
  2.504e-06  4.052e-08  1.418e-02 -5.667e-02 -3.494e-02 -1.943e-01 -1.765e-01 
  1.414e-06  1.028e-06 -5.667e-02  2.492e-01  1.402e-01  7.709e-01  7.094e-01 
  3.236e-05  4.303e-06 -3.494e-02  1.402e-01  1.440e-01  4.735e-01  4.457e-01 
 -5.915e-05 -2.569e-06 -1.943e-01  7.709e-01  4.735e-01  2.697e+00  2.418e+00 
 -1.996e-05  3.219e-07 -1.765e-01  7.094e-01  4.457e-01  2.418e+00  2.220e+00 
ERR MATRIX NOT POS-DEF
 PARAMETER  CORRELATION COEFFICIENTS  
       NO.  GLOBAL     10     11     20     21     22     23     24
       10  0.75260   1.000  0.134  0.077  0.010  0.311 -0.131 -0.049
       11  0.13796   0.134  1.000  0.002  0.011  0.062 -0.009  0.001
       20  0.99761   0.077  0.002  1.000 -0.954 -0.773 -0.994 -0.995
       21  0.95967   0.010  0.011 -0.954  1.000  0.740  0.940  0.954
       22  0.87589   0.311  0.062 -0.773  0.740  1.000  0.760  0.788
       23  0.99539  -0.131 -0.009 -0.994  0.940  0.760  1.000  0.988
       24  0.99587  -0.049  0.001 -0.995  0.954  0.788  0.988  1.000
 ERR MATRIX NOT POS-DEF
MINUIT - FIT ONLY 2-y
 **********
 **   67 **RES 
 **********
                   PARAMETER   16  beta_vw RESTORED TO VARIABLE.
                   PARAMETER   14  alpha_vw RESTORED TO VARIABLE.
                   PARAMETER   13  beta_y RESTORED TO VARIABLE.
                   PARAMETER    9  alpha_2CBO RESTORED TO VARIABLE.
                   PARAMETER    8  beta_CBO RESTORED TO VARIABLE.
                   PARAMETER    6  alpha_CBO RESTORED TO VARIABLE.
                   PARAMETER    4  phi RESTORED TO VARIABLE.
                   PARAMETER    3  A0 RESTORED TO VARIABLE.
                   PARAMETER    1  N0 RESTORED TO VARIABLE.
 **********
 **   68 **FIX            0
 **********
 PARAMETER    0  IS UNDEFINED. IGNORED.
 **********
 **   69 **FIX            1
 **********
 **********
 **   70 **FIX            2
 **********
 PARAMETER    2  IS CONSTANT.   IGNORED.
 **********
 **   71 **FIX            3
 **********
 **********
 **   72 **FIX            4
 **********
 **********
 **   73 **FIX            5
 **********
 PARAMETER    5  IS CONSTANT.   IGNORED.
 **********
 **   74 **FIX            6
 **********
 **********
 **   75 **FIX            7
 **********
 PARAMETER    7  IS CONSTANT.   IGNORED.
 **********
 **   76 **FIX            8
 **********
 **********
 **   77 **FIX            9
 **********
 **********
 **   78 **FIX           10
 **********
 **********
 **   79 **FIX           11
 **********
 **********
 **   80 **FIX           12
 **********
 PARAMETER   12  IS CONSTANT.   IGNORED.
 **********
 **   81 **FIX           16
 **********
 **********
 **   82 **MIGRAD
 **********
 START MIGRAD MINIMIZATION.  STRATEGY  1.  CONVERGENCE WHEN EDM .LT. 1.00e-04
 FCN=5.57303 FROM MIGRAD    STATUS=INITIATE       16 CALLS        6458 TOTAL
                     EDM= unknown      STRATEGY= 1      NO ERROR MATRIX       
  EXT PARAMETER               CURRENT GUESS       STEP         FIRST   
  NO.   NAME      VALUE            ERROR          SIZE      DERIVATIVE 
   1  N0           3.10112e+06     fixed    
   2  tau          6.43838e+01   constant   
   3  A0           3.51840e-01     fixed    
   4  phi          4.13314e+00     fixed    
   5  R           -6.25346e+01   constant   
   6  alpha_CBO    2.40582e-02     fixed    
   7  w_CBO        2.32500e+00   constant   
   8  beta_CBO     2.40271e-02     fixed    
   9  alpha_2CBO   1.11521e-02     fixed    
  10  beta_2CBO   -4.83742e-03     fixed    
  11  alpha_y     -8.90746e-05     fixed    
  12  w_y          1.44500e+01   constant   
  13  beta_y       1.68494e-03   1.75681e-04   1.75681e-04  -1.87813e+03
  14  alpha_vw     0.00000e+00   1.00000e-03   1.00000e-03   1.86947e+03
  15  w_vw         1.29000e+01   constant   
  16  beta_vw      0.00000e+00     fixed    
  17  LM          -7.79046e-04   constant   
  18  zeta_y       0.00000e+00   constant   
  19  zeta_vw      0.00000e+00   constant   
  20  T_CBO        7.16578e+00   1.19061e-01   6.68188e-07   4.61460e+00
  21  alpha_A0     4.99316e+00   4.99191e-01   1.75875e-04   1.10112e-02
  22  beta_A0      3.16377e+00   3.79422e-01   2.29450e-04  -1.83703e-03
  23  alpha_phi    1.75407e+01   1.64231e+00   1.97351e-04  -2.53644e-03
  24  beta_phi     1.60920e+01   1.48980e+00   1.69580e-04  -3.12052e-04
 MIGRAD MINIMIZATION HAS CONVERGED.
 MIGRAD WILL VERIFY CONVERGENCE AND ERROR MATRIX.
 FCN=5.52925 FROM MIGRAD    STATUS=CONVERGED     114 CALLS        6556 TOTAL
                     EDM=1.37653e-05    STRATEGY= 1      ERR MATRIX NOT POS-DEF
  EXT PARAMETER                APPROXIMATE        STEP         FIRST   
  NO.   NAME      VALUE            ERROR          SIZE      DERIVATIVE 
   1  N0           3.10112e+06     fixed    
   2  tau          6.43838e+01   constant   
   3  A0           3.51840e-01     fixed    
   4  phi          4.13314e+00     fixed    
   5  R           -6.25346e+01   constant   
   6  alpha_CBO    2.40582e-02     fixed    
   7  w_CBO        2.32500e+00   constant   
   8  beta_CBO     2.40271e-02     fixed    
   9  alpha_2CBO   1.11521e-02     fixed    
  10  beta_2CBO   -4.83742e-03     fixed    
  11  alpha_y     -8.90746e-05     fixed    
  12  w_y          1.44500e+01   constant   
  13  beta_y       1.70837e-03   1.72243e-04   2.09398e-07  -1.16260e+01
  14  alpha_vw    -2.32751e-05   1.71052e-04   2.10828e-07  -1.15203e+01
  15  w_vw         1.29000e+01   constant   
  16  beta_vw      0.00000e+00     fixed    
  17  LM          -7.79046e-04   constant   
  18  zeta_y       0.00000e+00   constant   
