 + ++++++++++++++++++++++++++++++++++++++++++++++++++++++++++++++++++++ +
 +                                                                      +
 +           You have chose to blind your fitting according to          +
 +                omega_ref * (1 + (R +/- deltaR) *10^{-6})             +
 +                                                                      +
 + ++++++++++++++++++++++++++++++++++++++++++++++++++++++++++++++++++++ +
In main()...
reading format from /gm2data/zkhechad/run45/envelope/formats/formatB_sBin_constraintOn.txt
pBinTau 	= 0  
pBinPhi 	= 0  
constraintau 	= 1 
includeMopTerm 	= 0    
constrainMop    = 0   
Parameters after format file: pBinTau 0 pBinPhi 0 constraintau 1 includeMopTerm 0 constrainMop 0 c_e_scale 0.000000 
Opening file /gm2data/tbarrett/gm2fr/studies/run23_bunch_corrections/CorrectedFourier_Run3b.root.
reading full fit data from /gm2data/zkhechad/cboTemplates/Run4CBOTemplates/fullFits/noRF/sBin_constraintOn_cE0.0_seed0_noRF_calo7.root
windowBins = 69
fitting sliding window 2450 from bin 2586 at 385.682000 to bin 2655 at 396.126000 (69 bins)

Reading data from /gm2data/cornell/histograms/aMethod/histogram_a_noRF.root
 **********
 **    1 **SET PRINTOUT            1
 **********
 **********
 **    2 **SET NOWARNINGS 
 **********
 PARAMETER DEFINITIONS:
    NO.   NAME         VALUE      STEP SIZE      LIMITS
     1 N0           3.03443e+06  1.00000e+02     no limits
     2 tau          6.44117e+01  constant
     3 A0           3.50188e-01  1.00000e-04     no limits
     4 phi          4.11726e+00  1.00000e-02     no limits
     5 R           -6.15857e+01  constant
     6 alpha_CBO    0.00000e+00  1.00000e-03     no limits
     7 w_CBO        2.32500e+00  constant
     8 beta_CBO     0.00000e+00  1.00000e-03     no limits
     9 alpha_2CBO   0.00000e+00  1.00000e-03     no limits
    10 beta_2CBO    0.00000e+00  1.00000e-03     no limits
    11 alpha_y      0.00000e+00  1.00000e-03     no limits
    12 w_y          1.38860e+01  constant
    13 beta_y       0.00000e+00  1.00000e-03     no limits
    14 alpha_vw     0.00000e+00  1.00000e-03     no limits
    15 w_vw         1.43404e+01  constant
    16 beta_vw      0.00000e+00  1.00000e-03     no limits
    17 LM           1.09700e-04  constant
    18 zeta_y       0.00000e+00  constant
    19 zeta_vw      0.00000e+00  constant
    20 T_CBO        1.00000e+02  1.00000e+00    0.00000e+00  1.00000e+03
    21 alpha_A0     0.00000e+00  1.00000e-03     no limits
    22 beta_A0      0.00000e+00  1.00000e-03     no limits
    23 alpha_phi    0.00000e+00  1.00000e-03     no limits
    24 beta_phi     0.00000e+00  1.00000e-03     no limits
MINUIT - FIT ONLY WIGGLE
 **********
 **    3 **FIX            5
 **********
 PARAMETER    5  IS CONSTANT.   IGNORED.
 **********
 **    4 **FIX            6
 **********
 **********
 **    5 **FIX            7
 **********
 PARAMETER    7  IS CONSTANT.   IGNORED.
 **********
 **    6 **FIX            8
 **********
 **********
 **    7 **FIX            9
 **********
 **********
 **    8 **FIX           10
 **********
 **********
 **    9 **FIX           11
 **********
 **********
 **   10 **FIX           12
 **********
 PARAMETER   12  IS CONSTANT.   IGNORED.
 **********
 **   11 **FIX           13
 **********
 **********
 **   12 **FIX           14
 **********
 **********
 **   13 **FIX           15
 **********
 PARAMETER   15  IS CONSTANT.   IGNORED.
 **********
 **   14 **FIX           16
 **********
 **********
 **   15 **MIGRAD
 **********
 FIRST CALL TO USER FUNCTION AT NEW START POINT, WITH IFLAG=4.
 START MIGRAD MINIMIZATION.  STRATEGY  1.  CONVERGENCE WHEN EDM .LT. 1.00e-04
 FCN=91.3453 FROM MIGRAD    STATUS=INITIATE      437 CALLS         438 TOTAL
                     EDM= unknown      STRATEGY= 1      NO ERROR MATRIX       
  EXT PARAMETER               CURRENT GUESS       STEP         FIRST   
  NO.   NAME      VALUE            ERROR          SIZE      DERIVATIVE 
   1  N0           3.03443e+06   1.00000e+02   0.00000e+00  -1.65141e-04
   2  tau          6.44117e+01   constant   
   3  A0           3.50188e-01   1.00000e-04   0.00000e+00  -1.23026e+03
   4  phi          4.11726e+00   1.00000e-02   0.00000e+00   1.27245e+03
   5  R           -6.15857e+01   constant   
   6  alpha_CBO    0.00000e+00     fixed    
   7  w_CBO        2.32500e+00   constant   
   8  beta_CBO     0.00000e+00     fixed    
   9  alpha_2CBO   0.00000e+00     fixed    
  10  beta_2CBO    0.00000e+00     fixed    
  11  alpha_y      0.00000e+00     fixed    
  12  w_y          1.38860e+01   constant   
  13  beta_y       0.00000e+00     fixed    
  14  alpha_vw     0.00000e+00     fixed    
  15  w_vw         1.43404e+01   constant   
  16  beta_vw      0.00000e+00     fixed    
  17  LM           1.09700e-04   constant   
  18  zeta_y       0.00000e+00   constant   
  19  zeta_vw      0.00000e+00   constant   
  20  T_CBO        1.00000e+02   1.00000e+00   0.00000e+00   0.00000e+00
  21  alpha_A0     0.00000e+00   1.00000e-03   0.00000e+00  -1.15514e+01
  22  beta_A0      0.00000e+00   1.00000e-03   0.00000e+00   1.57091e+00
  23  alpha_phi    0.00000e+00   1.00000e-03   0.00000e+00  -2.45795e+00
  24  beta_phi     0.00000e+00   1.00000e-03   0.00000e+00  -2.00660e+01
 CALL LIMIT EXCEEDED IN MIGRAD.
 MIGRAD TERMINATED WITHOUT CONVERGENCE.
 FCN=76.2526 FROM MIGRAD    STATUS=CALL LIMIT   1331 CALLS        1332 TOTAL
                     EDM=0.00271626    STRATEGY= 1  ERROR MATRIX UNCERTAINTY   0.9 per cent
  EXT PARAMETER                APPROXIMATE        STEP         FIRST   
  NO.   NAME      VALUE            ERROR          SIZE      DERIVATIVE 
   1  N0           3.03341e+06   2.66959e+03   7.62243e+00  -7.52672e-06
   2  tau          6.44117e+01   constant   
   3  A0           3.51067e-01   1.26221e-03   2.20707e-05  -4.18298e+00
   4  phi          4.10836e+00   3.59784e-03   1.19249e-05  -4.40430e+00
   5  R           -6.15857e+01   constant   
   6  alpha_CBO    0.00000e+00     fixed    
   7  w_CBO        2.32500e+00   constant   
   8  beta_CBO     0.00000e+00     fixed    
   9  alpha_2CBO   0.00000e+00     fixed    
  10  beta_2CBO    0.00000e+00     fixed    
  11  alpha_y      0.00000e+00     fixed    
  12  w_y          1.38860e+01   constant   
  13  beta_y       0.00000e+00     fixed    
  14  alpha_vw     0.00000e+00     fixed    
  15  w_vw         1.43404e+01   constant   
  16  beta_vw      0.00000e+00     fixed    
  17  LM           1.09700e-04   constant   
  18  zeta_y       0.00000e+00   constant   
  19  zeta_vw      0.00000e+00   constant   
  20  T_CBO        4.94279e+01   1.25766e+01  -2.08910e-03  -1.15117e+01
  21  alpha_A0     1.67404e+01   2.94416e+01   1.03782e+00  -4.81717e-03
  22  beta_A0     -1.91006e+00   4.42049e+00  -1.55631e-01  -1.00407e-02
  23  alpha_phi    4.61403e+00   7.18023e+00   2.52672e-01  -1.25546e-02
  24  beta_phi     3.68341e+01   6.53253e+01   2.30327e+00  -7.50309e-03
 EXTERNAL ERROR MATRIX.    NDIM=  25    NPAR=  8    ERR DEF=1
  7.127e+06 -2.335e-01  1.040e+00 -3.443e+02 -5.242e+02  1.031e+02 -1.369e+02 -1.738e+03 
 -2.335e-01  1.593e-06  1.657e-07 -1.069e-03  3.927e-03 -6.491e-04  9.028e-04  8.850e-03 
  1.040e+00  1.657e-07  1.294e-05 -8.542e-04  3.830e-04 -1.187e-04  2.642e-06  7.491e-04 
 -3.443e+02 -1.069e-03 -8.542e-04  1.583e+02 -3.684e+02  5.513e+01 -8.983e+01 -8.174e+02 
 -5.242e+02  3.927e-03  3.830e-04 -3.684e+02  8.668e+02 -1.298e+02  2.112e+02  1.923e+03 
  1.031e+02 -6.491e-04 -1.187e-04  5.513e+01 -1.298e+02  1.954e+01 -3.161e+01 -2.881e+02 
 -1.369e+02  9.028e-04  2.642e-06 -8.983e+01  2.112e+02 -3.161e+01  5.156e+01  4.687e+02 
 -1.738e+03  8.850e-03  7.491e-04 -8.174e+02  1.923e+03 -2.881e+02  4.687e+02  4.267e+03 
ERR MATRIX APPROXIMATE
 PARAMETER  CORRELATION COEFFICIENTS  
       NO.  GLOBAL      1      3      4     20     21     22     23     24
        1  0.36542   1.000 -0.069  0.108 -0.010 -0.007  0.009 -0.007 -0.010
        3  0.42719  -0.069  1.000  0.036 -0.067  0.106 -0.116  0.100  0.107
        4  0.22111   0.108  0.036  1.000 -0.019  0.004 -0.007  0.000  0.003
       20  0.99548  -0.010 -0.067 -0.019  1.000 -0.994  0.991 -0.994 -0.994
       21  0.99995  -0.007  0.106  0.004 -0.994  1.000 -0.998  0.999  1.000
       22  0.99799   0.009 -0.116 -0.007  0.991 -0.998  1.000 -0.996 -0.998
       23  0.99931  -0.007  0.100  0.000 -0.994  0.999 -0.996  1.000  0.999
       24  0.99996  -0.010  0.107  0.003 -0.994  1.000 -0.998  0.999  1.000
 ERR MATRIX APPROXIMATE
MINUIT - FIT ONLY 1-CBO + wiggle
 **********
 **   16 **RES 
 **********
                   PARAMETER   16  beta_vw RESTORED TO VARIABLE.
                   PARAMETER   14  alpha_vw RESTORED TO VARIABLE.
                   PARAMETER   13  beta_y RESTORED TO VARIABLE.
                   PARAMETER   11  alpha_y RESTORED TO VARIABLE.
                   PARAMETER   10  beta_2CBO RESTORED TO VARIABLE.
                   PARAMETER    9  alpha_2CBO RESTORED TO VARIABLE.
                   PARAMETER    8  beta_CBO RESTORED TO VARIABLE.
                   PARAMETER    6  alpha_CBO RESTORED TO VARIABLE.
 **********
 **   17 **FIX            8
 **********
 **********
 **   18 **FIX            9
 **********
 **********
 **   19 **FIX           11
 **********
 **********
 **   20 **FIX           12
 **********
 PARAMETER   12  IS CONSTANT.   IGNORED.
 **********
 **   21 **FIX           14
 **********
 **********
 **   22 **FIX           15
 **********
 PARAMETER   15  IS CONSTANT.   IGNORED.
 **********
 **   23 **FIX           16
 **********
 **********
 **   24 **MIGRAD
 **********
 START MIGRAD MINIMIZATION.  STRATEGY  1.  CONVERGENCE WHEN EDM .LT. 1.00e-04
 FCN=76.2526 FROM MIGRAD    STATUS=INITIATE       28 CALLS        1360 TOTAL
                     EDM= unknown      STRATEGY= 1      NO ERROR MATRIX       
  EXT PARAMETER               CURRENT GUESS       STEP         FIRST   
  NO.   NAME      VALUE            ERROR          SIZE      DERIVATIVE 
   1  N0           3.03341e+06   2.66959e+03   7.62243e+00  -7.52672e-06
   2  tau          6.44117e+01   constant   
   3  A0           3.51067e-01   1.26221e-03   2.20707e-05  -4.18298e+00
   4  phi          4.10836e+00   3.59784e-03   1.19249e-05  -4.40430e+00
   5  R           -6.15857e+01   constant   
   6  alpha_CBO    0.00000e+00   1.00000e-03   1.00000e-03   2.37875e+03
   7  w_CBO        2.32500e+00   constant   
   8  beta_CBO     0.00000e+00     fixed    
   9  alpha_2CBO   0.00000e+00     fixed    
  10  beta_2CBO    0.00000e+00   1.00000e-03   1.00000e-03   2.10748e+03
  11  alpha_y      0.00000e+00     fixed    
  12  w_y          1.38860e+01   constant   
  13  beta_y       0.00000e+00   1.00000e-03   1.00000e-03   2.71005e+03
  14  alpha_vw     0.00000e+00     fixed    
  15  w_vw         1.43404e+01   constant   
  16  beta_vw      0.00000e+00     fixed    
  17  LM           1.09700e-04   constant   
  18  zeta_y       0.00000e+00   constant   
  19  zeta_vw      0.00000e+00   constant   
  20  T_CBO        4.94279e+01   1.25766e+01  -2.08910e-03  -1.15117e+01
  21  alpha_A0     1.67404e+01   2.94416e+01   1.03782e+00  -4.81717e-03
  22  beta_A0     -1.91006e+00   4.42049e+00  -1.55631e-01  -1.00407e-02
  23  alpha_phi    4.61403e+00   7.18023e+00   2.52672e-01  -1.25546e-02
  24  beta_phi     3.68341e+01   6.53253e+01   2.30327e+00  -7.50309e-03
 CALL LIMIT EXCEEDED IN MIGRAD.
 MIGRAD TERMINATED WITHOUT CONVERGENCE.
 FCN=69.2671 FROM MIGRAD    STATUS=CALL LIMIT   1905 CALLS        3237 TOTAL
                     EDM=0.00723189    STRATEGY= 1  ERROR MATRIX UNCERTAINTY  21.8 per cent
  EXT PARAMETER                APPROXIMATE        STEP         FIRST   
  NO.   NAME      VALUE            ERROR          SIZE      DERIVATIVE 
   1  N0           3.03342e+06   2.50837e+03   1.19739e+02   2.60610e-05
   2  tau          6.44117e+01   constant   
   3  A0           3.50881e-01   1.16041e-03   2.85779e-06   1.69546e+01
   4  phi          4.10716e+00   3.61012e-03  -2.97153e-05  -3.13192e+00
   5  R           -6.15857e+01   constant   
   6  alpha_CBO   -1.79966e-03   1.21161e-03  -5.62219e-05  -5.79323e+01
   7  w_CBO        2.32500e+00   constant   
   8  beta_CBO     0.00000e+00     fixed    
   9  alpha_2CBO   0.00000e+00     fixed    
  10  beta_2CBO   -1.60888e-03   1.17994e-03  -5.62718e-05  -6.39040e+01
  11  alpha_y      0.00000e+00     fixed    
  12  w_y          1.38860e+01   constant   
  13  beta_y      -2.01867e-03   1.21223e-03   1.37975e-05   1.32336e+01
  14  alpha_vw     0.00000e+00     fixed    
  15  w_vw         1.43404e+01   constant   
  16  beta_vw      0.00000e+00     fixed    
  17  LM           1.09700e-04   constant   
  18  zeta_y       0.00000e+00   constant   
  19  zeta_vw      0.00000e+00   constant   
  20  T_CBO        2.54092e+01   4.31497e+00  -1.95060e-03  -1.73444e+01
  21  alpha_A0     2.90754e+04   6.24815e+04   5.17707e+03  -2.46407e-06
  22  beta_A0     -7.44155e+03   1.59355e+04  -1.32030e+03  -3.13301e-06
  23  alpha_phi    1.83103e+04   3.92676e+04   3.25353e+03  -9.53379e-07
  24  beta_phi     6.57922e+04   1.41333e+05   1.17104e+04  -2.76910e-06
 EXTERNAL ERROR MATRIX.    NDIM=  25    NPAR= 11    ERR DEF=1
  6.292e+06 
 -1.630e-01  1.347e-06 
  8.378e-01  2.352e-07  1.303e-05 
  8.133e-02  7.749e-08  9.367e-07  1.468e-06 
  3.432e-01  1.340e-08 -2.672e-07 -2.199e-07  1.392e-06 
 -1.251e-02 -2.577e-09 -7.085e-08  9.171e-09  1.404e-08  1.470e-06 
 -8.575e+02  5.025e-05  1.715e-04  3.554e-04  2.563e-04 -9.832e-05  1.862e+01 
  1.309e+07 -6.746e-01 -6.507e+00 -6.271e+00 -5.283e+00  1.742e+00 -2.658e+05  3.904e+09 
 -3.339e+06  1.714e-01  1.656e+00  1.598e+00  1.350e+00 -4.437e-01  6.779e+04 -9.957e+08  2.539e+08 
  8.225e+06 -4.250e-01 -4.091e+00 -3.942e+00 -3.322e+00  1.095e+00 -1.671e+05  2.454e+09 -6.257e+08  1.542e+09 
  2.961e+07 -1.527e+00 -1.471e+01 -1.418e+01 -1.195e+01  3.941e+00 -6.013e+05  8.831e+09 -2.252e+09  5.550e+09  1.998e+10 
ERR MATRIX APPROXIMATE
 PARAMETER  CORRELATION COEFFICIENTS  
       NO.  GLOBAL      1      3      4      6     10     13     20     21     22     23     24
        1  0.22769   1.000 -0.056  0.093  0.027  0.116 -0.004 -0.079  0.084 -0.084  0.084  0.084
        3  0.12740  -0.056  1.000  0.056  0.055  0.010 -0.002  0.010 -0.009  0.009 -0.009 -0.009
        4  0.26883   0.093  0.056  1.000  0.214 -0.063 -0.016  0.011 -0.029  0.029 -0.029 -0.029
        6  0.30839   0.027  0.055  0.214  1.000 -0.154  0.006  0.068 -0.083  0.083 -0.083 -0.083
       10  0.33057   0.116  0.010 -0.063 -0.154  1.000  0.010  0.050 -0.072  0.072 -0.072 -0.072
       13  0.05304  -0.004 -0.002 -0.016  0.006  0.010  1.000 -0.019  0.023 -0.023  0.023  0.023
       20  0.98717  -0.079  0.010  0.011  0.068  0.050 -0.019  1.000 -0.986  0.986 -0.986 -0.986
       21  1.00000   0.084 -0.009 -0.029 -0.083 -0.072  0.023 -0.986  1.000 -1.000  1.000  1.000
       22  1.00000  -0.084  0.009  0.029  0.083  0.072 -0.023  0.986 -1.000  1.000 -1.000 -1.000
       23  1.00000   0.084 -0.009 -0.029 -0.083 -0.072  0.023 -0.986  1.000 -1.000  1.000  1.000
       24  1.00000   0.084 -0.009 -0.029 -0.083 -0.072  0.023 -0.986  1.000 -1.000  1.000  1.000
 ERR MATRIX APPROXIMATE
MINUIT - FIT ONLY 2-CBO
 **********
 **   25 **RES 
 **********
                   PARAMETER   16  beta_vw RESTORED TO VARIABLE.
                   PARAMETER   14  alpha_vw RESTORED TO VARIABLE.
                   PARAMETER   11  alpha_y RESTORED TO VARIABLE.
                   PARAMETER    9  alpha_2CBO RESTORED TO VARIABLE.
                   PARAMETER    8  beta_CBO RESTORED TO VARIABLE.
 **********
 **   26 **FIX            0
 **********
 PARAMETER    0  IS UNDEFINED. IGNORED.
 **********
 **   27 **FIX            1
 **********
 **********
 **   28 **FIX            2
 **********
 PARAMETER    2  IS CONSTANT.   IGNORED.
 **********
 **   29 **FIX            3
 **********
 **********
 **   30 **FIX            4
 **********
 **********
 **   31 **FIX            5
 **********
 PARAMETER    5  IS CONSTANT.   IGNORED.
 **********
 **   32 **FIX            6
 **********
 **********
 **   33 **FIX            7
 **********
 PARAMETER    7  IS CONSTANT.   IGNORED.
 **********
 **   34 **FIX           10
 **********
 **********
 **   35 **FIX           11
 **********
 **********
 **   36 **FIX           12
 **********
 PARAMETER   12  IS CONSTANT.   IGNORED.
 **********
 **   37 **FIX           13
 **********
 **********
 **   38 **FIX           14
 **********
 **********
 **   39 **FIX           15
 **********
 PARAMETER   15  IS CONSTANT.   IGNORED.
 **********
 **   40 **FIX           16
 **********
 **********
 **   41 **MIGRAD
 **********
 START MIGRAD MINIMIZATION.  STRATEGY  1.  CONVERGENCE WHEN EDM .LT. 1.00e-04
 FCN=69.2671 FROM MIGRAD    STATUS=INITIATE       18 CALLS        3255 TOTAL
                     EDM= unknown      STRATEGY= 1      NO ERROR MATRIX       
  EXT PARAMETER               CURRENT GUESS       STEP         FIRST   
  NO.   NAME      VALUE            ERROR          SIZE      DERIVATIVE 
   1  N0           3.03342e+06     fixed    
   2  tau          6.44117e+01   constant   
   3  A0           3.50881e-01     fixed    
   4  phi          4.10716e+00     fixed    
   5  R           -6.15857e+01   constant   
   6  alpha_CBO   -1.79966e-03     fixed    
   7  w_CBO        2.32500e+00   constant   
   8  beta_CBO     0.00000e+00   1.00000e-03   1.00000e-03   3.30700e+03
   9  alpha_2CBO   0.00000e+00   1.00000e-03   1.00000e-03   1.07544e+02
  10  beta_2CBO   -1.60888e-03     fixed    
  11  alpha_y      0.00000e+00     fixed    
  12  w_y          1.38860e+01   constant   
  13  beta_y      -2.01867e-03     fixed    
  14  alpha_vw     0.00000e+00     fixed    
  15  w_vw         1.43404e+01   constant   
  16  beta_vw      0.00000e+00     fixed    
  17  LM           1.09700e-04   constant   
  18  zeta_y       0.00000e+00   constant   
  19  zeta_vw      0.00000e+00   constant   
  20  T_CBO        2.54092e+01   4.31497e+00  -1.95060e-03  -1.73445e+01
  21  alpha_A0     2.90754e+04   6.24815e+04   5.17707e+03  -2.46407e-06
  22  beta_A0     -7.44155e+03   1.59355e+04  -1.32030e+03  -3.13301e-06
  23  alpha_phi    1.83103e+04   3.92676e+04   3.25353e+03  -9.53379e-07
  24  beta_phi     6.57922e+04   1.41333e+05   1.17104e+04  -2.76910e-06
 CALL LIMIT EXCEEDED IN MIGRAD.
 MIGRAD TERMINATED WITHOUT CONVERGENCE.
 FCN=64.5769 FROM MIGRAD    STATUS=CALL LIMIT   1148 CALLS        4385 TOTAL
                     EDM=0.0136393    STRATEGY= 1  ERROR MATRIX UNCERTAINTY  18.8 per cent
  EXT PARAMETER                APPROXIMATE        STEP         FIRST   
  NO.   NAME      VALUE            ERROR          SIZE      DERIVATIVE 
   1  N0           3.03342e+06     fixed    
   2  tau          6.44117e+01   constant   
   3  A0           3.50881e-01     fixed    
   4  phi          4.10716e+00     fixed    
   5  R           -6.15857e+01   constant   
   6  alpha_CBO   -1.79966e-03     fixed    
   7  w_CBO        2.32500e+00   constant   
   8  beta_CBO    -2.53278e-03   1.21459e-03  -6.81141e-06  -1.05040e+01
   9  alpha_2CBO  -1.40628e-04   1.20774e-03  -9.95948e-06  -1.10473e+01
  10  beta_2CBO   -1.60888e-03     fixed    
  11  alpha_y      0.00000e+00     fixed    
  12  w_y          1.38860e+01   constant   
  13  beta_y      -2.01867e-03     fixed    
  14  alpha_vw     0.00000e+00     fixed    
  15  w_vw         1.43404e+01   constant   
  16  beta_vw      0.00000e+00     fixed    
  17  LM           1.09700e-04   constant   
  18  zeta_y       0.00000e+00   constant   
  19  zeta_vw      0.00000e+00   constant   
  20  T_CBO        1.73206e+01   1.49127e+00  -7.30285e-04  -8.50118e+01
  21  alpha_A0     4.02855e+07   7.00841e+07   4.38730e+06  -6.42885e-10
  22  beta_A0     -1.49297e+07   2.57145e+07  -1.60984e+06   1.70932e-09
  23  alpha_phi    2.14300e+07   3.66513e+07   2.29460e+06  -5.69600e-09
  24  beta_phi     8.98038e+07   1.56008e+08   9.76626e+06  -4.47832e-09
 EXTERNAL ERROR MATRIX.    NDIM=  25    NPAR=  7    ERR DEF=1
  1.475e-06  2.755e-08  1.803e-05 -2.359e+03  8.686e+02 -1.233e+03 -5.252e+03 
  2.755e-08  1.459e-06  1.853e-04 -9.678e+03  3.551e+03 -5.057e+03 -2.155e+04 
  1.803e-05  1.853e-04  2.224e+00 -1.040e+08  3.817e+07 -5.441e+07 -2.316e+08 
 -2.359e+03 -9.678e+03 -1.040e+08  4.912e+15 -1.802e+15  2.569e+15  1.093e+16 
  8.686e+02  3.551e+03  3.817e+07 -1.802e+15  6.612e+14 -9.425e+14 -4.012e+15 
 -1.233e+03 -5.057e+03 -5.441e+07  2.569e+15 -9.425e+14  1.343e+15  5.718e+15 
 -5.252e+03 -2.155e+04 -2.316e+08  1.093e+16 -4.012e+15  5.718e+15  2.434e+16 
ERR MATRIX APPROXIMATE
 PARAMETER  CORRELATION COEFFICIENTS  
       NO.  GLOBAL      8      9     20     21     22     23     24
        8  0.22558   1.000  0.019  0.010 -0.028  0.028 -0.028 -0.028
        9  0.20113   0.019  1.000  0.103 -0.114  0.114 -0.114 -0.114
       20  0.99603   0.010  0.103  1.000 -0.995  0.995 -0.995 -0.995
       21  1.00000  -0.028 -0.114 -0.995  1.000 -1.000  1.000  1.000
       22  1.00000   0.028  0.114  0.995 -1.000  1.000 -1.000 -1.000
       23  1.00000  -0.028 -0.114 -0.995  1.000 -1.000  1.000  1.000
       24  1.00000  -0.028 -0.114 -0.995  1.000 -1.000  1.000  1.000
 ERR MATRIX APPROXIMATE
MINUIT - FIT wiggle + 1-CBO + 2-CBO
 **********
 **   42 **RES 
 **********
                   PARAMETER   16  beta_vw RESTORED TO VARIABLE.
                   PARAMETER   14  alpha_vw RESTORED TO VARIABLE.
                   PARAMETER   13  beta_y RESTORED TO VARIABLE.
                   PARAMETER   11  alpha_y RESTORED TO VARIABLE.
                   PARAMETER   10  beta_2CBO RESTORED TO VARIABLE.
                   PARAMETER    6  alpha_CBO RESTORED TO VARIABLE.
                   PARAMETER    4  phi RESTORED TO VARIABLE.
                   PARAMETER    3  A0 RESTORED TO VARIABLE.
                   PARAMETER    1  N0 RESTORED TO VARIABLE.
 **********
 **   43 **FIX           10
 **********
 **********
 **   44 **FIX           11
 **********
 **********
 **   45 **FIX           12
 **********
 PARAMETER   12  IS CONSTANT.   IGNORED.
 **********
 **   46 **FIX           13
 **********
 **********
 **   47 **FIX           14
 **********
 **********
 **   48 **FIX           15
 **********
 PARAMETER   15  IS CONSTANT.   IGNORED.
 **********
 **   49 **FIX           16
 **********
 **********
 **   50 **MIGRAD
 **********
 START MIGRAD MINIMIZATION.  STRATEGY  1.  CONVERGENCE WHEN EDM .LT. 1.00e-04
 FCN=64.5769 FROM MIGRAD    STATUS=INITIATE       51 CALLS        4436 TOTAL
                     EDM= unknown      STRATEGY= 1      NO ERROR MATRIX       
  EXT PARAMETER               CURRENT GUESS       STEP         FIRST   
  NO.   NAME      VALUE            ERROR          SIZE      DERIVATIVE 
   1  N0           3.03342e+06   2.50837e+03   0.00000e+00  -1.08976e-04
   2  tau          6.44117e+01   constant   
   3  A0           3.50881e-01   1.16041e-03   0.00000e+00  -7.39139e+02
   4  phi          4.10716e+00   3.61012e-03   0.00000e+00  -1.63612e+01
   5  R           -6.15857e+01   constant   
   6  alpha_CBO   -1.79966e-03   1.21161e-03   0.00000e+00   7.06504e+01
   7  w_CBO        2.32500e+00   constant   
   8  beta_CBO    -2.53278e-03   1.21459e-03   0.00000e+00  -1.04643e+01
   9  alpha_2CBO  -1.40628e-04   1.20774e-03   0.00000e+00  -1.12365e+01
  10  beta_2CBO   -1.60888e-03     fixed    
  11  alpha_y      0.00000e+00     fixed    
  12  w_y          1.38860e+01   constant   
  13  beta_y      -2.01867e-03     fixed    
  14  alpha_vw     0.00000e+00     fixed    
  15  w_vw         1.43404e+01   constant   
  16  beta_vw      0.00000e+00     fixed    
  17  LM           1.09700e-04   constant   
  18  zeta_y       0.00000e+00   constant   
  19  zeta_vw      0.00000e+00   constant   
  20  T_CBO        1.73206e+01   1.49127e+00   0.00000e+00  -8.46581e+01
  21  alpha_A0     4.03084e+07   7.00841e+07   2.29045e+04  -5.95693e-10
  22  beta_A0     -1.49297e+07   2.57145e+07   0.00000e+00   1.70365e-09
  23  alpha_phi    2.14300e+07   3.66513e+07   0.00000e+00  -5.70168e-09
  24  beta_phi     8.98038e+07   1.56008e+08   0.00000e+00  -4.47615e-09
 CALL LIMIT EXCEEDED IN MIGRAD.
 MIGRAD TERMINATED WITHOUT CONVERGENCE.
 FCN=63.9163 FROM MIGRAD    STATUS=CALL LIMIT   1923 CALLS        6308 TOTAL
                     EDM=0.0125105    STRATEGY= 1  ERROR MATRIX UNCERTAINTY  17.4 per cent
  EXT PARAMETER                APPROXIMATE        STEP         FIRST   
  NO.   NAME      VALUE            ERROR          SIZE      DERIVATIVE 
   1  N0           3.03363e+06   2.61192e+03  -7.08574e+00  -1.09585e-05
   2  tau          6.44117e+01   constant   
   3  A0           3.51364e-01   1.19354e-03  -1.09320e-05  -1.86123e+01
   4  phi          4.10712e+00   3.61163e-03   6.37160e-05   7.01081e+00
   5  R           -6.15857e+01   constant   
   6  alpha_CBO   -1.91202e-03   1.24318e-03  -4.24373e-05  -4.11728e+01
   7  w_CBO        2.32500e+00   constant   
   8  beta_CBO    -2.69798e-03   1.23964e-03  -4.15257e-05  -4.44283e+01
   9  alpha_2CBO  -1.32607e-04   1.21811e-03  -3.28582e-05  -1.74093e+01
  10  beta_2CBO   -1.60888e-03     fixed    
  11  alpha_y      0.00000e+00     fixed    
  12  w_y          1.38860e+01   constant   
  13  beta_y      -2.01867e-03     fixed    
  14  alpha_vw     0.00000e+00     fixed    
  15  w_vw         1.43404e+01   constant   
  16  beta_vw      0.00000e+00     fixed    
  17  LM           1.09700e-04   constant   
  18  zeta_y       0.00000e+00   constant   
  19  zeta_vw      0.00000e+00   constant   
  20  T_CBO        1.33327e+01   1.05486e+00  -7.08031e-04  -9.12632e+01
  21  alpha_A0     3.24752e+10   6.28673e+10   5.33625e+09  -9.19116e-12
  22  beta_A0     -1.05155e+10   1.97894e+10  -1.67904e+09   1.54299e-11
  23  alpha_phi    1.85155e+10   3.55780e+10   3.01930e+09   2.00272e-12
  24  beta_phi     7.91284e+10   1.51690e+11   1.28723e+10  -8.83230e-14
 EXTERNAL ERROR MATRIX.    NDIM=  25    NPAR= 11    ERR DEF=1
  6.822e+06 
 -9.384e-02  1.425e-06 
  1.025e+00  1.968e-07  1.304e-05 
 -1.085e-01  1.414e-08  1.025e-06  1.545e-06 
 -2.186e-01 -3.019e-07 -8.823e-08  3.421e-08  1.537e-06 
 -8.070e-02 -3.777e-08 -3.415e-07 -6.153e-08  3.010e-08  1.484e-06 
 -7.246e+01  6.934e-06  6.909e-05 -5.229e-05 -6.180e-05 -3.300e-05  1.113e+00 
  1.513e+12 -1.193e+06 -3.303e+06 -5.739e+05 -4.295e+05  9.856e+05 -6.482e+10  3.952e+21 
 -4.727e+11  3.667e+05  1.054e+06  1.734e+05  1.341e+05 -3.125e+05  2.041e+10 -1.244e+21  3.916e+20 
  8.552e+11 -6.798e+05 -1.887e+06 -3.229e+05 -2.357e+05  5.635e+05 -3.669e+10  2.237e+21 -7.041e+20  1.266e+21 
  3.634e+12 -2.866e+06 -8.033e+06 -1.358e+06 -1.013e+06  2.401e+06 -1.564e+11  9.536e+21 -3.002e+21  5.397e+21  2.301e+22 
ERR MATRIX APPROXIMATE
 PARAMETER  CORRELATION COEFFICIENTS  
       NO.  GLOBAL      1      3      4      6      8      9     20     21     22     23     24
        1  0.25507   1.000 -0.030  0.109 -0.033 -0.068 -0.025 -0.026  0.009 -0.009  0.009  0.009
        3  0.33356  -0.030  1.000  0.046  0.010 -0.204 -0.026  0.006 -0.016  0.016 -0.016 -0.016
        4  0.32219   0.109  0.046  1.000  0.228 -0.020 -0.078  0.018 -0.015  0.015 -0.015 -0.015
        6  0.34621  -0.033  0.010  0.228  1.000  0.022 -0.041 -0.040 -0.007  0.007 -0.007 -0.007
        8  0.36917  -0.068 -0.204 -0.020  0.022  1.000  0.020 -0.047 -0.006  0.005 -0.005 -0.005
        9  0.20113  -0.025 -0.026 -0.078 -0.041  0.020  1.000 -0.026  0.013 -0.013  0.013  0.013
       20  0.99233  -0.026  0.006  0.018 -0.040 -0.047 -0.026  1.000 -0.977  0.978 -0.978 -0.978
       21  1.00000   0.009 -0.016 -0.015 -0.007 -0.006  0.013 -0.977  1.000 -1.000  1.000  1.000
       22  1.00000  -0.009  0.016  0.015  0.007  0.005 -0.013  0.978 -1.000  1.000 -1.000 -1.000
       23  1.00000   0.009 -0.016 -0.015 -0.007 -0.005  0.013 -0.978  1.000 -1.000  1.000  1.000
       24  1.00000   0.009 -0.016 -0.015 -0.007 -0.005  0.013 -0.978  1.000 -1.000  1.000  1.000
 ERR MATRIX APPROXIMATE
MINUIT - FIT ONLY 1-y
 **********
 **   51 **RES 
 **********
                   PARAMETER   16  beta_vw RESTORED TO VARIABLE.
                   PARAMETER   14  alpha_vw RESTORED TO VARIABLE.
                   PARAMETER   13  beta_y RESTORED TO VARIABLE.
                   PARAMETER   11  alpha_y RESTORED TO VARIABLE.
                   PARAMETER   10  beta_2CBO RESTORED TO VARIABLE.
 **********
 **   52 **FIX            0
 **********
 PARAMETER    0  IS UNDEFINED. IGNORED.
 **********
 **   53 **FIX            1
 **********
 **********
 **   54 **FIX            2
 **********
 PARAMETER    2  IS CONSTANT.   IGNORED.
 **********
 **   55 **FIX            3
 **********
 **********
 **   56 **FIX            4
 **********
 **********
 **   57 **FIX            5
 **********
 PARAMETER    5  IS CONSTANT.   IGNORED.
 **********
 **   58 **FIX            6
 **********
 **********
 **   59 **FIX            7
 **********
 PARAMETER    7  IS CONSTANT.   IGNORED.
 **********
 **   60 **FIX            8
 **********
 **********
 **   61 **FIX            9
 **********
 **********
 **   62 **FIX           13
 **********
 **********
 **   63 **FIX           14
 **********
 **********
 **   64 **FIX           15
 **********
 PARAMETER   15  IS CONSTANT.   IGNORED.
 **********
 **   65 **FIX           16
 **********
 **********
 **   66 **MIGRAD
 **********
 START MIGRAD MINIMIZATION.  STRATEGY  1.  CONVERGENCE WHEN EDM .LT. 1.00e-04
 FCN=63.9161 FROM MIGRAD    STATUS=INITIATE       37 CALLS        6345 TOTAL
                     EDM= unknown      STRATEGY= 1      NO ERROR MATRIX       
  EXT PARAMETER               CURRENT GUESS       STEP         FIRST   
  NO.   NAME      VALUE            ERROR          SIZE      DERIVATIVE 
   1  N0           3.03363e+06     fixed    
   2  tau          6.44117e+01   constant   
   3  A0           3.51364e-01     fixed    
   4  phi          4.10712e+00     fixed    
   5  R           -6.15857e+01   constant   
   6  alpha_CBO   -1.91202e-03     fixed    
   7  w_CBO        2.32500e+00   constant   
   8  beta_CBO    -2.69798e-03     fixed    
   9  alpha_2CBO  -1.32607e-04     fixed    
  10  beta_2CBO   -1.60888e-03   1.17994e-03   0.00000e+00  -3.09327e+02
  11  alpha_y      0.00000e+00   1.00000e-03   0.00000e+00   4.40270e+01
  12  w_y          1.38860e+01   constant   
  13  beta_y      -2.01867e-03     fixed    
  14  alpha_vw     0.00000e+00     fixed    
  15  w_vw         1.43404e+01   constant   
  16  beta_vw      0.00000e+00     fixed    
  17  LM           1.09700e-04   constant   
  18  zeta_y       0.00000e+00   constant   
  19  zeta_vw      0.00000e+00   constant   
  20  T_CBO        1.33327e+01   1.05486e+00   0.00000e+00  -9.08868e+01
  21  alpha_A0     3.24906e+10   6.28673e+10   1.54854e+07  -9.14505e-12
  22  beta_A0     -1.05155e+10   1.97894e+10   0.00000e+00   1.54199e-11
  23  alpha_phi    1.85155e+10   3.55780e+10   0.00000e+00   1.99686e-12
  24  beta_phi     7.91284e+10   1.51690e+11   0.00000e+00  -8.61519e-14
 CALL LIMIT EXCEEDED IN MIGRAD.
 MIGRAD TERMINATED WITHOUT CONVERGENCE.
 FCN=63.4942 FROM MIGRAD    STATUS=CALL LIMIT   1156 CALLS        7464 TOTAL
                     EDM=0.00394319    STRATEGY= 1  ERROR MATRIX UNCERTAINTY  33.6 per cent
  EXT PARAMETER                APPROXIMATE        STEP         FIRST   
  NO.   NAME      VALUE            ERROR          SIZE      DERIVATIVE 
   1  N0           3.03363e+06     fixed    
   2  tau          6.44117e+01   constant   
   3  A0           3.51364e-01     fixed    
   4  phi          4.10712e+00     fixed    
   5  R           -6.15857e+01   constant   
   6  alpha_CBO   -1.91202e-03     fixed    
   7  w_CBO        2.32500e+00   constant   
   8  beta_CBO    -2.69798e-03     fixed    
   9  alpha_2CBO  -1.32607e-04     fixed    
  10  beta_2CBO   -1.40672e-03   1.24562e-03  -5.07211e-05  -3.01421e+01
  11  alpha_y     -1.98064e-05   1.21419e-03   3.41497e-05   1.69170e+01
  12  w_y          1.38860e+01   constant   
  13  beta_y      -2.01867e-03     fixed    
  14  alpha_vw     0.00000e+00     fixed    
  15  w_vw         1.43404e+01   constant   
  16  beta_vw      0.00000e+00     fixed    
  17  LM           1.09700e-04   constant   
  18  zeta_y       0.00000e+00   constant   
  19  zeta_vw      0.00000e+00   constant   
  20  T_CBO        1.12379e+01   8.92414e-01  -4.58373e-04  -7.97599e+01
  21  alpha_A0     7.91472e+12   1.91236e+13   1.02225e+12  -2.69578e-14
  22  beta_A0     -2.80338e+12   6.57399e+12  -3.52441e+11   2.51916e-14
  23  alpha_phi    4.07083e+12   1.01045e+13   5.38778e+11  -4.00758e-16
  24  beta_phi     1.86553e+13   4.64446e+13   2.47500e+12  -1.22503e-15
 EXTERNAL ERROR MATRIX.    NDIM=  25    NPAR=  7    ERR DEF=1
  1.552e-06 -1.933e-08  8.696e-05 -2.748e+09  1.044e+09 -1.370e+09 -6.230e+09 
 -1.933e-08  1.474e-06 -7.167e-05  2.030e+09 -7.335e+08  1.038e+09  4.753e+09 
  8.696e-05 -7.167e-05  7.964e-01 -1.696e+13  5.808e+12 -8.971e+12 -4.124e+13 
 -2.748e+09  2.030e+09 -1.696e+13  3.657e+26 -1.256e+26  1.932e+26  8.877e+26 
  1.044e+09 -7.335e+08  5.808e+12 -1.256e+26  4.322e+25 -6.623e+25 -3.043e+26 
 -1.370e+09  1.038e+09 -8.971e+12  1.932e+26 -6.623e+25  1.021e+26  4.693e+26 
 -6.230e+09  4.753e+09 -4.124e+13  8.877e+26 -3.043e+26  4.693e+26  2.157e+27 
ERR MATRIX APPROXIMATE
 PARAMETER  CORRELATION COEFFICIENTS  
       NO.  GLOBAL     10     11     20     21     22     23     24
       10  0.40316   1.000 -0.013  0.078 -0.115  0.127 -0.109 -0.108
       11  0.21590  -0.013  1.000 -0.066  0.087 -0.092  0.085  0.084
       20  0.99564   0.078 -0.066  1.000 -0.994  0.990 -0.995 -0.995
       21  1.00000  -0.115  0.087 -0.994  1.000 -0.999  1.000  0.999
       22  0.99999   0.127 -0.092  0.990 -0.999  1.000 -0.997 -0.997
       23  1.00000  -0.109  0.085 -0.995  1.000 -0.997  1.000  1.000
       24  1.00000  -0.108  0.084 -0.995  0.999 -0.997  1.000  1.000
 ERR MATRIX APPROXIMATE
MINUIT - FIT ONLY 2-y
 **********
 **   67 **RES 
 **********
                   PARAMETER   16  beta_vw RESTORED TO VARIABLE.
                   PARAMETER   14  alpha_vw RESTORED TO VARIABLE.
                   PARAMETER   13  beta_y RESTORED TO VARIABLE.
                   PARAMETER    9  alpha_2CBO RESTORED TO VARIABLE.
                   PARAMETER    8  beta_CBO RESTORED TO VARIABLE.
                   PARAMETER    6  alpha_CBO RESTORED TO VARIABLE.
                   PARAMETER    4  phi RESTORED TO VARIABLE.
                   PARAMETER    3  A0 RESTORED TO VARIABLE.
                   PARAMETER    1  N0 RESTORED TO VARIABLE.
 **********
 **   68 **FIX            0
 **********
 PARAMETER    0  IS UNDEFINED. IGNORED.
 **********
 **   69 **FIX            1
 **********
 **********
 **   70 **FIX            2
 **********
 PARAMETER    2  IS CONSTANT.   IGNORED.
 **********
 **   71 **FIX            3
 **********
 **********
 **   72 **FIX            4
 **********
 **********
 **   73 **FIX            5
 **********
 PARAMETER    5  IS CONSTANT.   IGNORED.
 **********
 **   74 **FIX            6
 **********
 **********
 **   75 **FIX            7
 **********
 PARAMETER    7  IS CONSTANT.   IGNORED.
 **********
 **   76 **FIX            8
 **********
 **********
 **   77 **FIX            9
 **********
 **********
 **   78 **FIX           10
 **********
 **********
 **   79 **FIX           11
 **********
 **********
 **   80 **FIX           12
 **********
 PARAMETER   12  IS CONSTANT.   IGNORED.
 **********
 **   81 **FIX           16
 **********
 **********
 **   82 **MIGRAD
 **********
 START MIGRAD MINIMIZATION.  STRATEGY  1.  CONVERGENCE WHEN EDM .LT. 1.00e-04
 FCN=63.4942 FROM MIGRAD    STATUS=INITIATE       79 CALLS        7543 TOTAL
                     EDM= unknown      STRATEGY= 1      NO ERROR MATRIX       
  EXT PARAMETER               CURRENT GUESS       STEP         FIRST   
  NO.   NAME      VALUE            ERROR          SIZE      DERIVATIVE 
   1  N0           3.03363e+06     fixed    
   2  tau          6.44117e+01   constant   
   3  A0           3.51364e-01     fixed    
   4  phi          4.10712e+00     fixed    
   5  R           -6.15857e+01   constant   
   6  alpha_CBO   -1.91202e-03     fixed    
   7  w_CBO        2.32500e+00   constant   
   8  beta_CBO    -2.69798e-03     fixed    
   9  alpha_2CBO  -1.32607e-04     fixed    
  10  beta_2CBO   -1.40672e-03     fixed    
  11  alpha_y     -1.98064e-05     fixed    
  12  w_y          1.38860e+01   constant   
  13  beta_y      -2.01867e-03   1.21223e-03   0.00000e+00  -4.39052e+01
  14  alpha_vw     0.00000e+00   1.00000e-03   0.00000e+00  -2.01477e+03
  15  w_vw         1.43404e+01   constant   
  16  beta_vw      0.00000e+00     fixed    
  17  LM           1.09700e-04   constant   
  18  zeta_y       0.00000e+00   constant   
  19  zeta_vw      0.00000e+00   constant   
  20  T_CBO        1.12379e+01   8.92414e-01   0.00000e+00  -7.93509e+01
  21  alpha_A0     7.91472e+12   1.91236e+13   0.00000e+00  -2.70013e-14
  22  beta_A0     -2.80338e+12   6.57399e+12   0.00000e+00   2.52069e-14
  23  alpha_phi    4.07665e+12   1.01045e+13   1.94297e+09  -3.60316e-17
  24  beta_phi     1.86553e+13   4.64446e+13   0.00000e+00  -1.21644e-15
 CALL LIMIT EXCEEDED IN MIGRAD.
 MIGRAD TERMINATED WITHOUT CONVERGENCE.
 FCN=61.5447 FROM MIGRAD    STATUS=CALL LIMIT   1155 CALLS        8619 TOTAL
                     EDM=0.004504    STRATEGY= 1  ERROR MATRIX UNCERTAINTY  42.9 per cent
  EXT PARAMETER                APPROXIMATE        STEP         FIRST   
  NO.   NAME      VALUE            ERROR          SIZE      DERIVATIVE 
   1  N0           3.03363e+06     fixed    
   2  tau          6.44117e+01   constant   
   3  A0           3.51364e-01     fixed    
   4  phi          4.10712e+00     fixed    
   5  R           -6.15857e+01   constant   
   6  alpha_CBO   -1.91202e-03     fixed    
   7  w_CBO        2.32500e+00   constant   
   8  beta_CBO    -2.69798e-03     fixed    
   9  alpha_2CBO  -1.32607e-04     fixed    
  10  beta_2CBO   -1.40672e-03     fixed    
  11  alpha_y     -1.98064e-05     fixed    
  12  w_y          1.38860e+01   constant   
  13  beta_y      -1.46905e-03   1.28444e-03   2.35346e-06   2.54501e+01
  14  alpha_vw     1.63767e-03   1.26260e-03  -7.24966e-06  -3.58947e+01
  15  w_vw         1.43404e+01   constant   
  16  beta_vw      0.00000e+00     fixed    
  17  LM           1.09700e-04   constant   
  18  zeta_y       0.00000e+00   constant   
  19  zeta_vw      0.00000e+00   constant   
  20  T_CBO        9.92351e+00   2.81375e-01   5.70180e-05  -1.14994e+01
  21  alpha_A0     8.32323e+14   8.64190e+14  -5.64383e+12  -2.90760e-17
  22  beta_A0     -2.46924e+14   2.61723e+14   1.54476e+12   1.60577e-16
  23  alpha_phi    3.13489e+14   3.43195e+14  -1.79638e+12  -5.39311e-16
  24  beta_phi     1.88644e+15   1.96379e+15  -1.30546e+13   7.47002e-17
 EXTERNAL ERROR MATRIX.    NDIM=  25    NPAR=  7    ERR DEF=1
  1.650e-06  4.981e-07 -6.184e-05  2.063e+11 -6.218e+10  8.211e+10  4.685e+11 
  4.981e-07  1.594e-06  1.201e-04 -3.986e+11  1.214e+11 -1.595e+11 -9.049e+11 
 -6.184e-05  1.201e-04  7.917e-02 -2.356e+14  7.112e+13 -9.297e+13 -5.357e+14 
  2.063e+11 -3.986e+11 -2.356e+14  7.468e+29 -2.260e+29  2.964e+29  1.697e+30 
 -6.218e+10  1.214e+11  7.112e+13 -2.260e+29  6.850e+28 -8.976e+28 -5.137e+29 
  8.211e+10 -1.595e+11 -9.297e+13  2.964e+29 -8.976e+28  1.178e+29  6.735e+29 
  4.685e+11 -9.049e+11 -5.357e+14  1.697e+30 -5.137e+29  6.735e+29  3.856e+30 
ERR MATRIX APPROXIMATE
 PARAMETER  CORRELATION COEFFICIENTS  
       NO.  GLOBAL     13     14     20     21     22     23     24
       13  0.44884   1.000  0.307 -0.171  0.186 -0.185  0.186  0.186
       14  0.53785   0.307  1.000  0.338 -0.365  0.368 -0.368 -0.365
       20  0.98380  -0.171  0.338  1.000 -0.969  0.966 -0.963 -0.970
       21  0.99995   0.186 -0.365 -0.969  1.000 -0.999  0.999  1.000
       22  0.99955  -0.185  0.368  0.966 -0.999  1.000 -0.999 -0.999
       23  0.99972   0.186 -0.368 -0.963  0.999 -0.999  1.000  0.999
