 + ++++++++++++++++++++++++++++++++++++++++++++++++++++++++++++++++++++ +
 +                                                                      +
 +           You have chose to blind your fitting according to          +
 +                omega_ref * (1 + (R +/- deltaR) *10^{-6})             +
 +                                                                      +
 + ++++++++++++++++++++++++++++++++++++++++++++++++++++++++++++++++++++ +
In main()...
reading format from /gm2data/zkhechad/run45/envelope/formats/formatB_sBin_constraintOn.txt
pBinTau 	= 0  
pBinPhi 	= 0  
constraintau 	= 1 
includeMopTerm 	= 0    
constrainMop    = 0   
Parameters after format file: pBinTau 0 pBinPhi 0 constraintau 1 includeMopTerm 0 constrainMop 0 c_e_scale 0.000000 
Opening file /gm2data/tbarrett/gm2fr/studies/run23_bunch_corrections/CorrectedFourier_Run3b.root.
reading full fit data from /gm2data/zkhechad/cboTemplates/Run4CBOTemplates/fullFits/noRF/sBin_constraintOn_cE0.0_seed0_noRF_calo11.root
windowBins = 69
fitting sliding window 2170 from bin 2306 at 343.906000 to bin 2375 at 354.350000 (69 bins)

Reading data from /gm2data/cornell/histograms/aMethod/histogram_a_noRF.root
 **********
 **    1 **SET PRINTOUT            1
 **********
 **********
 **    2 **SET NOWARNINGS 
 **********
 PARAMETER DEFINITIONS:
    NO.   NAME         VALUE      STEP SIZE      LIMITS
     1 N0           3.16093e+06  1.00000e+02     no limits
     2 tau          6.43989e+01  constant
     3 A0           3.42733e-01  1.00000e-04     no limits
     4 phi          4.11801e+00  1.00000e-02     no limits
     5 R           -6.14725e+01  constant
     6 alpha_CBO    0.00000e+00  1.00000e-03     no limits
     7 w_CBO        2.32500e+00  constant
     8 beta_CBO     0.00000e+00  1.00000e-03     no limits
     9 alpha_2CBO   0.00000e+00  1.00000e-03     no limits
    10 beta_2CBO    0.00000e+00  1.00000e-03     no limits
    11 alpha_y      0.00000e+00  1.00000e-03     no limits
    12 w_y          1.38860e+01  constant
    13 beta_y       0.00000e+00  1.00000e-03     no limits
    14 alpha_vw     0.00000e+00  1.00000e-03     no limits
    15 w_vw         1.43404e+01  constant
    16 beta_vw      0.00000e+00  1.00000e-03     no limits
    17 LM          -2.06090e-04  constant
    18 zeta_y       0.00000e+00  constant
    19 zeta_vw      0.00000e+00  constant
    20 T_CBO        1.00000e+02  1.00000e+00    0.00000e+00  1.00000e+03
    21 alpha_A0     0.00000e+00  1.00000e-03     no limits
    22 beta_A0      0.00000e+00  1.00000e-03     no limits
    23 alpha_phi    0.00000e+00  1.00000e-03     no limits
    24 beta_phi     0.00000e+00  1.00000e-03     no limits
MINUIT - FIT ONLY WIGGLE
 **********
 **    3 **FIX            5
 **********
 PARAMETER    5  IS CONSTANT.   IGNORED.
 **********
 **    4 **FIX            6
 **********
 **********
 **    5 **FIX            7
 **********
 PARAMETER    7  IS CONSTANT.   IGNORED.
 **********
 **    6 **FIX            8
 **********
 **********
 **    7 **FIX            9
 **********
 **********
 **    8 **FIX           10
 **********
 **********
 **    9 **FIX           11
 **********
 **********
 **   10 **FIX           12
 **********
 PARAMETER   12  IS CONSTANT.   IGNORED.
 **********
 **   11 **FIX           13
 **********
 **********
 **   12 **FIX           14
 **********
 **********
 **   13 **FIX           15
 **********
 PARAMETER   15  IS CONSTANT.   IGNORED.
 **********
 **   14 **FIX           16
 **********
 **********
 **   15 **MIGRAD
 **********
 FIRST CALL TO USER FUNCTION AT NEW START POINT, WITH IFLAG=4.
 START MIGRAD MINIMIZATION.  STRATEGY  1.  CONVERGENCE WHEN EDM .LT. 1.00e-04
 FCN=85.9379 FROM MIGRAD    STATUS=INITIATE      437 CALLS         438 TOTAL
                     EDM= unknown      STRATEGY= 1      NO ERROR MATRIX       
  EXT PARAMETER               CURRENT GUESS       STEP         FIRST   
  NO.   NAME      VALUE            ERROR          SIZE      DERIVATIVE 
   1  N0           3.16093e+06   1.00000e+02   0.00000e+00  -1.27332e-03
   2  tau          6.43989e+01   constant   
   3  A0           3.42733e-01   1.00000e-04   0.00000e+00   1.88514e+03
   4  phi          4.11801e+00   1.00000e-02   0.00000e+00  -1.11531e+03
   5  R           -6.14725e+01   constant   
   6  alpha_CBO    0.00000e+00     fixed    
   7  w_CBO        2.32500e+00   constant   
   8  beta_CBO     0.00000e+00     fixed    
   9  alpha_2CBO   0.00000e+00     fixed    
  10  beta_2CBO    0.00000e+00     fixed    
  11  alpha_y      0.00000e+00     fixed    
  12  w_y          1.38860e+01   constant   
  13  beta_y       0.00000e+00     fixed    
  14  alpha_vw     0.00000e+00     fixed    
  15  w_vw         1.43404e+01   constant   
  16  beta_vw      0.00000e+00     fixed    
  17  LM          -2.06090e-04   constant   
  18  zeta_y       0.00000e+00   constant   
  19  zeta_vw      0.00000e+00   constant   
  20  T_CBO        1.00000e+02   1.00000e+00   0.00000e+00   0.00000e+00
  21  alpha_A0     0.00000e+00   1.00000e-03   0.00000e+00  -1.41634e+01
  22  beta_A0      0.00000e+00   1.00000e-03   0.00000e+00  -1.51059e+01
  23  alpha_phi    0.00000e+00   1.00000e-03   0.00000e+00   2.85802e+00
  24  beta_phi     0.00000e+00   1.00000e-03   0.00000e+00  -7.10171e-01
 CALL LIMIT EXCEEDED IN MIGRAD.
 MIGRAD TERMINATED WITHOUT CONVERGENCE.
 FCN=80.6165 FROM MIGRAD    STATUS=CALL LIMIT   1323 CALLS        1324 TOTAL
                     EDM=0.000699763    STRATEGY= 1  ERROR MATRIX UNCERTAINTY   0.1 per cent
  EXT PARAMETER                APPROXIMATE        STEP         FIRST   
  NO.   NAME      VALUE            ERROR          SIZE      DERIVATIVE 
   1  N0           3.16352e+06   2.12963e+03   2.57545e+00   5.23558e-06
   2  tau          6.43989e+01   constant   
   3  A0           3.42232e-01   8.12949e-04  -2.22560e-06   2.98344e-01
   4  phi          4.12074e+00   2.60607e-03   1.66961e-05  -3.42663e+00
   5  R           -6.14725e+01   constant   
   6  alpha_CBO    0.00000e+00     fixed    
   7  w_CBO        2.32500e+00   constant   
   8  beta_CBO     0.00000e+00     fixed    
   9  alpha_2CBO   0.00000e+00     fixed    
  10  beta_2CBO    0.00000e+00     fixed    
  11  alpha_y      0.00000e+00     fixed    
  12  w_y          1.38860e+01   constant   
  13  beta_y       0.00000e+00     fixed    
  14  alpha_vw     0.00000e+00     fixed    
  15  w_vw         1.43404e+01   constant   
  16  beta_vw      0.00000e+00     fixed    
  17  LM          -2.06090e-04   constant   
  18  zeta_y       0.00000e+00   constant   
  19  zeta_vw      0.00000e+00   constant   
  20  T_CBO        4.57393e+01   2.13917e+01  -2.03389e-03  -3.09763e+00
  21  alpha_A0     7.23199e+00   2.19073e+01   4.21192e-01  -1.01874e-02
  22  beta_A0      6.38206e+00   1.93629e+01   3.72268e-01  -3.80780e-03
  23  alpha_phi   -5.67827e-01   1.92958e+00  -3.69411e-02   1.00761e-02
  24  beta_phi    -1.35802e+00   3.89103e+00  -7.48855e-02   3.49021e-03
 EXTERNAL ERROR MATRIX.    NDIM=  25    NPAR=  8    ERR DEF=1
  4.535e+06  1.493e-01 -9.156e-01  1.547e+03  7.169e+02  6.162e+02 -3.497e+01 -1.705e+02 
  1.493e-01  6.609e-07 -9.312e-09  4.141e-04 -6.856e-04 -5.951e-04  6.570e-05  1.310e-04 
 -9.156e-01 -9.312e-09  6.792e-06 -2.705e-03  3.594e-03  3.189e-03 -3.377e-04 -6.157e-04 
  1.547e+03  4.141e-04 -2.705e-03  4.592e+02 -4.657e+02 -4.116e+02  4.092e+01  8.268e+01 
  7.169e+02 -6.856e-04  3.594e-03 -4.657e+02  4.799e+02  4.242e+02 -4.220e+01 -8.521e+01 
  6.162e+02 -5.951e-04  3.189e-03 -4.116e+02  4.242e+02  3.749e+02 -3.730e+01 -7.531e+01 
 -3.497e+01  6.570e-05 -3.377e-04  4.092e+01 -4.220e+01 -3.730e+01  3.723e+00  7.495e+00 
 -1.705e+02  1.310e-04 -6.157e-04  8.268e+01 -8.521e+01 -7.531e+01  7.495e+00  1.514e+01 
ERR MATRIX APPROXIMATE
 PARAMETER  CORRELATION COEFFICIENTS  
       NO.  GLOBAL      1      3      4     20     21     22     23     24
        1  0.52698   1.000  0.086 -0.165  0.034  0.015  0.015 -0.009 -0.021
        3  0.25460   0.086  1.000 -0.004  0.024 -0.038 -0.038  0.042  0.041
        4  0.26882  -0.165 -0.004  1.000 -0.048  0.063  0.063 -0.067 -0.061
       20  0.99388   0.034  0.024 -0.048  1.000 -0.992 -0.992  0.990  0.992
       21  0.99997   0.015 -0.038  0.063 -0.992  1.000  1.000 -0.998 -1.000
       22  0.99997   0.015 -0.038  0.063 -0.992  1.000  1.000 -0.998 -1.000
       23  0.99853  -0.009  0.042 -0.067  0.990 -0.998 -0.998  1.000  0.998
       24  0.99965  -0.021  0.041 -0.061  0.992 -1.000 -1.000  0.998  1.000
 ERR MATRIX APPROXIMATE
MINUIT - FIT ONLY 1-CBO + wiggle
 **********
 **   16 **RES 
 **********
                   PARAMETER   16  beta_vw RESTORED TO VARIABLE.
                   PARAMETER   14  alpha_vw RESTORED TO VARIABLE.
                   PARAMETER   13  beta_y RESTORED TO VARIABLE.
                   PARAMETER   11  alpha_y RESTORED TO VARIABLE.
                   PARAMETER   10  beta_2CBO RESTORED TO VARIABLE.
                   PARAMETER    9  alpha_2CBO RESTORED TO VARIABLE.
                   PARAMETER    8  beta_CBO RESTORED TO VARIABLE.
                   PARAMETER    6  alpha_CBO RESTORED TO VARIABLE.
 **********
 **   17 **FIX            8
 **********
 **********
 **   18 **FIX            9
 **********
 **********
 **   19 **FIX           11
 **********
 **********
 **   20 **FIX           12
 **********
 PARAMETER   12  IS CONSTANT.   IGNORED.
 **********
 **   21 **FIX           14
 **********
 **********
 **   22 **FIX           15
 **********
 PARAMETER   15  IS CONSTANT.   IGNORED.
 **********
 **   23 **FIX           16
 **********
 **********
 **   24 **MIGRAD
 **********
 START MIGRAD MINIMIZATION.  STRATEGY  1.  CONVERGENCE WHEN EDM .LT. 1.00e-04
 FCN=80.6165 FROM MIGRAD    STATUS=INITIATE       28 CALLS        1352 TOTAL
                     EDM= unknown      STRATEGY= 1      NO ERROR MATRIX       
  EXT PARAMETER               CURRENT GUESS       STEP         FIRST   
  NO.   NAME      VALUE            ERROR          SIZE      DERIVATIVE 
   1  N0           3.16352e+06   2.12963e+03   2.57545e+00   5.23558e-06
   2  tau          6.43989e+01   constant   
   3  A0           3.42232e-01   8.12949e-04  -2.22560e-06   2.98344e-01
   4  phi          4.12074e+00   2.60607e-03   1.66961e-05  -3.42663e+00
   5  R           -6.14725e+01   constant   
   6  alpha_CBO    0.00000e+00   1.00000e-03   1.00000e-03  -6.93268e+03
   7  w_CBO        2.32500e+00   constant   
   8  beta_CBO     0.00000e+00     fixed    
   9  alpha_2CBO   0.00000e+00     fixed    
  10  beta_2CBO    0.00000e+00   1.00000e-03   1.00000e-03  -3.11320e+03
  11  alpha_y      0.00000e+00     fixed    
  12  w_y          1.38860e+01   constant   
  13  beta_y       0.00000e+00   1.00000e-03   1.00000e-03   7.33967e+00
  14  alpha_vw     0.00000e+00     fixed    
  15  w_vw         1.43404e+01   constant   
  16  beta_vw      0.00000e+00     fixed    
  17  LM          -2.06090e-04   constant   
  18  zeta_y       0.00000e+00   constant   
  19  zeta_vw      0.00000e+00   constant   
  20  T_CBO        4.57393e+01   2.13917e+01  -2.03389e-03  -3.09763e+00
  21  alpha_A0     7.23199e+00   2.19073e+01   4.21192e-01  -1.01874e-02
  22  beta_A0      6.38206e+00   1.93629e+01   3.72268e-01  -3.80780e-03
  23  alpha_phi   -5.67827e-01   1.92958e+00  -3.69411e-02   1.00761e-02
  24  beta_phi    -1.35802e+00   3.89103e+00  -7.48855e-02   3.49021e-03
 MIGRAD MINIMIZATION HAS CONVERGED.
 FCN=67.9738 FROM MIGRAD    STATUS=CONVERGED     174 CALLS        1498 TOTAL
                     EDM=1.95219e-06    STRATEGY= 1  ERROR MATRIX UNCERTAINTY   2.9 per cent
  EXT PARAMETER                                   STEP         FIRST   
  NO.   NAME      VALUE            ERROR          SIZE      DERIVATIVE 
   1  N0           3.16406e+06   2.03737e+03  -1.71777e+00   5.63206e-07
   2  tau          6.43989e+01   constant   
   3  A0           3.42814e-01   8.94649e-04  -6.60097e-07  -6.22527e-01
   4  phi          4.12232e+00   2.53187e-03   5.86851e-06   1.32105e-01
   5  R           -6.14725e+01   constant   
   6  alpha_CBO    3.04941e-03   9.28860e-04  -1.64644e-08   1.23697e-02
   7  w_CBO        2.32500e+00   constant   
   8  beta_CBO     0.00000e+00     fixed    
   9  alpha_2CBO   0.00000e+00     fixed    
  10  beta_2CBO    1.34658e-03   8.83616e-04   1.10676e-06   6.19838e-01
  11  alpha_y      0.00000e+00     fixed    
  12  w_y          1.38860e+01   constant   
  13  beta_y      -1.35004e-05   8.85082e-04   4.32242e-07   1.08709e-01
  14  alpha_vw     0.00000e+00     fixed    
  15  w_vw         1.43404e+01   constant   
  16  beta_vw      0.00000e+00     fixed    
  17  LM          -2.06090e-04   constant   
  18  zeta_y       0.00000e+00   constant   
  19  zeta_vw      0.00000e+00   constant   
  20  T_CBO        4.54996e+01   4.10173e+00  -4.00044e-05   2.45854e-02
  21  alpha_A0     4.27684e+00   6.93311e+00  -9.64050e-03  -1.40385e-04
  22  beta_A0      9.87880e+00   7.03618e+00   4.82976e-03  -3.09184e-04
  23  alpha_phi    2.07991e+00   6.74918e+00  -8.68480e-03   2.48755e-05
  24  beta_phi     1.47103e+00   8.27497e+00   9.97239e-03   3.11989e-05
 EXTERNAL ERROR MATRIX.    NDIM=  25    NPAR= 11    ERR DEF=1
  4.151e+06 
  5.821e-02  8.004e-07 
 -5.980e-01  1.824e-07  6.410e-06 
  1.491e-01  1.484e-07  3.964e-07  8.628e-07 
 -1.034e-01  4.953e-08  1.539e-07  3.601e-08  7.808e-07 
 -3.230e-02 -1.634e-08 -2.337e-08 -3.961e-09  2.157e-09  7.834e-07 
  1.926e+03 -1.644e-05 -1.473e-03 -6.801e-05 -2.150e-04 -8.673e-05  1.683e+01 
  1.430e+03 -5.708e-04 -2.696e-05 -8.362e-04 -2.351e-05  1.025e-04 -1.828e+00  4.807e+01 
 -2.937e+02  2.669e-04  3.213e-03  8.510e-04  8.889e-04  6.843e-05 -1.066e+01 -9.339e+00  4.951e+01 
  9.488e+02  4.971e-04 -5.523e-04  8.424e-04 -1.855e-04 -1.160e-04  3.018e-01 -1.128e+00 -4.232e+00  4.555e+01 
 -1.828e+03  1.213e-03  2.961e-03  7.227e-04  4.646e-04 -1.257e-04 -1.901e+00 -4.102e+00  1.366e+01  3.827e+00  6.848e+01 
 PARAMETER  CORRELATION COEFFICIENTS  
       NO.  GLOBAL      1      3      4      6     10     13     20     21     22     23     24
        1  0.34490   1.000  0.032 -0.116  0.079 -0.057 -0.018  0.231  0.101 -0.020  0.069 -0.108
        3  0.25898   0.032  1.000  0.081  0.179  0.063 -0.021 -0.004 -0.092  0.042  0.082  0.164
        4  0.29491  -0.116  0.081  1.000  0.169  0.069 -0.010 -0.142 -0.002  0.180 -0.032  0.141
        6  0.31976   0.079  0.179  0.169  1.000  0.044 -0.005 -0.018 -0.130  0.130  0.134  0.094
       10  0.17376  -0.057  0.063  0.069  0.044  1.000  0.003 -0.059 -0.004  0.143 -0.031  0.064
       13  0.04673  -0.018 -0.021 -0.010 -0.005  0.003  1.000 -0.024  0.017  0.011 -0.019 -0.017
       20  0.46922   0.231 -0.004 -0.142 -0.018 -0.059 -0.024  1.000 -0.064 -0.369  0.011 -0.056
       21  0.31535   0.101 -0.092 -0.002 -0.130 -0.004  0.017 -0.064  1.000 -0.191 -0.024 -0.071
       22  0.52354  -0.020  0.042  0.180  0.130  0.143  0.011 -0.369 -0.191  1.000 -0.089  0.235
       23  0.22149   0.069  0.082 -0.032  0.134 -0.031 -0.019  0.011 -0.024 -0.089  1.000  0.069
       24  0.33066  -0.108  0.164  0.141  0.094  0.064 -0.017 -0.056 -0.071  0.235  0.069  1.000
MINUIT - FIT ONLY 2-CBO
 **********
 **   25 **RES 
 **********
                   PARAMETER   16  beta_vw RESTORED TO VARIABLE.
                   PARAMETER   14  alpha_vw RESTORED TO VARIABLE.
                   PARAMETER   11  alpha_y RESTORED TO VARIABLE.
                   PARAMETER    9  alpha_2CBO RESTORED TO VARIABLE.
                   PARAMETER    8  beta_CBO RESTORED TO VARIABLE.
 **********
 **   26 **FIX            0
 **********
 PARAMETER    0  IS UNDEFINED. IGNORED.
 **********
 **   27 **FIX            1
 **********
 **********
 **   28 **FIX            2
 **********
 PARAMETER    2  IS CONSTANT.   IGNORED.
 **********
 **   29 **FIX            3
 **********
 **********
 **   30 **FIX            4
 **********
 **********
 **   31 **FIX            5
 **********
 PARAMETER    5  IS CONSTANT.   IGNORED.
 **********
 **   32 **FIX            6
 **********
 **********
 **   33 **FIX            7
 **********
 PARAMETER    7  IS CONSTANT.   IGNORED.
 **********
 **   34 **FIX           10
 **********
 **********
 **   35 **FIX           11
 **********
 **********
 **   36 **FIX           12
 **********
 PARAMETER   12  IS CONSTANT.   IGNORED.
 **********
 **   37 **FIX           13
 **********
 **********
 **   38 **FIX           14
 **********
 **********
 **   39 **FIX           15
 **********
 PARAMETER   15  IS CONSTANT.   IGNORED.
 **********
 **   40 **FIX           16
 **********
 **********
 **   41 **MIGRAD
 **********
 START MIGRAD MINIMIZATION.  STRATEGY  1.  CONVERGENCE WHEN EDM .LT. 1.00e-04
 FCN=67.9738 FROM MIGRAD    STATUS=INITIATE       18 CALLS        1516 TOTAL
                     EDM= unknown      STRATEGY= 1      NO ERROR MATRIX       
  EXT PARAMETER               CURRENT GUESS       STEP         FIRST   
  NO.   NAME      VALUE            ERROR          SIZE      DERIVATIVE 
   1  N0           3.16406e+06     fixed    
   2  tau          6.43989e+01   constant   
   3  A0           3.42814e-01     fixed    
   4  phi          4.12232e+00     fixed    
   5  R           -6.14725e+01   constant   
   6  alpha_CBO    3.04941e-03     fixed    
   7  w_CBO        2.32500e+00   constant   
   8  beta_CBO     0.00000e+00   1.00000e-03   1.00000e-03   5.11581e+03
   9  alpha_2CBO   0.00000e+00   1.00000e-03   1.00000e-03   4.26179e+03
  10  beta_2CBO    1.34658e-03     fixed    
  11  alpha_y      0.00000e+00     fixed    
  12  w_y          1.38860e+01   constant   
  13  beta_y      -1.35004e-05     fixed    
  14  alpha_vw     0.00000e+00     fixed    
  15  w_vw         1.43404e+01   constant   
  16  beta_vw      0.00000e+00     fixed    
  17  LM          -2.06090e-04   constant   
  18  zeta_y       0.00000e+00   constant   
  19  zeta_vw      0.00000e+00   constant   
  20  T_CBO        4.54996e+01   4.10173e+00  -4.00044e-05   2.45869e-02
  21  alpha_A0     4.27684e+00   6.93311e+00  -9.64050e-03  -1.40385e-04
  22  beta_A0      9.87880e+00   7.03618e+00   4.82976e-03  -3.09184e-04
  23  alpha_phi    2.07991e+00   6.74918e+00  -8.68480e-03   2.48755e-05
  24  beta_phi     1.47103e+00   8.27497e+00   9.97239e-03   3.11989e-05
 MIGRAD MINIMIZATION HAS CONVERGED.
 MIGRAD WILL VERIFY CONVERGENCE AND ERROR MATRIX.
 FCN=58.7194 FROM HESSE     STATUS=NOT POSDEF     50 CALLS        1648 TOTAL
                     EDM=7.92325e-05    STRATEGY= 1      ERR MATRIX NOT POS-DEF
  EXT PARAMETER                APPROXIMATE        STEP         FIRST   
  NO.   NAME      VALUE            ERROR          SIZE      DERIVATIVE 
   1  N0           3.16406e+06     fixed    
   2  tau          6.43989e+01   constant   
   3  A0           3.42814e-01     fixed    
   4  phi          4.12232e+00     fixed    
   5  R           -6.14725e+01   constant   
   6  alpha_CBO    3.04941e-03     fixed    
   7  w_CBO        2.32500e+00   constant   
   8  beta_CBO    -2.13839e-03   9.05320e-04   3.37027e-06  -3.36398e-01
   9  alpha_2CBO  -1.77638e-03   9.01324e-04   3.33905e-06  -8.74827e-03
  10  beta_2CBO    1.34658e-03     fixed    
  11  alpha_y      0.00000e+00     fixed    
  12  w_y          1.38860e+01   constant   
  13  beta_y      -1.35004e-05     fixed    
  14  alpha_vw     0.00000e+00     fixed    
  15  w_vw         1.43404e+01   constant   
  16  beta_vw      0.00000e+00     fixed    
  17  LM          -2.06090e-04   constant   
  18  zeta_y       0.00000e+00   constant   
  19  zeta_vw      0.00000e+00   constant   
  20  T_CBO        4.58748e+01   4.91406e+01   5.75709e-05   2.26310e-02
  21  alpha_A0     1.89118e+00   1.74385e+01   2.63278e-02   2.19199e-05
  22  beta_A0      1.23889e+01   1.01839e+02   2.58481e-02  -1.22625e-04
  23  alpha_phi    1.67436e-01   6.76882e+00   2.49224e-02  -1.85384e-05
  24  beta_phi    -2.03100e+00   1.79106e+01   2.64714e-02   1.71308e-05
 CALL LIMIT EXCEEDED IN MIGRAD.
 MIGRAD TERMINATED WITHOUT CONVERGENCE.
 FCN=58.7146 FROM MIGRAD    STATUS=CALL LIMIT   1159 CALLS        2657 TOTAL
                     EDM=9.6914e-05    STRATEGY= 1      ERR MATRIX NOT POS-DEF
  EXT PARAMETER                APPROXIMATE        STEP         FIRST   
  NO.   NAME      VALUE            ERROR          SIZE      DERIVATIVE 
   1  N0           3.16406e+06     fixed    
   2  tau          6.43989e+01   constant   
   3  A0           3.42814e-01     fixed    
   4  phi          4.12232e+00     fixed    
   5  R           -6.14725e+01   constant   
   6  alpha_CBO    3.04941e-03     fixed    
   7  w_CBO        2.32500e+00   constant   
   8  beta_CBO    -2.13707e-03   9.55553e-04   9.34142e-07  -1.58348e+00
   9  alpha_2CBO  -1.77877e-03   9.91568e-04  -3.72598e-06  -7.34006e+00
  10  beta_2CBO    1.34658e-03     fixed    
  11  alpha_y      0.00000e+00     fixed    
  12  w_y          1.38860e+01   constant   
  13  beta_y      -1.35004e-05     fixed    
  14  alpha_vw     0.00000e+00     fixed    
  15  w_vw         1.43404e+01   constant   
  16  beta_vw      0.00000e+00     fixed    
  17  LM          -2.06090e-04   constant   
  18  zeta_y       0.00000e+00   constant   
  19  zeta_vw      0.00000e+00   constant   
  20  T_CBO        3.45201e+01   2.78245e+01  -8.62314e-04  -1.30503e+00
  21  alpha_A0     2.42263e+01   1.95787e+02   1.03962e+00   7.85312e-05
  22  beta_A0      1.50291e+02   1.15413e+03   6.58510e+00  -1.67368e-04
  23  alpha_phi    5.64077e-01   1.74345e+01  -2.27690e-02   9.47997e-05
  24  beta_phi    -2.42961e+01   1.84707e+02  -1.08273e+00   1.21445e-04
 EXTERNAL ERROR MATRIX.    NDIM=  25    NPAR=  7    ERR DEF=1
  9.131e-07  3.506e-08 -9.660e-04  6.099e-03  3.293e-02  1.927e-04 -4.707e-03 
  3.506e-08  9.832e-07 -4.864e-04  1.031e-02 -1.590e-02  7.532e-03  9.507e-03 
 -9.660e-04 -4.864e-04  7.803e+02 -5.397e+03 -3.220e+04 -6.701e+01  5.132e+03 
  6.099e-03  1.031e-02 -5.397e+03  3.833e+04  2.232e+05  9.292e+02 -3.515e+04 
  3.293e-02 -1.590e-02 -3.220e+04  2.232e+05  1.332e+06  2.715e+03 -2.124e+05 
  1.927e-04  7.532e-03 -6.701e+01  9.292e+02  2.715e+03  3.040e+02 -1.973e+02 
 -4.707e-03  9.507e-03  5.132e+03 -3.515e+04 -2.124e+05 -1.973e+02  3.412e+04 
ERR MATRIX NOT POS-DEF
 PARAMETER  CORRELATION COEFFICIENTS  
       NO.  GLOBAL      8      9     20     21     22     23     24
        8  0.16719   1.000  0.037 -0.036  0.033  0.030  0.012 -0.027
        9  0.77300   0.037  1.000 -0.018  0.053 -0.014  0.436  0.052
       20  0.99941  -0.036 -0.018  1.000 -0.987 -0.999 -0.138  0.995
       21  0.99808   0.033  0.053 -0.987  1.000  0.988  0.272 -0.972
       22  0.99974   0.030 -0.014 -0.999  0.988  1.000  0.135 -0.996
       23  0.90993   0.012  0.436 -0.138  0.272  0.135  1.000 -0.061
       24  0.99911  -0.027  0.052  0.995 -0.972 -0.996 -0.061  1.000
 ERR MATRIX NOT POS-DEF
MINUIT - FIT wiggle + 1-CBO + 2-CBO
 **********
 **   42 **RES 
 **********
                   PARAMETER   16  beta_vw RESTORED TO VARIABLE.
                   PARAMETER   14  alpha_vw RESTORED TO VARIABLE.
                   PARAMETER   13  beta_y RESTORED TO VARIABLE.
                   PARAMETER   11  alpha_y RESTORED TO VARIABLE.
                   PARAMETER   10  beta_2CBO RESTORED TO VARIABLE.
                   PARAMETER    6  alpha_CBO RESTORED TO VARIABLE.
                   PARAMETER    4  phi RESTORED TO VARIABLE.
                   PARAMETER    3  A0 RESTORED TO VARIABLE.
                   PARAMETER    1  N0 RESTORED TO VARIABLE.
 **********
 **   43 **FIX           10
 **********
 **********
 **   44 **FIX           11
 **********
 **********
 **   45 **FIX           12
 **********
 PARAMETER   12  IS CONSTANT.   IGNORED.
 **********
 **   46 **FIX           13
 **********
 **********
 **   47 **FIX           14
 **********
 **********
 **   48 **FIX           15
 **********
 PARAMETER   15  IS CONSTANT.   IGNORED.
 **********
 **   49 **FIX           16
 **********
 **********
 **   50 **MIGRAD
 **********
 START MIGRAD MINIMIZATION.  STRATEGY  1.  CONVERGENCE WHEN EDM .LT. 1.00e-04
 FCN=58.7146 FROM MIGRAD    STATUS=INITIATE       22 CALLS        2679 TOTAL
                     EDM= unknown      STRATEGY= 1      NO ERROR MATRIX       
  EXT PARAMETER               CURRENT GUESS       STEP         FIRST   
  NO.   NAME      VALUE            ERROR          SIZE      DERIVATIVE 
   1  N0           3.16406e+06   2.03737e+03   2.03737e+03  -2.52728e-05
   2  tau          6.43989e+01   constant   
   3  A0           3.42814e-01   8.94649e-04   8.94649e-04  -5.94565e+02
   4  phi          4.12232e+00   2.53187e-03   2.53187e-03   1.92309e+02
   5  R           -6.14725e+01   constant   
   6  alpha_CBO    3.04941e-03   9.28860e-04   9.28860e-04   2.88780e+02
   7  w_CBO        2.32500e+00   constant   
   8  beta_CBO    -2.13707e-03   9.55553e-04   9.34142e-07  -1.58348e+00
   9  alpha_2CBO  -1.77877e-03   9.91568e-04  -3.72598e-06  -7.34006e+00
  10  beta_2CBO    1.34658e-03     fixed    
  11  alpha_y      0.00000e+00     fixed    
  12  w_y          1.38860e+01   constant   
  13  beta_y      -1.35004e-05     fixed    
  14  alpha_vw     0.00000e+00     fixed    
  15  w_vw         1.43404e+01   constant   
  16  beta_vw      0.00000e+00     fixed    
  17  LM          -2.06090e-04   constant   
  18  zeta_y       0.00000e+00   constant   
  19  zeta_vw      0.00000e+00   constant   
  20  T_CBO        3.45201e+01   2.78245e+01  -8.62314e-04  -1.30504e+00
  21  alpha_A0     2.42263e+01   1.95787e+02   1.03962e+00   7.85312e-05
  22  beta_A0      1.50291e+02   1.15413e+03   6.58510e+00  -1.67368e-04
  23  alpha_phi    5.64077e-01   1.74345e+01  -2.27690e-02   9.47997e-05
  24  beta_phi    -2.42961e+01   1.84707e+02  -1.08273e+00   1.21445e-04
 MIGRAD MINIMIZATION HAS CONVERGED.
 MIGRAD WILL VERIFY CONVERGENCE AND ERROR MATRIX.
 FCN=58.5736 FROM HESSE     STATUS=NOT POSDEF    100 CALLS        2873 TOTAL
                     EDM=9.8635e-05    STRATEGY= 1      ERR MATRIX NOT POS-DEF
  EXT PARAMETER                APPROXIMATE        STEP         FIRST   
  NO.   NAME      VALUE            ERROR          SIZE      DERIVATIVE 
   1  N0           3.16424e+06   2.11333e+03   7.08020e+00  -1.67684e-06
   2  tau          6.43989e+01   constant   
   3  A0           3.43013e-01   8.84757e-04   3.10728e-06  -2.30041e-01
   4  phi          4.12167e+00   2.54276e-03   9.24799e-06   2.57434e-01
   5  R           -6.14725e+01   constant   
   6  alpha_CBO    2.93252e-03   9.34241e-04   3.32344e-06  -1.87276e+00
   7  w_CBO        2.32500e+00   constant   
   8  beta_CBO    -2.20329e-03   9.23144e-04   3.36611e-06  -2.41327e+00
   9  alpha_2CBO  -1.76573e-03   9.04081e-04   3.33496e-06  -6.70834e-01
  10  beta_2CBO    1.34658e-03     fixed    
  11  alpha_y      0.00000e+00     fixed    
  12  w_y          1.38860e+01   constant   
  13  beta_y      -1.35004e-05     fixed    
  14  alpha_vw     0.00000e+00     fixed    
  15  w_vw         1.43404e+01   constant   
  16  beta_vw      0.00000e+00     fixed    
  17  LM          -2.06090e-04   constant   
  18  zeta_y       0.00000e+00   constant   
  19  zeta_vw      0.00000e+00   constant   
  20  T_CBO        3.45461e+01   2.72889e+01   3.68693e-05   3.87813e-02
  21  alpha_A0     2.56429e+01   2.27317e+02   3.16304e-01   1.30862e-05
  22  beta_A0      1.51862e+02   1.21490e+03   3.11892e-01  -1.50501e-05
  23  alpha_phi    1.66361e+00   8.38783e+01   3.01409e-01   5.06357e-06
  24  beta_phi    -2.21625e+01   1.96534e+02   3.17760e-01  -1.15825e-05
 CALL LIMIT EXCEEDED IN MIGRAD.
 MIGRAD TERMINATED WITHOUT CONVERGENCE.
 FCN=58.5665 FROM MIGRAD    STATUS=CALL LIMIT   1917 CALLS        4574 TOTAL
                     EDM=9.69203e-05    STRATEGY= 1      ERR MATRIX NOT POS-DEF
  EXT PARAMETER                APPROXIMATE        STEP         FIRST   
  NO.   NAME      VALUE            ERROR          SIZE      DERIVATIVE 
   1  N0           3.16425e+06   2.09462e+03  -1.45232e+00   1.11200e-06
   2  tau          6.43989e+01   constant   
   3  A0           3.42994e-01   8.61195e-04   7.41479e-07  -2.79835e+00
   4  phi          4.12162e+00   2.53413e-03   5.10144e-08  -2.11031e-01
   5  R           -6.14725e+01   constant   
   6  alpha_CBO    2.92092e-03   9.19944e-04   5.02964e-07  -1.19352e+00
   7  w_CBO        2.32500e+00   constant   
   8  beta_CBO    -2.20119e-03   9.22422e-04   1.46205e-07  -4.26152e+00
   9  alpha_2CBO  -1.76694e-03   9.02096e-04   2.65838e-07  -5.21179e-01
  10  beta_2CBO    1.34658e-03     fixed    
  11  alpha_y      0.00000e+00     fixed    
  12  w_y          1.38860e+01   constant   
  13  beta_y      -1.35004e-05     fixed    
  14  alpha_vw     0.00000e+00     fixed    
  15  w_vw         1.43404e+01   constant   
  16  beta_vw      0.00000e+00     fixed    
  17  LM          -2.06090e-04   constant   
  18  zeta_y       0.00000e+00   constant   
  19  zeta_vw      0.00000e+00   constant   
  20  T_CBO        2.61058e+01   1.66255e+01  -7.39716e-04  -1.94849e+00
  21  alpha_A0     7.11244e+02   5.62573e+03   3.68673e+01   5.40514e-06
  22  beta_A0      3.94248e+03   3.17787e+04   2.22062e+02  -7.45197e-06
  23  alpha_phi   -7.91598e+00   2.70828e+02  -1.64416e+00   3.30983e-06
  24  beta_phi    -5.80814e+02   4.37749e+03  -2.93900e+01   6.50783e-07
 EXTERNAL ERROR MATRIX.    NDIM=  25    NPAR= 11    ERR DEF=1
  4.387e+06 
  2.214e-01  7.417e-07 
 -8.169e-01  1.039e-07  6.422e-06 
  1.346e-01  1.264e-07  3.664e-07  8.463e-07 
 -5.606e-02 -1.376e-07  2.244e-07  6.073e-09  8.509e-07 
  1.145e-02  4.920e-08  1.477e-10  2.292e-08  6.423e-09  8.138e-07 
  1.277e+03  2.827e-04  1.520e-03  2.282e-04 -9.582e-05 -2.097e-04  2.774e+02 
 -1.069e+04 -1.419e-01 -6.470e-01 -1.269e-01  6.246e-02  7.656e-02 -9.222e+04  3.165e+07 
 -1.788e+06 -5.515e-01 -3.320e+00 -4.843e-01 -1.935e-01  3.403e-01 -5.289e+05  1.761e+08  1.010e+09 
  8.654e+04  3.267e-03  1.580e-04  1.121e-02  1.775e-02  8.562e-03  3.155e+03 -8.809e+05 -6.018e+06  7.335e+04 
  7.431e+04  1.136e-01  4.995e-01  8.696e-02 -1.868e-02 -4.014e-02  7.234e+04 -2.458e+07 -1.381e+08  7.344e+05  1.916e+07 
ERR MATRIX NOT POS-DEF
 PARAMETER  CORRELATION COEFFICIENTS  
       NO.  GLOBAL      1      3      4      6      8      9     20     21     22     23     24
        1  0.38747   1.000  0.123 -0.154  0.070 -0.029  0.006  0.037 -0.001 -0.027  0.153  0.008
        3  0.34977   0.123  1.000  0.048  0.160 -0.173  0.063  0.020 -0.029 -0.020  0.014  0.030
        4  0.26845  -0.154  0.048  1.000  0.157  0.096  0.000  0.036 -0.045 -0.041  0.000  0.045
        6  0.30675   0.070  0.160  0.157  1.000  0.007  0.028  0.015 -0.025 -0.017  0.045  0.022
        8  0.42670  -0.029 -0.173  0.096  0.007  1.000  0.008 -0.006  0.012 -0.007  0.071 -0.005
        9  0.21091   0.006  0.063  0.000  0.028  0.008  1.000 -0.014  0.015  0.012  0.035 -0.010
       20  0.99944   0.037  0.020  0.036  0.015 -0.006 -0.014  1.000 -0.984 -0.999  0.699  0.992
       21  0.99956  -0.001 -0.029 -0.045 -0.025  0.012  0.015 -0.984  1.000  0.985 -0.578 -0.998
       22  0.99960  -0.027 -0.020 -0.041 -0.017 -0.007  0.012 -0.999  0.985  1.000 -0.699 -0.993
       23  0.95313   0.153  0.014  0.000  0.045  0.071  0.035  0.699 -0.578 -0.699  1.000  0.619
       24  0.99976   0.008  0.030  0.045  0.022 -0.005 -0.010  0.992 -0.998 -0.993  0.619  1.000
 ERR MATRIX NOT POS-DEF
MINUIT - FIT ONLY 1-y
 **********
 **   51 **RES 
 **********
                   PARAMETER   16  beta_vw RESTORED TO VARIABLE.
                   PARAMETER   14  alpha_vw RESTORED TO VARIABLE.
                   PARAMETER   13  beta_y RESTORED TO VARIABLE.
                   PARAMETER   11  alpha_y RESTORED TO VARIABLE.
                   PARAMETER   10  beta_2CBO RESTORED TO VARIABLE.
 **********
 **   52 **FIX            0
 **********
 PARAMETER    0  IS UNDEFINED. IGNORED.
 **********
 **   53 **FIX            1
 **********
 **********
 **   54 **FIX            2
 **********
 PARAMETER    2  IS CONSTANT.   IGNORED.
 **********
 **   55 **FIX            3
 **********
 **********
 **   56 **FIX            4
 **********
 **********
 **   57 **FIX            5
 **********
 PARAMETER    5  IS CONSTANT.   IGNORED.
 **********
 **   58 **FIX            6
 **********
 **********
 **   59 **FIX            7
 **********
 PARAMETER    7  IS CONSTANT.   IGNORED.
 **********
 **   60 **FIX            8
 **********
 **********
 **   61 **FIX            9
 **********
 **********
 **   62 **FIX           13
 **********
 **********
 **   63 **FIX           14
 **********
 **********
 **   64 **FIX           15
 **********
 PARAMETER   15  IS CONSTANT.   IGNORED.
 **********
 **   65 **FIX           16
 **********
 **********
 **   66 **MIGRAD
 **********
 START MIGRAD MINIMIZATION.  STRATEGY  1.  CONVERGENCE WHEN EDM .LT. 1.00e-04
 FCN=58.5665 FROM MIGRAD    STATUS=INITIATE       16 CALLS        4590 TOTAL
                     EDM= unknown      STRATEGY= 1      NO ERROR MATRIX       
  EXT PARAMETER               CURRENT GUESS       STEP         FIRST   
  NO.   NAME      VALUE            ERROR          SIZE      DERIVATIVE 
   1  N0           3.16425e+06     fixed    
   2  tau          6.43989e+01   constant   
   3  A0           3.42994e-01     fixed    
   4  phi          4.12162e+00     fixed    
   5  R           -6.14725e+01   constant   
   6  alpha_CBO    2.92092e-03     fixed    
   7  w_CBO        2.32500e+00   constant   
   8  beta_CBO    -2.20119e-03     fixed    
   9  alpha_2CBO  -1.76694e-03     fixed    
  10  beta_2CBO    1.34658e-03   8.83616e-04   8.83616e-04   3.05677e+02
  11  alpha_y      0.00000e+00   1.00000e-03   1.00000e-03   5.99461e+03
  12  w_y          1.38860e+01   constant   
  13  beta_y      -1.35004e-05     fixed    
  14  alpha_vw     0.00000e+00     fixed    
  15  w_vw         1.43404e+01   constant   
  16  beta_vw      0.00000e+00     fixed    
  17  LM          -2.06090e-04   constant   
  18  zeta_y       0.00000e+00   constant   
  19  zeta_vw      0.00000e+00   constant   
  20  T_CBO        2.61058e+01   1.66255e+01  -7.39716e-04  -1.94850e+00
  21  alpha_A0     7.11244e+02   5.62573e+03   3.68673e+01   5.40514e-06
  22  beta_A0      3.94248e+03   3.17787e+04   2.22062e+02  -7.45196e-06
  23  alpha_phi   -7.91598e+00   2.70828e+02  -1.64416e+00   3.30983e-06
  24  beta_phi    -5.80814e+02   4.37749e+03  -2.93900e+01   6.50783e-07
 MIGRAD MINIMIZATION HAS CONVERGED.
 MIGRAD WILL VERIFY CONVERGENCE AND ERROR MATRIX.
 FCN=51.4015 FROM MIGRAD    STATUS=CONVERGED     131 CALLS        4705 TOTAL
                     EDM=7.54945e-07    STRATEGY= 1      ERR MATRIX NOT POS-DEF
  EXT PARAMETER                APPROXIMATE        STEP         FIRST   
  NO.   NAME      VALUE            ERROR          SIZE      DERIVATIVE 
   1  N0           3.16425e+06     fixed    
   2  tau          6.43989e+01   constant   
   3  A0           3.42994e-01     fixed    
   4  phi          4.12162e+00     fixed    
   5  R           -6.14725e+01   constant   
   6  alpha_CBO    2.92092e-03     fixed    
   7  w_CBO        2.32500e+00   constant   
   8  beta_CBO    -2.20119e-03     fixed    
   9  alpha_2CBO  -1.76694e-03     fixed    
  10  beta_2CBO    1.20282e-03   9.11480e-04   3.14586e-06   1.15055e-01
  11  alpha_y     -2.38327e-03   8.88602e-04   3.15058e-06  -2.60127e-02
  12  w_y          1.38860e+01   constant   
  13  beta_y      -1.35004e-05     fixed    
  14  alpha_vw     0.00000e+00     fixed    
  15  w_vw         1.43404e+01   constant   
  16  beta_vw      0.00000e+00     fixed    
  17  LM          -2.06090e-04   constant   
  18  zeta_y       0.00000e+00   constant   
  19  zeta_vw      0.00000e+00   constant   
  20  T_CBO        2.60867e+01   1.62448e+01   2.30669e-05  -3.72373e-04
  21  alpha_A0     6.77819e+02   6.15939e+03   7.26749e+00   2.62193e-07
  22  beta_A0      3.90478e+03   3.25507e+04   7.21538e+00   2.22265e-08
  23  alpha_phi    1.34097e+02   2.36977e+03   7.02250e+00   1.13869e-07
  24  beta_phi    -6.10304e+02   5.46236e+03   7.29507e+00   3.44119e-07
 EXTERNAL ERROR MATRIX.    NDIM=  25    NPAR=  7    ERR DEF=1
  8.308e-07  5.568e-09 -3.343e-04  2.489e-01  9.793e-01 -2.078e-01  1.235e-01 
  5.568e-09  7.896e-07 -1.545e-05  7.376e-03  4.578e-02 -3.687e-02 -7.645e-03 
 -3.343e-04 -1.545e-05  2.648e+02 -9.363e+04 -5.285e+05 -1.668e+04  8.106e+04 
  2.489e-01  7.376e-03 -9.363e+04  3.794e+07  1.868e+08  5.774e+06 -2.866e+07 
  9.793e-01  4.578e-02 -5.285e+05  1.868e+08  1.060e+09  3.325e+07 -1.612e+08 
 -2.078e-01 -3.687e-02 -1.668e+04  5.774e+06  3.325e+07  5.616e+06 -4.669e+06 
  1.235e-01 -7.645e-03  8.106e+04 -2.866e+07 -1.612e+08 -4.669e+06  2.984e+07 
ERR MATRIX NOT POS-DEF
 PARAMETER  CORRELATION COEFFICIENTS  
       NO.  GLOBAL     10     11     20     21     22     23     24
       10  0.22991   1.000  0.007 -0.023  0.044  0.033 -0.096  0.025
       11  0.02159   0.007  1.000 -0.001  0.001  0.002 -0.018 -0.002
       20  0.99796  -0.023 -0.001  1.000 -0.934 -0.998 -0.433  0.912
       21  0.93446   0.044  0.001 -0.934  1.000  0.931  0.396 -0.852
       22  0.99776   0.033  0.002 -0.998  0.931  1.000  0.431 -0.906
       23  0.45595  -0.096 -0.018 -0.433  0.396  0.431  1.000 -0.361
       24  0.91510   0.025 -0.002  0.912 -0.852 -0.906 -0.361  1.000
 ERR MATRIX NOT POS-DEF
MINUIT - FIT ONLY 2-y
 **********
 **   67 **RES 
 **********
                   PARAMETER   16  beta_vw RESTORED TO VARIABLE.
                   PARAMETER   14  alpha_vw RESTORED TO VARIABLE.
                   PARAMETER   13  beta_y RESTORED TO VARIABLE.
                   PARAMETER    9  alpha_2CBO RESTORED TO VARIABLE.
                   PARAMETER    8  beta_CBO RESTORED TO VARIABLE.
                   PARAMETER    6  alpha_CBO RESTORED TO VARIABLE.
                   PARAMETER    4  phi RESTORED TO VARIABLE.
                   PARAMETER    3  A0 RESTORED TO VARIABLE.
                   PARAMETER    1  N0 RESTORED TO VARIABLE.
 **********
 **   68 **FIX            0
 **********
 PARAMETER    0  IS UNDEFINED. IGNORED.
 **********
 **   69 **FIX            1
 **********
 **********
 **   70 **FIX            2
 **********
 PARAMETER    2  IS CONSTANT.   IGNORED.
 **********
 **   71 **FIX            3
 **********
 **********
 **   72 **FIX            4
 **********
 **********
 **   73 **FIX            5
 **********
 PARAMETER    5  IS CONSTANT.   IGNORED.
 **********
 **   74 **FIX            6
 **********
 **********
 **   75 **FIX            7
 **********
 PARAMETER    7  IS CONSTANT.   IGNORED.
 **********
 **   76 **FIX            8
 **********
 **********
 **   77 **FIX            9
 **********
 **********
 **   78 **FIX           10
 **********
 **********
 **   79 **FIX           11
 **********
 **********
 **   80 **FIX           12
 **********
 PARAMETER   12  IS CONSTANT.   IGNORED.
 **********
 **   81 **FIX           16
 **********
 **********
 **   82 **MIGRAD
 **********
 START MIGRAD MINIMIZATION.  STRATEGY  1.  CONVERGENCE WHEN EDM .LT. 1.00e-04
 FCN=51.4015 FROM MIGRAD    STATUS=INITIATE       16 CALLS        4721 TOTAL
                     EDM= unknown      STRATEGY= 1      NO ERROR MATRIX       
  EXT PARAMETER               CURRENT GUESS       STEP         FIRST   
  NO.   NAME      VALUE            ERROR          SIZE      DERIVATIVE 
   1  N0           3.16425e+06     fixed    
   2  tau          6.43989e+01   constant   
   3  A0           3.42994e-01     fixed    
   4  phi          4.12162e+00     fixed    
   5  R           -6.14725e+01   constant   
   6  alpha_CBO    2.92092e-03     fixed    
   7  w_CBO        2.32500e+00   constant   
   8  beta_CBO    -2.20119e-03     fixed    
   9  alpha_2CBO  -1.76694e-03     fixed    
  10  beta_2CBO    1.20282e-03     fixed    
  11  alpha_y     -2.38327e-03     fixed    
  12  w_y          1.38860e+01   constant   
  13  beta_y      -1.35004e-05   8.85082e-04   8.85082e-04  -8.31216e+01
  14  alpha_vw     0.00000e+00   1.00000e-03   1.00000e-03  -6.25239e+02
  15  w_vw         1.43404e+01   constant   
  16  beta_vw      0.00000e+00     fixed    
