 + ++++++++++++++++++++++++++++++++++++++++++++++++++++++++++++++++++++ +
 +                                                                      +
 +           You have chose to blind your fitting according to          +
 +                omega_ref * (1 + (R +/- deltaR) *10^{-6})             +
 +                                                                      +
 + ++++++++++++++++++++++++++++++++++++++++++++++++++++++++++++++++++++ +
In main()...
reading format from /gm2data/zkhechad/run45/envelope/formats/formatB_sBin_constraintOn.txt
pBinTau 	= 0  
pBinPhi 	= 0  
constraintau 	= 1 
includeMopTerm 	= 0    
constrainMop    = 0   
Parameters after format file: pBinTau 0 pBinPhi 0 constraintau 1 includeMopTerm 0 constrainMop 0 c_e_scale 0.000000 
Opening file /gm2data/tbarrett/gm2fr/studies/run23_bunch_corrections/CorrectedFourier_Run3b.root.
reading full fit data from /gm2data/zkhechad/cboTemplates/Run4CBOTemplates/fullFits/noRF/sBin_constraintOn_cE0.0_seed0_noRF_calo1.root
windowBins = 34
fitting sliding window 70 from bin 206 at 30.586000 to bin 240 at 35.808000 (34 bins)

Reading data from /gm2data/cornell/histograms/aMethod/histogram_a_noRF.root
 **********
 **    1 **SET PRINTOUT            1
 **********
 **********
 **    2 **SET NOWARNINGS 
 **********
 PARAMETER DEFINITIONS:
    NO.   NAME         VALUE      STEP SIZE      LIMITS
     1 N0           3.52378e+06  1.00000e+02     no limits
     2 tau          6.43930e+01  constant
     3 A0           3.54691e-01  1.00000e-04     no limits
     4 phi          4.12302e+00  1.00000e-02     no limits
     5 R           -6.08522e+01  constant
     6 alpha_CBO    0.00000e+00  1.00000e-03     no limits
     7 w_CBO        2.32500e+00  constant
     8 beta_CBO     0.00000e+00  1.00000e-03     no limits
     9 alpha_2CBO   0.00000e+00  1.00000e-03     no limits
    10 beta_2CBO    0.00000e+00  1.00000e-03     no limits
    11 alpha_y      0.00000e+00  1.00000e-03     no limits
    12 w_y          1.38860e+01  constant
    13 beta_y       0.00000e+00  1.00000e-03     no limits
    14 alpha_vw     0.00000e+00  1.00000e-03     no limits
    15 w_vw         1.43404e+01  constant
    16 beta_vw      0.00000e+00  1.00000e-03     no limits
    17 LM          -3.26196e-04  constant
    18 zeta_y       0.00000e+00  constant
    19 zeta_vw      0.00000e+00  constant
    20 T_CBO        1.00000e+02  1.00000e+00    0.00000e+00  1.00000e+03
    21 alpha_A0     0.00000e+00  1.00000e-04   -1.00000e-02  1.00000e-02
    22 beta_A0      0.00000e+00  1.00000e-04   -1.00000e-02  1.00000e-02
    23 alpha_phi    0.00000e+00  1.00000e-04   -1.00000e-02  1.00000e-02
    24 beta_phi     0.00000e+00  1.00000e-04   -1.00000e-02  1.00000e-02
MINUIT - FIT ONLY WIGGLE
 **********
 **    3 **FIX            5
 **********
 PARAMETER    5  IS CONSTANT.   IGNORED.
 **********
 **    4 **FIX            6
 **********
 **********
 **    5 **FIX            7
 **********
 PARAMETER    7  IS CONSTANT.   IGNORED.
 **********
 **    6 **FIX            8
 **********
 **********
 **    7 **FIX            9
 **********
 **********
 **    8 **FIX           10
 **********
 **********
 **    9 **FIX           11
 **********
 **********
 **   10 **FIX           12
 **********
 PARAMETER   12  IS CONSTANT.   IGNORED.
 **********
 **   11 **FIX           13
 **********
 **********
 **   12 **FIX           14
 **********
 **********
 **   13 **FIX           15
 **********
 PARAMETER   15  IS CONSTANT.   IGNORED.
 **********
 **   14 **FIX           16
 **********
 **********
 **   15 **MIGRAD
 **********
 FIRST CALL TO USER FUNCTION AT NEW START POINT, WITH IFLAG=4.
 START MIGRAD MINIMIZATION.  STRATEGY  1.  CONVERGENCE WHEN EDM .LT. 1.00e-04
 FCN=9237.65 FROM MIGRAD    STATUS=INITIATE      433 CALLS         434 TOTAL
                     EDM= unknown      STRATEGY= 1      NO ERROR MATRIX       
  EXT PARAMETER               CURRENT GUESS       STEP         FIRST   
  NO.   NAME      VALUE            ERROR          SIZE      DERIVATIVE 
   1  N0           3.52378e+06   1.00000e+02   0.00000e+00   1.98908e-02
   2  tau          6.43930e+01   constant   
   3  A0           3.54691e-01   1.00000e-04   0.00000e+00  -5.01329e+05
   4  phi          4.12302e+00   1.00000e-02   0.00000e+00  -1.49052e+05
   5  R           -6.08522e+01   constant   
   6  alpha_CBO    0.00000e+00     fixed    
   7  w_CBO        2.32500e+00   constant   
   8  beta_CBO     0.00000e+00     fixed    
   9  alpha_2CBO   0.00000e+00     fixed    
  10  beta_2CBO    0.00000e+00     fixed    
  11  alpha_y      0.00000e+00     fixed    
  12  w_y          1.38860e+01   constant   
  13  beta_y       0.00000e+00     fixed    
  14  alpha_vw     0.00000e+00     fixed    
  15  w_vw         1.43404e+01   constant   
  16  beta_vw      0.00000e+00     fixed    
  17  LM          -3.26196e-04   constant   
  18  zeta_y       0.00000e+00   constant   
  19  zeta_vw      0.00000e+00   constant   
  20  T_CBO        1.00000e+02   1.00000e+00   0.00000e+00   0.00000e+00
  21  alpha_A0     0.00000e+00   1.00000e-04   0.00000e+00   3.58273e+02
  22  beta_A0      0.00000e+00   1.00000e-04   0.00000e+00  -3.43275e+01
  23  alpha_phi    0.00000e+00   1.00000e-04   0.00000e+00  -2.73222e+02
  24  beta_phi     0.00000e+00   1.00000e-04   0.00000e+00   7.36520e+02
 MIGRAD MINIMIZATION HAS CONVERGED.
 FCN=6264.86 FROM MIGRAD    STATUS=CONVERGED     775 CALLS         776 TOTAL
                     EDM=8.14903e-06    STRATEGY= 1  ERROR MATRIX UNCERTAINTY   2.5 per cent
  EXT PARAMETER                                   STEP         FIRST   
  NO.   NAME      VALUE            ERROR          SIZE      DERIVATIVE 
   1  N0           3.53035e+06   3.03893e+02  -1.70167e+00  -2.56007e-06
   2  tau          6.43930e+01   constant   
   3  A0           3.59591e-01   9.70232e-05  -3.26331e-07   1.98646e+01
   4  phi          4.13067e+00   3.24304e-04   5.72916e-07  -1.22065e+01
   5  R           -6.08522e+01   constant   
   6  alpha_CBO    0.00000e+00     fixed    
   7  w_CBO        2.32500e+00   constant   
   8  beta_CBO     0.00000e+00     fixed    
   9  alpha_2CBO   0.00000e+00     fixed    
  10  beta_2CBO    0.00000e+00     fixed    
  11  alpha_y      0.00000e+00     fixed    
  12  w_y          1.38860e+01   constant   
  13  beta_y       0.00000e+00     fixed    
  14  alpha_vw     0.00000e+00     fixed    
  15  w_vw         1.43404e+01   constant   
  16  beta_vw      0.00000e+00     fixed    
  17  LM          -3.26196e-04   constant   
  18  zeta_y       0.00000e+00   constant   
  19  zeta_vw      0.00000e+00   constant   
  20  T_CBO        1.00000e+03   2.19766e+01   5.96715e-04** at limit **
  21  alpha_A0     5.68254e-03   4.80097e-04  -1.55683e-04  -9.99521e-02
  22  beta_A0      1.00000e-02   1.18463e-05   7.04913e-05** at limit **
  23  alpha_phi    1.00000e-02   2.84228e-05  -7.70558e-04** at limit **
  24  beta_phi    -1.00000e-02   5.56041e-05   2.29753e-04** at limit **
 EXTERNAL ERROR MATRIX.    NDIM=  25    NPAR=  8    ERR DEF=1
  9.235e+04  9.315e-03 -2.456e-02 -1.666e-02  6.570e-02  4.513e-08  1.050e-08  9.963e-08 
  9.315e-03  9.414e-09 -2.150e-09 -1.925e-08  1.440e-08  1.327e-15  2.008e-15 -1.494e-14 
 -2.456e-02 -2.150e-09  1.052e-07 -1.028e-07 -7.827e-08  1.192e-14 -1.257e-14 -3.386e-13 
 -1.666e-02 -1.925e-08 -1.028e-07  5.631e-04 -3.735e-08  1.604e-12 -1.991e-13 -1.480e-11 
  6.570e-02  1.440e-08 -7.827e-08 -3.735e-08  2.308e-07  1.906e-13  7.190e-14  3.336e-13 
  4.513e-08  1.327e-15  1.192e-14  1.604e-12  1.906e-13  4.321e-17 -1.971e-19  3.780e-18 
  1.050e-08  2.008e-15 -1.257e-14 -1.991e-13  7.190e-14 -1.971e-19  4.221e-17 -2.609e-18 
  9.963e-08 -1.494e-14 -3.386e-13 -1.480e-11  3.336e-13  3.780e-18 -2.609e-18  3.789e-15 
 PARAMETER  CORRELATION COEFFICIENTS  
       NO.  GLOBAL      1      3      4     20     21     22     23     24
        1  0.48922   1.000  0.316 -0.249 -0.002  0.450  0.023  0.005  0.005
        3  0.38272   0.316  1.000 -0.068 -0.008  0.309  0.002  0.003 -0.003
        4  0.51445  -0.249 -0.068  1.000 -0.013 -0.502  0.006 -0.006 -0.017
       20  0.02411  -0.002 -0.008 -0.013  1.000 -0.003  0.010 -0.001 -0.010
       21  0.63322   0.450  0.309 -0.502 -0.003  1.000  0.060  0.023  0.011
       22  0.07811   0.023  0.002  0.006  0.010  0.060  1.000 -0.005  0.009
       23  0.02652   0.005  0.003 -0.006 -0.001  0.023 -0.005  1.000 -0.007
       24  0.02367   0.005 -0.003 -0.017 -0.010  0.011  0.009 -0.007  1.000
MINUIT - FIT ONLY 1-CBO + wiggle
 **********
 **   16 **RES 
 **********
                   PARAMETER   16  beta_vw RESTORED TO VARIABLE.
                   PARAMETER   14  alpha_vw RESTORED TO VARIABLE.
                   PARAMETER   13  beta_y RESTORED TO VARIABLE.
                   PARAMETER   11  alpha_y RESTORED TO VARIABLE.
                   PARAMETER   10  beta_2CBO RESTORED TO VARIABLE.
                   PARAMETER    9  alpha_2CBO RESTORED TO VARIABLE.
                   PARAMETER    8  beta_CBO RESTORED TO VARIABLE.
                   PARAMETER    6  alpha_CBO RESTORED TO VARIABLE.
 **********
 **   17 **FIX            8
 **********
 **********
 **   18 **FIX            9
 **********
 **********
 **   19 **FIX           11
 **********
 **********
 **   20 **FIX           12
 **********
 PARAMETER   12  IS CONSTANT.   IGNORED.
 **********
 **   21 **FIX           14
 **********
 **********
 **   22 **FIX           15
 **********
 PARAMETER   15  IS CONSTANT.   IGNORED.
 **********
 **   23 **FIX           16
 **********
 **********
 **   24 **MIGRAD
 **********
 START MIGRAD MINIMIZATION.  STRATEGY  1.  CONVERGENCE WHEN EDM .LT. 1.00e-04
 FCN=6264.86 FROM MIGRAD    STATUS=INITIATE       36 CALLS         812 TOTAL
                     EDM= unknown      STRATEGY= 1      NO ERROR MATRIX       
  EXT PARAMETER               CURRENT GUESS       STEP         FIRST   
  NO.   NAME      VALUE            ERROR          SIZE      DERIVATIVE 
   1  N0           3.53035e+06   3.03893e+02  -1.70167e+00  -2.37357e-06
   2  tau          6.43930e+01   constant   
   3  A0           3.59591e-01   9.70232e-05  -3.26331e-07   2.07693e+01
   4  phi          4.13067e+00   3.24304e-04   5.72916e-07  -1.21277e+01
   5  R           -6.08522e+01   constant   
   6  alpha_CBO    0.00000e+00   1.00000e-03   1.00000e-03   6.93485e+05
   7  w_CBO        2.32500e+00   constant   
   8  beta_CBO     0.00000e+00     fixed    
   9  alpha_2CBO   0.00000e+00     fixed    
  10  beta_2CBO    0.00000e+00   1.00000e-03   1.00000e-03  -8.17843e+04
  11  alpha_y      0.00000e+00     fixed    
  12  w_y          1.38860e+01   constant   
  13  beta_y       0.00000e+00   1.00000e-03   1.00000e-03   1.34418e+05
  14  alpha_vw     0.00000e+00     fixed    
  15  w_vw         1.43404e+01   constant   
  16  beta_vw      0.00000e+00     fixed    
  17  LM          -3.26196e-04   constant   
  18  zeta_y       0.00000e+00   constant   
  19  zeta_vw      0.00000e+00   constant   
  20  T_CBO        9.99999e+02   2.19766e+01   5.96715e-04  -4.36127e-02
  21  alpha_A0     5.68254e-03   4.80097e-04  -1.55683e-04  -9.88008e-02
  22  beta_A0      9.99998e-03   1.18463e-05   7.04913e-05  -1.63237e+00
  23  alpha_phi    9.99998e-03   2.84228e-05  -7.70558e-04  -6.83613e-01
  24  beta_phi    -9.99998e-03   5.56041e-05   2.29753e-04   3.45198e-01
 MIGRAD MINIMIZATION HAS CONVERGED.
 FCN=4514.04 FROM MIGRAD    STATUS=CONVERGED     636 CALLS        1412 TOTAL
                     EDM=1.04053e-06    STRATEGY= 1  ERROR MATRIX UNCERTAINTY   0.7 per cent
  EXT PARAMETER                                   STEP         FIRST   
  NO.   NAME      VALUE            ERROR          SIZE      DERIVATIVE 
   1  N0           3.53037e+06   2.79867e+02  -2.62849e-01  -1.48736e-06
   2  tau          6.43930e+01   constant   
   3  A0           3.58845e-01   1.02755e-04   2.11691e-07   4.85400e-01
   4  phi          4.12422e+00   3.32433e-04  -1.99280e-07  -2.92238e-01
   5  R           -6.08522e+01   constant   
   6  alpha_CBO   -5.04308e-03   1.23347e-04   3.06843e-08   2.23476e+00
   7  w_CBO        2.32500e+00   constant   
   8  beta_CBO     0.00000e+00     fixed    
   9  alpha_2CBO   0.00000e+00     fixed    
  10  beta_2CBO    4.63773e-04   1.03511e-04  -4.84839e-07  -2.72906e+00
  11  alpha_y      0.00000e+00     fixed    
  12  w_y          1.38860e+01   constant   
  13  beta_y      -7.64583e-04   1.02212e-04   3.38641e-07  -1.68563e-01
  14  alpha_vw     0.00000e+00     fixed    
  15  w_vw         1.43404e+01   constant   
  16  beta_vw      0.00000e+00     fixed    
  17  LM          -3.26196e-04   constant   
  18  zeta_y       0.00000e+00   constant   
  19  zeta_vw      0.00000e+00   constant   
  20  T_CBO        1.00000e+03   3.85293e+00   8.01047e-05** at limit **
  21  alpha_A0     1.00000e-02   3.39448e-04   7.99012e-04** at limit **
  22  beta_A0      1.00000e-02   5.57960e-05   5.92027e-04** at limit **
  23  alpha_phi    5.73763e-03   4.19231e-04   2.98580e-05  -7.49855e-04
  24  beta_phi    -1.00000e-02   9.99320e-06   5.00152e-05** at limit **
 EXTERNAL ERROR MATRIX.    NDIM=  25    NPAR= 11    ERR DEF=1
  7.833e+04 
  8.901e-03  1.056e-08 
  3.839e-03  9.435e-09  1.105e-07 
  4.643e-03  3.974e-09  1.795e-08  1.521e-08 
  2.707e-04  2.397e-10  2.269e-09 -1.795e-10  1.071e-08 
  8.846e-04 -8.174e-11  1.774e-10  1.350e-11 -3.424e-10  1.045e-08 
  3.136e-03 -4.118e-09  3.214e-09 -8.989e-10  8.766e-09 -6.495e-09  1.022e-04 
 -5.183e-07 -2.403e-13  1.051e-12  9.957e-14  1.552e-13  2.897e-13 -6.572e-12  2.507e-14 
 -7.966e-11  4.861e-15 -1.087e-16  1.303e-15 -6.542e-15  2.823e-15  1.810e-11  6.611e-18  2.267e-16 
  2.244e-02  1.811e-08  5.422e-08  2.358e-08 -3.431e-09  3.103e-11 -5.771e-09 -2.082e-13  1.002e-14  1.759e-07 
 -1.243e-07  4.543e-14 -8.235e-14 -3.267e-15 -1.790e-13  1.033e-13 -2.395e-12  1.594e-16 -1.574e-17  1.371e-13  8.017e-16 
 PARAMETER  CORRELATION COEFFICIENTS  
       NO.  GLOBAL      1      3      4      6     10     13     20     21     22     23     24
        1  0.32981   1.000  0.310  0.041  0.135  0.009  0.031  0.001 -0.012 -0.000  0.191 -0.016
        3  0.50805   0.310  1.000  0.276  0.314  0.023 -0.008 -0.004 -0.015  0.003  0.420  0.016
        4  0.50655   0.041  0.276  1.000  0.438  0.066  0.005  0.001  0.020 -0.000  0.389 -0.009
        6  0.54632   0.135  0.314  0.438  1.000 -0.014  0.001 -0.001  0.005  0.001  0.456 -0.001
       10  0.15718   0.009  0.023  0.066 -0.014  1.000 -0.032  0.008  0.009 -0.004 -0.079 -0.061
       13  0.06352   0.031 -0.008  0.005  0.001 -0.032  1.000 -0.006  0.018  0.002  0.001  0.036
       20  0.11964   0.001 -0.004  0.001 -0.001  0.008 -0.006  1.000 -0.004  0.119 -0.001 -0.008
       21  0.05127  -0.012 -0.015  0.020  0.005  0.009  0.018 -0.004  1.000  0.003 -0.003  0.036
       22  0.12467  -0.000  0.003 -0.000  0.001 -0.004  0.002  0.119  0.003  1.000  0.002 -0.037
       23  0.57714   0.191  0.420  0.389  0.456 -0.079  0.001 -0.001 -0.003  0.002  1.000  0.012
       24  0.09243  -0.016  0.016 -0.009 -0.001 -0.061  0.036 -0.008  0.036 -0.037  0.012  1.000
MINUIT - FIT ONLY 2-CBO
 **********
 **   25 **RES 
 **********
                   PARAMETER   16  beta_vw RESTORED TO VARIABLE.
                   PARAMETER   14  alpha_vw RESTORED TO VARIABLE.
                   PARAMETER   11  alpha_y RESTORED TO VARIABLE.
                   PARAMETER    9  alpha_2CBO RESTORED TO VARIABLE.
                   PARAMETER    8  beta_CBO RESTORED TO VARIABLE.
 **********
 **   26 **FIX            0
 **********
 PARAMETER    0  IS UNDEFINED. IGNORED.
 **********
 **   27 **FIX            1
 **********
 **********
 **   28 **FIX            2
 **********
 PARAMETER    2  IS CONSTANT.   IGNORED.
 **********
 **   29 **FIX            3
 **********
 **********
 **   30 **FIX            4
 **********
 **********
 **   31 **FIX            5
 **********
 PARAMETER    5  IS CONSTANT.   IGNORED.
 **********
 **   32 **FIX            6
 **********
 **********
 **   33 **FIX            7
 **********
 PARAMETER    7  IS CONSTANT.   IGNORED.
 **********
 **   34 **FIX           10
 **********
 **********
 **   35 **FIX           11
 **********
 **********
 **   36 **FIX           12
 **********
 PARAMETER   12  IS CONSTANT.   IGNORED.
 **********
 **   37 **FIX           13
 **********
 **********
 **   38 **FIX           14
 **********
 **********
 **   39 **FIX           15
 **********
 PARAMETER   15  IS CONSTANT.   IGNORED.
 **********
 **   40 **FIX           16
 **********
 **********
 **   41 **MIGRAD
 **********
 START MIGRAD MINIMIZATION.  STRATEGY  1.  CONVERGENCE WHEN EDM .LT. 1.00e-04
 FCN=4514.04 FROM MIGRAD    STATUS=INITIATE       26 CALLS        1438 TOTAL
                     EDM= unknown      STRATEGY= 1      NO ERROR MATRIX       
  EXT PARAMETER               CURRENT GUESS       STEP         FIRST   
  NO.   NAME      VALUE            ERROR          SIZE      DERIVATIVE 
   1  N0           3.53037e+06     fixed    
   2  tau          6.43930e+01   constant   
   3  A0           3.58845e-01     fixed    
   4  phi          4.12422e+00     fixed    
   5  R           -6.08522e+01   constant   
   6  alpha_CBO   -5.04308e-03     fixed    
   7  w_CBO        2.32500e+00   constant   
   8  beta_CBO     0.00000e+00   1.00000e-03   1.00000e-03  -7.95505e+05
   9  alpha_2CBO   0.00000e+00   1.00000e-03   1.00000e-03  -1.02089e+05
  10  beta_2CBO    4.63773e-04     fixed    
  11  alpha_y      0.00000e+00     fixed    
  12  w_y          1.38860e+01   constant   
  13  beta_y      -7.64583e-04     fixed    
  14  alpha_vw     0.00000e+00     fixed    
  15  w_vw         1.43404e+01   constant   
  16  beta_vw      0.00000e+00     fixed    
  17  LM          -3.26196e-04   constant   
  18  zeta_y       0.00000e+00   constant   
  19  zeta_vw      0.00000e+00   constant   
  20  T_CBO        9.99999e+02   3.85293e+00   8.01047e-05  -2.89488e-02
  21  alpha_A0     9.99998e-03   3.39448e-04   7.99012e-04  -5.70244e-02
  22  beta_A0      9.99998e-03   5.57960e-05   5.92027e-04  -3.48148e-01
  23  alpha_phi    5.73763e-03   4.19231e-04   2.98580e-05   5.58351e-05
  24  beta_phi    -9.99998e-03   9.99320e-06   5.00152e-05   1.29669e+00
 MIGRAD MINIMIZATION HAS CONVERGED.
 MIGRAD WILL VERIFY CONVERGENCE AND ERROR MATRIX.
 COVARIANCE MATRIX CALCULATED SUCCESSFULLY
 FCN=2637.96 FROM MIGRAD    STATUS=CONVERGED     167 CALLS        1579 TOTAL
                     EDM=8.18524e-05    STRATEGY= 1      ERROR MATRIX ACCURATE 
  EXT PARAMETER                                   STEP         FIRST   
  NO.   NAME      VALUE            ERROR          SIZE      DERIVATIVE 
   1  N0           3.53037e+06     fixed    
   2  tau          6.43930e+01   constant   
   3  A0           3.58845e-01     fixed    
   4  phi          4.12422e+00     fixed    
   5  R           -6.08522e+01   constant   
   6  alpha_CBO   -5.04308e-03     fixed    
   7  w_CBO        2.32500e+00   constant   
   8  beta_CBO     4.68120e-03   1.08967e-04   2.72441e-06   1.68174e+00
   9  alpha_2CBO   2.77071e-04   1.08477e-04   2.71142e-06  -1.13225e+01
  10  beta_2CBO    4.63773e-04     fixed    
  11  alpha_y      0.00000e+00     fixed    
  12  w_y          1.38860e+01   constant   
  13  beta_y      -7.64583e-04     fixed    
  14  alpha_vw     0.00000e+00     fixed    
  15  w_vw         1.43404e+01   constant   
  16  beta_vw      0.00000e+00     fixed    
  17  LM          -3.26196e-04   constant   
  18  zeta_y       0.00000e+00   constant   
  19  zeta_vw      0.00000e+00   constant   
  20  T_CBO        1.00000e+03   4.60334e+01   1.08514e-02** at limit **
  21  alpha_A0     1.00000e-02   4.48376e-05   2.37469e-03** at limit **
  22  beta_A0      1.00000e-02   7.99454e-05   3.17518e-03** at limit **
  23  alpha_phi    6.38234e-03   3.37490e-04   1.09914e-03  -2.16805e-02
  24  beta_phi    -1.00000e-02   3.35557e-05   2.05489e-03** at limit **
 EXTERNAL ERROR MATRIX.    NDIM=  25    NPAR=  7    ERR DEF=1
  1.187e-08 -8.134e-10  5.076e-10 -4.930e-16  1.472e-15  1.415e-09  1.800e-14 
 -8.134e-10  1.177e-08  9.835e-10 -1.501e-15  1.872e-14  1.651e-09  3.384e-14 
  5.076e-10  9.835e-10  3.184e-03 -1.034e-15 -4.335e-14  7.198e-09 -3.051e-14 
 -4.930e-16 -1.501e-15 -1.034e-15  6.462e-16  1.260e-20 -6.200e-15  7.836e-21 
  1.472e-15  1.872e-14 -4.335e-14  1.260e-20  1.302e-13  4.596e-14  1.367e-19 
  1.415e-09  1.651e-09  7.198e-09 -6.200e-15  4.596e-14  1.140e-07 -7.175e-14 
  1.800e-14  3.384e-14 -3.051e-14  7.836e-21  1.367e-19 -7.175e-14  1.567e-13 
 PARAMETER  CORRELATION COEFFICIENTS  
       NO.  GLOBAL      8      9     20     21     22     23     24
        8  0.08041   1.000 -0.069  0.000 -0.000  0.000  0.038  0.000
        9  0.08378  -0.069  1.000  0.000 -0.001  0.000  0.045  0.001
       20  0.00041   0.000  0.000  1.000 -0.000 -0.000  0.000 -0.000
       21  0.00091  -0.000 -0.001 -0.000  1.000  0.000 -0.001  0.000
       22  0.00060   0.000  0.000 -0.000  0.000  1.000  0.000  0.000
       23  0.06140   0.038  0.045  0.000 -0.001  0.000  1.000 -0.001
       24  0.00109   0.000  0.001 -0.000  0.000  0.000 -0.001  1.000
MINUIT - FIT wiggle + 1-CBO + 2-CBO
 **********
 **   42 **RES 
 **********
                   PARAMETER   16  beta_vw RESTORED TO VARIABLE.
                   PARAMETER   14  alpha_vw RESTORED TO VARIABLE.
                   PARAMETER   13  beta_y RESTORED TO VARIABLE.
                   PARAMETER   11  alpha_y RESTORED TO VARIABLE.
                   PARAMETER   10  beta_2CBO RESTORED TO VARIABLE.
                   PARAMETER    6  alpha_CBO RESTORED TO VARIABLE.
                   PARAMETER    4  phi RESTORED TO VARIABLE.
                   PARAMETER    3  A0 RESTORED TO VARIABLE.
                   PARAMETER    1  N0 RESTORED TO VARIABLE.
 **********
 **   43 **FIX           10
 **********
 **********
 **   44 **FIX           11
 **********
 **********
 **   45 **FIX           12
 **********
 PARAMETER   12  IS CONSTANT.   IGNORED.
 **********
 **   46 **FIX           13
 **********
 **********
 **   47 **FIX           14
 **********
 **********
 **   48 **FIX           15
 **********
 PARAMETER   15  IS CONSTANT.   IGNORED.
 **********
 **   49 **FIX           16
 **********
 **********
 **   50 **MIGRAD
 **********
 START MIGRAD MINIMIZATION.  STRATEGY  1.  CONVERGENCE WHEN EDM .LT. 1.00e-04
 FCN=2637.96 FROM MIGRAD    STATUS=INITIATE       22 CALLS        1601 TOTAL
                     EDM= unknown      STRATEGY= 1      NO ERROR MATRIX       
  EXT PARAMETER               CURRENT GUESS       STEP         FIRST   
  NO.   NAME      VALUE            ERROR          SIZE      DERIVATIVE 
   1  N0           3.53037e+06   2.79867e+02   2.79867e+02  -1.14605e-02
   2  tau          6.43930e+01   constant   
   3  A0           3.58845e-01   1.02755e-04   1.02755e-04   2.36081e+05
   4  phi          4.12422e+00   3.32433e-04   3.32433e-04  -3.51401e+04
   5  R           -6.08522e+01   constant   
   6  alpha_CBO   -5.04308e-03   1.23347e-04   1.23347e-04  -1.48162e+04
   7  w_CBO        2.32500e+00   constant   
   8  beta_CBO     4.68120e-03   1.08967e-04   2.72441e-06   1.74139e+00
   9  alpha_2CBO   2.77071e-04   1.08477e-04   2.71142e-06  -1.11542e+01
  10  beta_2CBO    4.63773e-04     fixed    
  11  alpha_y      0.00000e+00     fixed    
  12  w_y          1.38860e+01   constant   
  13  beta_y      -7.64583e-04     fixed    
  14  alpha_vw     0.00000e+00     fixed    
  15  w_vw         1.43404e+01   constant   
  16  beta_vw      0.00000e+00     fixed    
  17  LM          -3.26196e-04   constant   
  18  zeta_y       0.00000e+00   constant   
  19  zeta_vw      0.00000e+00   constant   
  20  T_CBO        1.00000e+03   4.60334e+01   1.08514e-02** at limit **
  21  alpha_A0     9.99998e-03   4.48376e-05   2.37469e-03  -4.35281e-01
  22  beta_A0      1.00000e-02   7.99454e-05   3.17518e-03** at limit **
  23  alpha_phi    6.38234e-03   3.37490e-04   1.09914e-03  -2.16339e-02
  24  beta_phi    -1.00000e-02   3.35557e-05   2.05489e-03** at limit **
 MIGRAD MINIMIZATION HAS CONVERGED.
 MIGRAD WILL VERIFY CONVERGENCE AND ERROR MATRIX.
 COVARIANCE MATRIX CALCULATED SUCCESSFULLY
 FCN=2488.73 FROM HESSE     STATUS=OK            100 CALLS        1875 TOTAL
                     EDM=0.00061704    STRATEGY= 1      ERROR MATRIX ACCURATE 
  EXT PARAMETER                                   STEP         FIRST   
  NO.   NAME      VALUE            ERROR          SIZE      DERIVATIVE 
   1  N0           3.52992e+06   1.92605e-01   6.44296e+00  -6.43781e-07
   2  tau          6.43930e+01   constant   
   3  A0           3.57712e-01   1.03058e-04   2.17593e-06   2.21623e+00
   4  phi          4.12527e+00   3.34321e-04   7.04227e-06   1.58152e+00
   5  R           -6.08522e+01   constant   
   6  alpha_CBO   -5.08186e-03   1.22460e-04   2.52598e-06  -3.66082e+00
   7  w_CBO        2.32500e+00   constant   
   8  beta_CBO     5.08578e-03   1.13804e-04   2.64615e-06   5.02371e+00
   9  alpha_2CBO   4.20665e-05   1.10406e-04   2.63341e-06   7.01857e+00
  10  beta_2CBO    4.63773e-04     fixed    
  11  alpha_y      0.00000e+00     fixed    
  12  w_y          1.38860e+01   constant   
  13  beta_y      -7.64583e-04     fixed    
  14  alpha_vw     0.00000e+00     fixed    
  15  w_vw         1.43404e+01   constant   
  16  beta_vw      0.00000e+00     fixed    
  17  LM          -3.26196e-04   constant   
  18  zeta_y       0.00000e+00   constant   
  19  zeta_vw      0.00000e+00   constant   
  20  T_CBO        1.00000e+03   9.21495e+00   8.10922e-02** at limit **
  21  alpha_A0     1.00000e-02   1.42301e-02   4.73808e-03** at limit **
  22  beta_A0      1.00000e-02   4.39267e-04   6.15015e-03** at limit **
  23  alpha_phi    5.34428e-03   3.96397e-04   9.74813e-04   7.24988e-03
  24  beta_phi    -1.00000e-02   6.79465e-05   3.56883e-03** at limit **
 MIGRAD MINIMIZATION HAS CONVERGED.
 FCN=2480.84 FROM MIGRAD    STATUS=CONVERGED    1363 CALLS        2942 TOTAL
                     EDM=7.2129e-06    STRATEGY= 1  ERROR MATRIX UNCERTAINTY   2.4 per cent
  EXT PARAMETER                                   STEP         FIRST   
  NO.   NAME      VALUE            ERROR          SIZE      DERIVATIVE 
   1  N0           3.52905e+06   4.11787e+02  -1.61388e+00  -7.67455e-07
   2  tau          6.43930e+01   constant   
   3  A0           3.57212e-01   2.14632e-04  -1.04142e-06  -1.52977e+01
   4  phi          4.12458e+00   5.62245e-04  -5.75483e-07   1.75719e+00
   5  R           -6.08522e+01   constant   
   6  alpha_CBO   -5.31766e-03   1.68871e-04  -2.53674e-07   2.08249e-01
   7  w_CBO        2.32500e+00   constant   
   8  beta_CBO     5.16967e-03   1.18519e-04   1.22686e-07   3.59009e-02
   9  alpha_2CBO  -4.14159e-05   1.17933e-04   2.12502e-07  -3.52557e+00
  10  beta_2CBO    4.63773e-04     fixed    
  11  alpha_y      0.00000e+00     fixed    
  12  w_y          1.38860e+01   constant   
  13  beta_y      -7.64583e-04     fixed    
  14  alpha_vw     0.00000e+00     fixed    
  15  w_vw         1.43404e+01   constant   
  16  beta_vw      0.00000e+00     fixed    
  17  LM          -3.26196e-04   constant   
  18  zeta_y       0.00000e+00   constant   
  19  zeta_vw      0.00000e+00   constant   
  20  T_CBO        9.99996e+02   9.81171e+02   3.26553e-03  -6.57518e-04
  21  alpha_A0     8.26924e-03   6.96545e-04   7.36865e-05  -1.96514e-02
  22  beta_A0      7.88724e-03   9.24225e-04   2.67068e-04   1.66627e-03
  23  alpha_phi    4.10294e-03   6.30424e-04  -1.32323e-04   7.17238e-03
  24  beta_phi    -9.99996e-03   1.62816e-04   4.20350e-04  -2.61056e-02
 EXTERNAL ERROR MATRIX.    NDIM=  25    NPAR= 11    ERR DEF=1
  1.696e+05 
  6.293e-02  4.607e-08 
  8.087e-02  7.553e-08  3.161e-07 
  3.029e-02  2.373e-08  6.827e-08  2.852e-08 
 -1.018e-02 -8.885e-09 -7.847e-09 -3.438e-09  1.405e-08 
  8.358e-03  5.020e-09 -5.636e-09  7.742e-10 -2.195e-09  1.391e-08 
  5.677e+01 -1.904e-05 -1.168e-04 -1.311e-05 -1.866e-05  1.775e-05  5.513e+01 
 -1.847e-01 -8.747e-08 -2.246e-08 -2.480e-08  1.526e-08 -2.778e-08 -4.313e-05  4.877e-07 
 -2.347e-01 -1.638e-07 -3.928e-07 -1.052e-07  2.653e-08 -4.313e-09  1.812e-04  2.719e-07  8.607e-07 
  1.585e-01  1.047e-07  2.072e-07  7.079e-08 -1.619e-08  1.280e-08 -1.874e-05 -2.314e-07 -3.890e-07  3.981e-07 
 -2.462e-04 -1.530e-10 -1.126e-10 -4.352e-11  1.688e-11  2.103e-11 -5.361e-06  7.230e-11  2.607e-10 -1.948e-10  2.502e-11 
 PARAMETER  CORRELATION COEFFICIENTS  
       NO.  GLOBAL      1      3      4      6      8      9     20     21     22     23     24
        1  0.77664   1.000  0.712  0.349  0.436 -0.209  0.172  0.019 -0.642 -0.614  0.610 -0.120
        3  0.91455   0.712  1.000  0.626  0.655 -0.349  0.198 -0.012 -0.584 -0.823  0.773 -0.142
        4  0.86091   0.349  0.626  1.000  0.719 -0.118 -0.085 -0.028 -0.057 -0.753  0.584 -0.040
        6  0.78989   0.436  0.655  0.719  1.000 -0.172  0.039 -0.010 -0.210 -0.671  0.664 -0.052
        8  0.39925  -0.209 -0.349 -0.118 -0.172  1.000 -0.157 -0.021  0.184  0.241 -0.217  0.028
        9  0.40742   0.172  0.198 -0.085  0.039 -0.157  1.000  0.020 -0.337 -0.039  0.172  0.036
       20  0.15994   0.019 -0.012 -0.028 -0.010 -0.021  0.020  1.000 -0.008  0.026 -0.004 -0.144
       21  0.78962  -0.642 -0.584 -0.057 -0.210  0.184 -0.337 -0.008  1.000  0.420 -0.525  0.021
       22  0.88889  -0.614 -0.823 -0.753 -0.671  0.241 -0.039  0.026  0.420  1.000 -0.664  0.056
       23  0.82583   0.610  0.773  0.584  0.664 -0.217  0.172 -0.004 -0.525 -0.664  1.000 -0.062
       24  0.28021  -0.120 -0.142 -0.040 -0.052  0.028  0.036 -0.144  0.021  0.056 -0.062  1.000
MINUIT - FIT ONLY 1-y
 **********
 **   51 **RES 
 **********
                   PARAMETER   16  beta_vw RESTORED TO VARIABLE.
                   PARAMETER   14  alpha_vw RESTORED TO VARIABLE.
                   PARAMETER   13  beta_y RESTORED TO VARIABLE.
                   PARAMETER   11  alpha_y RESTORED TO VARIABLE.
                   PARAMETER   10  beta_2CBO RESTORED TO VARIABLE.
 **********
 **   52 **FIX            0
 **********
 PARAMETER    0  IS UNDEFINED. IGNORED.
 **********
 **   53 **FIX            1
 **********
 **********
 **   54 **FIX            2
 **********
 PARAMETER    2  IS CONSTANT.   IGNORED.
 **********
 **   55 **FIX            3
 **********
 **********
 **   56 **FIX            4
 **********
 **********
 **   57 **FIX            5
 **********
 PARAMETER    5  IS CONSTANT.   IGNORED.
 **********
 **   58 **FIX            6
 **********
 **********
 **   59 **FIX            7
 **********
 PARAMETER    7  IS CONSTANT.   IGNORED.
 **********
 **   60 **FIX            8
 **********
 **********
 **   61 **FIX            9
 **********
 **********
 **   62 **FIX           13
 **********
 **********
 **   63 **FIX           14
 **********
 **********
 **   64 **FIX           15
 **********
 PARAMETER   15  IS CONSTANT.   IGNORED.
 **********
 **   65 **FIX           16
 **********
 **********
 **   66 **MIGRAD
 **********
 START MIGRAD MINIMIZATION.  STRATEGY  1.  CONVERGENCE WHEN EDM .LT. 1.00e-04
 FCN=2480.84 FROM MIGRAD    STATUS=INITIATE       16 CALLS        2958 TOTAL
                     EDM= unknown      STRATEGY= 1      NO ERROR MATRIX       
  EXT PARAMETER               CURRENT GUESS       STEP         FIRST   
  NO.   NAME      VALUE            ERROR          SIZE      DERIVATIVE 
   1  N0           3.52905e+06     fixed    
   2  tau          6.43930e+01   constant   
   3  A0           3.57212e-01     fixed    
   4  phi          4.12458e+00     fixed    
   5  R           -6.08522e+01   constant   
   6  alpha_CBO   -5.31766e-03     fixed    
   7  w_CBO        2.32500e+00   constant   
   8  beta_CBO     5.16967e-03     fixed    
   9  alpha_2CBO  -4.14159e-05     fixed    
  10  beta_2CBO    4.63773e-04   1.03511e-04   1.03511e-04   1.66325e+04
  11  alpha_y      0.00000e+00   1.00000e-03   1.00000e-03   7.79058e+05
  12  w_y          1.38860e+01   constant   
  13  beta_y      -7.64583e-04     fixed    
  14  alpha_vw     0.00000e+00     fixed    
  15  w_vw         1.43404e+01   constant   
  16  beta_vw      0.00000e+00     fixed    
  17  LM          -3.26196e-04   constant   
  18  zeta_y       0.00000e+00   constant   
  19  zeta_vw      0.00000e+00   constant   
  20  T_CBO        9.99996e+02   9.81171e+02   3.26553e-03  -6.58030e-04
  21  alpha_A0     8.26924e-03   6.96545e-04   7.36865e-05   1.96513e-02
  22  beta_A0      7.88724e-03   9.24225e-04   2.67068e-04  -1.66596e-03
  23  alpha_phi    4.10294e-03   6.30424e-04  -1.32323e-04   7.17242e-03
  24  beta_phi    -9.99996e-03   1.62816e-04   4.20350e-04   2.61100e-02
 MIGRAD MINIMIZATION HAS CONVERGED.
 MIGRAD WILL VERIFY CONVERGENCE AND ERROR MATRIX.
 COVARIANCE MATRIX CALCULATED SUCCESSFULLY
 FCN=730.942 FROM MIGRAD    STATUS=CONVERGED     416 CALLS        3358 TOTAL
                     EDM=1.53585e-07    STRATEGY= 1      ERROR MATRIX ACCURATE 
  EXT PARAMETER                                   STEP         FIRST   
  NO.   NAME      VALUE            ERROR          SIZE      DERIVATIVE 
   1  N0           3.52905e+06     fixed    
   2  tau          6.43930e+01   constant   
   3  A0           3.57212e-01     fixed    
   4  phi          4.12458e+00     fixed    
   5  R           -6.08522e+01   constant   
   6  alpha_CBO   -5.31766e-03     fixed    
   7  w_CBO        2.32500e+00   constant   
   8  beta_CBO     5.16967e-03     fixed    
   9  alpha_2CBO  -4.14159e-05     fixed    
  10  beta_2CBO    2.13789e-04   1.09601e-04   1.37573e-06   2.07381e+00
  11  alpha_y     -4.48730e-03   1.07295e-04   1.41534e-06  -2.47700e+00
  12  w_y          1.38860e+01   constant   
  13  beta_y      -7.64583e-04     fixed    
  14  alpha_vw     0.00000e+00     fixed    
  15  w_vw         1.43404e+01   constant   
  16  beta_vw      0.00000e+00     fixed    
  17  LM          -3.26196e-04   constant   
  18  zeta_y       0.00000e+00   constant   
  19  zeta_vw      0.00000e+00   constant   
  20  T_CBO        5.01238e+02   3.04901e+02   6.37127e-03  -1.29361e-04
  21  alpha_A0     8.34517e-03   5.41984e-04   1.05205e-03   2.75154e-03
  22  beta_A0      8.19025e-03   5.74637e-04   1.00692e-03   2.95051e-04
  23  alpha_phi    4.57891e-03   3.79193e-04   5.19649e-04  -8.47158e-03
  24  beta_phi    -1.00000e-02   1.62715e-03   7.63475e-03** at limit **
 EXTERNAL ERROR MATRIX.    NDIM=  25    NPAR=  7    ERR DEF=1
  1.201e-08  3.781e-10  4.846e-03  6.922e-09  1.814e-08 -3.215e-09 -4.952e-14 
  3.781e-10  1.151e-08 -8.777e-04 -5.169e-10 -1.355e-09 -1.253e-09  6.469e-15 
  4.846e-03 -8.777e-04  1.075e+05  9.353e-02  1.129e-01  3.310e-02 -4.867e-06 
  6.922e-09 -5.169e-10  9.353e-02  2.947e-07  1.349e-07  7.003e-08 -5.414e-12 
  1.814e-08 -1.355e-09  1.129e-01  1.349e-07  3.313e-07  2.237e-08 -5.418e-12 
 -3.215e-09 -1.253e-09  3.310e-02  7.003e-08  2.237e-08  1.439e-07 -2.801e-12 
 -4.952e-14  6.469e-15 -4.867e-06 -5.414e-12 -5.418e-12 -2.801e-12  8.397e-14 
 PARAMETER  CORRELATION COEFFICIENTS  
       NO.  GLOBAL     10     11     20     21     22     23     24
       10  0.31166   1.000  0.032  0.135  0.116  0.288 -0.077 -0.002
       11  0.05375   0.032  1.000 -0.025 -0.009 -0.022 -0.031  0.000
       20  0.67811   0.135 -0.025  1.000  0.525  0.598  0.266 -0.051
       21  0.58879   0.116 -0.009  0.525  1.000  0.432  0.340 -0.034
       22  0.65006   0.288 -0.022  0.598  0.432  1.000  0.102 -0.032
       23  0.38722  -0.077 -0.031  0.266  0.340  0.102  1.000 -0.025
       24  0.05333  -0.002  0.000 -0.051 -0.034 -0.032 -0.025  1.000
MINUIT - FIT ONLY 2-y
 **********
 **   67 **RES 
 **********
                   PARAMETER   16  beta_vw RESTORED TO VARIABLE.
                   PARAMETER   14  alpha_vw RESTORED TO VARIABLE.
                   PARAMETER   13  beta_y RESTORED TO VARIABLE.
                   PARAMETER    9  alpha_2CBO RESTORED TO VARIABLE.
                   PARAMETER    8  beta_CBO RESTORED TO VARIABLE.
                   PARAMETER    6  alpha_CBO RESTORED TO VARIABLE.
                   PARAMETER    4  phi RESTORED TO VARIABLE.
                   PARAMETER    3  A0 RESTORED TO VARIABLE.
                   PARAMETER    1  N0 RESTORED TO VARIABLE.
 **********
 **   68 **FIX            0
 **********
 PARAMETER    0  IS UNDEFINED. IGNORED.
 **********
 **   69 **FIX            1
 **********
 **********
 **   70 **FIX            2
 **********
 PARAMETER    2  IS CONSTANT.   IGNORED.
 **********
 **   71 **FIX            3
 **********
 **********
 **   72 **FIX            4
 **********
 **********
 **   73 **FIX            5
 **********
 PARAMETER    5  IS CONSTANT.   IGNORED.
 **********
 **   74 **FIX            6
 **********
 **********
 **   75 **FIX            7
 **********
 PARAMETER    7  IS CONSTANT.   IGNORED.
 **********
 **   76 **FIX            8
 **********
 **********
 **   77 **FIX            9
 **********
 **********
 **   78 **FIX           10
 **********
 **********
 **   79 **FIX           11
 **********
 **********
 **   80 **FIX           12
 **********
 PARAMETER   12  IS CONSTANT.   IGNORED.
 **********
 **   81 **FIX           16
 **********
 **********
 **   82 **MIGRAD
 **********
 START MIGRAD MINIMIZATION.  STRATEGY  1.  CONVERGENCE WHEN EDM .LT. 1.00e-04
 FCN=730.942 FROM MIGRAD    STATUS=INITIATE       16 CALLS        3374 TOTAL
                     EDM= unknown      STRATEGY= 1      NO ERROR MATRIX       
  EXT PARAMETER               CURRENT GUESS       STEP         FIRST   
  NO.   NAME      VALUE            ERROR          SIZE      DERIVATIVE 
   1  N0           3.52905e+06     fixed    
   2  tau          6.43930e+01   constant   
   3  A0           3.57212e-01     fixed    
   4  phi          4.12458e+00     fixed    
   5  R           -6.08522e+01   constant   
   6  alpha_CBO   -5.31766e-03     fixed    
   7  w_CBO        2.32500e+00   constant   
   8  beta_CBO     5.16967e-03     fixed    
   9  alpha_2CBO  -4.14159e-05     fixed    
  10  beta_2CBO    2.13789e-04     fixed    
  11  alpha_y     -4.48730e-03     fixed    
  12  w_y          1.38860e+01   constant   
  13  beta_y      -7.64583e-04   1.02212e-04   1.02212e-04  -4.97090e+04
  14  alpha_vw     0.00000e+00   1.00000e-03   1.00000e-03  -2.05903e+05
  15  w_vw         1.43404e+01   constant   
  16  beta_vw      0.00000e+00     fixed    
  17  LM          -3.26196e-04   constant   
  18  zeta_y       0.00000e+00   constant   
  19  zeta_vw      0.00000e+00   constant   
  20  T_CBO        5.01238e+02   3.04901e+02   6.37127e-03  -3.80468e-05
  21  alpha_A0     8.34517e-03   5.41984e-04   1.05205e-03   2.83337e-03
  22  beta_A0      8.19025e-03   5.74637e-04   1.00692e-03   3.32057e-04
  23  alpha_phi    4.57891e-03   3.79193e-04   5.19649e-04  -8.11020e-03
  24  beta_phi    -9.99998e-03   1.62715e-03   7.63475e-03   1.17436e-02
 MIGRAD MINIMIZATION HAS CONVERGED.
 MIGRAD WILL VERIFY CONVERGENCE AND ERROR MATRIX.
 COVARIANCE MATRIX CALCULATED SUCCESSFULLY
 FCN=522.949 FROM MIGRAD    STATUS=CONVERGED     191 CALLS        3549 TOTAL
                     EDM=6.57604e-07    STRATEGY= 1      ERROR MATRIX ACCURATE 
  EXT PARAMETER                                   STEP         FIRST   
  NO.   NAME      VALUE            ERROR          SIZE      DERIVATIVE 
   1  N0           3.52905e+06     fixed    
   2  tau          6.43930e+01   constant   
   3  A0           3.57212e-01     fixed    
   4  phi          4.12458e+00     fixed    
   5  R           -6.08522e+01   constant   
   6  alpha_CBO   -5.31766e-03     fixed    
   7  w_CBO        2.32500e+00   constant   
   8  beta_CBO     5.16967e-03     fixed    
   9  alpha_2CBO  -4.14159e-05     fixed    
  10  beta_2CBO    2.13789e-04     fixed    
  11  alpha_y     -4.48730e-03     fixed    
  12  w_y          1.38860e+01   constant   
  13  beta_y       3.76425e-04   1.21599e-04   1.17361e-06   7.42153e-01
  14  alpha_vw     1.74483e-03   1.23018e-04   1.18609e-06  -3.50935e-01
  15  w_vw         1.43404e+01   constant   
  16  beta_vw      0.00000e+00     fixed    
