 + ++++++++++++++++++++++++++++++++++++++++++++++++++++++++++++++++++++ +
 +                                                                      +
 +           You have chose to blind your fitting according to          +
 +                omega_ref * (1 + (R +/- deltaR) *10^{-6})             +
 +                                                                      +
 + ++++++++++++++++++++++++++++++++++++++++++++++++++++++++++++++++++++ +
In main()...
reading format from /gm2data/zkhechad/run45/envelope/formats/formatB_sBin_constraintOn.txt
pBinTau 	= 0  
pBinPhi 	= 0  
constraintau 	= 1 
includeMopTerm 	= 0    
constrainMop    = 0   
Parameters after format file: pBinTau 0 pBinPhi 0 constraintau 1 includeMopTerm 0 constrainMop 0 c_e_scale 0.000000 
Opening file /gm2data/tbarrett/gm2fr/studies/run23_bunch_corrections/CorrectedFourier_Run3b.root.
reading full fit data from /gm2data/zkhechad/cboTemplates/Run4CBOTemplates/templateFits0_v2.0/noRF/sBin_constraintOn_cE0.0_seed0_noRF_calo20.root
windowBins = 69
fitting sliding window 1068 from bin 1204 at 179.487600 to bin 1273 at 189.931600 (69 bins)

Reading data from /gm2data/cornell/histograms/aMethod/histogram_a_noRF.root
 **********
 **    1 **SET PRINTOUT            1
 **********
 **********
 **    2 **SET NOWARNINGS 
 **********
 PARAMETER DEFINITIONS:
    NO.   NAME         VALUE      STEP SIZE      LIMITS
     1 N0           3.28923e+06  1.00000e+02     no limits
     2 tau          6.43975e+01  constant
     3 A0           3.64482e-01  1.00000e-04     no limits
     4 phi          4.11977e+00  1.00000e-02     no limits
     5 R           -6.08541e+01  constant
     6 alpha_CBO    0.00000e+00  1.00000e-03     no limits
     7 w_CBO        2.32500e+00  constant
     8 beta_CBO     0.00000e+00  1.00000e-03     no limits
     9 alpha_2CBO   0.00000e+00  1.00000e-03     no limits
    10 beta_2CBO    0.00000e+00  1.00000e-03     no limits
    11 alpha_y      0.00000e+00  1.00000e-03     no limits
    12 w_y          1.44500e+01  constant
    13 beta_y       0.00000e+00  1.00000e-03     no limits
    14 alpha_vw     0.00000e+00  1.00000e-03     no limits
    15 w_vw         1.29000e+01  constant
    16 beta_vw      0.00000e+00  1.00000e-03     no limits
    17 LM          -3.35021e-04  constant
    18 zeta_y       0.00000e+00  constant
    19 zeta_vw      0.00000e+00  constant
    20 T_CBO        1.00000e+02  1.00000e+00    0.00000e+00  1.00000e+03
    21 alpha_A0     0.00000e+00  1.00000e-03     no limits
    22 beta_A0      0.00000e+00  1.00000e-03     no limits
    23 alpha_phi    0.00000e+00  1.00000e-03     no limits
    24 beta_phi     0.00000e+00  1.00000e-03     no limits
MINUIT - FIT ONLY WIGGLE
 **********
 **    3 **FIX            5
 **********
 PARAMETER    5  IS CONSTANT.   IGNORED.
 **********
 **    4 **FIX            6
 **********
 **********
 **    5 **FIX            7
 **********
 PARAMETER    7  IS CONSTANT.   IGNORED.
 **********
 **    6 **FIX            8
 **********
 **********
 **    7 **FIX            9
 **********
 **********
 **    8 **FIX           10
 **********
 **********
 **    9 **FIX           11
 **********
 **********
 **   10 **FIX           12
 **********
 PARAMETER   12  IS CONSTANT.   IGNORED.
 **********
 **   11 **FIX           13
 **********
 **********
 **   12 **FIX           14
 **********
 **********
 **   13 **FIX           15
 **********
 PARAMETER   15  IS CONSTANT.   IGNORED.
 **********
 **   14 **FIX           16
 **********
 **********
 **   15 **MIGRAD
 **********
 FIRST CALL TO USER FUNCTION AT NEW START POINT, WITH IFLAG=4.
 START MIGRAD MINIMIZATION.  STRATEGY  1.  CONVERGENCE WHEN EDM .LT. 1.00e-04
 FCN=215.136 FROM MIGRAD    STATUS=INITIATE      437 CALLS         438 TOTAL
                     EDM= unknown      STRATEGY= 1      NO ERROR MATRIX       
  EXT PARAMETER               CURRENT GUESS       STEP         FIRST   
  NO.   NAME      VALUE            ERROR          SIZE      DERIVATIVE 
   1  N0           3.28923e+06   1.00000e+02   0.00000e+00   1.99848e-03
   2  tau          6.43975e+01   constant   
   3  A0           3.64482e-01   1.00000e-04   0.00000e+00  -2.24880e+04
   4  phi          4.11977e+00   1.00000e-02   0.00000e+00  -2.60537e+03
   5  R           -6.08541e+01   constant   
   6  alpha_CBO    0.00000e+00     fixed    
   7  w_CBO        2.32500e+00   constant   
   8  beta_CBO     0.00000e+00     fixed    
   9  alpha_2CBO   0.00000e+00     fixed    
  10  beta_2CBO    0.00000e+00     fixed    
  11  alpha_y      0.00000e+00     fixed    
  12  w_y          1.44500e+01   constant   
  13  beta_y       0.00000e+00     fixed    
  14  alpha_vw     0.00000e+00     fixed    
  15  w_vw         1.29000e+01   constant   
  16  beta_vw      0.00000e+00     fixed    
  17  LM          -3.35021e-04   constant   
  18  zeta_y       0.00000e+00   constant   
  19  zeta_vw      0.00000e+00   constant   
  20  T_CBO        1.00000e+02   1.00000e+00   0.00000e+00   0.00000e+00
  21  alpha_A0     0.00000e+00   1.00000e-03   0.00000e+00   8.15160e+02
  22  beta_A0      0.00000e+00   1.00000e-03   0.00000e+00   5.57743e+02
  23  alpha_phi    0.00000e+00   1.00000e-03   0.00000e+00   1.78954e+03
  24  beta_phi     0.00000e+00   1.00000e-03   0.00000e+00   8.12141e+01
 CALL LIMIT EXCEEDED IN MIGRAD.
 MIGRAD TERMINATED WITHOUT CONVERGENCE.
 FCN=178.416 FROM MIGRAD    STATUS=CALL LIMIT   1332 CALLS        1333 TOTAL
                     EDM=0.00118581    STRATEGY= 1  ERROR MATRIX UNCERTAINTY   0.4 per cent
  EXT PARAMETER                APPROXIMATE        STEP         FIRST   
  NO.   NAME      VALUE            ERROR          SIZE      DERIVATIVE 
   1  N0           3.28914e+06   5.76748e+02  -2.12029e+00  -6.84335e-06
   2  tau          6.43975e+01   constant   
   3  A0           3.65044e-01   2.22146e-04   1.78342e-06   1.42819e+01
   4  phi          4.11983e+00   6.62215e-04  -1.96447e-06  -8.23249e+00
   5  R           -6.08541e+01   constant   
   6  alpha_CBO    0.00000e+00     fixed    
   7  w_CBO        2.32500e+00   constant   
   8  beta_CBO     0.00000e+00     fixed    
   9  alpha_2CBO   0.00000e+00     fixed    
  10  beta_2CBO    0.00000e+00     fixed    
  11  alpha_y      0.00000e+00     fixed    
  12  w_y          1.44500e+01   constant   
  13  beta_y       0.00000e+00     fixed    
  14  alpha_vw     0.00000e+00     fixed    
  15  w_vw         1.29000e+01   constant   
  16  beta_vw      0.00000e+00     fixed    
  17  LM          -3.35021e-04   constant   
  18  zeta_y       0.00000e+00   constant   
  19  zeta_vw      0.00000e+00   constant   
  20  T_CBO        8.73654e+02   5.50471e+02   1.29698e-01  -4.26656e-02
  21  alpha_A0    -2.68450e-03   1.80153e-03   3.14818e-05   3.56132e+01
  22  beta_A0     -2.15323e-03   1.65122e-03   3.81012e-05   2.62186e+01
  23  alpha_phi   -4.75534e-03   2.41655e-03   7.07421e-05   4.35720e+01
  24  beta_phi     1.03446e-03   1.44915e-03  -1.71822e-05  -6.18219e+00
 EXTERNAL ERROR MATRIX.    NDIM=  25    NPAR=  8    ERR DEF=1
  3.326e+05  1.043e-02  4.196e-02 -1.432e+04  1.488e-01 -2.597e-02 -5.195e-02 -1.366e-01 
  1.043e-02  4.935e-08 -1.356e-08  2.610e-02  1.657e-08 -2.613e-08  1.982e-08  3.013e-08 
  4.196e-02 -1.356e-08  4.385e-07 -2.939e-03  5.450e-08  1.337e-07  2.782e-08 -1.043e-07 
 -1.432e+04  2.610e-02 -2.939e-03  2.298e+06  2.086e+00  1.585e+00  3.397e+00 -7.888e-01 
  1.488e-01  1.657e-08  5.450e-08  2.086e+00  3.246e-06  1.083e-06  2.907e-06 -6.085e-07 
 -2.597e-02 -2.613e-08  1.337e-07  1.585e+00  1.083e-06  2.727e-06  2.005e-06 -5.691e-07 
 -5.195e-02  1.982e-08  2.782e-08  3.397e+00  2.907e-06  2.005e-06  5.840e-06 -1.174e-06 
 -1.366e-01  3.013e-08 -1.043e-07 -7.888e-01 -6.085e-07 -5.691e-07 -1.174e-06  2.100e-06 
ERR MATRIX APPROXIMATE
 PARAMETER  CORRELATION COEFFICIENTS  
       NO.  GLOBAL      1      3      4     20     21     22     23     24
        1  0.34572   1.000  0.081  0.110 -0.016  0.143 -0.027 -0.037 -0.163
        3  0.31295   0.081  1.000 -0.092  0.077  0.041 -0.071  0.037  0.094
        4  0.28153   0.110 -0.092  1.000 -0.003  0.046  0.122  0.017 -0.109
       20  0.96994  -0.016  0.077 -0.003  1.000  0.764  0.633  0.927 -0.359
       21  0.81954   0.143  0.041  0.046  0.764  1.000  0.364  0.668 -0.233
       22  0.74219  -0.027 -0.071  0.122  0.633  0.364  1.000  0.502 -0.238
       23  0.94160  -0.037  0.037  0.017  0.927  0.668  0.502  1.000 -0.335
       24  0.44776  -0.163  0.094 -0.109 -0.359 -0.233 -0.238 -0.335  1.000
 ERR MATRIX APPROXIMATE
MINUIT - FIT ONLY 1-CBO + wiggle
 **********
 **   16 **RES 
 **********
                   PARAMETER   16  beta_vw RESTORED TO VARIABLE.
                   PARAMETER   14  alpha_vw RESTORED TO VARIABLE.
                   PARAMETER   13  beta_y RESTORED TO VARIABLE.
                   PARAMETER   11  alpha_y RESTORED TO VARIABLE.
                   PARAMETER   10  beta_2CBO RESTORED TO VARIABLE.
                   PARAMETER    9  alpha_2CBO RESTORED TO VARIABLE.
                   PARAMETER    8  beta_CBO RESTORED TO VARIABLE.
                   PARAMETER    6  alpha_CBO RESTORED TO VARIABLE.
 **********
 **   17 **FIX            8
 **********
 **********
 **   18 **FIX            9
 **********
 **********
 **   19 **FIX           11
 **********
 **********
 **   20 **FIX           12
 **********
 PARAMETER   12  IS CONSTANT.   IGNORED.
 **********
 **   21 **FIX           14
 **********
 **********
 **   22 **FIX           15
 **********
 PARAMETER   15  IS CONSTANT.   IGNORED.
 **********
 **   23 **FIX           16
 **********
 **********
 **   24 **MIGRAD
 **********
 START MIGRAD MINIMIZATION.  STRATEGY  1.  CONVERGENCE WHEN EDM .LT. 1.00e-04
 FCN=178.416 FROM MIGRAD    STATUS=INITIATE       28 CALLS        1361 TOTAL
                     EDM= unknown      STRATEGY= 1      NO ERROR MATRIX       
  EXT PARAMETER               CURRENT GUESS       STEP         FIRST   
  NO.   NAME      VALUE            ERROR          SIZE      DERIVATIVE 
   1  N0           3.28914e+06   5.76748e+02  -2.12029e+00  -6.84335e-06
   2  tau          6.43975e+01   constant   
   3  A0           3.65044e-01   2.22146e-04   1.78342e-06   1.42819e+01
   4  phi          4.11983e+00   6.62215e-04  -1.96447e-06  -8.23249e+00
   5  R           -6.08541e+01   constant   
   6  alpha_CBO    0.00000e+00   1.00000e-03   1.00000e-03  -6.08702e+04
   7  w_CBO        2.32500e+00   constant   
   8  beta_CBO     0.00000e+00     fixed    
   9  alpha_2CBO   0.00000e+00     fixed    
  10  beta_2CBO    0.00000e+00   1.00000e-03   1.00000e-03  -1.16863e+03
  11  alpha_y      0.00000e+00     fixed    
  12  w_y          1.44500e+01   constant   
  13  beta_y       0.00000e+00   1.00000e-03   1.00000e-03  -1.20281e+03
  14  alpha_vw     0.00000e+00     fixed    
  15  w_vw         1.29000e+01   constant   
  16  beta_vw      0.00000e+00     fixed    
  17  LM          -3.35021e-04   constant   
  18  zeta_y       0.00000e+00   constant   
  19  zeta_vw      0.00000e+00   constant   
  20  T_CBO        8.73654e+02   5.50471e+02   1.29698e-01  -4.26872e-02
  21  alpha_A0    -2.68450e-03   1.80153e-03   3.14818e-05   3.56132e+01
  22  beta_A0     -2.15323e-03   1.65122e-03   3.81012e-05   2.62186e+01
  23  alpha_phi   -4.75534e-03   2.41655e-03   7.07421e-05   4.35720e+01
  24  beta_phi     1.03446e-03   1.44915e-03  -1.71822e-05  -6.18219e+00
 MIGRAD MINIMIZATION HAS CONVERGED.
 FCN=116.396 FROM MIGRAD    STATUS=CONVERGED     475 CALLS        1808 TOTAL
                     EDM=2.52901e-06    STRATEGY= 1  ERROR MATRIX UNCERTAINTY   0.1 per cent
  EXT PARAMETER                                   STEP         FIRST   
  NO.   NAME      VALUE            ERROR          SIZE      DERIVATIVE 
   1  N0           3.28900e+06   5.44577e+02  -1.02950e-02   7.64849e-07
   2  tau          6.43975e+01   constant   
   3  A0           3.64796e-01   2.16418e-04   1.50086e-08  -4.42139e-01
   4  phi          4.12101e+00   6.52292e-04   1.39402e-07  -6.14215e-01
   5  R           -6.08541e+01   constant   
   6  alpha_CBO    2.03815e-03   2.52408e-04   2.86964e-08   7.06258e-01
   7  w_CBO        2.32500e+00   constant   
   8  beta_CBO     0.00000e+00     fixed    
   9  alpha_2CBO   0.00000e+00     fixed    
  10  beta_2CBO    4.86835e-05   2.49085e-04   1.92271e-08  -2.41392e+00
  11  alpha_y      0.00000e+00     fixed    
  12  w_y          1.44500e+01   constant   
  13  beta_y       4.62522e-05   2.45605e-04  -1.34584e-08   1.17075e-01
  14  alpha_vw     0.00000e+00     fixed    
  15  w_vw         1.29000e+01   constant   
  16  beta_vw      0.00000e+00     fixed    
  17  LM          -3.35021e-04   constant   
  18  zeta_y       0.00000e+00   constant   
  19  zeta_vw      0.00000e+00   constant   
  20  T_CBO        9.99973e+02   7.46253e+02  -4.28119e-02   1.07955e-04
  21  alpha_A0    -1.44283e-03   1.10715e-03   1.00547e-06  -3.63358e-02
  22  beta_A0     -1.34465e-03   1.18369e-03   6.11916e-07   1.41560e+00
  23  alpha_phi   -2.97068e-03   1.00383e-03   1.61576e-06   2.24845e+00
  24  beta_phi     5.60505e-04   1.14522e-03  -2.00196e-07   4.10212e-01
 EXTERNAL ERROR MATRIX.    NDIM=  25    NPAR= 11    ERR DEF=1
  2.966e+05 
  7.453e-03  4.684e-08 
  3.071e-02 -8.899e-09  4.255e-07 
 -6.175e-03 -5.282e-09  2.652e-08  6.371e-08 
  2.316e-03  2.453e-09  6.112e-09 -2.107e-09  6.204e-08 
 -5.065e-04  1.292e-10  2.032e-09 -6.137e-11 -1.300e-10  6.032e-08 
 -3.195e+02  6.268e-05 -9.408e-04 -2.481e-04 -8.562e-05  9.065e-06  5.390e+03 
  3.605e-02 -6.934e-09  2.410e-08  4.202e-08 -9.348e-09  6.417e-10 -7.083e-03  1.226e-06 
  1.151e-02 -1.177e-08  9.064e-08  8.364e-09  3.722e-08  4.661e-09 -6.160e-03  8.246e-08  1.401e-06 
 -2.163e-02 -4.469e-09  4.154e-08  4.844e-08 -3.170e-08 -5.947e-10 -1.304e-02 -2.083e-08 -5.799e-08  1.008e-06 
 -9.126e-02  2.914e-08 -6.371e-08 -2.622e-09 -1.802e-08 -2.738e-09  3.200e-03  5.404e-09 -2.805e-07 -9.517e-08  1.312e-06 
 PARAMETER  CORRELATION COEFFICIENTS  
       NO.  GLOBAL      1      3      4      6     10     13     20     21     22     23     24
        1  0.21018   1.000  0.063  0.086 -0.045  0.017 -0.004 -0.008  0.060  0.018 -0.040 -0.146
        3  0.18588   0.063  1.000 -0.063 -0.097  0.045  0.002  0.004 -0.029 -0.046 -0.021  0.118
        4  0.23237   0.086 -0.063  1.000  0.161  0.038  0.013 -0.020  0.033  0.117  0.063 -0.085
        6  0.30342  -0.045 -0.097  0.161  1.000 -0.034 -0.001 -0.013  0.150  0.028  0.191 -0.009
       10  0.19807   0.017  0.045  0.038 -0.034  1.000 -0.002 -0.005 -0.034  0.126 -0.127 -0.063
       13  0.02285  -0.004  0.002  0.013 -0.001 -0.002  1.000  0.001  0.002  0.016 -0.002 -0.010
       20  0.21666  -0.008  0.004 -0.020 -0.013 -0.005  0.001  1.000 -0.087 -0.071 -0.177  0.038
       21  0.20756   0.060 -0.029  0.033  0.150 -0.034  0.002 -0.087  1.000  0.063 -0.019  0.004
       22  0.27981   0.018 -0.046  0.117  0.028  0.126  0.016 -0.071  0.063  1.000 -0.049 -0.207
       23  0.31706  -0.040 -0.021  0.063  0.191 -0.127 -0.002 -0.177 -0.019 -0.049  1.000 -0.083
       24  0.30236  -0.146  0.118 -0.085 -0.009 -0.063 -0.010  0.038  0.004 -0.207 -0.083  1.000
MINUIT - FIT ONLY 2-CBO
 **********
 **   25 **RES 
 **********
                   PARAMETER   16  beta_vw RESTORED TO VARIABLE.
                   PARAMETER   14  alpha_vw RESTORED TO VARIABLE.
                   PARAMETER   11  alpha_y RESTORED TO VARIABLE.
                   PARAMETER    9  alpha_2CBO RESTORED TO VARIABLE.
                   PARAMETER    8  beta_CBO RESTORED TO VARIABLE.
 **********
 **   26 **FIX            0
 **********
 PARAMETER    0  IS UNDEFINED. IGNORED.
 **********
 **   27 **FIX            1
 **********
 **********
 **   28 **FIX            2
 **********
 PARAMETER    2  IS CONSTANT.   IGNORED.
 **********
 **   29 **FIX            3
 **********
 **********
 **   30 **FIX            4
 **********
 **********
 **   31 **FIX            5
 **********
 PARAMETER    5  IS CONSTANT.   IGNORED.
 **********
 **   32 **FIX            6
 **********
 **********
 **   33 **FIX            7
 **********
 PARAMETER    7  IS CONSTANT.   IGNORED.
 **********
 **   34 **FIX           10
 **********
 **********
 **   35 **FIX           11
 **********
 **********
 **   36 **FIX           12
 **********
 PARAMETER   12  IS CONSTANT.   IGNORED.
 **********
 **   37 **FIX           13
 **********
 **********
 **   38 **FIX           14
 **********
 **********
 **   39 **FIX           15
 **********
 PARAMETER   15  IS CONSTANT.   IGNORED.
 **********
 **   40 **FIX           16
 **********
 **********
 **   41 **MIGRAD
 **********
 START MIGRAD MINIMIZATION.  STRATEGY  1.  CONVERGENCE WHEN EDM .LT. 1.00e-04
 FCN=116.396 FROM MIGRAD    STATUS=INITIATE       18 CALLS        1826 TOTAL
                     EDM= unknown      STRATEGY= 1      NO ERROR MATRIX       
  EXT PARAMETER               CURRENT GUESS       STEP         FIRST   
  NO.   NAME      VALUE            ERROR          SIZE      DERIVATIVE 
   1  N0           3.28900e+06     fixed    
   2  tau          6.43975e+01   constant   
   3  A0           3.64796e-01     fixed    
   4  phi          4.12101e+00     fixed    
   5  R           -6.08541e+01   constant   
   6  alpha_CBO    2.03815e-03     fixed    
   7  w_CBO        2.32500e+00   constant   
   8  beta_CBO     0.00000e+00   1.00000e-03   1.00000e-03  -6.72785e+04
   9  alpha_2CBO   0.00000e+00   1.00000e-03   1.00000e-03  -3.37333e+03
  10  beta_2CBO    4.86835e-05     fixed    
  11  alpha_y      0.00000e+00     fixed    
  12  w_y          1.44500e+01   constant   
  13  beta_y       4.62522e-05     fixed    
  14  alpha_vw     0.00000e+00     fixed    
  15  w_vw         1.29000e+01   constant   
  16  beta_vw      0.00000e+00     fixed    
  17  LM          -3.35021e-04   constant   
  18  zeta_y       0.00000e+00   constant   
  19  zeta_vw      0.00000e+00   constant   
  20  T_CBO        9.99973e+02   7.46253e+02  -4.28119e-02  -1.07687e-04
  21  alpha_A0    -1.44283e-03   1.10715e-03   1.00547e-06  -3.63281e-02
  22  beta_A0     -1.34465e-03   1.18369e-03   6.11916e-07   1.41560e+00
  23  alpha_phi   -2.97068e-03   1.00383e-03   1.61576e-06   2.24845e+00
  24  beta_phi     5.60505e-04   1.14522e-03  -2.00196e-07   4.10212e-01
 MIGRAD MINIMIZATION HAS CONVERGED.
 MIGRAD WILL VERIFY CONVERGENCE AND ERROR MATRIX.
 COVARIANCE MATRIX CALCULATED SUCCESSFULLY
 FCN=43.7914 FROM MIGRAD    STATUS=CONVERGED     152 CALLS        1960 TOTAL
                     EDM=3.89526e-06    STRATEGY= 1      ERROR MATRIX ACCURATE 
  EXT PARAMETER                                   STEP         FIRST   
  NO.   NAME      VALUE            ERROR          SIZE      DERIVATIVE 
   1  N0           3.28900e+06     fixed    
   2  tau          6.43975e+01   constant   
   3  A0           3.64796e-01     fixed    
   4  phi          4.12101e+00     fixed    
   5  R           -6.08541e+01   constant   
   6  alpha_CBO    2.03815e-03     fixed    
   7  w_CBO        2.32500e+00   constant   
   8  beta_CBO     2.15307e-03   2.52983e-04   8.11756e-07   3.99023e-01
   9  alpha_2CBO   1.03248e-04   2.51487e-04   8.03105e-07  -3.94173e+00
  10  beta_2CBO    4.86835e-05     fixed    
  11  alpha_y      0.00000e+00     fixed    
  12  w_y          1.44500e+01   constant   
  13  beta_y       4.62522e-05     fixed    
  14  alpha_vw     0.00000e+00     fixed    
  15  w_vw         1.29000e+01   constant   
  16  beta_vw      0.00000e+00     fixed    
  17  LM          -3.35021e-04   constant   
  18  zeta_y       0.00000e+00   constant   
  19  zeta_vw      0.00000e+00   constant   
  20  T_CBO        9.99990e+02   8.86625e+02   3.32126e-02  -1.17169e-04
  21  alpha_A0    -1.05992e-03   1.10157e-03   3.56498e-06   1.71039e+00
  22  beta_A0     -8.67208e-05   1.12724e-03   3.59936e-06   4.89455e-01
  23  alpha_phi   -3.02761e-03   1.00129e-03   3.23265e-06  -1.49240e-02
  24  beta_phi     1.67595e-03   1.09248e-03   3.44607e-06  -1.05966e+00
 EXTERNAL ERROR MATRIX.    NDIM=  25    NPAR=  7    ERR DEF=1
  6.400e-08 -1.033e-10 -4.158e-07  9.670e-09  3.702e-08 -3.118e-10  3.115e-08 
 -1.033e-10  6.325e-08  4.250e-07  3.524e-08  8.617e-09 -2.662e-08  3.759e-08 
 -4.158e-07  4.250e-07  1.097e+03 -3.380e-04 -2.791e-05 -9.758e-04  5.442e-04 
  9.670e-09  3.524e-08 -3.380e-04  1.213e-06  6.234e-08 -4.241e-09  1.454e-08 
  3.702e-08  8.617e-09 -2.791e-05  6.234e-08  1.271e-06  1.484e-08 -1.719e-07 
 -3.118e-10 -2.662e-08 -9.758e-04 -4.241e-09  1.484e-08  1.003e-06 -1.340e-07 
  3.115e-08  3.759e-08  5.442e-04  1.454e-08 -1.719e-07 -1.340e-07  1.194e-06 
 PARAMETER  CORRELATION COEFFICIENTS  
       NO.  GLOBAL      8      9     20     21     22     23     24
        8  0.18941   1.000 -0.002 -0.000  0.035  0.130 -0.001  0.113
        9  0.21226  -0.002  1.000  0.000  0.127  0.030 -0.106  0.137
       20  0.03325  -0.000  0.000  1.000 -0.009 -0.001 -0.029  0.015
       21  0.13908   0.035  0.127 -0.009  1.000  0.050 -0.004  0.012
       22  0.21294   0.130  0.030 -0.001  0.050  1.000  0.013 -0.140
       23  0.15506  -0.001 -0.106 -0.029 -0.004  0.013  1.000 -0.123
       24  0.26146   0.113  0.137  0.015  0.012 -0.140 -0.123  1.000
MINUIT - FIT wiggle + 1-CBO + 2-CBO
 **********
 **   42 **RES 
 **********
                   PARAMETER   16  beta_vw RESTORED TO VARIABLE.
                   PARAMETER   14  alpha_vw RESTORED TO VARIABLE.
                   PARAMETER   13  beta_y RESTORED TO VARIABLE.
                   PARAMETER   11  alpha_y RESTORED TO VARIABLE.
                   PARAMETER   10  beta_2CBO RESTORED TO VARIABLE.
                   PARAMETER    6  alpha_CBO RESTORED TO VARIABLE.
                   PARAMETER    4  phi RESTORED TO VARIABLE.
                   PARAMETER    3  A0 RESTORED TO VARIABLE.
                   PARAMETER    1  N0 RESTORED TO VARIABLE.
 **********
 **   43 **FIX           10
 **********
 **********
 **   44 **FIX           11
 **********
 **********
 **   45 **FIX           12
 **********
 PARAMETER   12  IS CONSTANT.   IGNORED.
 **********
 **   46 **FIX           13
 **********
 **********
 **   47 **FIX           14
 **********
 **********
 **   48 **FIX           15
 **********
 PARAMETER   15  IS CONSTANT.   IGNORED.
 **********
 **   49 **FIX           16
 **********
 **********
 **   50 **MIGRAD
 **********
 START MIGRAD MINIMIZATION.  STRATEGY  1.  CONVERGENCE WHEN EDM .LT. 1.00e-04
 FCN=43.7914 FROM MIGRAD    STATUS=INITIATE       22 CALLS        1982 TOTAL
                     EDM= unknown      STRATEGY= 1      NO ERROR MATRIX       
  EXT PARAMETER               CURRENT GUESS       STEP         FIRST   
  NO.   NAME      VALUE            ERROR          SIZE      DERIVATIVE 
   1  N0           3.28900e+06   5.44577e+02   5.44577e+02  -1.62001e-04
   2  tau          6.43975e+01   constant   
   3  A0           3.64796e-01   2.16418e-04   2.16418e-04   1.38578e+04
   4  phi          4.12101e+00   6.52292e-04   6.52292e-04   1.43036e+03
   5  R           -6.08541e+01   constant   
   6  alpha_CBO    2.03815e-03   2.52408e-04   2.52408e-04   1.52214e+03
   7  w_CBO        2.32500e+00   constant   
   8  beta_CBO     2.15307e-03   2.52983e-04   8.11756e-07   3.99029e-01
   9  alpha_2CBO   1.03248e-04   2.51487e-04   8.03105e-07  -3.94173e+00
  10  beta_2CBO    4.86835e-05     fixed    
  11  alpha_y      0.00000e+00     fixed    
  12  w_y          1.44500e+01   constant   
  13  beta_y       4.62522e-05     fixed    
  14  alpha_vw     0.00000e+00     fixed    
  15  w_vw         1.29000e+01   constant   
  16  beta_vw      0.00000e+00     fixed    
  17  LM          -3.35021e-04   constant   
  18  zeta_y       0.00000e+00   constant   
  19  zeta_vw      0.00000e+00   constant   
  20  T_CBO        9.99990e+02   8.86625e+02   3.32126e-02  -1.17905e-04
  21  alpha_A0    -1.05992e-03   1.10157e-03   3.56498e-06   1.71041e+00
  22  beta_A0     -8.67208e-05   1.12724e-03   3.59936e-06   4.89399e-01
  23  alpha_phi   -3.02761e-03   1.00129e-03   3.23265e-06  -1.49248e-02
  24  beta_phi     1.67595e-03   1.09248e-03   3.44607e-06  -1.05966e+00
 MIGRAD MINIMIZATION HAS CONVERGED.
 MIGRAD WILL VERIFY CONVERGENCE AND ERROR MATRIX.
 COVARIANCE MATRIX CALCULATED SUCCESSFULLY
 FCN=41.158 FROM MIGRAD    STATUS=CONVERGED     243 CALLS        2203 TOTAL
                     EDM=6.05317e-06    STRATEGY= 1      ERROR MATRIX ACCURATE 
  EXT PARAMETER                                   STEP         FIRST   
  NO.   NAME      VALUE            ERROR          SIZE      DERIVATIVE 
   1  N0           3.28884e+06   6.10938e+02   1.80435e+00  -2.19747e-06
   2  tau          6.43975e+01   constant   
   3  A0           3.64443e-01   2.31456e-04   6.94032e-07   1.62186e+00
   4  phi          4.12075e+00   6.80374e-04   2.04365e-06  -2.60043e+00
   5  R           -6.08541e+01   constant   
   6  alpha_CBO    2.01550e-03   2.58988e-04   7.72032e-07   3.91657e+00
   7  w_CBO        2.32500e+00   constant   
   8  beta_CBO     2.23270e-03   2.57732e-04   7.87532e-07  -2.50663e+00
   9  alpha_2CBO   7.86279e-05   2.52256e-04   7.79126e-07   2.54819e+00
  10  beta_2CBO    4.86835e-05     fixed    
  11  alpha_y      0.00000e+00     fixed    
  12  w_y          1.44500e+01   constant   
  13  beta_y       4.62522e-05     fixed    
  14  alpha_vw     0.00000e+00     fixed    
  15  w_vw         1.29000e+01   constant   
  16  beta_vw      0.00000e+00     fixed    
  17  LM          -3.35021e-04   constant   
  18  zeta_y       0.00000e+00   constant   
  19  zeta_vw      0.00000e+00   constant   
  20  T_CBO        1.00000e+03   9.99678e+02   4.44964e-02** at limit **
  21  alpha_A0    -1.19982e-03   1.13667e-03   3.46011e-06  -8.95287e-01
  22  beta_A0      5.00001e-05   1.14897e-03   3.49345e-06  -7.22732e-01
  23  alpha_phi   -3.01360e-03   1.03497e-03   3.13926e-06  -2.31672e-01
  24  beta_phi     1.55846e-03   1.12888e-03   3.34657e-06   9.39093e-01
 EXTERNAL ERROR MATRIX.    NDIM=  25    NPAR= 11    ERR DEF=1
  3.732e+05 
  2.128e-02  5.357e-08 
  5.703e-02 -1.433e-08  4.629e-07 
 -4.811e-03 -8.155e-09  3.874e-08  6.707e-08 
 -4.714e-03 -1.073e-08 -7.479e-09 -5.981e-10  6.643e-08 
 -2.223e-03  4.184e-09 -4.652e-09 -1.332e-09 -8.609e-10  6.363e-08 
 -1.194e-01 -2.343e-07 -3.821e-07  5.278e-08  1.249e-08  3.376e-08  1.185e+00 
  1.356e-01  1.047e-08  6.608e-08  3.870e-08  5.525e-09  3.407e-08 -4.231e-05  1.292e-06 
 -1.764e-02 -3.445e-08  1.138e-07  2.350e-08  4.137e-08  5.240e-09  1.520e-06  7.048e-08  1.320e-06 
 -5.508e-02 -1.465e-08  5.520e-08  5.703e-08  2.207e-10 -2.804e-08 -1.060e-04  1.424e-08  4.619e-08  1.071e-06 
 -1.195e-01  2.859e-08 -1.077e-07 -1.538e-08  2.766e-08  4.179e-08  5.539e-05 -3.988e-08 -2.074e-07 -1.434e-07  1.274e-06 
 PARAMETER  CORRELATION COEFFICIENTS  
       NO.  GLOBAL      1      3      4      6      8      9     20     21     22     23     24
        1  0.35175   1.000  0.150  0.137 -0.030 -0.030 -0.014 -0.000  0.195 -0.025 -0.087 -0.173
        3  0.32473   0.150  1.000 -0.091 -0.136 -0.180  0.072 -0.001  0.040 -0.130 -0.061  0.109
        4  0.31995   0.137 -0.091  1.000  0.220 -0.043 -0.027 -0.001  0.085  0.146  0.078 -0.140
        6  0.34047  -0.030 -0.136  0.220  1.000 -0.009 -0.020  0.000  0.131  0.079  0.213 -0.053
        8  0.26660  -0.030 -0.180 -0.043 -0.009  1.000 -0.013  0.000  0.019  0.140  0.001  0.095
        9  0.22561  -0.014  0.072 -0.027 -0.020 -0.013  1.000  0.000  0.119  0.018 -0.107  0.147
       20  0.10974  -0.000 -0.001 -0.001  0.000  0.000  0.000  1.000 -0.034  0.001 -0.094  0.045
       21  0.27941   0.195  0.040  0.085  0.131  0.019  0.119 -0.034  1.000  0.054  0.012 -0.031
       22  0.28327  -0.025 -0.130  0.146  0.079  0.140  0.018  0.001  0.054  1.000  0.039 -0.160
       23  0.29099  -0.087 -0.061  0.078  0.213  0.001 -0.107 -0.094  0.012  0.039  1.000 -0.123
       24  0.35447  -0.173  0.109 -0.140 -0.053  0.095  0.147  0.045 -0.031 -0.160 -0.123  1.000
MINUIT - FIT ONLY 1-y
 **********
 **   51 **RES 
 **********
                   PARAMETER   16  beta_vw RESTORED TO VARIABLE.
                   PARAMETER   14  alpha_vw RESTORED TO VARIABLE.
                   PARAMETER   13  beta_y RESTORED TO VARIABLE.
                   PARAMETER   11  alpha_y RESTORED TO VARIABLE.
                   PARAMETER   10  beta_2CBO RESTORED TO VARIABLE.
 **********
 **   52 **FIX            0
 **********
 PARAMETER    0  IS UNDEFINED. IGNORED.
 **********
 **   53 **FIX            1
 **********
 **********
 **   54 **FIX            2
 **********
 PARAMETER    2  IS CONSTANT.   IGNORED.
 **********
 **   55 **FIX            3
 **********
 **********
 **   56 **FIX            4
 **********
 **********
 **   57 **FIX            5
 **********
 PARAMETER    5  IS CONSTANT.   IGNORED.
 **********
 **   58 **FIX            6
 **********
 **********
 **   59 **FIX            7
 **********
 PARAMETER    7  IS CONSTANT.   IGNORED.
 **********
 **   60 **FIX            8
 **********
 **********
 **   61 **FIX            9
 **********
 **********
 **   62 **FIX           13
 **********
 **********
 **   63 **FIX           14
 **********
 **********
 **   64 **FIX           15
 **********
 PARAMETER   15  IS CONSTANT.   IGNORED.
 **********
 **   65 **FIX           16
 **********
 **********
 **   66 **MIGRAD
 **********
 START MIGRAD MINIMIZATION.  STRATEGY  1.  CONVERGENCE WHEN EDM .LT. 1.00e-04
 FCN=41.158 FROM MIGRAD    STATUS=INITIATE       16 CALLS        2219 TOTAL
                     EDM= unknown      STRATEGY= 1      NO ERROR MATRIX       
  EXT PARAMETER               CURRENT GUESS       STEP         FIRST   
  NO.   NAME      VALUE            ERROR          SIZE      DERIVATIVE 
   1  N0           3.28884e+06     fixed    
   2  tau          6.43975e+01   constant   
   3  A0           3.64443e-01     fixed    
   4  phi          4.12075e+00     fixed    
   5  R           -6.08541e+01   constant   
   6  alpha_CBO    2.01550e-03     fixed    
   7  w_CBO        2.32500e+00   constant   
   8  beta_CBO     2.23270e-03     fixed    
   9  alpha_2CBO   7.86279e-05     fixed    
  10  beta_2CBO    4.86835e-05   2.49085e-04   2.49085e-04   3.53831e+03
  11  alpha_y      0.00000e+00   1.00000e-03   1.00000e-03  -6.54568e+03
  12  w_y          1.44500e+01   constant   
  13  beta_y       4.62522e-05     fixed    
  14  alpha_vw     0.00000e+00     fixed    
  15  w_vw         1.29000e+01   constant   
  16  beta_vw      0.00000e+00     fixed    
  17  LM          -3.35021e-04   constant   
  18  zeta_y       0.00000e+00   constant   
  19  zeta_vw      0.00000e+00   constant   
  20  T_CBO        9.99999e+02   9.99678e+02   4.44964e-02  -1.62135e-05
  21  alpha_A0    -1.19982e-03   1.13667e-03   3.46011e-06  -8.94924e-01
  22  beta_A0      5.00001e-05   1.14897e-03   3.49345e-06  -7.22797e-01
  23  alpha_phi   -3.01360e-03   1.03497e-03   3.13926e-06  -2.30664e-01
  24  beta_phi     1.55846e-03   1.12888e-03   3.34657e-06   9.38708e-01
 MIGRAD MINIMIZATION HAS CONVERGED.
 MIGRAD WILL VERIFY CONVERGENCE AND ERROR MATRIX.
 COVARIANCE MATRIX CALCULATED SUCCESSFULLY
 FCN=40.3172 FROM MIGRAD    STATUS=CONVERGED     113 CALLS        2316 TOTAL
                     EDM=1.49731e-06    STRATEGY= 1      ERROR MATRIX ACCURATE 
  EXT PARAMETER                                   STEP         FIRST   
  NO.   NAME      VALUE            ERROR          SIZE      DERIVATIVE 
   1  N0           3.28884e+06     fixed    
   2  tau          6.43975e+01   constant   
   3  A0           3.64443e-01     fixed    
   4  phi          4.12075e+00     fixed    
   5  R           -6.08541e+01   constant   
   6  alpha_CBO    2.01550e-03     fixed    
   7  w_CBO        2.32500e+00   constant   
   8  beta_CBO     2.23270e-03     fixed    
   9  alpha_2CBO   7.86279e-05     fixed    
  10  beta_2CBO   -6.14119e-05   2.51643e-04   7.72386e-07  -1.08587e+00
  11  alpha_y      1.97333e-04   2.46254e-04   7.72547e-07  -2.61062e+00
  12  w_y          1.44500e+01   constant   
  13  beta_y       4.62522e-05     fixed    
  14  alpha_vw     0.00000e+00     fixed    
  15  w_vw         1.29000e+01   constant   
  16  beta_vw      0.00000e+00     fixed    
  17  LM          -3.35021e-04   constant   
  18  zeta_y       0.00000e+00   constant   
  19  zeta_vw      0.00000e+00   constant   
  20  T_CBO        1.00000e+03   9.99467e+02   3.88952e-02** at limit **
  21  alpha_A0    -1.17431e-03   1.09359e-03   3.42538e-06   1.31237e+00
  22  beta_A0     -2.52241e-05   1.13106e-03   3.45840e-06   3.70962e-01
  23  alpha_phi   -2.97909e-03   1.00733e-03   3.10781e-06   1.70358e-01
  24  beta_phi     1.60601e-03   1.08020e-03   3.31308e-06  -3.32632e-01
 EXTERNAL ERROR MATRIX.    NDIM=  25    NPAR=  7    ERR DEF=1
  6.332e-08  5.956e-10 -5.165e-09 -9.466e-09  4.376e-08 -3.059e-08 -2.044e-08 
  5.956e-10  6.064e-08  4.778e-09  2.271e-09  4.038e-10 -6.094e-09  3.746e-09 
 -5.165e-09  4.778e-09  1.432e-01 -1.235e-05 -3.444e-07 -3.133e-05  1.708e-05 
 -9.466e-09  2.271e-09 -1.235e-05  1.196e-06  4.542e-08  1.753e-08 -9.306e-09 
  4.376e-08  4.038e-10 -3.444e-07  4.542e-08  1.279e-06 -2.509e-09 -2.090e-07 
 -3.059e-08 -6.094e-09 -3.133e-05  1.753e-08 -2.509e-09  1.015e-06 -1.119e-07 
 -2.044e-08  3.746e-09  1.708e-05 -9.306e-09 -2.090e-07 -1.119e-07  1.167e-06 
 PARAMETER  CORRELATION COEFFICIENTS  
       NO.  GLOBAL     10     11     20     21     22     23     24
       10  0.20886   1.000  0.010 -0.000 -0.034  0.154 -0.121 -0.075
       11  0.02985   0.010  1.000  0.000  0.008  0.001 -0.025  0.014
       20  0.09379  -0.000  0.000  1.000 -0.030 -0.001 -0.082  0.042
       21  0.06354  -0.034  0.008 -0.030  1.000  0.037  0.016 -0.008
       22  0.22560   0.154  0.001 -0.001  0.037  1.000 -0.002 -0.171
       23  0.18365  -0.121 -0.025 -0.082  0.016 -0.002  1.000 -0.103
       24  0.21221  -0.075  0.014  0.042 -0.008 -0.171 -0.103  1.000
MINUIT - FIT ONLY 2-y
 **********
 **   67 **RES 
 **********
                   PARAMETER   16  beta_vw RESTORED TO VARIABLE.
                   PARAMETER   14  alpha_vw RESTORED TO VARIABLE.
                   PARAMETER   13  beta_y RESTORED TO VARIABLE.
                   PARAMETER    9  alpha_2CBO RESTORED TO VARIABLE.
                   PARAMETER    8  beta_CBO RESTORED TO VARIABLE.
                   PARAMETER    6  alpha_CBO RESTORED TO VARIABLE.
                   PARAMETER    4  phi RESTORED TO VARIABLE.
                   PARAMETER    3  A0 RESTORED TO VARIABLE.
                   PARAMETER    1  N0 RESTORED TO VARIABLE.
 **********
 **   68 **FIX            0
 **********
 PARAMETER    0  IS UNDEFINED. IGNORED.
 **********
 **   69 **FIX            1
 **********
 **********
 **   70 **FIX            2
 **********
 PARAMETER    2  IS CONSTANT.   IGNORED.
 **********
 **   71 **FIX            3
 **********
 **********
 **   72 **FIX            4
 **********
 **********
 **   73 **FIX            5
 **********
 PARAMETER    5  IS CONSTANT.   IGNORED.
 **********
 **   74 **FIX            6
 **********
 **********
 **   75 **FIX            7
 **********
 PARAMETER    7  IS CONSTANT.   IGNORED.
 **********
 **   76 **FIX            8
 **********
 **********
 **   77 **FIX            9
 **********
 **********
 **   78 **FIX           10
 **********
 **********
 **   79 **FIX           11
 **********
 **********
 **   80 **FIX           12
 **********
 PARAMETER   12  IS CONSTANT.   IGNORED.
 **********
 **   81 **FIX           16
 **********
 **********
 **   82 **MIGRAD
 **********
 START MIGRAD MINIMIZATION.  STRATEGY  1.  CONVERGENCE WHEN EDM .LT. 1.00e-04
 FCN=40.3172 FROM MIGRAD    STATUS=INITIATE       16 CALLS        2332 TOTAL
                     EDM= unknown      STRATEGY= 1      NO ERROR MATRIX       
  EXT PARAMETER               CURRENT GUESS       STEP         FIRST   
  NO.   NAME      VALUE            ERROR          SIZE      DERIVATIVE 
   1  N0           3.28884e+06     fixed    
   2  tau          6.43975e+01   constant   
   3  A0           3.64443e-01     fixed    
   4  phi          4.12075e+00     fixed    
   5  R           -6.08541e+01   constant   
   6  alpha_CBO    2.01550e-03     fixed    
   7  w_CBO        2.32500e+00   constant   
   8  beta_CBO     2.23270e-03     fixed    
   9  alpha_2CBO   7.86279e-05     fixed    
  10  beta_2CBO   -6.14119e-05     fixed    
  11  alpha_y      1.97333e-04     fixed    
  12  w_y          1.44500e+01   constant   
  13  beta_y       4.62522e-05   2.45605e-04   2.45605e-04   9.40597e+02
  14  alpha_vw     0.00000e+00   1.00000e-03   1.00000e-03   2.85940e+03
  15  w_vw         1.29000e+01   constant   
  16  beta_vw      0.00000e+00     fixed    
  17  LM          -3.35021e-04   constant   
  18  zeta_y       0.00000e+00   constant   
  19  zeta_vw      0.00000e+00   constant   
  20  T_CBO        9.99999e+02   9.99467e+02   3.88952e-02  -1.64240e-05
  21  alpha_A0    -1.17431e-03   1.09359e-03   3.42538e-06   1.31273e+00
  22  beta_A0     -2.52241e-05   1.13106e-03   3.45840e-06   3.70916e-01
  23  alpha_phi   -2.97909e-03   1.00733e-03   3.10781e-06   1.71356e-01
  24  beta_phi     1.60601e-03   1.08020e-03   3.31308e-06  -3.33030e-01
 MIGRAD MINIMIZATION HAS CONVERGED.
 MIGRAD WILL VERIFY CONVERGENCE AND ERROR MATRIX.
 COVARIANCE MATRIX CALCULATED SUCCESSFULLY
 FCN=40.1698 FROM MIGRAD    STATUS=CONVERGED      98 CALLS        2414 TOTAL
                     EDM=9.87444e-07    STRATEGY= 1      ERROR MATRIX ACCURATE 
  EXT PARAMETER                                   STEP         FIRST   
  NO.   NAME      VALUE            ERROR          SIZE      DERIVATIVE 
   1  N0           3.28884e+06     fixed    
   2  tau          6.43975e+01   constant   
   3  A0           3.64443e-01     fixed    
   4  phi          4.12075e+00     fixed    
   5  R           -6.08541e+01   constant   
   6  alpha_CBO    2.01550e-03     fixed    
   7  w_CBO        2.32500e+00   constant   
   8  beta_CBO     2.23270e-03     fixed    
   9  alpha_2CBO   7.86279e-05     fixed    
  10  beta_2CBO   -6.14119e-05     fixed    
  11  alpha_y      1.97333e-04     fixed    
  12  w_y          1.44500e+01   constant   
  13  beta_y       7.37156e-06   2.47417e-04   7.69752e-07  -7.78621e-02
  14  alpha_vw    -9.03140e-05   2.46678e-04   7.67565e-07   2.69244e-02
  15  w_vw         1.29000e+01   constant   
  16  beta_vw      0.00000e+00     fixed    
  17  LM          -3.35021e-04   constant   
  18  zeta_y       0.00000e+00   constant   
  19  zeta_vw      0.00000e+00   constant   
  20  T_CBO        1.00000e+03   9.66052e+02   5.44183e-02** at limit **
  21  alpha_A0    -1.17469e-03   1.09346e-03   3.41930e-06  -9.89712e-02
  22  beta_A0     -2.31770e-05   1.11792e-03   3.45225e-06   7.33016e-01
  23  alpha_phi   -2.97760e-03   1.00357e-03   3.10227e-06  -9.74957e-01
  24  beta_phi     1.60482e-03   1.07816e-03   3.30717e-06   5.75784e-01
 EXTERNAL ERROR MATRIX.    NDIM=  25    NPAR=  7    ERR DEF=1
  6.122e-08  7.057e-09  2.618e-09  6.913e-10  5.353e-09 -1.687e-09 -2.283e-09 
  7.057e-09  6.085e-08 -6.608e-11 -5.560e-10 -3.129e-09 -9.222e-10  1.980e-09 
  2.618e-09 -6.608e-11  2.314e-01 -2.293e-05 -5.954e-07 -5.809e-05  3.165e-05 
  6.913e-10 -5.560e-10 -2.293e-05  1.196e-06  5.208e-08  1.623e-08 -1.423e-08 
  5.353e-09 -3.129e-09 -5.954e-07  5.208e-08  1.250e-06  1.860e-08 -1.952e-07 
 -1.687e-09 -9.222e-10 -5.809e-05  1.623e-08  1.860e-08  1.007e-06 -1.256e-07 
 -2.283e-09  1.980e-09  3.165e-05 -1.423e-08 -1.952e-07 -1.256e-07  1.162e-06 
 PARAMETER  CORRELATION COEFFICIENTS  
       NO.  GLOBAL     13     14     20     21     22     23     24
       13  0.11787   1.000  0.116  0.000  0.003  0.019 -0.007 -0.009
       14  0.11663   0.116  1.000 -0.000 -0.002 -0.011 -0.004  0.007
       20  0.13616   0.000 -0.000  1.000 -0.044 -0.001 -0.120  0.061
       21  0.06164   0.003 -0.002 -0.044  1.000  0.043  0.015 -0.012
       22  0.16872   0.019 -0.011 -0.001  0.043  1.000  0.017 -0.162
       23  0.16273  -0.007 -0.004 -0.120  0.015  0.017  1.000 -0.116
       24  0.20354  -0.009  0.007  0.061 -0.012 -0.162 -0.116  1.000
