 + ++++++++++++++++++++++++++++++++++++++++++++++++++++++++++++++++++++ +
 +                                                                      +
 +           You have chose to blind your fitting according to          +
 +                omega_ref * (1 + (R +/- deltaR) *10^{-6})             +
 +                                                                      +
 + ++++++++++++++++++++++++++++++++++++++++++++++++++++++++++++++++++++ +
In main()...
reading format from /gm2data/zkhechad/run45/envelope/formats/formatB_sBin_constraintOn.txt
pBinTau 	= 0  
pBinPhi 	= 0  
constraintau 	= 1 
includeMopTerm 	= 0    
constrainMop    = 0   
Parameters after format file: pBinTau 0 pBinPhi 0 constraintau 1 includeMopTerm 0 constrainMop 0 c_e_scale 0.000000 
Opening file /gm2data/tbarrett/gm2fr/studies/run23_bunch_corrections/CorrectedFourier_Run3b.root.
reading full fit data from /gm2data/zkhechad/cboTemplates/Run4CBOTemplates/templateFits0_v2.0/noRF/sBin_constraintOn_cE0.0_seed0_noRF_calo6.root
windowBins = 69
fitting sliding window 540 from bin 676 at 100.710000 to bin 745 at 111.154000 (69 bins)

Reading data from /gm2data/cornell/histograms/aMethod/histogram_a_noRF.root
 **********
 **    1 **SET PRINTOUT            1
 **********
 **********
 **    2 **SET NOWARNINGS 
 **********
 PARAMETER DEFINITIONS:
    NO.   NAME         VALUE      STEP SIZE      LIMITS
     1 N0           2.90949e+06  1.00000e+02     no limits
     2 tau          6.43983e+01  constant
     3 A0           3.53683e-01  1.00000e-04     no limits
     4 phi          4.11541e+00  1.00000e-02     no limits
     5 R           -6.16270e+01  constant
     6 alpha_CBO    0.00000e+00  1.00000e-03     no limits
     7 w_CBO        2.32500e+00  constant
     8 beta_CBO     0.00000e+00  1.00000e-03     no limits
     9 alpha_2CBO   0.00000e+00  1.00000e-03     no limits
    10 beta_2CBO    0.00000e+00  1.00000e-03     no limits
    11 alpha_y      0.00000e+00  1.00000e-03     no limits
    12 w_y          1.44500e+01  constant
    13 beta_y       0.00000e+00  1.00000e-03     no limits
    14 alpha_vw     0.00000e+00  1.00000e-03     no limits
    15 w_vw         1.29000e+01  constant
    16 beta_vw      0.00000e+00  1.00000e-03     no limits
    17 LM          -2.35969e-04  constant
    18 zeta_y       0.00000e+00  constant
    19 zeta_vw      0.00000e+00  constant
    20 T_CBO        1.00000e+02  1.00000e+00    0.00000e+00  1.00000e+03
    21 alpha_A0     0.00000e+00  1.00000e-03     no limits
    22 beta_A0      0.00000e+00  1.00000e-03     no limits
    23 alpha_phi    0.00000e+00  1.00000e-03     no limits
    24 beta_phi     0.00000e+00  1.00000e-03     no limits
MINUIT - FIT ONLY WIGGLE
 **********
 **    3 **FIX            5
 **********
 PARAMETER    5  IS CONSTANT.   IGNORED.
 **********
 **    4 **FIX            6
 **********
 **********
 **    5 **FIX            7
 **********
 PARAMETER    7  IS CONSTANT.   IGNORED.
 **********
 **    6 **FIX            8
 **********
 **********
 **    7 **FIX            9
 **********
 **********
 **    8 **FIX           10
 **********
 **********
 **    9 **FIX           11
 **********
 **********
 **   10 **FIX           12
 **********
 PARAMETER   12  IS CONSTANT.   IGNORED.
 **********
 **   11 **FIX           13
 **********
 **********
 **   12 **FIX           14
 **********
 **********
 **   13 **FIX           15
 **********
 PARAMETER   15  IS CONSTANT.   IGNORED.
 **********
 **   14 **FIX           16
 **********
 **********
 **   15 **MIGRAD
 **********
 FIRST CALL TO USER FUNCTION AT NEW START POINT, WITH IFLAG=4.
 START MIGRAD MINIMIZATION.  STRATEGY  1.  CONVERGENCE WHEN EDM .LT. 1.00e-04
 FCN=1763.7 FROM MIGRAD    STATUS=INITIATE      433 CALLS         434 TOTAL
                     EDM= unknown      STRATEGY= 1      NO ERROR MATRIX       
  EXT PARAMETER               CURRENT GUESS       STEP         FIRST   
  NO.   NAME      VALUE            ERROR          SIZE      DERIVATIVE 
   1  N0           2.90949e+06   1.00000e+02   0.00000e+00  -1.17139e-02
   2  tau          6.43983e+01   constant   
   3  A0           3.53683e-01   1.00000e-04   0.00000e+00   3.15224e+04
   4  phi          4.11541e+00   1.00000e-02   0.00000e+00   4.31872e+04
   5  R           -6.16270e+01   constant   
   6  alpha_CBO    0.00000e+00     fixed    
   7  w_CBO        2.32500e+00   constant   
   8  beta_CBO     0.00000e+00     fixed    
   9  alpha_2CBO   0.00000e+00     fixed    
  10  beta_2CBO    0.00000e+00     fixed    
  11  alpha_y      0.00000e+00     fixed    
  12  w_y          1.44500e+01   constant   
  13  beta_y       0.00000e+00     fixed    
  14  alpha_vw     0.00000e+00     fixed    
  15  w_vw         1.29000e+01   constant   
  16  beta_vw      0.00000e+00     fixed    
  17  LM          -2.35969e-04   constant   
  18  zeta_y       0.00000e+00   constant   
  19  zeta_vw      0.00000e+00   constant   
  20  T_CBO        1.00000e+02   1.00000e+00   0.00000e+00   0.00000e+00
  21  alpha_A0     0.00000e+00   1.00000e-03   0.00000e+00   1.33095e+03
  22  beta_A0      0.00000e+00   1.00000e-03   0.00000e+00  -2.04113e+03
  23  alpha_phi    0.00000e+00   1.00000e-03   0.00000e+00  -1.32816e+03
  24  beta_phi     0.00000e+00   1.00000e-03   0.00000e+00  -8.31492e+01
 MIGRAD MINIMIZATION HAS CONVERGED.
 FCN=1691.19 FROM MIGRAD    STATUS=CONVERGED    1151 CALLS        1152 TOTAL
                     EDM=4.12472e-06    STRATEGY= 1  ERROR MATRIX UNCERTAINTY   0.2 per cent
  EXT PARAMETER                                   STEP         FIRST   
  NO.   NAME      VALUE            ERROR          SIZE      DERIVATIVE 
   1  N0           2.90949e+06   2.99159e+02  -8.24998e-02  -1.61449e-06
   2  tau          6.43983e+01   constant   
   3  A0           3.53532e-01   1.20355e-04   2.04287e-07   9.01027e-01
   4  phi          4.11233e+00   3.81206e-04  -2.82039e-07  -7.72255e-01
   5  R           -6.16270e+01   constant   
   6  alpha_CBO    0.00000e+00     fixed    
   7  w_CBO        2.32500e+00   constant   
   8  beta_CBO     0.00000e+00     fixed    
   9  alpha_2CBO   0.00000e+00     fixed    
  10  beta_2CBO    0.00000e+00     fixed    
  11  alpha_y      0.00000e+00     fixed    
  12  w_y          1.44500e+01   constant   
  13  beta_y       0.00000e+00     fixed    
  14  alpha_vw     0.00000e+00     fixed    
  15  w_vw         1.29000e+01   constant   
  16  beta_vw      0.00000e+00     fixed    
  17  LM          -2.35969e-04   constant   
  18  zeta_y       0.00000e+00   constant   
  19  zeta_vw      0.00000e+00   constant   
  20  T_CBO        9.99904e+02   6.90590e+02   9.86526e-02  -1.24494e-04
  21  alpha_A0    -1.27032e-03   6.42700e-04   3.15841e-07  -5.57334e-01
  22  beta_A0      1.80485e-04   6.32823e-04  -2.58455e-07  -2.31172e+00
  23  alpha_phi    5.08211e-04   5.27236e-04  -1.23027e-06  -6.31452e+00
  24  beta_phi     3.81646e-04   6.07750e-04   1.06681e-06  -2.29971e+00
 EXTERNAL ERROR MATRIX.    NDIM=  25    NPAR=  8    ERR DEF=1
  8.950e+04  7.075e-03  1.244e-02 -1.174e+03  2.381e-02 -2.979e-02 -2.957e-02 -1.011e-02 
  7.075e-03  1.449e-08 -1.799e-09  1.489e-03  4.863e-10 -6.798e-09  8.356e-09  1.588e-09 
  1.244e-02 -1.799e-09  1.453e-07 -1.083e-03  3.591e-08  2.536e-08 -1.630e-08 -2.105e-08 
 -1.174e+03  1.489e-03 -1.083e-03  3.908e+04  2.798e-02  9.462e-03 -4.703e-03 -1.769e-02 
  2.381e-02  4.863e-10  3.591e-08  2.798e-02  4.131e-07  6.396e-08 -7.453e-09 -9.184e-08 
 -2.979e-02 -6.798e-09  2.536e-08  9.462e-03  6.396e-08  4.005e-07  1.768e-08 -7.200e-08 
 -2.957e-02  8.356e-09 -1.630e-08 -4.703e-03 -7.453e-09  1.768e-08  2.780e-07 -1.178e-08 
 -1.011e-02  1.588e-09 -2.105e-08 -1.769e-02 -9.184e-08 -7.200e-08 -1.178e-08  3.694e-07 
 PARAMETER  CORRELATION COEFFICIENTS  
       NO.  GLOBAL      1      3      4     20     21     22     23     24
        1  0.37130   1.000  0.196  0.109 -0.020  0.124 -0.157 -0.187 -0.056
        3  0.28589   0.196  1.000 -0.039  0.063  0.006 -0.089  0.132  0.022
        4  0.22465   0.109 -0.039  1.000 -0.014  0.147  0.105 -0.081 -0.091
       20  0.27242  -0.020  0.063 -0.014  1.000  0.220  0.076 -0.045 -0.147
       21  0.36306   0.124  0.006  0.147  0.220  1.000  0.157 -0.022 -0.235
       22  0.30669  -0.157 -0.089  0.105  0.076  0.157  1.000  0.053 -0.187
       23  0.27705  -0.187  0.132 -0.081 -0.045 -0.022  0.053  1.000 -0.037
       24  0.30987  -0.056  0.022 -0.091 -0.147 -0.235 -0.187 -0.037  1.000
MINUIT - FIT ONLY 1-CBO + wiggle
 **********
 **   16 **RES 
 **********
                   PARAMETER   16  beta_vw RESTORED TO VARIABLE.
                   PARAMETER   14  alpha_vw RESTORED TO VARIABLE.
                   PARAMETER   13  beta_y RESTORED TO VARIABLE.
                   PARAMETER   11  alpha_y RESTORED TO VARIABLE.
                   PARAMETER   10  beta_2CBO RESTORED TO VARIABLE.
                   PARAMETER    9  alpha_2CBO RESTORED TO VARIABLE.
                   PARAMETER    8  beta_CBO RESTORED TO VARIABLE.
                   PARAMETER    6  alpha_CBO RESTORED TO VARIABLE.
 **********
 **   17 **FIX            8
 **********
 **********
 **   18 **FIX            9
 **********
 **********
 **   19 **FIX           11
 **********
 **********
 **   20 **FIX           12
 **********
 PARAMETER   12  IS CONSTANT.   IGNORED.
 **********
 **   21 **FIX           14
 **********
 **********
 **   22 **FIX           15
 **********
 PARAMETER   15  IS CONSTANT.   IGNORED.
 **********
 **   23 **FIX           16
 **********
 **********
 **   24 **MIGRAD
 **********
 START MIGRAD MINIMIZATION.  STRATEGY  1.  CONVERGENCE WHEN EDM .LT. 1.00e-04
 FCN=1691.19 FROM MIGRAD    STATUS=INITIATE       28 CALLS        1180 TOTAL
                     EDM= unknown      STRATEGY= 1      NO ERROR MATRIX       
  EXT PARAMETER               CURRENT GUESS       STEP         FIRST   
  NO.   NAME      VALUE            ERROR          SIZE      DERIVATIVE 
   1  N0           2.90949e+06   2.99159e+02  -8.24998e-02  -1.61449e-06
   2  tau          6.43983e+01   constant   
   3  A0           3.53532e-01   1.20355e-04   2.04287e-07   9.01022e-01
   4  phi          4.11233e+00   3.81206e-04  -2.82039e-07  -7.72288e-01
   5  R           -6.16270e+01   constant   
   6  alpha_CBO    0.00000e+00   1.00000e-03   1.00000e-03  -8.95765e+04
   7  w_CBO        2.32500e+00   constant   
   8  beta_CBO     0.00000e+00     fixed    
   9  alpha_2CBO   0.00000e+00     fixed    
  10  beta_2CBO    0.00000e+00   1.00000e-03   1.00000e-03   1.00291e+04
  11  alpha_y      0.00000e+00     fixed    
  12  w_y          1.44500e+01   constant   
  13  beta_y       0.00000e+00   1.00000e-03   1.00000e-03  -4.67815e+04
  14  alpha_vw     0.00000e+00     fixed    
  15  w_vw         1.29000e+01   constant   
  16  beta_vw      0.00000e+00     fixed    
  17  LM          -2.35969e-04   constant   
  18  zeta_y       0.00000e+00   constant   
  19  zeta_vw      0.00000e+00   constant   
  20  T_CBO        9.99904e+02   6.90590e+02   9.86526e-02  -1.23621e-04
  21  alpha_A0    -1.27032e-03   6.42700e-04   3.15841e-07  -5.57319e-01
  22  beta_A0      1.80485e-04   6.32823e-04  -2.58455e-07  -2.31173e+00
  23  alpha_phi    5.08211e-04   5.27236e-04  -1.23027e-06  -6.31452e+00
  24  beta_phi     3.81646e-04   6.07750e-04   1.06681e-06  -2.29971e+00
 MIGRAD MINIMIZATION HAS CONVERGED.
 FCN=1639.38 FROM MIGRAD    STATUS=CONVERGED     253 CALLS        1405 TOTAL
                     EDM=5.8916e-07    STRATEGY= 1  ERROR MATRIX UNCERTAINTY   3.5 per cent
  EXT PARAMETER                                   STEP         FIRST   
  NO.   NAME      VALUE            ERROR          SIZE      DERIVATIVE 
   1  N0           2.90943e+06   2.91832e+02  -7.40592e-01  -7.26017e-07
   2  tau          6.43983e+01   constant   
   3  A0           3.53374e-01   1.24770e-04  -1.67266e-07   2.70900e+00
   4  phi          4.11274e+00   3.90244e-04  -6.63562e-08   2.69293e+00
   5  R           -6.16270e+01   constant   
   6  alpha_CBO    9.20109e-04   1.43029e-04  -4.44804e-08  -5.32908e-01
   7  w_CBO        2.32500e+00   constant   
   8  beta_CBO     0.00000e+00     fixed    
   9  alpha_2CBO   0.00000e+00     fixed    
  10  beta_2CBO   -8.26480e-05   1.36263e-04  -3.70503e-08  -4.60598e+00
  11  alpha_y      0.00000e+00     fixed    
  12  w_y          1.44500e+01   constant   
  13  beta_y       4.35417e-04   1.35043e-04   1.07006e-07  -7.44785e-01
  14  alpha_vw     0.00000e+00     fixed    
  15  w_vw         1.29000e+01   constant   
  16  beta_vw      0.00000e+00     fixed    
  17  LM          -2.35969e-04   constant   
  18  zeta_y       0.00000e+00   constant   
  19  zeta_vw      0.00000e+00   constant   
  20  T_CBO        1.00000e+03   9.20385e+02  -1.91744e-02** at limit **
  21  alpha_A0    -5.90456e-04   6.32291e-04  -1.17239e-06   6.68825e-01
  22  beta_A0      3.39678e-04   5.95831e-04   4.96312e-07  -2.61096e-01
  23  alpha_phi    1.11206e-03   5.62679e-04   8.13737e-07   8.53966e-02
  24  beta_phi     1.69020e-04   5.65176e-04  -2.78177e-07  -1.16922e+00
 EXTERNAL ERROR MATRIX.    NDIM=  25    NPAR= 11    ERR DEF=1
  8.517e+04 
  6.565e-03  1.557e-08 
  7.073e-03 -3.937e-09  1.523e-07 
 -1.320e-03 -3.510e-09  9.114e-09  2.046e-08 
 -9.083e-04 -1.162e-09  2.848e-10  2.296e-10  1.857e-08 
 -3.460e-04 -2.800e-10 -4.482e-10  2.023e-10  7.446e-11  1.824e-08 
  8.866e+01  1.122e-05  5.984e-05 -2.934e-06 -1.878e-05 -8.088e-07  1.190e+01 
  1.795e-02 -3.722e-09  2.849e-08  1.475e-08 -5.202e-09 -4.266e-10 -1.075e-04  3.998e-07 
 -2.861e-02 -7.773e-09  1.860e-08  3.858e-09  6.360e-09  3.805e-10  6.974e-05  1.392e-08  3.550e-07 
 -2.228e-02  1.497e-09 -7.606e-09  1.246e-08 -8.246e-09 -3.287e-10  2.340e-04 -3.023e-08 -1.149e-08  3.166e-07 
 -2.457e-03  4.707e-09 -1.571e-08 -5.649e-09 -9.083e-09 -2.839e-10 -8.501e-06 -4.626e-08 -3.090e-08  2.404e-08  3.194e-07 
 PARAMETER  CORRELATION COEFFICIENTS  
       NO.  GLOBAL      1      3      4      6     10     13     20     21     22     23     24
        1  0.31897   1.000  0.180  0.062 -0.032 -0.023 -0.009  0.088  0.097 -0.165 -0.136 -0.015
        3  0.29322   0.180  1.000 -0.081 -0.197 -0.068 -0.017  0.026 -0.047 -0.105  0.021  0.067
        4  0.22924   0.062 -0.081  1.000  0.163  0.005 -0.009  0.044  0.115  0.080 -0.035 -0.071
        6  0.33702  -0.032 -0.197  0.163  1.000  0.012  0.010 -0.006  0.163  0.045  0.155 -0.070
       10  0.20005  -0.023 -0.068  0.005  0.012  1.000  0.004 -0.040 -0.060  0.078 -0.108 -0.118
       13  0.02408  -0.009 -0.017 -0.009  0.010  0.004  1.000 -0.002 -0.005  0.005 -0.004 -0.004
       20  0.18760   0.088  0.026  0.044 -0.006 -0.040 -0.002  1.000 -0.049  0.034  0.121 -0.004
       21  0.27396   0.097 -0.047  0.115  0.163 -0.060 -0.005 -0.049  1.000  0.037 -0.085 -0.129
       22  0.23772  -0.165 -0.105  0.080  0.045  0.078  0.005  0.034  0.037  1.000 -0.034 -0.092
       23  0.30249  -0.136  0.021 -0.035  0.155 -0.108 -0.004  0.121 -0.085 -0.034  1.000  0.076
       24  0.21705  -0.015  0.067 -0.071 -0.070 -0.118 -0.004 -0.004 -0.129 -0.092  0.076  1.000
MINUIT - FIT ONLY 2-CBO
 **********
 **   25 **RES 
 **********
                   PARAMETER   16  beta_vw RESTORED TO VARIABLE.
                   PARAMETER   14  alpha_vw RESTORED TO VARIABLE.
                   PARAMETER   11  alpha_y RESTORED TO VARIABLE.
                   PARAMETER    9  alpha_2CBO RESTORED TO VARIABLE.
                   PARAMETER    8  beta_CBO RESTORED TO VARIABLE.
 **********
 **   26 **FIX            0
 **********
 PARAMETER    0  IS UNDEFINED. IGNORED.
 **********
 **   27 **FIX            1
 **********
 **********
 **   28 **FIX            2
 **********
 PARAMETER    2  IS CONSTANT.   IGNORED.
 **********
 **   29 **FIX            3
 **********
 **********
 **   30 **FIX            4
 **********
 **********
 **   31 **FIX            5
 **********
 PARAMETER    5  IS CONSTANT.   IGNORED.
 **********
 **   32 **FIX            6
 **********
 **********
 **   33 **FIX            7
 **********
 PARAMETER    7  IS CONSTANT.   IGNORED.
 **********
 **   34 **FIX           10
 **********
 **********
 **   35 **FIX           11
 **********
 **********
 **   36 **FIX           12
 **********
 PARAMETER   12  IS CONSTANT.   IGNORED.
 **********
 **   37 **FIX           13
 **********
 **********
 **   38 **FIX           14
 **********
 **********
 **   39 **FIX           15
 **********
 PARAMETER   15  IS CONSTANT.   IGNORED.
 **********
 **   40 **FIX           16
 **********
 **********
 **   41 **MIGRAD
 **********
 START MIGRAD MINIMIZATION.  STRATEGY  1.  CONVERGENCE WHEN EDM .LT. 1.00e-04
 FCN=1639.38 FROM MIGRAD    STATUS=INITIATE       18 CALLS        1423 TOTAL
                     EDM= unknown      STRATEGY= 1      NO ERROR MATRIX       
  EXT PARAMETER               CURRENT GUESS       STEP         FIRST   
  NO.   NAME      VALUE            ERROR          SIZE      DERIVATIVE 
   1  N0           2.90943e+06     fixed    
   2  tau          6.43983e+01   constant   
   3  A0           3.53374e-01     fixed    
   4  phi          4.11274e+00     fixed    
   5  R           -6.16270e+01   constant   
   6  alpha_CBO    9.20109e-04     fixed    
   7  w_CBO        2.32500e+00   constant   
   8  beta_CBO     0.00000e+00   1.00000e-03   1.00000e-03   5.40808e+05
   9  alpha_2CBO   0.00000e+00   1.00000e-03   1.00000e-03  -2.09888e+04
  10  beta_2CBO   -8.26480e-05     fixed    
  11  alpha_y      0.00000e+00     fixed    
  12  w_y          1.44500e+01   constant   
  13  beta_y       4.35417e-04     fixed    
  14  alpha_vw     0.00000e+00     fixed    
  15  w_vw         1.29000e+01   constant   
  16  beta_vw      0.00000e+00     fixed    
  17  LM          -2.35969e-04   constant   
  18  zeta_y       0.00000e+00   constant   
  19  zeta_vw      0.00000e+00   constant   
  20  T_CBO        1.00000e+03   9.20385e+02  -1.91744e-02** at limit **
  21  alpha_A0    -5.90456e-04   6.32291e-04  -1.17239e-06   6.68821e-01
  22  beta_A0      3.39678e-04   5.95831e-04   4.96312e-07  -2.61073e-01
  23  alpha_phi    1.11206e-03   5.62679e-04   8.13737e-07   8.53974e-02
  24  beta_phi     1.69020e-04   5.65176e-04  -2.78177e-07  -1.16922e+00
 MIGRAD MINIMIZATION HAS CONVERGED.
 MIGRAD WILL VERIFY CONVERGENCE AND ERROR MATRIX.
 COVARIANCE MATRIX CALCULATED SUCCESSFULLY
 FCN=177.631 FROM MIGRAD    STATUS=CONVERGED     160 CALLS        1565 TOTAL
                     EDM=2.23982e-07    STRATEGY= 1      ERROR MATRIX ACCURATE 
  EXT PARAMETER                                   STEP         FIRST   
  NO.   NAME      VALUE            ERROR          SIZE      DERIVATIVE 
   1  N0           2.90943e+06     fixed    
   2  tau          6.43983e+01   constant   
   3  A0           3.53374e-01     fixed    
   4  phi          4.11274e+00     fixed    
   5  R           -6.16270e+01   constant   
   6  alpha_CBO    9.20109e-04     fixed    
   7  w_CBO        2.32500e+00   constant   
   8  beta_CBO    -5.39733e-03   1.41300e-04   9.01692e-07   7.46981e-01
   9  alpha_2CBO   2.41500e-04   1.39178e-04   8.89240e-07   3.82041e+00
  10  beta_2CBO   -8.26480e-05     fixed    
  11  alpha_y      0.00000e+00     fixed    
  12  w_y          1.44500e+01   constant   
  13  beta_y       4.35417e-04     fixed    
  14  alpha_vw     0.00000e+00     fixed    
  15  w_vw         1.29000e+01   constant   
  16  beta_vw      0.00000e+00     fixed    
  17  LM          -2.35969e-04   constant   
  18  zeta_y       0.00000e+00   constant   
  19  zeta_vw      0.00000e+00   constant   
  20  T_CBO        1.00000e+03   6.40556e+02   3.37035e-02** at limit **
  21  alpha_A0    -3.56173e-04   6.05181e-04   3.89998e-06  -1.94996e-01
  22  beta_A0     -9.47814e-04   5.87001e-04   3.75078e-06  -5.59866e-01
  23  alpha_phi    1.64076e-03   5.17741e-04   3.33566e-06   2.71128e-01
  24  beta_phi    -3.92727e-03   5.69679e-04   3.61435e-06   3.76902e-01
 EXTERNAL ERROR MATRIX.    NDIM=  25    NPAR=  7    ERR DEF=1
  1.997e-08 -1.358e-10  3.607e-09 -5.673e-10  5.331e-09 -2.296e-09  1.529e-08 
 -1.358e-10  1.937e-08  9.083e-10  8.653e-09  1.103e-08 -9.000e-09  2.362e-09 
  3.607e-09  9.083e-10  7.613e-02 -5.116e-07 -1.273e-06  2.008e-06 -4.945e-06 
 -5.673e-10  8.653e-09 -5.116e-07  3.662e-07  3.029e-08 -1.524e-08 -3.215e-08 
  5.331e-09  1.103e-08 -1.273e-06  3.029e-08  3.446e-07 -3.118e-08 -2.463e-08 
 -2.296e-09 -9.000e-09  2.008e-06 -1.524e-08 -3.118e-08  2.681e-07  6.402e-09 
  1.529e-08  2.362e-09 -4.945e-06 -3.215e-08 -2.463e-08  6.402e-09  3.245e-07 
 PARAMETER  CORRELATION COEFFICIENTS  
       NO.  GLOBAL      8      9     20     21     22     23     24
        8  0.20934   1.000 -0.007  0.000 -0.007  0.064 -0.031  0.190
        9  0.20368  -0.007  1.000  0.000  0.103  0.135 -0.125  0.030
       20  0.03718   0.000  0.000  1.000 -0.003 -0.008  0.014 -0.031
       21  0.15774  -0.007  0.103 -0.003  1.000  0.085 -0.049 -0.093
       22  0.20330   0.064  0.135 -0.008  0.085  1.000 -0.103 -0.074
       23  0.15928  -0.031 -0.125  0.014 -0.049 -0.103  1.000  0.022
       24  0.23420   0.190  0.030 -0.031 -0.093 -0.074  0.022  1.000
MINUIT - FIT wiggle + 1-CBO + 2-CBO
 **********
 **   42 **RES 
 **********
                   PARAMETER   16  beta_vw RESTORED TO VARIABLE.
                   PARAMETER   14  alpha_vw RESTORED TO VARIABLE.
                   PARAMETER   13  beta_y RESTORED TO VARIABLE.
                   PARAMETER   11  alpha_y RESTORED TO VARIABLE.
                   PARAMETER   10  beta_2CBO RESTORED TO VARIABLE.
                   PARAMETER    6  alpha_CBO RESTORED TO VARIABLE.
                   PARAMETER    4  phi RESTORED TO VARIABLE.
                   PARAMETER    3  A0 RESTORED TO VARIABLE.
                   PARAMETER    1  N0 RESTORED TO VARIABLE.
 **********
 **   43 **FIX           10
 **********
 **********
 **   44 **FIX           11
 **********
 **********
 **   45 **FIX           12
 **********
 PARAMETER   12  IS CONSTANT.   IGNORED.
 **********
 **   46 **FIX           13
 **********
 **********
 **   47 **FIX           14
 **********
 **********
 **   48 **FIX           15
 **********
 PARAMETER   15  IS CONSTANT.   IGNORED.
 **********
 **   49 **FIX           16
 **********
 **********
 **   50 **MIGRAD
 **********
 START MIGRAD MINIMIZATION.  STRATEGY  1.  CONVERGENCE WHEN EDM .LT. 1.00e-04
 FCN=177.631 FROM MIGRAD    STATUS=INITIATE       22 CALLS        1587 TOTAL
                     EDM= unknown      STRATEGY= 1      NO ERROR MATRIX       
  EXT PARAMETER               CURRENT GUESS       STEP         FIRST   
  NO.   NAME      VALUE            ERROR          SIZE      DERIVATIVE 
   1  N0           2.90943e+06   2.91832e+02   2.91832e+02   5.13532e-03
   2  tau          6.43983e+01   constant   
   3  A0           3.53374e-01   1.24770e-04   1.24770e-04  -4.25492e+04
   4  phi          4.11274e+00   3.90244e-04   3.90244e-04  -3.97911e+04
   5  R           -6.16270e+01   constant   
   6  alpha_CBO    9.20109e-04   1.43029e-04   1.43029e-04   9.79123e+03
   7  w_CBO        2.32500e+00   constant   
   8  beta_CBO    -5.39733e-03   1.41300e-04   9.01692e-07   7.44594e-01
   9  alpha_2CBO   2.41500e-04   1.39178e-04   8.89240e-07   3.81894e+00
  10  beta_2CBO   -8.26480e-05     fixed    
  11  alpha_y      0.00000e+00     fixed    
  12  w_y          1.44500e+01   constant   
  13  beta_y       4.35417e-04     fixed    
  14  alpha_vw     0.00000e+00     fixed    
  15  w_vw         1.29000e+01   constant   
  16  beta_vw      0.00000e+00     fixed    
  17  LM          -2.35969e-04   constant   
  18  zeta_y       0.00000e+00   constant   
  19  zeta_vw      0.00000e+00   constant   
  20  T_CBO        9.99999e+02   6.40556e+02   3.37035e-02  -1.46822e-04
  21  alpha_A0    -3.56173e-04   6.05181e-04   3.89998e-06  -1.94612e-01
  22  beta_A0     -9.47814e-04   5.87001e-04   3.75078e-06  -5.59194e-01
  23  alpha_phi    1.64076e-03   5.17741e-04   3.33566e-06   2.69922e-01
  24  beta_phi    -3.92727e-03   5.69679e-04   3.61435e-06   3.79541e-01
 MIGRAD MINIMIZATION HAS CONVERGED.
 MIGRAD WILL VERIFY CONVERGENCE AND ERROR MATRIX.
 COVARIANCE MATRIX CALCULATED SUCCESSFULLY
 FCN=113.505 FROM MIGRAD    STATUS=CONVERGED     267 CALLS        1832 TOTAL
                     EDM=2.64161e-06    STRATEGY= 1      ERROR MATRIX ACCURATE 
  EXT PARAMETER                                   STEP         FIRST   
  NO.   NAME      VALUE            ERROR          SIZE      DERIVATIVE 
   1  N0           2.90959e+06   3.00360e+02   1.46780e+00   4.29139e-06
   2  tau          6.43983e+01   constant   
   3  A0           3.53638e-01   1.25165e-04   6.23910e-07   1.03427e+00
   4  phi          4.11569e+00   3.95018e-04   1.96252e-06   2.94837e-01
   5  R           -6.16270e+01   constant   
   6  alpha_CBO    9.18669e-04   1.43400e-04   7.07037e-07   2.73030e+00
   7  w_CBO        2.32500e+00   constant   
   8  beta_CBO    -5.63066e-03   1.44249e-04   7.21955e-07   5.94805e+00
   9  alpha_2CBO   3.13645e-04   1.39610e-04   7.12018e-07   9.26175e+00
  10  beta_2CBO   -8.26480e-05     fixed    
  11  alpha_y      0.00000e+00     fixed    
  12  w_y          1.44500e+01   constant   
  13  beta_y       4.35417e-04     fixed    
  14  alpha_vw     0.00000e+00     fixed    
  15  w_vw         1.29000e+01   constant   
  16  beta_vw      0.00000e+00     fixed    
  17  LM          -2.35969e-04   constant   
  18  zeta_y       0.00000e+00   constant   
  19  zeta_vw      0.00000e+00   constant   
  20  T_CBO        1.00000e+03   8.67430e+02   4.26489e-02** at limit **
  21  alpha_A0     3.18123e-04   6.25165e-04   3.12166e-06  -3.44034e-01
  22  beta_A0     -4.92285e-04   6.01431e-04   3.00295e-06  -9.52058e-01
  23  alpha_phi    1.54945e-03   5.35192e-04   2.66817e-06  -7.69453e-01
  24  beta_phi    -4.38980e-03   5.77307e-04   2.89067e-06   1.06726e+00
 EXTERNAL ERROR MATRIX.    NDIM=  25    NPAR= 11    ERR DEF=1
  9.022e+04 
  7.085e-03  1.567e-08 
  1.146e-02 -3.470e-09  1.560e-07 
 -1.329e-03 -3.469e-09  8.555e-09  2.056e-08 
 -4.400e-04 -9.629e-10 -1.076e-08 -1.453e-11  2.081e-08 
 -6.707e-04 -1.440e-10  3.591e-09 -4.625e-10 -3.995e-10  1.949e-08 
  1.776e-02  4.132e-08  2.573e-08 -7.180e-09  7.983e-10  2.797e-09  5.915e-02 
  2.488e-02 -3.038e-09  4.377e-08  1.363e-08 -2.978e-09  9.101e-09  7.560e-07  3.908e-07 
 -2.797e-02 -7.962e-09  2.895e-08  3.210e-09  3.424e-09  1.202e-08 -1.164e-06  3.276e-08  3.617e-07 
 -2.659e-02  1.280e-09 -6.002e-09  1.356e-08 -2.018e-09 -9.331e-09  3.464e-06 -1.663e-08 -2.456e-08  2.864e-07 
 -1.260e-02  3.104e-09 -2.948e-08 -5.179e-09  1.690e-08  1.904e-09 -9.959e-06 -4.565e-08 -2.847e-08  8.557e-09  3.333e-07 
 PARAMETER  CORRELATION COEFFICIENTS  
       NO.  GLOBAL      1      3      4      6      8      9     20     21     22     23     24
        1  0.35099   1.000  0.188  0.097 -0.031 -0.010 -0.016  0.000  0.133 -0.155 -0.165 -0.073
        3  0.29974   0.188  1.000 -0.070 -0.193 -0.053 -0.008  0.001 -0.039 -0.106  0.019  0.043
        4  0.33249   0.097 -0.070  1.000  0.151 -0.189  0.065  0.000  0.177  0.122 -0.028 -0.129
        6  0.33095  -0.031 -0.193  0.151  1.000 -0.001 -0.023 -0.000  0.152  0.037  0.177 -0.063
        8  0.28713  -0.010 -0.053 -0.189 -0.001  1.000 -0.020  0.000 -0.033  0.039 -0.026  0.203
        9  0.21735  -0.016 -0.008  0.065 -0.023 -0.020  1.000  0.000  0.104  0.143 -0.125  0.024
       20  0.08014   0.000  0.001  0.000 -0.000  0.000  0.000  1.000  0.005 -0.008  0.027 -0.071
       21  0.29443   0.133 -0.039  0.177  0.152 -0.033  0.104  0.005  1.000  0.087 -0.050 -0.126
       22  0.29463  -0.155 -0.106  0.122  0.037  0.039  0.143 -0.008  0.087  1.000 -0.076 -0.082
       23  0.29929  -0.165  0.019 -0.028  0.177 -0.026 -0.125  0.027 -0.050 -0.076  1.000  0.028
       24  0.28569  -0.073  0.043 -0.129 -0.063  0.203  0.024 -0.071 -0.126 -0.082  0.028  1.000
MINUIT - FIT ONLY 1-y
 **********
 **   51 **RES 
 **********
                   PARAMETER   16  beta_vw RESTORED TO VARIABLE.
                   PARAMETER   14  alpha_vw RESTORED TO VARIABLE.
                   PARAMETER   13  beta_y RESTORED TO VARIABLE.
                   PARAMETER   11  alpha_y RESTORED TO VARIABLE.
                   PARAMETER   10  beta_2CBO RESTORED TO VARIABLE.
 **********
 **   52 **FIX            0
 **********
 PARAMETER    0  IS UNDEFINED. IGNORED.
 **********
 **   53 **FIX            1
 **********
 **********
 **   54 **FIX            2
 **********
 PARAMETER    2  IS CONSTANT.   IGNORED.
 **********
 **   55 **FIX            3
 **********
 **********
 **   56 **FIX            4
 **********
 **********
 **   57 **FIX            5
 **********
 PARAMETER    5  IS CONSTANT.   IGNORED.
 **********
 **   58 **FIX            6
 **********
 **********
 **   59 **FIX            7
 **********
 PARAMETER    7  IS CONSTANT.   IGNORED.
 **********
 **   60 **FIX            8
 **********
 **********
 **   61 **FIX            9
 **********
 **********
 **   62 **FIX           13
 **********
 **********
 **   63 **FIX           14
 **********
 **********
 **   64 **FIX           15
 **********
 PARAMETER   15  IS CONSTANT.   IGNORED.
 **********
 **   65 **FIX           16
 **********
 **********
 **   66 **MIGRAD
 **********
 START MIGRAD MINIMIZATION.  STRATEGY  1.  CONVERGENCE WHEN EDM .LT. 1.00e-04
 FCN=113.505 FROM MIGRAD    STATUS=INITIATE       16 CALLS        1848 TOTAL
                     EDM= unknown      STRATEGY= 1      NO ERROR MATRIX       
  EXT PARAMETER               CURRENT GUESS       STEP         FIRST   
  NO.   NAME      VALUE            ERROR          SIZE      DERIVATIVE 
   1  N0           2.90959e+06     fixed    
   2  tau          6.43983e+01   constant   
   3  A0           3.53638e-01     fixed    
   4  phi          4.11569e+00     fixed    
   5  R           -6.16270e+01   constant   
   6  alpha_CBO    9.18669e-04     fixed    
   7  w_CBO        2.32500e+00   constant   
   8  beta_CBO    -5.63066e-03     fixed    
   9  alpha_2CBO   3.13645e-04     fixed    
  10  beta_2CBO   -8.26480e-05   1.36263e-04   1.36263e-04   5.23105e+03
  11  alpha_y      0.00000e+00   1.00000e-03   1.00000e-03  -1.72450e+04
  12  w_y          1.44500e+01   constant   
  13  beta_y       4.35417e-04     fixed    
  14  alpha_vw     0.00000e+00     fixed    
  15  w_vw         1.29000e+01   constant   
  16  beta_vw      0.00000e+00     fixed    
  17  LM          -2.35969e-04   constant   
  18  zeta_y       0.00000e+00   constant   
  19  zeta_vw      0.00000e+00   constant   
  20  T_CBO        9.99999e+02   8.67430e+02   4.26489e-02  -5.68959e-05
  21  alpha_A0     3.18123e-04   6.25165e-04   3.12166e-06  -3.44087e-01
  22  beta_A0     -4.92285e-04   6.01431e-04   3.00295e-06  -9.51739e-01
  23  alpha_phi    1.54945e-03   5.35192e-04   2.66817e-06  -7.70669e-01
  24  beta_phi    -4.38980e-03   5.77307e-04   2.89067e-06   1.07018e+00
 MIGRAD MINIMIZATION HAS CONVERGED.
 MIGRAD WILL VERIFY CONVERGENCE AND ERROR MATRIX.
 COVARIANCE MATRIX CALCULATED SUCCESSFULLY
 FCN=111.951 FROM MIGRAD    STATUS=CONVERGED     112 CALLS        1944 TOTAL
                     EDM=9.1864e-06    STRATEGY= 1      ERROR MATRIX ACCURATE 
  EXT PARAMETER                                   STEP         FIRST   
  NO.   NAME      VALUE            ERROR          SIZE      DERIVATIVE 
   1  N0           2.90959e+06     fixed    
   2  tau          6.43983e+01   constant   
   3  A0           3.53638e-01     fixed    
   4  phi          4.11569e+00     fixed    
   5  R           -6.16270e+01   constant   
   6  alpha_CBO    9.18669e-04     fixed    
   7  w_CBO        2.32500e+00   constant   
   8  beta_CBO    -5.63066e-03     fixed    
   9  alpha_2CBO   3.13645e-04     fixed    
  10  beta_2CBO   -1.36708e-04   1.40602e-04   7.11886e-07  -8.31183e+00
  11  alpha_y      1.63802e-04   1.37524e-04   7.13356e-07   2.55749e+00
  12  w_y          1.44500e+01   constant   
  13  beta_y       4.35417e-04     fixed    
  14  alpha_vw     0.00000e+00     fixed    
  15  w_vw         1.29000e+01   constant   
  16  beta_vw      0.00000e+00     fixed    
  17  LM          -2.35969e-04   constant   
  18  zeta_y       0.00000e+00   constant   
  19  zeta_vw      0.00000e+00   constant   
  20  T_CBO        1.00000e+03   8.36625e+02   4.09840e-02** at limit **
  21  alpha_A0     3.60720e-04   6.06082e-04   3.10039e-06   3.00421e+00
  22  beta_A0     -5.10866e-04   5.82971e-04   2.98248e-06   3.56723e+00
  23  alpha_phi    1.55492e-03   5.13677e-04   2.65001e-06  -4.00021e+00
  24  beta_phi    -4.34913e-03   5.66213e-04   2.87099e-06  -2.95956e+00
 EXTERNAL ERROR MATRIX.    NDIM=  25    NPAR=  7    ERR DEF=1
  1.977e-08 -2.669e-10  4.085e-10 -9.855e-09  7.521e-09 -3.447e-09 -1.211e-08 
 -2.669e-10  1.891e-08 -8.702e-11  1.861e-09  2.235e-11 -3.543e-10  1.127e-09 
  4.085e-10 -8.702e-11  2.134e-04  4.830e-08 -6.791e-08  1.977e-07 -5.623e-07 
 -9.855e-09  1.861e-09  4.830e-08  3.673e-07  2.217e-08 -9.966e-09 -2.682e-08 
  7.521e-09  2.235e-11 -6.791e-08  2.217e-08  3.399e-07 -2.673e-08 -3.541e-08 
 -3.447e-09 -3.543e-10  1.977e-07 -9.966e-09 -2.673e-08  2.639e-07  1.095e-08 
 -1.211e-08  1.127e-09 -5.623e-07 -2.682e-08 -3.541e-08  1.095e-08  3.206e-07 
 PARAMETER  CORRELATION COEFFICIENTS  
       NO.  GLOBAL     10     11     20     21     22     23     24
       10  0.21923   1.000 -0.014  0.000 -0.116  0.092 -0.048 -0.152
       11  0.02950  -0.014  1.000 -0.000  0.022  0.000 -0.005  0.014
       20  0.07545   0.000 -0.000  1.000  0.005 -0.008  0.026 -0.068
       21  0.16818  -0.116  0.022  0.005  1.000  0.063 -0.032 -0.078
       22  0.16758   0.092  0.000 -0.008  0.063  1.000 -0.089 -0.107
       23  0.10823  -0.048 -0.005  0.026 -0.032 -0.089  1.000  0.038
       24  0.21282  -0.152  0.014 -0.068 -0.078 -0.107  0.038  1.000
MINUIT - FIT ONLY 2-y
 **********
 **   67 **RES 
 **********
                   PARAMETER   16  beta_vw RESTORED TO VARIABLE.
                   PARAMETER   14  alpha_vw RESTORED TO VARIABLE.
                   PARAMETER   13  beta_y RESTORED TO VARIABLE.
                   PARAMETER    9  alpha_2CBO RESTORED TO VARIABLE.
                   PARAMETER    8  beta_CBO RESTORED TO VARIABLE.
                   PARAMETER    6  alpha_CBO RESTORED TO VARIABLE.
                   PARAMETER    4  phi RESTORED TO VARIABLE.
                   PARAMETER    3  A0 RESTORED TO VARIABLE.
                   PARAMETER    1  N0 RESTORED TO VARIABLE.
 **********
 **   68 **FIX            0
 **********
 PARAMETER    0  IS UNDEFINED. IGNORED.
 **********
 **   69 **FIX            1
 **********
 **********
 **   70 **FIX            2
 **********
 PARAMETER    2  IS CONSTANT.   IGNORED.
 **********
 **   71 **FIX            3
 **********
 **********
 **   72 **FIX            4
 **********
 **********
 **   73 **FIX            5
 **********
 PARAMETER    5  IS CONSTANT.   IGNORED.
 **********
 **   74 **FIX            6
 **********
 **********
 **   75 **FIX            7
 **********
 PARAMETER    7  IS CONSTANT.   IGNORED.
 **********
 **   76 **FIX            8
 **********
 **********
 **   77 **FIX            9
 **********
 **********
 **   78 **FIX           10
 **********
 **********
 **   79 **FIX           11
 **********
 **********
 **   80 **FIX           12
 **********
 PARAMETER   12  IS CONSTANT.   IGNORED.
 **********
 **   81 **FIX           16
 **********
 **********
 **   82 **MIGRAD
 **********
 START MIGRAD MINIMIZATION.  STRATEGY  1.  CONVERGENCE WHEN EDM .LT. 1.00e-04
 FCN=111.951 FROM MIGRAD    STATUS=INITIATE       16 CALLS        1960 TOTAL
                     EDM= unknown      STRATEGY= 1      NO ERROR MATRIX       
  EXT PARAMETER               CURRENT GUESS       STEP         FIRST   
  NO.   NAME      VALUE            ERROR          SIZE      DERIVATIVE 
   1  N0           2.90959e+06     fixed    
   2  tau          6.43983e+01   constant   
   3  A0           3.53638e-01     fixed    
   4  phi          4.11569e+00     fixed    
   5  R           -6.16270e+01   constant   
   6  alpha_CBO    9.18669e-04     fixed    
   7  w_CBO        2.32500e+00   constant   
   8  beta_CBO    -5.63066e-03     fixed    
   9  alpha_2CBO   3.13645e-04     fixed    
  10  beta_2CBO   -1.36708e-04     fixed    
  11  alpha_y      1.63802e-04     fixed    
  12  w_y          1.44500e+01   constant   
  13  beta_y       4.35417e-04   1.35043e-04   1.35043e-04   2.85601e+03
  14  alpha_vw     0.00000e+00   1.00000e-03   1.00000e-03  -2.50338e+04
  15  w_vw         1.29000e+01   constant   
  16  beta_vw      0.00000e+00     fixed    
  17  LM          -2.35969e-04   constant   
  18  zeta_y       0.00000e+00   constant   
  19  zeta_vw      0.00000e+00   constant   
  20  T_CBO        9.99999e+02   8.36625e+02   4.09840e-02  -5.87189e-05
  21  alpha_A0     3.60720e-04   6.06082e-04   3.10039e-06   3.00417e+00
  22  beta_A0     -5.10866e-04   5.82971e-04   2.98248e-06   3.56774e+00
  23  alpha_phi    1.55492e-03   5.13677e-04   2.65001e-06  -4.00143e+00
  24  beta_phi    -4.34913e-03   5.66213e-04   2.87099e-06  -2.95668e+00
 MIGRAD MINIMIZATION HAS CONVERGED.
 MIGRAD WILL VERIFY CONVERGENCE AND ERROR MATRIX.
 COVARIANCE MATRIX CALCULATED SUCCESSFULLY
 FCN=108.915 FROM MIGRAD    STATUS=CONVERGED     113 CALLS        2057 TOTAL
                     EDM=5.97233e-08    STRATEGY= 1      ERROR MATRIX ACCURATE 
  EXT PARAMETER                                   STEP         FIRST   
  NO.   NAME      VALUE            ERROR          SIZE      DERIVATIVE 
   1  N0           2.90959e+06     fixed    
   2  tau          6.43983e+01   constant   
   3  A0           3.53638e-01     fixed    
   4  phi          4.11569e+00     fixed    
   5  R           -6.16270e+01   constant   
   6  alpha_CBO    9.18669e-04     fixed    
   7  w_CBO        2.32500e+00   constant   
   8  beta_CBO    -5.63066e-03     fixed    
   9  alpha_2CBO   3.13645e-04     fixed    
  10  beta_2CBO   -1.36708e-04     fixed    
  11  alpha_y      1.63802e-04     fixed    
  12  w_y          1.44500e+01   constant   
  13  beta_y       3.94966e-04   1.36241e-04   6.95969e-07  -1.21034e-01
  14  alpha_vw     2.37965e-04   1.37417e-04   7.01727e-07   4.93159e-01
  15  w_vw         1.29000e+01   constant   
  16  beta_vw      0.00000e+00     fixed    
  17  LM          -2.35969e-04   constant   
  18  zeta_y       0.00000e+00   constant   
  19  zeta_vw      0.00000e+00   constant   
  20  T_CBO        1.00000e+03   7.76007e+02   4.14830e-02** at limit **
  21  alpha_A0     3.43038e-04   6.01968e-04   3.05845e-06  -4.27759e-01
  22  beta_A0     -5.38193e-04   5.80772e-04   2.94207e-06   3.97601e-01
  23  alpha_phi    1.55788e-03   5.13082e-04   2.61415e-06  -1.04265e-01
  24  beta_phi    -4.31729e-03   5.59871e-04   2.83211e-06   1.12638e-02
 EXTERNAL ERROR MATRIX.    NDIM=  25    NPAR=  7    ERR DEF=1
  1.856e-08 -1.113e-09  1.103e-10  4.902e-10  1.541e-09 -2.108e-10 -1.686e-09 
 -1.113e-09  1.888e-08 -1.619e-10 -1.296e-09 -1.955e-09  1.634e-10  2.304e-09 
  1.103e-10 -1.619e-10  2.950e-04  5.330e-08 -8.275e-08  2.288e-07 -6.435e-07 
  4.902e-10 -1.296e-09  5.330e-08  3.624e-07  2.608e-08 -1.167e-08 -3.313e-08 
  1.541e-09 -1.955e-09 -8.275e-08  2.608e-08  3.373e-07 -2.546e-08 -3.116e-08 
 -2.108e-10  1.634e-10  2.288e-07 -1.167e-08 -2.546e-08  2.633e-07  8.919e-09 
 -1.686e-09  2.304e-09 -6.435e-07 -3.313e-08 -3.116e-08  8.919e-09  3.135e-07 
 PARAMETER  CORRELATION COEFFICIENTS  
       NO.  GLOBAL     13     14     20     21     22     23     24
       13  0.06494   1.000 -0.059  0.000  0.006  0.019 -0.003 -0.022
       14  0.07011  -0.059  1.000 -0.000 -0.016 -0.024  0.002  0.030
       20  0.07365   0.000 -0.000  1.000  0.005 -0.008  0.026 -0.067
       21  0.12227   0.006 -0.016  0.005  1.000  0.075 -0.038 -0.098
       22  0.14402   0.019 -0.024 -0.008  0.075  1.000 -0.085 -0.096
       23  0.09706  -0.003  0.002  0.026 -0.038 -0.085  1.000  0.031
       24  0.15348  -0.022  0.030 -0.067 -0.098 -0.096  0.031  1.000
MINUIT - FIT ALTOGETHER
 **********
 **   83 **RES 
 **********
