 + ++++++++++++++++++++++++++++++++++++++++++++++++++++++++++++++++++++ +
 +                                                                      +
 +           You have chose to blind your fitting according to          +
 +                omega_ref * (1 + (R +/- deltaR) *10^{-6})             +
 +                                                                      +
 + ++++++++++++++++++++++++++++++++++++++++++++++++++++++++++++++++++++ +
In main()...
reading format from /gm2data/zkhechad/run45/envelope/formats/formatB_sBin_constraintOn.txt
pBinTau 	= 0  
pBinPhi 	= 0  
constraintau 	= 1 
includeMopTerm 	= 0    
constrainMop    = 0   
Parameters after format file: pBinTau 0 pBinPhi 0 constraintau 1 includeMopTerm 0 constrainMop 0 c_e_scale 0.000000 
Opening file /gm2data/tbarrett/gm2fr/studies/run23_bunch_corrections/CorrectedFourier_Run3b.root.
reading full fit data from /gm2data/zkhechad/cboTemplates/Run4CBOTemplates/templateFits0_v2.0/noRF/sBin_constraintOn_cE0.0_seed0_noRF_calo7.root
windowBins = 69
fitting sliding window 2048 from bin 2184 at 325.703600 to bin 2253 at 336.147600 (69 bins)

Reading data from /gm2data/cornell/histograms/aMethod/histogram_a_noRF.root
 **********
 **    1 **SET PRINTOUT            1
 **********
 **********
 **    2 **SET NOWARNINGS 
 **********
 PARAMETER DEFINITIONS:
    NO.   NAME         VALUE      STEP SIZE      LIMITS
     1 N0           3.03263e+06  1.00000e+02     no limits
     2 tau          6.43884e+01  constant
     3 A0           3.50182e-01  1.00000e-04     no limits
     4 phi          4.11722e+00  1.00000e-02     no limits
     5 R           -6.17521e+01  constant
     6 alpha_CBO    0.00000e+00  1.00000e-03     no limits
     7 w_CBO        2.32500e+00  constant
     8 beta_CBO     0.00000e+00  1.00000e-03     no limits
     9 alpha_2CBO   0.00000e+00  1.00000e-03     no limits
    10 beta_2CBO    0.00000e+00  1.00000e-03     no limits
    11 alpha_y      0.00000e+00  1.00000e-03     no limits
    12 w_y          1.44500e+01  constant
    13 beta_y       0.00000e+00  1.00000e-03     no limits
    14 alpha_vw     0.00000e+00  1.00000e-03     no limits
    15 w_vw         1.29000e+01  constant
    16 beta_vw      0.00000e+00  1.00000e-03     no limits
    17 LM          -7.01586e-04  constant
    18 zeta_y       0.00000e+00  constant
    19 zeta_vw      0.00000e+00  constant
    20 T_CBO        1.00000e+02  1.00000e+00    0.00000e+00  1.00000e+03
    21 alpha_A0     0.00000e+00  1.00000e-03     no limits
    22 beta_A0      0.00000e+00  1.00000e-03     no limits
    23 alpha_phi    0.00000e+00  1.00000e-03     no limits
    24 beta_phi     0.00000e+00  1.00000e-03     no limits
MINUIT - FIT ONLY WIGGLE
 **********
 **    3 **FIX            5
 **********
 PARAMETER    5  IS CONSTANT.   IGNORED.
 **********
 **    4 **FIX            6
 **********
 **********
 **    5 **FIX            7
 **********
 PARAMETER    7  IS CONSTANT.   IGNORED.
 **********
 **    6 **FIX            8
 **********
 **********
 **    7 **FIX            9
 **********
 **********
 **    8 **FIX           10
 **********
 **********
 **    9 **FIX           11
 **********
 **********
 **   10 **FIX           12
 **********
 PARAMETER   12  IS CONSTANT.   IGNORED.
 **********
 **   11 **FIX           13
 **********
 **********
 **   12 **FIX           14
 **********
 **********
 **   13 **FIX           15
 **********
 PARAMETER   15  IS CONSTANT.   IGNORED.
 **********
 **   14 **FIX           16
 **********
 **********
 **   15 **MIGRAD
 **********
 FIRST CALL TO USER FUNCTION AT NEW START POINT, WITH IFLAG=4.
 START MIGRAD MINIMIZATION.  STRATEGY  1.  CONVERGENCE WHEN EDM .LT. 1.00e-04
 FCN=93.2812 FROM MIGRAD    STATUS=INITIATE      437 CALLS         438 TOTAL
                     EDM= unknown      STRATEGY= 1      NO ERROR MATRIX       
  EXT PARAMETER               CURRENT GUESS       STEP         FIRST   
  NO.   NAME      VALUE            ERROR          SIZE      DERIVATIVE 
   1  N0           3.03263e+06   1.00000e+02   0.00000e+00  -1.96923e-04
   2  tau          6.43884e+01   constant   
   3  A0           3.50182e-01   1.00000e-04   0.00000e+00  -5.17694e+03
   4  phi          4.11722e+00   1.00000e-02   0.00000e+00   1.77614e+03
   5  R           -6.17521e+01   constant   
   6  alpha_CBO    0.00000e+00     fixed    
   7  w_CBO        2.32500e+00   constant   
   8  beta_CBO     0.00000e+00     fixed    
   9  alpha_2CBO   0.00000e+00     fixed    
  10  beta_2CBO    0.00000e+00     fixed    
  11  alpha_y      0.00000e+00     fixed    
  12  w_y          1.44500e+01   constant   
  13  beta_y       0.00000e+00     fixed    
  14  alpha_vw     0.00000e+00     fixed    
  15  w_vw         1.29000e+01   constant   
  16  beta_vw      0.00000e+00     fixed    
  17  LM          -7.01586e-04   constant   
  18  zeta_y       0.00000e+00   constant   
  19  zeta_vw      0.00000e+00   constant   
  20  T_CBO        1.00000e+02   1.00000e+00   0.00000e+00   0.00000e+00
  21  alpha_A0     0.00000e+00   1.00000e-03   0.00000e+00   5.67239e+00
  22  beta_A0      0.00000e+00   1.00000e-03   0.00000e+00  -2.93997e+01
  23  alpha_phi    0.00000e+00   1.00000e-03   0.00000e+00  -9.01540e-01
  24  beta_phi     0.00000e+00   1.00000e-03   0.00000e+00   3.86745e+00
 CALL LIMIT EXCEEDED IN MIGRAD.
 MIGRAD TERMINATED WITHOUT CONVERGENCE.
 FCN=84.1521 FROM MIGRAD    STATUS=CALL LIMIT   1332 CALLS        1333 TOTAL
                     EDM=0.00083526    STRATEGY= 1  ERROR MATRIX UNCERTAINTY   4.5 per cent
  EXT PARAMETER                APPROXIMATE        STEP         FIRST   
  NO.   NAME      VALUE            ERROR          SIZE      DERIVATIVE 
   1  N0           3.03294e+06   1.69812e+03   1.03908e+00  -2.19057e-05
   2  tau          6.43884e+01   constant   
   3  A0           3.51696e-01   7.53393e-04  -8.42337e-07   8.61280e+00
   4  phi          4.11282e+00   2.15153e-03  -5.49380e-06  -7.06256e+00
   5  R           -6.17521e+01   constant   
   6  alpha_CBO    0.00000e+00     fixed    
   7  w_CBO        2.32500e+00   constant   
   8  beta_CBO     0.00000e+00     fixed    
   9  alpha_2CBO   0.00000e+00     fixed    
  10  beta_2CBO    0.00000e+00     fixed    
  11  alpha_y      0.00000e+00     fixed    
  12  w_y          1.44500e+01   constant   
  13  beta_y       0.00000e+00     fixed    
  14  alpha_vw     0.00000e+00     fixed    
  15  w_vw         1.29000e+01   constant   
  16  beta_vw      0.00000e+00     fixed    
  17  LM          -7.01586e-04   constant   
  18  zeta_y       0.00000e+00   constant   
  19  zeta_vw      0.00000e+00   constant   
  20  T_CBO        4.08953e+01   2.69394e+01  -5.16757e-03  -1.75379e+00
  21  alpha_A0     1.34325e+00   5.96538e+00   2.01846e-01  -7.85894e-03
  22  beta_A0      9.88854e+00   4.27300e+01   1.44639e+00  -9.71619e-03
  23  alpha_phi   -4.43588e+00   1.88697e+01  -6.41540e-01  -1.47943e-02
  24  beta_phi    -2.73501e+00   1.18531e+01  -4.00213e-01   7.90998e-03
 EXTERNAL ERROR MATRIX.    NDIM=  25    NPAR=  8    ERR DEF=1
  2.884e+06 -9.742e-02 -6.259e-01 -9.535e+02 -2.238e+01  1.136e+02 -4.564e+01  1.602e+01 
 -9.742e-02  5.676e-07 -1.296e-08  1.326e-04  2.445e-05  7.799e-05 -4.610e-05 -3.412e-05 
 -6.259e-01 -1.296e-08  4.629e-06  6.834e-04 -1.401e-04 -9.711e-04  4.734e-04  2.526e-04 
 -9.535e+02  1.326e-04  6.834e-04  7.302e+02 -1.600e+02 -1.146e+03  5.065e+02  3.179e+02 
 -2.238e+01  2.445e-05 -1.401e-04 -1.600e+02  3.559e+01  2.549e+02 -1.125e+02 -7.070e+01 
  1.136e+02  7.799e-05 -9.711e-04 -1.146e+03  2.549e+02  1.826e+03 -8.062e+02 -5.065e+02 
 -4.564e+01 -4.610e-05  4.734e-04  5.065e+02 -1.125e+02 -8.062e+02  3.561e+02  2.236e+02 
  1.602e+01 -3.412e-05  2.526e-04  3.179e+02 -7.070e+01 -5.065e+02  2.236e+02  1.405e+02 
ERR MATRIX APPROXIMATE
 PARAMETER  CORRELATION COEFFICIENTS  
       NO.  GLOBAL      1      3      4     20     21     22     23     24
        1  0.36983   1.000 -0.076 -0.171 -0.021 -0.002  0.002 -0.001  0.001
        3  0.23937  -0.076  1.000 -0.008  0.007  0.005  0.002 -0.003 -0.004
        4  0.20855  -0.171 -0.008  1.000  0.012 -0.011 -0.011  0.012  0.010
       20  0.99413  -0.021  0.007  0.012  1.000 -0.993 -0.993  0.993  0.992
       21  0.99987  -0.002  0.005 -0.011 -0.993  1.000  1.000 -1.000 -1.000
       22  0.99999   0.002  0.002 -0.011 -0.993  1.000  1.000 -1.000 -1.000
       23  0.99996  -0.001 -0.003  0.012  0.993 -1.000 -1.000  1.000  1.000
       24  0.99996   0.001 -0.004  0.010  0.992 -1.000 -1.000  1.000  1.000
 ERR MATRIX APPROXIMATE
MINUIT - FIT ONLY 1-CBO + wiggle
 **********
 **   16 **RES 
 **********
                   PARAMETER   16  beta_vw RESTORED TO VARIABLE.
                   PARAMETER   14  alpha_vw RESTORED TO VARIABLE.
                   PARAMETER   13  beta_y RESTORED TO VARIABLE.
                   PARAMETER   11  alpha_y RESTORED TO VARIABLE.
                   PARAMETER   10  beta_2CBO RESTORED TO VARIABLE.
                   PARAMETER    9  alpha_2CBO RESTORED TO VARIABLE.
                   PARAMETER    8  beta_CBO RESTORED TO VARIABLE.
                   PARAMETER    6  alpha_CBO RESTORED TO VARIABLE.
 **********
 **   17 **FIX            8
 **********
 **********
 **   18 **FIX            9
 **********
 **********
 **   19 **FIX           11
 **********
 **********
 **   20 **FIX           12
 **********
 PARAMETER   12  IS CONSTANT.   IGNORED.
 **********
 **   21 **FIX           14
 **********
 **********
 **   22 **FIX           15
 **********
 PARAMETER   15  IS CONSTANT.   IGNORED.
 **********
 **   23 **FIX           16
 **********
 **********
 **   24 **MIGRAD
 **********
 START MIGRAD MINIMIZATION.  STRATEGY  1.  CONVERGENCE WHEN EDM .LT. 1.00e-04
 FCN=84.1521 FROM MIGRAD    STATUS=INITIATE       28 CALLS        1361 TOTAL
                     EDM= unknown      STRATEGY= 1      NO ERROR MATRIX       
  EXT PARAMETER               CURRENT GUESS       STEP         FIRST   
  NO.   NAME      VALUE            ERROR          SIZE      DERIVATIVE 
   1  N0           3.03294e+06   1.69812e+03   1.03908e+00  -2.19057e-05
   2  tau          6.43884e+01   constant   
   3  A0           3.51696e-01   7.53393e-04  -8.42337e-07   8.61280e+00
   4  phi          4.11282e+00   2.15153e-03  -5.49380e-06  -7.06256e+00
   5  R           -6.17521e+01   constant   
   6  alpha_CBO    0.00000e+00   1.00000e-03   1.00000e-03   1.87887e+02
   7  w_CBO        2.32500e+00   constant   
   8  beta_CBO     0.00000e+00     fixed    
   9  alpha_2CBO   0.00000e+00     fixed    
  10  beta_2CBO    0.00000e+00   1.00000e-03   1.00000e-03  -1.88795e+03
  11  alpha_y      0.00000e+00     fixed    
  12  w_y          1.44500e+01   constant   
  13  beta_y       0.00000e+00   1.00000e-03   1.00000e-03   4.49584e+03
  14  alpha_vw     0.00000e+00     fixed    
  15  w_vw         1.29000e+01   constant   
  16  beta_vw      0.00000e+00     fixed    
  17  LM          -7.01586e-04   constant   
  18  zeta_y       0.00000e+00   constant   
  19  zeta_vw      0.00000e+00   constant   
  20  T_CBO        4.08953e+01   2.69394e+01  -5.16757e-03  -1.75376e+00
  21  alpha_A0     1.34325e+00   5.96538e+00   2.01846e-01  -7.85894e-03
  22  beta_A0      9.88854e+00   4.27300e+01   1.44639e+00  -9.71619e-03
  23  alpha_phi   -4.43588e+00   1.88697e+01  -6.41540e-01  -1.47943e-02
  24  beta_phi    -2.73501e+00   1.18531e+01  -4.00213e-01   7.90998e-03
 CALL LIMIT EXCEEDED IN MIGRAD.
 MIGRAD TERMINATED WITHOUT CONVERGENCE.
 FCN=80.4306 FROM MIGRAD    STATUS=CALL LIMIT   1905 CALLS        3238 TOTAL
                     EDM=0.00138973    STRATEGY= 1  ERROR MATRIX UNCERTAINTY  27.0 per cent
  EXT PARAMETER                APPROXIMATE        STEP         FIRST   
  NO.   NAME      VALUE            ERROR          SIZE      DERIVATIVE 
   1  N0           3.03285e+06   1.71277e+03   1.29995e+01  -6.00539e-06
   2  tau          6.43884e+01   constant   
   3  A0           3.51733e-01   7.40327e-04  -4.77883e-06   6.02792e+00
   4  phi          4.11291e+00   2.19786e-03   1.57158e-05   1.09914e+00
   5  R           -6.17521e+01   constant   
   6  alpha_CBO   -5.82921e-05   8.06597e-04   5.67383e-06  -1.55352e+00
   7  w_CBO        2.32500e+00   constant   
   8  beta_CBO     0.00000e+00     fixed    
   9  alpha_2CBO   0.00000e+00     fixed    
  10  beta_2CBO    5.71742e-04   8.08277e-04   1.38637e-05  -1.33847e+01
  11  alpha_y      0.00000e+00     fixed    
  12  w_y          1.44500e+01   constant   
  13  beta_y      -1.31804e-03   7.64973e-04   8.87908e-07  -2.00491e+00
  14  alpha_vw     0.00000e+00     fixed    
  15  w_vw         1.29000e+01   constant   
  16  beta_vw      0.00000e+00     fixed    
  17  LM          -7.01586e-04   constant   
  18  zeta_y       0.00000e+00   constant   
  19  zeta_vw      0.00000e+00   constant   
  20  T_CBO        1.84341e+01   5.62966e+00  -1.66647e-03  -8.36883e+00
  21  alpha_A0     5.57734e+04   2.59129e+05   9.40372e+03  -8.26626e-07
  22  beta_A0      1.81068e+05   8.41160e+05   3.05255e+04  -4.89480e-07
  23  alpha_phi   -5.44664e+04   2.53083e+05  -9.18431e+03  -1.06196e-07
  24  beta_phi    -6.62398e+04   3.07691e+05  -1.11661e+04  -6.84750e-07
 EXTERNAL ERROR MATRIX.    NDIM=  25    NPAR= 11    ERR DEF=1
  2.934e+06 
 -6.885e-02  5.481e-07 
 -3.762e-01 -6.796e-08  4.831e-06 
 -4.734e-02 -2.232e-08 -3.224e-07  6.506e-07 
 -7.447e-03 -5.261e-08  1.431e-08  6.497e-08  6.533e-07 
 -1.645e-02 -1.182e-08  6.122e-09  9.623e-09  2.812e-09  5.852e-07 
 -4.649e+02  1.133e-04 -3.213e-04 -1.406e-04 -3.899e-04 -2.269e-05  3.171e+01 
  1.293e+07 -3.042e+00  2.321e+01  7.624e+00  1.671e+01  8.740e-01 -1.446e+06  6.715e+10 
  4.199e+07 -9.875e+00  7.536e+01  2.475e+01  5.425e+01  2.837e+00 -4.692e+06  2.180e+11  7.076e+11 
 -1.264e+07  2.971e+00 -2.267e+01 -7.446e+00 -1.632e+01 -8.535e-01  1.412e+06 -6.558e+10 -2.129e+11  6.405e+10 
 -1.536e+07  3.612e+00 -2.757e+01 -9.052e+00 -1.984e+01 -1.038e+00  1.716e+06 -7.973e+10 -2.588e+11  7.787e+10  9.467e+10 
ERR MATRIX APPROXIMATE
 PARAMETER  CORRELATION COEFFICIENTS  
       NO.  GLOBAL      1      3      4      6     10     13     20     21     22     23     24
        1  0.27575   1.000 -0.054 -0.100 -0.034 -0.005 -0.013 -0.048  0.029  0.029 -0.029 -0.029
        3  0.15817  -0.054  1.000 -0.042 -0.037 -0.088 -0.021  0.027 -0.016 -0.016  0.016  0.016
        4  0.26493  -0.100 -0.042  1.000 -0.182  0.008  0.004 -0.026  0.041  0.041 -0.041 -0.041
        6  0.23667  -0.034 -0.037 -0.182  1.000  0.100  0.016 -0.031  0.036  0.036 -0.036 -0.036
       10  0.17592  -0.005 -0.088  0.008  0.100  1.000  0.005 -0.086  0.080  0.080 -0.080 -0.080
       13  0.03182  -0.013 -0.021  0.004  0.016  0.005  1.000 -0.005  0.004  0.004 -0.004 -0.004
       20  0.99109  -0.048  0.027 -0.026 -0.031 -0.086 -0.005  1.000 -0.991 -0.991  0.991  0.991
       21  1.00000   0.029 -0.016  0.041  0.036  0.080  0.004 -0.991  1.000  1.000 -1.000 -1.000
       22  1.00000   0.029 -0.016  0.041  0.036  0.080  0.004 -0.991  1.000  1.000 -1.000 -1.000
       23  1.00000  -0.029  0.016 -0.041 -0.036 -0.080 -0.004  0.991 -1.000 -1.000  1.000  1.000
       24  1.00000  -0.029  0.016 -0.041 -0.036 -0.080 -0.004  0.991 -1.000 -1.000  1.000  1.000
 ERR MATRIX APPROXIMATE
MINUIT - FIT ONLY 2-CBO
 **********
 **   25 **RES 
 **********
                   PARAMETER   16  beta_vw RESTORED TO VARIABLE.
                   PARAMETER   14  alpha_vw RESTORED TO VARIABLE.
                   PARAMETER   11  alpha_y RESTORED TO VARIABLE.
                   PARAMETER    9  alpha_2CBO RESTORED TO VARIABLE.
                   PARAMETER    8  beta_CBO RESTORED TO VARIABLE.
 **********
 **   26 **FIX            0
 **********
 PARAMETER    0  IS UNDEFINED. IGNORED.
 **********
 **   27 **FIX            1
 **********
 **********
 **   28 **FIX            2
 **********
 PARAMETER    2  IS CONSTANT.   IGNORED.
 **********
 **   29 **FIX            3
 **********
 **********
 **   30 **FIX            4
 **********
 **********
 **   31 **FIX            5
 **********
 PARAMETER    5  IS CONSTANT.   IGNORED.
 **********
 **   32 **FIX            6
 **********
 **********
 **   33 **FIX            7
 **********
 PARAMETER    7  IS CONSTANT.   IGNORED.
 **********
 **   34 **FIX           10
 **********
 **********
 **   35 **FIX           11
 **********
 **********
 **   36 **FIX           12
 **********
 PARAMETER   12  IS CONSTANT.   IGNORED.
 **********
 **   37 **FIX           13
 **********
 **********
 **   38 **FIX           14
 **********
 **********
 **   39 **FIX           15
 **********
 PARAMETER   15  IS CONSTANT.   IGNORED.
 **********
 **   40 **FIX           16
 **********
 **********
 **   41 **MIGRAD
 **********
 START MIGRAD MINIMIZATION.  STRATEGY  1.  CONVERGENCE WHEN EDM .LT. 1.00e-04
 FCN=80.4306 FROM MIGRAD    STATUS=INITIATE       18 CALLS        3256 TOTAL
                     EDM= unknown      STRATEGY= 1      NO ERROR MATRIX       
  EXT PARAMETER               CURRENT GUESS       STEP         FIRST   
  NO.   NAME      VALUE            ERROR          SIZE      DERIVATIVE 
   1  N0           3.03285e+06     fixed    
   2  tau          6.43884e+01   constant   
   3  A0           3.51733e-01     fixed    
   4  phi          4.11291e+00     fixed    
   5  R           -6.17521e+01   constant   
   6  alpha_CBO   -5.82921e-05     fixed    
   7  w_CBO        2.32500e+00   constant   
   8  beta_CBO     0.00000e+00   1.00000e-03   1.00000e-03   1.27337e+04
   9  alpha_2CBO   0.00000e+00   1.00000e-03   1.00000e-03   6.43018e+02
  10  beta_2CBO    5.71742e-04     fixed    
  11  alpha_y      0.00000e+00     fixed    
  12  w_y          1.44500e+01   constant   
  13  beta_y      -1.31804e-03     fixed    
  14  alpha_vw     0.00000e+00     fixed    
  15  w_vw         1.29000e+01   constant   
  16  beta_vw      0.00000e+00     fixed    
  17  LM          -7.01586e-04   constant   
  18  zeta_y       0.00000e+00   constant   
  19  zeta_vw      0.00000e+00   constant   
  20  T_CBO        1.84341e+01   5.62966e+00  -1.66647e-03  -8.36871e+00
  21  alpha_A0     5.57734e+04   2.59129e+05   9.40372e+03  -8.26626e-07
  22  beta_A0      1.81068e+05   8.41160e+05   3.05255e+04  -4.89481e-07
  23  alpha_phi   -5.44664e+04   2.53083e+05  -9.18431e+03  -1.06196e-07
  24  beta_phi    -6.62398e+04   3.07691e+05  -1.11661e+04  -6.84750e-07
 CALL LIMIT EXCEEDED IN MIGRAD.
 MIGRAD TERMINATED WITHOUT CONVERGENCE.
 FCN=55.8987 FROM MIGRAD    STATUS=CALL LIMIT   1149 CALLS        4387 TOTAL
                     EDM=0.00437833    STRATEGY= 1  ERROR MATRIX UNCERTAINTY  29.4 per cent
  EXT PARAMETER                APPROXIMATE        STEP         FIRST   
  NO.   NAME      VALUE            ERROR          SIZE      DERIVATIVE 
   1  N0           3.03285e+06     fixed    
   2  tau          6.43884e+01   constant   
   3  A0           3.51733e-01     fixed    
   4  phi          4.11291e+00     fixed    
   5  R           -6.17521e+01   constant   
   6  alpha_CBO   -5.82921e-05     fixed    
   7  w_CBO        2.32500e+00   constant   
   8  beta_CBO    -3.79720e-03   7.75607e-04   6.18280e-06  -1.21285e+01
   9  alpha_2CBO  -1.14440e-04   7.99859e-04  -2.51901e-05   2.12110e+00
  10  beta_2CBO    5.71742e-04     fixed    
  11  alpha_y      0.00000e+00     fixed    
  12  w_y          1.44500e+01   constant   
  13  beta_y      -1.31804e-03     fixed    
  14  alpha_vw     0.00000e+00     fixed    
  15  w_vw         1.29000e+01   constant   
  16  beta_vw      0.00000e+00     fixed    
  17  LM          -7.01586e-04   constant   
  18  zeta_y       0.00000e+00   constant   
  19  zeta_vw      0.00000e+00   constant   
  20  T_CBO        1.29689e+01   1.69476e+00  -1.00902e-03  -4.32442e+01
  21  alpha_A0     1.25235e+08   3.54178e+08   2.20340e+07  -5.29323e-10
  22  beta_A0      6.54584e+08   1.85332e+09   1.15294e+08  -2.98332e-10
  23  alpha_phi   -4.02581e+07   1.13003e+08  -7.03111e+06  -2.83144e-10
  24  beta_phi    -4.17115e+07   1.17295e+08  -7.29773e+06  -2.47091e-10
 EXTERNAL ERROR MATRIX.    NDIM=  25    NPAR=  7    ERR DEF=1
  6.016e-07 -2.740e-08 -4.734e-05  4.645e+03  2.428e+04 -1.485e+03 -1.541e+03 
 -2.740e-08  6.398e-07  1.213e-04 -3.092e+04 -1.617e+05  9.855e+03  1.022e+04 
 -4.734e-05  1.213e-04  2.872e+00 -5.952e+08 -3.114e+09  1.899e+08  1.971e+08 
  4.645e+03 -3.092e+04 -5.952e+08  1.254e+17  6.564e+17 -4.002e+16 -4.154e+16 
  2.428e+04 -1.617e+05 -3.114e+09  6.564e+17  3.435e+18 -2.094e+17 -2.174e+17 
 -1.485e+03  9.855e+03  1.899e+08 -4.002e+16 -2.094e+17  1.277e+16  1.325e+16 
 -1.541e+03  1.022e+04  1.971e+08 -4.154e+16 -2.174e+17  1.325e+16  1.376e+16 
ERR MATRIX APPROXIMATE
 PARAMETER  CORRELATION COEFFICIENTS  
       NO.  GLOBAL      8      9     20     21     22     23     24
        8  0.16662   1.000 -0.044 -0.036  0.017  0.017 -0.017 -0.017
        9  0.23116  -0.044  1.000  0.089 -0.109 -0.109  0.109  0.109
       20  0.99233  -0.036  0.089  1.000 -0.991 -0.991  0.992  0.992
       21  1.00000   0.017 -0.109 -0.991  1.000  1.000 -1.000 -1.000
       22  1.00000   0.017 -0.109 -0.991  1.000  1.000 -1.000 -1.000
       23  1.00000  -0.017  0.109  0.992 -1.000 -1.000  1.000  1.000
       24  1.00000  -0.017  0.109  0.992 -1.000 -1.000  1.000  1.000
 ERR MATRIX APPROXIMATE
MINUIT - FIT wiggle + 1-CBO + 2-CBO
 **********
 **   42 **RES 
 **********
                   PARAMETER   16  beta_vw RESTORED TO VARIABLE.
                   PARAMETER   14  alpha_vw RESTORED TO VARIABLE.
                   PARAMETER   13  beta_y RESTORED TO VARIABLE.
                   PARAMETER   11  alpha_y RESTORED TO VARIABLE.
                   PARAMETER   10  beta_2CBO RESTORED TO VARIABLE.
                   PARAMETER    6  alpha_CBO RESTORED TO VARIABLE.
                   PARAMETER    4  phi RESTORED TO VARIABLE.
                   PARAMETER    3  A0 RESTORED TO VARIABLE.
                   PARAMETER    1  N0 RESTORED TO VARIABLE.
 **********
 **   43 **FIX           10
 **********
 **********
 **   44 **FIX           11
 **********
 **********
 **   45 **FIX           12
 **********
 PARAMETER   12  IS CONSTANT.   IGNORED.
 **********
 **   46 **FIX           13
 **********
 **********
 **   47 **FIX           14
 **********
 **********
 **   48 **FIX           15
 **********
 PARAMETER   15  IS CONSTANT.   IGNORED.
 **********
 **   49 **FIX           16
 **********
 **********
 **   50 **MIGRAD
 **********
 START MIGRAD MINIMIZATION.  STRATEGY  1.  CONVERGENCE WHEN EDM .LT. 1.00e-04
 FCN=55.8986 FROM MIGRAD    STATUS=INITIATE      167 CALLS        4554 TOTAL
                     EDM= unknown      STRATEGY= 1      NO ERROR MATRIX       
  EXT PARAMETER               CURRENT GUESS       STEP         FIRST   
  NO.   NAME      VALUE            ERROR          SIZE      DERIVATIVE 
   1  N0           3.03285e+06   1.71277e+03   0.00000e+00   4.58726e-04
   2  tau          6.43884e+01   constant   
   3  A0           3.51733e-01   7.40327e-04   0.00000e+00   2.81853e+03
   4  phi          4.11291e+00   2.19786e-03   0.00000e+00  -4.34800e+02
   5  R           -6.17521e+01   constant   
   6  alpha_CBO   -5.82921e-05   8.06597e-04   0.00000e+00  -4.57943e+02
   7  w_CBO        2.32500e+00   constant   
   8  beta_CBO    -3.79720e-03   7.75607e-04   0.00000e+00  -1.21294e+01
   9  alpha_2CBO  -1.14440e-04   7.99859e-04   0.00000e+00   2.38015e+00
  10  beta_2CBO    5.71742e-04     fixed    
  11  alpha_y      0.00000e+00     fixed    
  12  w_y          1.44500e+01   constant   
  13  beta_y      -1.31804e-03     fixed    
  14  alpha_vw     0.00000e+00     fixed    
  15  w_vw         1.29000e+01   constant   
  16  beta_vw      0.00000e+00     fixed    
  17  LM          -7.01586e-04   constant   
  18  zeta_y       0.00000e+00   constant   
  19  zeta_vw      0.00000e+00   constant   
  20  T_CBO        1.29689e+01   1.69476e+00   0.00000e+00  -4.31379e+01
  21  alpha_A0     1.25474e+08   3.54178e+08   0.00000e+00  -5.25479e-10
  22  beta_A0      6.54584e+08   1.85332e+09   0.00000e+00  -2.98062e-10
  23  alpha_phi   -4.02368e+07   1.13003e+08   2.13351e+04  -2.82403e-10
  24  beta_phi    -4.17115e+07   1.17295e+08   0.00000e+00  -2.47059e-10
 CALL LIMIT EXCEEDED IN MIGRAD.
 MIGRAD TERMINATED WITHOUT CONVERGENCE.
 FCN=54.0412 FROM MIGRAD    STATUS=CALL LIMIT   1914 CALLS        6301 TOTAL
                     EDM=0.00722363    STRATEGY= 1  ERROR MATRIX UNCERTAINTY   8.9 per cent
  EXT PARAMETER                APPROXIMATE        STEP         FIRST   
  NO.   NAME      VALUE            ERROR          SIZE      DERIVATIVE 
   1  N0           3.03220e+06   1.69871e+03   4.44744e+01   1.38355e-05
   2  tau          6.43884e+01   constant   
   3  A0           3.50908e-01   7.60752e-04  -8.81826e-06   3.31132e+00
   4  phi          4.11432e+00   2.31565e-03   4.30592e-05   1.77632e+01
   5  R           -6.17521e+01   constant   
   6  alpha_CBO    2.92106e-05   7.86478e-04   7.53534e-06   1.72322e+01
   7  w_CBO        2.32500e+00   constant   
   8  beta_CBO    -4.08302e-03   7.99296e-04  -1.08753e-05  -3.75324e+01
   9  alpha_2CBO  -1.03673e-04   7.80278e-04   1.31572e-05   2.53387e+01
  10  beta_2CBO    5.71742e-04     fixed    
  11  alpha_y      0.00000e+00     fixed    
  12  w_y          1.44500e+01   constant   
  13  beta_y      -1.31804e-03     fixed    
  14  alpha_vw     0.00000e+00     fixed    
  15  w_vw         1.29000e+01   constant   
  16  beta_vw      0.00000e+00     fixed    
  17  LM          -7.01586e-04   constant   
  18  zeta_y       0.00000e+00   constant   
  19  zeta_vw      0.00000e+00   constant   
  20  T_CBO        1.06954e+01   1.02858e+00  -5.73347e-04  -6.24224e+01
  21  alpha_A0     2.23193e+10   5.21595e+10   2.67924e+09  -4.40890e-13
  22  beta_A0      1.56762e+11   3.98694e+11   2.39834e+10  -1.51251e-12
  23  alpha_phi   -1.68805e+09   2.16338e+10   1.95317e+08  -1.31956e-12
  24  beta_phi     4.21911e+09   1.60296e+10   8.40286e+08   2.86359e-13
 EXTERNAL ERROR MATRIX.    NDIM=  25    NPAR= 11    ERR DEF=1
  2.886e+06 
 -6.002e-02  5.787e-07 
 -3.219e-01 -1.384e-07  5.362e-06 
 -1.263e-02 -1.542e-08 -3.542e-07  6.185e-07 
  1.008e-01  1.312e-07 -2.573e-07 -1.011e-08  6.389e-07 
  7.764e-02 -1.787e-08  8.549e-08 -1.478e-08 -2.309e-08  6.088e-07 
 -2.306e+00 -7.531e-06  4.467e-05 -2.697e-06 -2.178e-05  8.337e-06  1.058e+00 
 -4.357e+12  2.822e+06 -1.758e+06 -1.144e+06  4.591e+05 -1.824e+06 -5.007e+10  2.721e+21 
  1.914e+13 -1.557e+06  3.650e+07  4.567e+06 -8.300e+06  9.126e+06 -4.068e+11  1.917e+22  1.590e+23 
  6.591e+12 -1.434e+06  1.319e+07 -5.097e+05 -2.028e+06  1.482e+05  2.431e+09 -9.004e+19 -8.942e+20  4.680e+20 
  3.666e+12 -6.272e+05  7.694e+06 -2.214e+05 -1.237e+06  1.949e+05 -1.151e+10  5.759e+20  4.504e+21  2.181e+20  2.569e+20 
ERR MATRIX APPROXIMATE
 PARAMETER  CORRELATION COEFFICIENTS  
       NO.  GLOBAL      1      3      4      6      8      9     20     21     22     23     24
        1  0.47914   1.000 -0.046 -0.082 -0.009  0.074  0.059 -0.001 -0.049  0.028  0.179  0.135
        3  0.29592  -0.046  1.000 -0.079 -0.026  0.216 -0.030 -0.010  0.071 -0.005 -0.087 -0.051
        4  0.65188  -0.082 -0.079  1.000 -0.194 -0.139  0.047  0.019 -0.015  0.040  0.263  0.207
        6  0.33849  -0.009 -0.026 -0.194  1.000 -0.016 -0.024 -0.003 -0.028  0.015 -0.030 -0.018
        8  0.54145   0.074  0.216 -0.139 -0.016  1.000 -0.037 -0.026  0.011 -0.026 -0.117 -0.097
        9  0.38399   0.059 -0.030  0.047 -0.024 -0.037  1.000  0.010 -0.045  0.029  0.009  0.016
       20  0.99667  -0.001 -0.010  0.019 -0.003 -0.026  0.010  1.000 -0.933 -0.992  0.109 -0.698
       21  0.99994  -0.049  0.071 -0.015 -0.028  0.011 -0.045 -0.933  1.000  0.922 -0.080  0.689
       22  0.99999   0.028 -0.005  0.040  0.015 -0.026  0.029 -0.992  0.922  1.000 -0.104  0.705
       23  1.00000   0.179 -0.087  0.263 -0.030 -0.117  0.009  0.109 -0.080 -0.104  1.000  0.629
       24  1.00000   0.135 -0.051  0.207 -0.018 -0.097  0.016 -0.698  0.689  0.705  0.629  1.000
 ERR MATRIX APPROXIMATE
MINUIT - FIT ONLY 1-y
 **********
 **   51 **RES 
 **********
                   PARAMETER   16  beta_vw RESTORED TO VARIABLE.
                   PARAMETER   14  alpha_vw RESTORED TO VARIABLE.
                   PARAMETER   13  beta_y RESTORED TO VARIABLE.
                   PARAMETER   11  alpha_y RESTORED TO VARIABLE.
                   PARAMETER   10  beta_2CBO RESTORED TO VARIABLE.
 **********
 **   52 **FIX            0
 **********
 PARAMETER    0  IS UNDEFINED. IGNORED.
 **********
 **   53 **FIX            1
 **********
 **********
 **   54 **FIX            2
 **********
 PARAMETER    2  IS CONSTANT.   IGNORED.
 **********
 **   55 **FIX            3
 **********
 **********
 **   56 **FIX            4
 **********
 **********
 **   57 **FIX            5
 **********
 PARAMETER    5  IS CONSTANT.   IGNORED.
 **********
 **   58 **FIX            6
 **********
 **********
 **   59 **FIX            7
 **********
 PARAMETER    7  IS CONSTANT.   IGNORED.
 **********
 **   60 **FIX            8
 **********
 **********
 **   61 **FIX            9
 **********
 **********
 **   62 **FIX           13
 **********
 **********
 **   63 **FIX           14
 **********
 **********
 **   64 **FIX           15
 **********
 PARAMETER   15  IS CONSTANT.   IGNORED.
 **********
 **   65 **FIX           16
 **********
 **********
 **   66 **MIGRAD
 **********
 START MIGRAD MINIMIZATION.  STRATEGY  1.  CONVERGENCE WHEN EDM .LT. 1.00e-04
 FCN=54.0411 FROM MIGRAD    STATUS=INITIATE      163 CALLS        6464 TOTAL
                     EDM= unknown      STRATEGY= 1      NO ERROR MATRIX       
  EXT PARAMETER               CURRENT GUESS       STEP         FIRST   
  NO.   NAME      VALUE            ERROR          SIZE      DERIVATIVE 
   1  N0           3.03220e+06     fixed    
   2  tau          6.43884e+01   constant   
   3  A0           3.50908e-01     fixed    
   4  phi          4.11432e+00     fixed    
   5  R           -6.17521e+01   constant   
   6  alpha_CBO    2.92106e-05     fixed    
   7  w_CBO        2.32500e+00   constant   
   8  beta_CBO    -4.08302e-03     fixed    
   9  alpha_2CBO  -1.03673e-04     fixed    
  10  beta_2CBO    5.71742e-04   8.08277e-04   0.00000e+00  -4.57777e+02
  11  alpha_y      0.00000e+00   1.00000e-03   0.00000e+00   1.60720e+03
  12  w_y          1.44500e+01   constant   
  13  beta_y      -1.31804e-03     fixed    
  14  alpha_vw     0.00000e+00     fixed    
  15  w_vw         1.29000e+01   constant   
  16  beta_vw      0.00000e+00     fixed    
  17  LM          -7.01586e-04   constant   
  18  zeta_y       0.00000e+00   constant   
  19  zeta_vw      0.00000e+00   constant   
  20  T_CBO        1.06954e+01   1.02858e+00   0.00000e+00  -6.11726e+01
  21  alpha_A0     2.23512e+10   5.21595e+10   0.00000e+00  -4.26290e-13
  22  beta_A0      1.56836e+11   3.98694e+11   0.00000e+00  -1.48661e-12
  23  alpha_phi   -1.68644e+09   2.16338e+10   8.04543e+05  -1.31811e-12
  24  beta_phi     4.21710e+09   1.60296e+10   0.00000e+00   2.85453e-13
 CALL LIMIT EXCEEDED IN MIGRAD.
 MIGRAD TERMINATED WITHOUT CONVERGENCE.
 FCN=53.4558 FROM MIGRAD    STATUS=CALL LIMIT   1160 CALLS        7461 TOTAL
                     EDM=0.000880901    STRATEGY= 1  ERROR MATRIX UNCERTAINTY  18.1 per cent
  EXT PARAMETER                APPROXIMATE        STEP         FIRST   
  NO.   NAME      VALUE            ERROR          SIZE      DERIVATIVE 
   1  N0           3.03220e+06     fixed    
   2  tau          6.43884e+01   constant   
   3  A0           3.50908e-01     fixed    
   4  phi          4.11432e+00     fixed    
   5  R           -6.17521e+01   constant   
   6  alpha_CBO    2.92106e-05     fixed    
   7  w_CBO        2.32500e+00   constant   
   8  beta_CBO    -4.08302e-03     fixed    
   9  alpha_2CBO  -1.03673e-04     fixed    
  10  beta_2CBO    7.12014e-04   7.82370e-04  -5.46720e-06   1.16255e+01
  11  alpha_y     -4.78368e-04   7.67333e-04   1.73461e-06  -8.63235e+00
  12  w_y          1.44500e+01   constant   
  13  beta_y      -1.31804e-03     fixed    
  14  alpha_vw     0.00000e+00     fixed    
  15  w_vw         1.29000e+01   constant   
  16  beta_vw      0.00000e+00     fixed    
  17  LM          -7.01586e-04   constant   
  18  zeta_y       0.00000e+00   constant   
  19  zeta_vw      0.00000e+00   constant   
  20  T_CBO        9.14074e+00   7.01743e-01  -3.46359e-04  -4.56518e+01
  21  alpha_A0     5.33080e+12   2.30380e+13   9.32070e+11   3.95408e-16
  22  beta_A0      2.97979e+13   6.94720e+13   3.13332e+12  -5.04035e-15
  23  alpha_phi    2.50487e+11   6.38378e+11   2.85008e+10  -7.15714e-15
  24  beta_phi     3.45199e+11   8.57057e+11   3.87053e+10  -6.69410e-15
 EXTERNAL ERROR MATRIX.    NDIM=  25    NPAR=  7    ERR DEF=1
  6.121e-07 -8.962e-09 -4.022e-06 -7.822e+08 -1.319e+09 -1.394e+07 -1.542e+07 
 -8.962e-09  5.888e-07  3.369e-06  3.604e+07 -1.303e+08 -8.088e+05 -1.771e+06 
 -4.022e-06  3.369e-06  4.925e-01 -1.463e+13 -4.833e+13 -4.409e+11 -5.969e+11 
 -7.822e+08  3.604e+07 -1.463e+13  5.307e+26  1.507e+27  1.413e+25  1.845e+25 
 -1.319e+09 -1.303e+08 -4.833e+13  1.507e+27  4.826e+27  4.426e+25  5.953e+25 
 -1.394e+07 -8.088e+05 -4.409e+11  1.413e+25  4.426e+25  4.075e+23  5.452e+23 
 -1.542e+07 -1.771e+06 -5.969e+11  1.845e+25  5.953e+25  5.452e+23  7.345e+23 
ERR MATRIX APPROXIMATE
 PARAMETER  CORRELATION COEFFICIENTS  
       NO.  GLOBAL     10     11     20     21     22     23     24
       10  0.27777   1.000 -0.015 -0.007 -0.043 -0.024 -0.028 -0.023
       11  0.03149  -0.015  1.000  0.006  0.002 -0.002 -0.002 -0.003
       20  0.99561  -0.007  0.006  1.000 -0.905 -0.991 -0.984 -0.993
       21  0.99989  -0.043  0.002 -0.905  1.000  0.942  0.961  0.935
       22  1.00000  -0.024 -0.002 -0.991  0.942  1.000  0.998  1.000
       23  1.00000  -0.028 -0.002 -0.984  0.961  0.998  1.000  0.997
       24  0.99995  -0.023 -0.003 -0.993  0.935  1.000  0.997  1.000
 ERR MATRIX APPROXIMATE
MINUIT - FIT ONLY 2-y
 **********
 **   67 **RES 
 **********
                   PARAMETER   16  beta_vw RESTORED TO VARIABLE.
                   PARAMETER   14  alpha_vw RESTORED TO VARIABLE.
                   PARAMETER   13  beta_y RESTORED TO VARIABLE.
                   PARAMETER    9  alpha_2CBO RESTORED TO VARIABLE.
                   PARAMETER    8  beta_CBO RESTORED TO VARIABLE.
                   PARAMETER    6  alpha_CBO RESTORED TO VARIABLE.
                   PARAMETER    4  phi RESTORED TO VARIABLE.
                   PARAMETER    3  A0 RESTORED TO VARIABLE.
                   PARAMETER    1  N0 RESTORED TO VARIABLE.
 **********
 **   68 **FIX            0
 **********
 PARAMETER    0  IS UNDEFINED. IGNORED.
 **********
 **   69 **FIX            1
 **********
 **********
 **   70 **FIX            2
 **********
 PARAMETER    2  IS CONSTANT.   IGNORED.
 **********
 **   71 **FIX            3
 **********
 **********
 **   72 **FIX            4
 **********
 **********
 **   73 **FIX            5
 **********
 PARAMETER    5  IS CONSTANT.   IGNORED.
 **********
 **   74 **FIX            6
 **********
 **********
 **   75 **FIX            7
 **********
 PARAMETER    7  IS CONSTANT.   IGNORED.
 **********
 **   76 **FIX            8
 **********
 **********
 **   77 **FIX            9
 **********
 **********
 **   78 **FIX           10
 **********
 **********
 **   79 **FIX           11
 **********
 **********
 **   80 **FIX           12
 **********
 PARAMETER   12  IS CONSTANT.   IGNORED.
 **********
 **   81 **FIX           16
 **********
 **********
 **   82 **MIGRAD
 **********
 START MIGRAD MINIMIZATION.  STRATEGY  1.  CONVERGENCE WHEN EDM .LT. 1.00e-04
 FCN=53.4558 FROM MIGRAD    STATUS=INITIATE      121 CALLS        7582 TOTAL
                     EDM= unknown      STRATEGY= 1      NO ERROR MATRIX       
  EXT PARAMETER               CURRENT GUESS       STEP         FIRST   
  NO.   NAME      VALUE            ERROR          SIZE      DERIVATIVE 
   1  N0           3.03220e+06     fixed    
   2  tau          6.43884e+01   constant   
   3  A0           3.50908e-01     fixed    
   4  phi          4.11432e+00     fixed    
   5  R           -6.17521e+01   constant   
   6  alpha_CBO    2.92106e-05     fixed    
   7  w_CBO        2.32500e+00   constant   
   8  beta_CBO    -4.08302e-03     fixed    
   9  alpha_2CBO  -1.03673e-04     fixed    
  10  beta_2CBO    7.12014e-04     fixed    
  11  alpha_y     -4.78368e-04     fixed    
  12  w_y          1.44500e+01   constant   
  13  beta_y      -1.31804e-03   7.64973e-04   0.00000e+00  -1.24926e+02
  14  alpha_vw     0.00000e+00   1.00000e-03   0.00000e+00  -2.20942e+03
  15  w_vw         1.29000e+01   constant   
  16  beta_vw      0.00000e+00     fixed    
  17  LM          -7.01586e-04   constant   
  18  zeta_y       0.00000e+00   constant   
  19  zeta_vw      0.00000e+00   constant   
  20  T_CBO        9.14074e+00   7.01743e-01   0.00000e+00  -4.56521e+01
  21  alpha_A0     5.33080e+12   2.30380e+13   0.00000e+00   3.95770e-16
  22  beta_A0      2.97979e+13   6.94720e+13   0.00000e+00  -5.04035e-15
  23  alpha_phi    2.50965e+11   6.38378e+11   1.19612e+08  -7.15181e-15
  24  beta_phi     3.45364e+11   8.57057e+11   0.00000e+00  -6.69457e-15
 CALL LIMIT EXCEEDED IN MIGRAD.
 MIGRAD TERMINATED WITHOUT CONVERGENCE.
 FCN=52.5763 FROM MIGRAD    STATUS=CALL LIMIT   1154 CALLS        8615 TOTAL
                     EDM=0.00115007    STRATEGY= 1  ERROR MATRIX UNCERTAINTY  26.6 per cent
  EXT PARAMETER                APPROXIMATE        STEP         FIRST   
  NO.   NAME      VALUE            ERROR          SIZE      DERIVATIVE 
   1  N0           3.03220e+06     fixed    
   2  tau          6.43884e+01   constant   
   3  A0           3.50908e-01     fixed    
   4  phi          4.11432e+00     fixed    
   5  R           -6.17521e+01   constant   
   6  alpha_CBO    2.92106e-05     fixed    
   7  w_CBO        2.32500e+00   constant   
   8  beta_CBO    -4.08302e-03     fixed    
   9  alpha_2CBO  -1.03673e-04     fixed    
  10  beta_2CBO    7.12014e-04     fixed    
  11  alpha_y     -4.78368e-04     fixed    
  12  w_y          1.44500e+01   constant   
  13  beta_y      -1.23821e-03   7.51959e-04  -5.23257e-06   1.22150e+00
  14  alpha_vw     6.63741e-04   7.71395e-04  -1.28109e-06  -1.59182e+00
  15  w_vw         1.29000e+01   constant   
  16  beta_vw      0.00000e+00     fixed    
  17  LM          -7.01586e-04   constant   
  18  zeta_y       0.00000e+00   constant   
  19  zeta_vw      0.00000e+00   constant   
  20  T_CBO        8.01520e+00   1.51240e+00  -2.09666e-04  -1.07751e+01
  21  alpha_A0     1.00742e+15   7.86698e+15   9.39495e+13   3.95308e-17
  22  beta_A0      4.75940e+15   3.41821e+16   4.09138e+14  -2.92991e-17
  23  alpha_phi    4.21252e+14   3.15623e+15   3.80533e+13   8.81296e-17
  24  beta_phi     2.72253e+14   2.06957e+15   2.50863e+13   3.79436e-17
 EXTERNAL ERROR MATRIX.    NDIM=  25    NPAR=  7    ERR DEF=1
  5.654e-07  3.047e-08  2.465e-04 -1.357e+12 -5.863e+12 -5.297e+11 -3.395e+11 
  3.047e-08  5.951e-07  6.294e-05 -3.443e+11 -1.483e+12 -1.328e+11 -8.426e+10 
  2.465e-04  6.294e-05  2.288e+00 -1.188e+16 -5.164e+16 -4.768e+15 -3.121e+15 
 -1.357e+12 -3.443e+11 -1.188e+16  6.189e+31  2.689e+32  2.480e+31  1.622e+31 
 -5.863e+12 -1.483e+12 -5.164e+16  2.689e+32  1.168e+33  1.078e+32  7.051e+31 
 -5.297e+11 -1.328e+11 -4.768e+15  2.480e+31  1.078e+32  9.962e+30  6.527e+30 
 -3.395e+11 -8.426e+10 -3.121e+15  1.622e+31  7.051e+31  6.527e+30  4.283e+30 
ERR MATRIX APPROXIMATE
 PARAMETER  CORRELATION COEFFICIENTS  
       NO.  GLOBAL     13     14     20     21     22     23     24
       13  0.32229   1.000  0.053  0.217 -0.229 -0.228 -0.223 -0.218
       14  0.08317   0.053  1.000  0.054 -0.057 -0.056 -0.055 -0.053
       20  0.99901   0.217  0.054  1.000 -0.998 -0.999 -0.999 -0.997
       21  1.00000  -0.229 -0.057 -0.998  1.000  1.000  0.999  0.996
       22  1.00000  -0.228 -0.056 -0.999  1.000  1.000  0.999  0.997
       23  1.00000  -0.223 -0.055 -0.999  0.999  0.999  1.000  0.999
