 + ++++++++++++++++++++++++++++++++++++++++++++++++++++++++++++++++++++ +
 +                                                                      +
 +           You have chose to blind your fitting according to          +
 +                omega_ref * (1 + (R +/- deltaR) *10^{-6})             +
 +                                                                      +
 + ++++++++++++++++++++++++++++++++++++++++++++++++++++++++++++++++++++ +
In main()...
reading format from /gm2data/zkhechad/run45/envelope/formats/formatB_sBin_constraintOn.txt
pBinTau 	= 0  
pBinPhi 	= 0  
constraintau 	= 1 
includeMopTerm 	= 0    
constrainMop    = 0   
Parameters after format file: pBinTau 0 pBinPhi 0 constraintau 1 includeMopTerm 0 constrainMop 0 c_e_scale 0.000000 
Opening file /gm2data/tbarrett/gm2fr/studies/run23_bunch_corrections/CorrectedFourier_Run3b.root.
reading full fit data from /gm2data/zkhechad/cboTemplates/Run4CBOTemplates/fullFits/noRF/sBin_constraintOn_cE0.0_seed0_noRF_calo14.root
windowBins = 69
fitting sliding window 770 from bin 906 at 135.026000 to bin 975 at 145.470000 (69 bins)

Reading data from /gm2data/cornell/histograms/aMethod/histogram_a_noRF.root
 **********
 **    1 **SET PRINTOUT            1
 **********
 **********
 **    2 **SET NOWARNINGS 
 **********
 PARAMETER DEFINITIONS:
    NO.   NAME         VALUE      STEP SIZE      LIMITS
     1 N0           3.41750e+06  1.00000e+02     no limits
     2 tau          6.44063e+01  constant
     3 A0           3.61912e-01  1.00000e-04     no limits
     4 phi          4.12132e+00  1.00000e-02     no limits
     5 R           -6.04192e+01  constant
     6 alpha_CBO    0.00000e+00  1.00000e-03     no limits
     7 w_CBO        2.32500e+00  constant
     8 beta_CBO     0.00000e+00  1.00000e-03     no limits
     9 alpha_2CBO   0.00000e+00  1.00000e-03     no limits
    10 beta_2CBO    0.00000e+00  1.00000e-03     no limits
    11 alpha_y      0.00000e+00  1.00000e-03     no limits
    12 w_y          1.38860e+01  constant
    13 beta_y       0.00000e+00  1.00000e-03     no limits
    14 alpha_vw     0.00000e+00  1.00000e-03     no limits
    15 w_vw         1.43404e+01  constant
    16 beta_vw      0.00000e+00  1.00000e-03     no limits
    17 LM           8.43198e-05  constant
    18 zeta_y       0.00000e+00  constant
    19 zeta_vw      0.00000e+00  constant
    20 T_CBO        1.00000e+02  1.00000e+00    0.00000e+00  1.00000e+03
    21 alpha_A0     0.00000e+00  1.00000e-04   -1.00000e-02  1.00000e-02
    22 beta_A0      0.00000e+00  1.00000e-04   -1.00000e-02  1.00000e-02
    23 alpha_phi    0.00000e+00  1.00000e-04   -1.00000e-02  1.00000e-02
    24 beta_phi     0.00000e+00  1.00000e-04   -1.00000e-02  1.00000e-02
MINUIT - FIT ONLY WIGGLE
 **********
 **    3 **FIX            5
 **********
 PARAMETER    5  IS CONSTANT.   IGNORED.
 **********
 **    4 **FIX            6
 **********
 **********
 **    5 **FIX            7
 **********
 PARAMETER    7  IS CONSTANT.   IGNORED.
 **********
 **    6 **FIX            8
 **********
 **********
 **    7 **FIX            9
 **********
 **********
 **    8 **FIX           10
 **********
 **********
 **    9 **FIX           11
 **********
 **********
 **   10 **FIX           12
 **********
 PARAMETER   12  IS CONSTANT.   IGNORED.
 **********
 **   11 **FIX           13
 **********
 **********
 **   12 **FIX           14
 **********
 **********
 **   13 **FIX           15
 **********
 PARAMETER   15  IS CONSTANT.   IGNORED.
 **********
 **   14 **FIX           16
 **********
 **********
 **   15 **MIGRAD
 **********
 FIRST CALL TO USER FUNCTION AT NEW START POINT, WITH IFLAG=4.
 START MIGRAD MINIMIZATION.  STRATEGY  1.  CONVERGENCE WHEN EDM .LT. 1.00e-04
 FCN=591.665 FROM MIGRAD    STATUS=INITIATE      437 CALLS         438 TOTAL
                     EDM= unknown      STRATEGY= 1      NO ERROR MATRIX       
  EXT PARAMETER               CURRENT GUESS       STEP         FIRST   
  NO.   NAME      VALUE            ERROR          SIZE      DERIVATIVE 
   1  N0           3.41750e+06   1.00000e+02   0.00000e+00  -7.33922e-04
   2  tau          6.44063e+01   constant   
   3  A0           3.61912e-01   1.00000e-04   0.00000e+00  -7.12640e+04
   4  phi          4.12132e+00   1.00000e-02   0.00000e+00   9.85632e+03
   5  R           -6.04192e+01   constant   
   6  alpha_CBO    0.00000e+00     fixed    
   7  w_CBO        2.32500e+00   constant   
   8  beta_CBO     0.00000e+00     fixed    
   9  alpha_2CBO   0.00000e+00     fixed    
  10  beta_2CBO    0.00000e+00     fixed    
  11  alpha_y      0.00000e+00     fixed    
  12  w_y          1.38860e+01   constant   
  13  beta_y       0.00000e+00     fixed    
  14  alpha_vw     0.00000e+00     fixed    
  15  w_vw         1.43404e+01   constant   
  16  beta_vw      0.00000e+00     fixed    
  17  LM           8.43198e-05   constant   
  18  zeta_y       0.00000e+00   constant   
  19  zeta_vw      0.00000e+00   constant   
  20  T_CBO        1.00000e+02   1.00000e+00   0.00000e+00   0.00000e+00
  21  alpha_A0     0.00000e+00   1.00000e-04   0.00000e+00  -2.29553e+01
  22  beta_A0      0.00000e+00   1.00000e-04   0.00000e+00  -1.07186e+01
  23  alpha_phi    0.00000e+00   1.00000e-04   0.00000e+00  -3.61386e-01
  24  beta_phi     0.00000e+00   1.00000e-04   0.00000e+00  -4.99039e+01
 MIGRAD MINIMIZATION HAS CONVERGED.
 FCN=514.964 FROM MIGRAD    STATUS=CONVERGED     607 CALLS         608 TOTAL
                     EDM=1.42786e-06    STRATEGY= 1  ERROR MATRIX UNCERTAINTY   1.7 per cent
  EXT PARAMETER                                   STEP         FIRST   
  NO.   NAME      VALUE            ERROR          SIZE      DERIVATIVE 
   1  N0           3.41804e+06   4.34058e+02  -3.01843e-01   2.61739e-06
   2  tau          6.44063e+01   constant   
   3  A0           3.62684e-01   1.45850e-04  -2.92744e-09  -4.33508e+00
   4  phi          4.12035e+00   4.78789e-04   8.46463e-07  -9.46164e-01
   5  R           -6.04192e+01   constant   
   6  alpha_CBO    0.00000e+00     fixed    
   7  w_CBO        2.32500e+00   constant   
   8  beta_CBO     0.00000e+00     fixed    
   9  alpha_2CBO   0.00000e+00     fixed    
  10  beta_2CBO    0.00000e+00     fixed    
  11  alpha_y      0.00000e+00     fixed    
  12  w_y          1.38860e+01   constant   
  13  beta_y       0.00000e+00     fixed    
  14  alpha_vw     0.00000e+00     fixed    
  15  w_vw         1.43404e+01   constant   
  16  beta_vw      0.00000e+00     fixed    
  17  LM           8.43198e-05   constant   
  18  zeta_y       0.00000e+00   constant   
  19  zeta_vw      0.00000e+00   constant   
  20  T_CBO        1.29994e+02   2.12327e+01   2.93199e-05  -8.78461e-03
  21  alpha_A0     4.91355e-03   2.25568e-03  -2.36276e-05  -6.30772e-04
  22  beta_A0      2.66708e-03   2.03197e-03   4.36366e-04   3.94072e-03
  23  alpha_phi    7.79260e-05   1.85118e-03  -2.64817e-04  -4.61479e-03
  24  beta_phi     9.99030e-03   2.80604e-04  -1.22966e-04  -4.46285e-03
 EXTERNAL ERROR MATRIX.    NDIM=  25    NPAR=  8    ERR DEF=1
  1.884e+05  7.346e-03 -1.581e-02  1.052e+02 -1.524e-01 -1.174e-01 -1.331e-01  3.944e-03 
  7.346e-03  2.127e-08  1.449e-09 -3.630e-04  2.022e-08 -6.139e-09  1.293e-08 -2.046e-10 
 -1.581e-02  1.449e-09  2.292e-07 -5.884e-04  1.742e-07 -5.997e-08  8.266e-08  3.030e-09 
  1.052e+02 -3.630e-04 -5.884e-04  4.514e+02 -2.284e-02 -6.744e-03 -1.343e-03  6.629e-05 
 -1.524e-01  2.022e-08  1.742e-07 -2.284e-02  5.206e-06 -2.295e-08  3.851e-07 -1.807e-08 
 -1.174e-01 -6.139e-09 -5.997e-08 -6.744e-03 -2.295e-08  4.192e-06  1.012e-07  2.343e-08 
 -1.331e-01  1.293e-08  8.266e-08 -1.343e-03  3.851e-07  1.012e-07  3.467e-06 -2.396e-08 
  3.944e-03 -2.046e-10  3.030e-09  6.629e-05 -1.807e-08  2.343e-08 -2.396e-08  1.094e-08 
 PARAMETER  CORRELATION COEFFICIENTS  
       NO.  GLOBAL      1      3      4     20     21     22     23     24
        1  0.30796   1.000  0.116 -0.076  0.011 -0.154 -0.132 -0.165  0.087
        3  0.18125   0.116  1.000  0.021 -0.117  0.061 -0.021  0.048 -0.013
        4  0.21688  -0.076  0.021  1.000 -0.058  0.159 -0.061  0.093  0.060
       20  0.51072   0.011 -0.117 -0.058  1.000 -0.471 -0.155 -0.034  0.030
       21  0.52013  -0.154  0.061  0.159 -0.471  1.000 -0.005  0.091 -0.076
       22  0.27294  -0.132 -0.021 -0.061 -0.155 -0.005  1.000  0.027  0.109
       23  0.23042  -0.165  0.048  0.093 -0.034  0.091  0.027  1.000 -0.123
       24  0.21666   0.087 -0.013  0.060  0.030 -0.076  0.109 -0.123  1.000
MINUIT - FIT ONLY 1-CBO + wiggle
 **********
 **   16 **RES 
 **********
                   PARAMETER   16  beta_vw RESTORED TO VARIABLE.
                   PARAMETER   14  alpha_vw RESTORED TO VARIABLE.
                   PARAMETER   13  beta_y RESTORED TO VARIABLE.
                   PARAMETER   11  alpha_y RESTORED TO VARIABLE.
                   PARAMETER   10  beta_2CBO RESTORED TO VARIABLE.
                   PARAMETER    9  alpha_2CBO RESTORED TO VARIABLE.
                   PARAMETER    8  beta_CBO RESTORED TO VARIABLE.
                   PARAMETER    6  alpha_CBO RESTORED TO VARIABLE.
 **********
 **   17 **FIX            8
 **********
 **********
 **   18 **FIX            9
 **********
 **********
 **   19 **FIX           11
 **********
 **********
 **   20 **FIX           12
 **********
 PARAMETER   12  IS CONSTANT.   IGNORED.
 **********
 **   21 **FIX           14
 **********
 **********
 **   22 **FIX           15
 **********
 PARAMETER   15  IS CONSTANT.   IGNORED.
 **********
 **   23 **FIX           16
 **********
 **********
 **   24 **MIGRAD
 **********
 START MIGRAD MINIMIZATION.  STRATEGY  1.  CONVERGENCE WHEN EDM .LT. 1.00e-04
 FCN=514.964 FROM MIGRAD    STATUS=INITIATE       58 CALLS         666 TOTAL
                     EDM= unknown      STRATEGY= 1      NO ERROR MATRIX       
  EXT PARAMETER               CURRENT GUESS       STEP         FIRST   
  NO.   NAME      VALUE            ERROR          SIZE      DERIVATIVE 
   1  N0           3.41804e+06   4.34058e+02   0.00000e+00   5.74821e-06
   2  tau          6.44063e+01   constant   
   3  A0           3.62684e-01   1.45850e-04   0.00000e+00  -1.24527e+01
   4  phi          4.12035e+00   4.78789e-04   0.00000e+00  -1.70549e+00
   5  R           -6.04192e+01   constant   
   6  alpha_CBO    0.00000e+00   1.00000e-03   0.00000e+00  -1.80957e+05
   7  w_CBO        2.32500e+00   constant   
   8  beta_CBO     0.00000e+00     fixed    
   9  alpha_2CBO   0.00000e+00     fixed    
  10  beta_2CBO    0.00000e+00   1.00000e-03   0.00000e+00   7.65723e+03
  11  alpha_y      0.00000e+00     fixed    
  12  w_y          1.38860e+01   constant   
  13  beta_y       0.00000e+00   1.00000e-03   0.00000e+00  -1.60935e+03
  14  alpha_vw     0.00000e+00     fixed    
  15  w_vw         1.43404e+01   constant   
  16  beta_vw      0.00000e+00     fixed    
  17  LM           8.43198e-05   constant   
  18  zeta_y       0.00000e+00   constant   
  19  zeta_vw      0.00000e+00   constant   
  20  T_CBO        1.29994e+02   2.12327e+01   0.00000e+00  -2.43696e-01
  21  alpha_A0     4.91355e-03   2.25568e-03   0.00000e+00  -3.44897e-03
  22  beta_A0      2.66708e-03   2.03197e-03   0.00000e+00   1.06430e-02
  23  alpha_phi    7.79260e-05   1.85118e-03   0.00000e+00  -1.82022e-03
  24  beta_phi     9.97753e-03   2.80604e-04  -2.29991e-02   4.70836e-03
 MIGRAD MINIMIZATION HAS CONVERGED.
 FCN=239.326 FROM MIGRAD    STATUS=CONVERGED     280 CALLS         888 TOTAL
                     EDM=5.44369e-06    STRATEGY= 1  ERROR MATRIX UNCERTAINTY   3.0 per cent
  EXT PARAMETER                                   STEP         FIRST   
  NO.   NAME      VALUE            ERROR          SIZE      DERIVATIVE 
   1  N0           3.41778e+06   4.45429e+02   1.56914e+00  -1.81687e-06
   2  tau          6.44063e+01   constant   
   3  A0           3.62246e-01   1.58857e-04   9.07826e-07  -2.03682e+00
   4  phi          4.11917e+00   4.72270e-04  -2.92060e-06   3.91742e+00
   5  R           -6.04192e+01   constant   
   6  alpha_CBO    3.03726e-03   1.82678e-04   7.08894e-08   5.15173e+00
   7  w_CBO        2.32500e+00   constant   
   8  beta_CBO     0.00000e+00     fixed    
   9  alpha_2CBO   0.00000e+00     fixed    
  10  beta_2CBO   -2.09361e-04   1.73566e-04   6.28361e-07  -6.05693e+00
  11  alpha_y      0.00000e+00     fixed    
  12  w_y          1.38860e+01   constant   
  13  beta_y       6.40033e-05   1.75307e-04   1.61009e-09   8.05580e+00
  14  alpha_vw     0.00000e+00     fixed    
  15  w_vw         1.43404e+01   constant   
  16  beta_vw      0.00000e+00     fixed    
  17  LM           8.43198e-05   constant   
  18  zeta_y       0.00000e+00   constant   
  19  zeta_vw      0.00000e+00   constant   
  20  T_CBO        1.53960e+02   2.28031e+01   3.80505e-05   5.35307e-03
  21  alpha_A0     1.54380e-03   1.76724e-03   4.45200e-04  -4.62151e-04
  22  beta_A0      3.09143e-03   1.69526e-03  -1.51443e-03  -1.67820e-02
  23  alpha_phi    5.10006e-03   1.63529e-03  -1.08716e-03   4.87551e-03
  24  beta_phi     9.97516e-03   1.03744e-03  -7.38532e-04   1.55809e-03
 EXTERNAL ERROR MATRIX.    NDIM=  25    NPAR= 11    ERR DEF=1
  1.984e+05 
  1.500e-02  2.524e-08 
 -1.734e-03  2.218e-09  2.230e-07 
 -3.071e-03 -4.797e-09 -1.387e-08  3.337e-08 
  8.941e-04  2.106e-10 -3.285e-09 -9.318e-10  3.012e-08 
  3.754e-04  7.659e-11  2.974e-10  2.888e-10 -1.089e-11  3.073e-08 
  8.918e+02 -2.652e-04 -7.534e-04  2.777e-04 -5.461e-04  5.588e-05  5.207e+02 
 -7.661e-02  1.909e-08  1.378e-07 -3.386e-08 -3.430e-08  5.554e-09 -8.246e-03  3.157e-06 
 -1.622e-01 -8.426e-09 -7.013e-08  4.952e-09 -1.226e-08  2.459e-09 -5.301e-03 -1.780e-07  2.905e-06 
 -1.040e-01  6.001e-09  1.799e-08  4.847e-08  2.173e-08 -1.137e-09 -1.552e-02  2.123e-07  9.397e-08  2.707e-06 
 -1.194e-02 -1.669e-09  2.882e-09  2.056e-10  2.728e-09 -5.875e-10 -1.423e-03  1.868e-08  3.536e-08  7.847e-08  1.051e-07 
 PARAMETER  CORRELATION COEFFICIENTS  
       NO.  GLOBAL      1      3      4      6     10     13     20     21     22     23     24
        1  0.34954   1.000  0.212 -0.008 -0.038  0.012  0.005  0.088 -0.097 -0.214 -0.142 -0.083
        3  0.28899   0.212  1.000  0.030 -0.165  0.008  0.003 -0.073  0.068 -0.031  0.023 -0.032
        4  0.24071  -0.008  0.030  1.000 -0.161 -0.040  0.004 -0.070  0.164 -0.087  0.023  0.019
        6  0.31797  -0.038 -0.165 -0.161  1.000 -0.029  0.009  0.067 -0.104  0.016  0.161  0.003
       10  0.22037   0.012  0.008 -0.040 -0.029  1.000 -0.000 -0.138 -0.111 -0.041  0.076  0.048
       13  0.03299   0.005  0.003  0.004  0.009 -0.000  1.000  0.014  0.018  0.008 -0.004 -0.010
       20  0.51447   0.088 -0.073 -0.070  0.067 -0.138  0.014  1.000 -0.203 -0.136 -0.413 -0.192
       21  0.32706  -0.097  0.068  0.164 -0.104 -0.111  0.018 -0.203  1.000 -0.059  0.073  0.032
       22  0.29437  -0.214 -0.031 -0.087  0.016 -0.041  0.008 -0.136 -0.059  1.000  0.034  0.064
       23  0.47489  -0.142  0.023  0.023  0.161  0.076 -0.004 -0.413  0.073  0.034  1.000  0.147
       24  0.22050  -0.083 -0.032  0.019  0.003  0.048 -0.010 -0.192  0.032  0.064  0.147  1.000
MINUIT - FIT ONLY 2-CBO
 **********
 **   25 **RES 
 **********
                   PARAMETER   16  beta_vw RESTORED TO VARIABLE.
                   PARAMETER   14  alpha_vw RESTORED TO VARIABLE.
                   PARAMETER   11  alpha_y RESTORED TO VARIABLE.
                   PARAMETER    9  alpha_2CBO RESTORED TO VARIABLE.
                   PARAMETER    8  beta_CBO RESTORED TO VARIABLE.
 **********
 **   26 **FIX            0
 **********
 PARAMETER    0  IS UNDEFINED. IGNORED.
 **********
 **   27 **FIX            1
 **********
 **********
 **   28 **FIX            2
 **********
 PARAMETER    2  IS CONSTANT.   IGNORED.
 **********
 **   29 **FIX            3
 **********
 **********
 **   30 **FIX            4
 **********
 **********
 **   31 **FIX            5
 **********
 PARAMETER    5  IS CONSTANT.   IGNORED.
 **********
 **   32 **FIX            6
 **********
 **********
 **   33 **FIX            7
 **********
 PARAMETER    7  IS CONSTANT.   IGNORED.
 **********
 **   34 **FIX           10
 **********
 **********
 **   35 **FIX           11
 **********
 **********
 **   36 **FIX           12
 **********
 PARAMETER   12  IS CONSTANT.   IGNORED.
 **********
 **   37 **FIX           13
 **********
 **********
 **   38 **FIX           14
 **********
 **********
 **   39 **FIX           15
 **********
 PARAMETER   15  IS CONSTANT.   IGNORED.
 **********
 **   40 **FIX           16
 **********
 **********
 **   41 **MIGRAD
 **********
 START MIGRAD MINIMIZATION.  STRATEGY  1.  CONVERGENCE WHEN EDM .LT. 1.00e-04
 FCN=239.326 FROM MIGRAD    STATUS=INITIATE       18 CALLS         906 TOTAL
                     EDM= unknown      STRATEGY= 1      NO ERROR MATRIX       
  EXT PARAMETER               CURRENT GUESS       STEP         FIRST   
  NO.   NAME      VALUE            ERROR          SIZE      DERIVATIVE 
   1  N0           3.41778e+06     fixed    
   2  tau          6.44063e+01   constant   
   3  A0           3.62246e-01     fixed    
   4  phi          4.11917e+00     fixed    
   5  R           -6.04192e+01   constant   
   6  alpha_CBO    3.03726e-03     fixed    
   7  w_CBO        2.32500e+00   constant   
   8  beta_CBO     0.00000e+00   1.00000e-03   1.00000e-03   1.47255e+05
   9  alpha_2CBO   0.00000e+00   1.00000e-03   1.00000e-03  -1.09987e+04
  10  beta_2CBO   -2.09361e-04     fixed    
  11  alpha_y      0.00000e+00     fixed    
  12  w_y          1.38860e+01   constant   
  13  beta_y       6.40033e-05     fixed    
  14  alpha_vw     0.00000e+00     fixed    
  15  w_vw         1.43404e+01   constant   
  16  beta_vw      0.00000e+00     fixed    
  17  LM           8.43198e-05   constant   
  18  zeta_y       0.00000e+00   constant   
  19  zeta_vw      0.00000e+00   constant   
  20  T_CBO        1.53960e+02   2.28031e+01   3.80505e-05   5.35318e-03
  21  alpha_A0     1.54380e-03   1.76724e-03   4.45200e-04  -4.62141e-04
  22  beta_A0      3.09143e-03   1.69526e-03  -1.51443e-03  -1.67820e-02
  23  alpha_phi    5.10006e-03   1.63529e-03  -1.08716e-03   4.87558e-03
  24  beta_phi     9.97516e-03   1.03744e-03  -7.38532e-04  -1.61937e-03
 MIGRAD MINIMIZATION HAS CONVERGED.
 MIGRAD WILL VERIFY CONVERGENCE AND ERROR MATRIX.
 COVARIANCE MATRIX CALCULATED SUCCESSFULLY
 FCN=63.0028 FROM MIGRAD    STATUS=CONVERGED     825 CALLS        1713 TOTAL
                     EDM=6.50658e-06    STRATEGY= 1      ERROR MATRIX ACCURATE 
  EXT PARAMETER                                   STEP         FIRST   
  NO.   NAME      VALUE            ERROR          SIZE      DERIVATIVE 
   1  N0           3.41778e+06     fixed    
   2  tau          6.44063e+01   constant   
   3  A0           3.62246e-01     fixed    
   4  phi          4.11917e+00     fixed    
   5  R           -6.04192e+01   constant   
   6  alpha_CBO    3.03726e-03     fixed    
   7  w_CBO        2.32500e+00   constant   
   8  beta_CBO    -2.38014e-03   1.79722e-04   6.82949e-07   1.12540e+01
   9  alpha_2CBO   1.78296e-04   1.76738e-04   6.76063e-07  -2.12414e+00
  10  beta_2CBO   -2.09361e-04     fixed    
  11  alpha_y      0.00000e+00     fixed    
  12  w_y          1.38860e+01   constant   
  13  beta_y       6.40033e-05     fixed    
  14  alpha_vw     0.00000e+00     fixed    
  15  w_vw         1.43404e+01   constant   
  16  beta_vw      0.00000e+00     fixed    
  17  LM           8.43198e-05   constant   
  18  zeta_y       0.00000e+00   constant   
  19  zeta_vw      0.00000e+00   constant   
  20  T_CBO        9.99940e+02   5.26089e+02   4.77082e-02  -1.79990e-04
  21  alpha_A0     8.26593e-04   7.79052e-04   3.00738e-04  -1.74821e-02
  22  beta_A0      1.47386e-03   7.59912e-04   2.93533e-04  -1.25044e-03
  23  alpha_phi    2.01049e-03   6.62232e-04   2.62343e-04  -1.89468e-02
  24  beta_phi     2.44432e-03   7.04677e-04   2.74623e-04   1.02334e-02
 EXTERNAL ERROR MATRIX.    NDIM=  25    NPAR=  7    ERR DEF=1
  3.230e-08 -7.799e-11  5.407e-07 -2.803e-09  4.568e-10  3.875e-09 -2.909e-08 
 -7.799e-11  3.124e-08 -6.397e-07 -1.572e-08  1.917e-08 -1.187e-08  4.880e-09 
  5.407e-07 -6.397e-07  1.015e+04  6.509e-04  1.144e-03  1.544e-03 -1.879e-03 
 -2.803e-09 -1.572e-08  6.509e-04  6.082e-07 -8.368e-08 -1.063e-09  3.270e-08 
  4.568e-10  1.917e-08  1.144e-03 -8.368e-08  5.786e-07 -2.818e-08 -4.480e-08 
  3.875e-09 -1.187e-08  1.544e-03 -1.063e-09 -2.818e-08  4.392e-07 -1.664e-08 
 -2.909e-08  4.880e-09 -1.879e-03  3.270e-08 -4.480e-08 -1.664e-08  4.974e-07 
 PARAMETER  CORRELATION COEFFICIENTS  
       NO.  GLOBAL      8      9     20     21     22     23     24
        8  0.23172   1.000 -0.002  0.000 -0.020  0.003  0.033 -0.230
        9  0.20273  -0.002  1.000 -0.000 -0.114  0.143 -0.101  0.039
       20  0.03976   0.000 -0.000  1.000  0.008  0.015  0.023 -0.026
       21  0.17943  -0.020 -0.114  0.008  1.000 -0.141 -0.002  0.059
       22  0.21288   0.003  0.143  0.015 -0.141  1.000 -0.056 -0.084
       23  0.12143   0.033 -0.101  0.023 -0.002 -0.056  1.000 -0.036
       24  0.25661  -0.230  0.039 -0.026  0.059 -0.084 -0.036  1.000
MINUIT - FIT wiggle + 1-CBO + 2-CBO
 **********
 **   42 **RES 
 **********
                   PARAMETER   16  beta_vw RESTORED TO VARIABLE.
                   PARAMETER   14  alpha_vw RESTORED TO VARIABLE.
                   PARAMETER   13  beta_y RESTORED TO VARIABLE.
                   PARAMETER   11  alpha_y RESTORED TO VARIABLE.
                   PARAMETER   10  beta_2CBO RESTORED TO VARIABLE.
                   PARAMETER    6  alpha_CBO RESTORED TO VARIABLE.
                   PARAMETER    4  phi RESTORED TO VARIABLE.
                   PARAMETER    3  A0 RESTORED TO VARIABLE.
                   PARAMETER    1  N0 RESTORED TO VARIABLE.
 **********
 **   43 **FIX           10
 **********
 **********
 **   44 **FIX           11
 **********
 **********
 **   45 **FIX           12
 **********
 PARAMETER   12  IS CONSTANT.   IGNORED.
 **********
 **   46 **FIX           13
 **********
 **********
 **   47 **FIX           14
 **********
 **********
 **   48 **FIX           15
 **********
 PARAMETER   15  IS CONSTANT.   IGNORED.
 **********
 **   49 **FIX           16
 **********
 **********
 **   50 **MIGRAD
 **********
 START MIGRAD MINIMIZATION.  STRATEGY  1.  CONVERGENCE WHEN EDM .LT. 1.00e-04
 FCN=63.0028 FROM MIGRAD    STATUS=INITIATE       22 CALLS        1735 TOTAL
                     EDM= unknown      STRATEGY= 1      NO ERROR MATRIX       
  EXT PARAMETER               CURRENT GUESS       STEP         FIRST   
  NO.   NAME      VALUE            ERROR          SIZE      DERIVATIVE 
   1  N0           3.41778e+06   4.45429e+02   4.45429e+02  -1.32283e-03
   2  tau          6.44063e+01   constant   
   3  A0           3.62246e-01   1.58857e-04   1.58857e-04   1.22362e+04
   4  phi          4.11917e+00   4.72270e-04   4.72270e-04  -1.15726e+04
   5  R           -6.04192e+01   constant   
   6  alpha_CBO    3.03726e-03   1.82678e-04   1.82678e-04  -2.88719e+03
   7  w_CBO        2.32500e+00   constant   
   8  beta_CBO    -2.38014e-03   1.79722e-04   6.82949e-07   1.12541e+01
   9  alpha_2CBO   1.78296e-04   1.76738e-04   6.76063e-07  -2.12413e+00
  10  beta_2CBO   -2.09361e-04     fixed    
  11  alpha_y      0.00000e+00     fixed    
  12  w_y          1.38860e+01   constant   
  13  beta_y       6.40033e-05     fixed    
  14  alpha_vw     0.00000e+00     fixed    
  15  w_vw         1.43404e+01   constant   
  16  beta_vw      0.00000e+00     fixed    
  17  LM           8.43198e-05   constant   
  18  zeta_y       0.00000e+00   constant   
  19  zeta_vw      0.00000e+00   constant   
  20  T_CBO        9.99940e+02   5.26089e+02   4.77082e-02  -1.85293e-04
  21  alpha_A0     8.26593e-04   7.79052e-04   3.00738e-04  -1.74836e-02
  22  beta_A0      1.47386e-03   7.59912e-04   2.93533e-04  -1.25269e-03
  23  alpha_phi    2.01049e-03   6.62232e-04   2.62343e-04  -1.89498e-02
  24  beta_phi     2.44432e-03   7.04677e-04   2.74623e-04  -1.02371e-02
 MIGRAD MINIMIZATION HAS CONVERGED.
 FCN=54.355 FROM MIGRAD    STATUS=CONVERGED    1807 CALLS        3520 TOTAL
                     EDM=2.89914e-06    STRATEGY= 1  ERROR MATRIX UNCERTAINTY   0.6 per cent
  EXT PARAMETER                                   STEP         FIRST   
  NO.   NAME      VALUE            ERROR          SIZE      DERIVATIVE 
   1  N0           3.41776e+06   4.43233e+02  -4.58246e-01  -2.91644e-06
   2  tau          6.44063e+01   constant   
   3  A0           3.62111e-01   1.55711e-04  -6.20264e-08  -2.92550e+00
   4  phi          4.12053e+00   4.91493e-04   2.84884e-07  -1.61544e-01
   5  R           -6.04192e+01   constant   
   6  alpha_CBO    3.03828e-03   1.84840e-04  -1.09846e-07   1.05153e-01
   7  w_CBO        2.32500e+00   constant   
   8  beta_CBO    -2.50179e-03   1.81344e-04  -1.67457e-07  -1.30166e+00
   9  alpha_2CBO   1.43722e-04   1.72228e-04  -8.20900e-08  -1.28017e+00
  10  beta_2CBO   -2.09361e-04     fixed    
  11  alpha_y      0.00000e+00     fixed    
  12  w_y          1.38860e+01   constant   
  13  beta_y       6.40033e-05     fixed    
  14  alpha_vw     0.00000e+00     fixed    
  15  w_vw         1.43404e+01   constant   
  16  beta_vw      0.00000e+00     fixed    
  17  LM           8.43198e-05   constant   
  18  zeta_y       0.00000e+00   constant   
  19  zeta_vw      0.00000e+00   constant   
  20  T_CBO        8.72004e+01   1.53205e+01   1.07104e-04   5.00451e-02
  21  alpha_A0     4.97912e-03   3.32445e-03   1.31330e-03  -1.00752e-02
  22  beta_A0      5.44486e-03   2.39883e-03   9.10631e-05  -2.07390e-02
  23  alpha_phi    9.12437e-03   2.37502e-03   7.24258e-04   2.60457e-03
  24  beta_phi     9.99936e-03   1.63378e-02   1.04078e-02   7.49892e-04
 EXTERNAL ERROR MATRIX.    NDIM=  25    NPAR= 11    ERR DEF=1
  1.965e+05 
  1.556e-02  2.425e-08 
 -5.964e-03  3.617e-09  2.416e-07 
 -4.713e-03 -4.873e-09 -1.387e-08  3.417e-08 
  1.086e-03  1.464e-09 -1.858e-08 -1.019e-10  3.289e-08 
  2.478e-04 -2.479e-10 -6.470e-09 -3.946e-10  5.246e-10  2.966e-08 
 -2.393e+02  1.134e-04  5.970e-04 -1.796e-04 -6.123e-04  1.254e-04  2.349e+02 
 -1.528e-01  3.491e-08  3.216e-07 -7.705e-08 -7.605e-08 -7.040e-08  1.831e-02  1.164e-05 
 -2.182e-01 -2.997e-08 -6.940e-08  5.078e-08 -4.691e-08  3.875e-08  1.919e-02 -1.625e-06  5.919e-06 
 -1.990e-01 -1.165e-08  4.931e-08  3.808e-08 -6.126e-08  2.844e-09  2.956e-02  1.095e-06  5.003e-06  6.420e-06 
 -1.224e-02  1.469e-09  8.662e-09 -2.022e-09 -4.429e-09  1.284e-09  1.404e-03  5.818e-07  4.607e-07  3.764e-07  2.522e-07 
 PARAMETER  CORRELATION COEFFICIENTS  
       NO.  GLOBAL      1      3      4      6      8      9     20     21     22     23     24
        1  0.40644   1.000  0.225 -0.027 -0.058  0.014  0.003 -0.035 -0.101 -0.202 -0.177 -0.055
        3  0.29434   0.225  1.000  0.047 -0.169  0.052 -0.009  0.048  0.066 -0.079 -0.030  0.019
        4  0.31872  -0.027  0.047  1.000 -0.153 -0.208 -0.076  0.079  0.192 -0.058  0.040  0.035
        6  0.29919  -0.058 -0.169 -0.153  1.000 -0.003 -0.012 -0.063 -0.122  0.113  0.081 -0.022
        8  0.32237   0.014  0.052 -0.208 -0.003  1.000  0.017 -0.220 -0.123 -0.106 -0.133 -0.049
        9  0.21739   0.003 -0.009 -0.076 -0.012  0.017  1.000  0.047 -0.120  0.092  0.007  0.015
       20  0.83769  -0.035  0.048  0.079 -0.063 -0.220  0.047  1.000  0.350  0.515  0.761  0.182
       21  0.77155  -0.101  0.066  0.192 -0.122 -0.123 -0.120  0.350  1.000 -0.196  0.127  0.340
       22  0.90866  -0.202 -0.079 -0.058  0.113 -0.106  0.092  0.515 -0.196  1.000  0.812  0.377
       23  0.91624  -0.177 -0.030  0.040  0.081 -0.133  0.007  0.761  0.127  0.812  1.000  0.296
       24  0.66038  -0.055  0.019  0.035 -0.022 -0.049  0.015  0.182  0.340  0.377  0.296  1.000
MINUIT - FIT ONLY 1-y
 **********
 **   51 **RES 
 **********
                   PARAMETER   16  beta_vw RESTORED TO VARIABLE.
                   PARAMETER   14  alpha_vw RESTORED TO VARIABLE.
                   PARAMETER   13  beta_y RESTORED TO VARIABLE.
                   PARAMETER   11  alpha_y RESTORED TO VARIABLE.
                   PARAMETER   10  beta_2CBO RESTORED TO VARIABLE.
 **********
 **   52 **FIX            0
 **********
 PARAMETER    0  IS UNDEFINED. IGNORED.
 **********
 **   53 **FIX            1
 **********
 **********
 **   54 **FIX            2
 **********
 PARAMETER    2  IS CONSTANT.   IGNORED.
 **********
 **   55 **FIX            3
 **********
 **********
 **   56 **FIX            4
 **********
 **********
 **   57 **FIX            5
 **********
 PARAMETER    5  IS CONSTANT.   IGNORED.
 **********
 **   58 **FIX            6
 **********
 **********
 **   59 **FIX            7
 **********
 PARAMETER    7  IS CONSTANT.   IGNORED.
 **********
 **   60 **FIX            8
 **********
 **********
 **   61 **FIX            9
 **********
 **********
 **   62 **FIX           13
 **********
 **********
 **   63 **FIX           14
 **********
 **********
 **   64 **FIX           15
 **********
 PARAMETER   15  IS CONSTANT.   IGNORED.
 **********
 **   65 **FIX           16
 **********
 **********
 **   66 **MIGRAD
 **********
 START MIGRAD MINIMIZATION.  STRATEGY  1.  CONVERGENCE WHEN EDM .LT. 1.00e-04
 FCN=54.355 FROM MIGRAD    STATUS=INITIATE       16 CALLS        3536 TOTAL
                     EDM= unknown      STRATEGY= 1      NO ERROR MATRIX       
  EXT PARAMETER               CURRENT GUESS       STEP         FIRST   
  NO.   NAME      VALUE            ERROR          SIZE      DERIVATIVE 
   1  N0           3.41776e+06     fixed    
   2  tau          6.44063e+01   constant   
   3  A0           3.62111e-01     fixed    
   4  phi          4.12053e+00     fixed    
   5  R           -6.04192e+01   constant   
   6  alpha_CBO    3.03828e-03     fixed    
   7  w_CBO        2.32500e+00   constant   
   8  beta_CBO    -2.50179e-03     fixed    
   9  alpha_2CBO   1.43722e-04     fixed    
  10  beta_2CBO   -2.09361e-04   1.73566e-04   1.73566e-04   1.50399e+03
  11  alpha_y      0.00000e+00   1.00000e-03   1.00000e-03   4.65221e+03
  12  w_y          1.38860e+01   constant   
  13  beta_y       6.40033e-05     fixed    
  14  alpha_vw     0.00000e+00     fixed    
  15  w_vw         1.43404e+01   constant   
  16  beta_vw      0.00000e+00     fixed    
  17  LM           8.43198e-05   constant   
  18  zeta_y       0.00000e+00   constant   
  19  zeta_vw      0.00000e+00   constant   
  20  T_CBO        8.72004e+01   1.53205e+01   1.07104e-04  -5.00446e-02
  21  alpha_A0     4.97912e-03   3.32445e-03   1.31330e-03  -1.00752e-02
  22  beta_A0      5.44486e-03   2.39883e-03   9.10631e-05  -2.07390e-02
  23  alpha_phi    9.12437e-03   2.37502e-03   7.24258e-04   2.60447e-03
  24  beta_phi     9.99936e-03   1.63378e-02   1.04078e-02  -7.35028e-04
 MIGRAD MINIMIZATION HAS CONVERGED.
 MIGRAD WILL VERIFY CONVERGENCE AND ERROR MATRIX.
 COVARIANCE MATRIX CALCULATED SUCCESSFULLY
 FCN=54.1742 FROM MIGRAD    STATUS=CONVERGED     151 CALLS        3671 TOTAL
                     EDM=1.23534e-07    STRATEGY= 1      ERROR MATRIX ACCURATE 
  EXT PARAMETER                                   STEP         FIRST   
  NO.   NAME      VALUE            ERROR          SIZE      DERIVATIVE 
   1  N0           3.41776e+06     fixed    
   2  tau          6.44063e+01   constant   
   3  A0           3.62111e-01     fixed    
   4  phi          4.12053e+00     fixed    
   5  R           -6.04192e+01   constant   
   6  alpha_CBO    3.03828e-03     fixed    
   7  w_CBO        2.32500e+00   constant   
   8  beta_CBO    -2.50179e-03     fixed    
   9  alpha_2CBO   1.43722e-04     fixed    
  10  beta_2CBO   -2.33749e-04   1.80144e-04   6.36913e-07  -8.25328e-01
  11  alpha_y     -6.97717e-05   1.73247e-04   6.28029e-07   2.44162e-01
  12  w_y          1.38860e+01   constant   
  13  beta_y       6.40033e-05     fixed    
  14  alpha_vw     0.00000e+00     fixed    
  15  w_vw         1.43404e+01   constant   
  16  beta_vw      0.00000e+00     fixed    
  17  LM           8.43198e-05   constant   
  18  zeta_y       0.00000e+00   constant   
  19  zeta_vw      0.00000e+00   constant   
  20  T_CBO        8.75475e+01   1.64500e+01   1.34722e-04  -1.90234e-03
  21  alpha_A0     4.98767e-03   3.60007e-03   1.37135e-03   8.67383e-04
  22  beta_A0      5.49472e-03   3.40728e-03   1.39341e-03  -5.43282e-04
  23  alpha_phi    9.03149e-03   3.48267e-03   2.41490e-03  -2.87171e-04
  24  beta_phi     1.00000e-02   1.09029e-02   1.82143e-02** at limit **
 EXTERNAL ERROR MATRIX.    NDIM=  25    NPAR=  7    ERR DEF=1
  3.245e-08 -6.595e-11 -3.584e-04 -5.077e-08 -1.808e-08  9.720e-08 -7.068e-14 
 -6.595e-11  3.001e-08 -3.636e-05  1.553e-08 -9.920e-09  7.137e-09 -4.796e-14 
 -3.584e-04 -3.636e-05  2.709e+02 -2.673e-02 -2.193e-02 -4.387e-02  8.606e-06 
 -5.077e-08  1.553e-08 -2.673e-02  1.378e-05  9.169e-07  4.084e-06 -7.883e-10 
 -1.808e-08 -9.920e-09 -2.193e-02  9.169e-07  1.232e-05  3.169e-06 -8.819e-10 
  9.720e-08  7.137e-09 -4.387e-02  4.084e-06  3.169e-06  1.524e-05 -1.426e-09 
 -7.068e-14 -4.796e-14  8.606e-06 -7.883e-10 -8.819e-10 -1.426e-09  9.397e-12 
 PARAMETER  CORRELATION COEFFICIENTS  
       NO.  GLOBAL     10     11     20     21     22     23     24
       10  0.22301   1.000 -0.002 -0.121 -0.076 -0.029  0.138 -0.000
       11  0.03210  -0.002  1.000 -0.013  0.024 -0.016  0.011 -0.000
       20  0.76987  -0.121 -0.013  1.000 -0.437 -0.380 -0.683  0.171
       21  0.47097  -0.076  0.024 -0.437  1.000  0.070  0.282 -0.069
       22  0.40688  -0.029 -0.016 -0.380  0.070  1.000  0.231 -0.082
       23  0.68583   0.138  0.011 -0.683  0.282  0.231  1.000 -0.119
       24  0.17289  -0.000 -0.000  0.171 -0.069 -0.082 -0.119  1.000
MINUIT - FIT ONLY 2-y
 **********
 **   67 **RES 
 **********
                   PARAMETER   16  beta_vw RESTORED TO VARIABLE.
                   PARAMETER   14  alpha_vw RESTORED TO VARIABLE.
                   PARAMETER   13  beta_y RESTORED TO VARIABLE.
                   PARAMETER    9  alpha_2CBO RESTORED TO VARIABLE.
                   PARAMETER    8  beta_CBO RESTORED TO VARIABLE.
                   PARAMETER    6  alpha_CBO RESTORED TO VARIABLE.
                   PARAMETER    4  phi RESTORED TO VARIABLE.
                   PARAMETER    3  A0 RESTORED TO VARIABLE.
                   PARAMETER    1  N0 RESTORED TO VARIABLE.
 **********
 **   68 **FIX            0
 **********
 PARAMETER    0  IS UNDEFINED. IGNORED.
 **********
 **   69 **FIX            1
 **********
 **********
 **   70 **FIX            2
 **********
 PARAMETER    2  IS CONSTANT.   IGNORED.
 **********
 **   71 **FIX            3
 **********
 **********
 **   72 **FIX            4
 **********
 **********
 **   73 **FIX            5
 **********
 PARAMETER    5  IS CONSTANT.   IGNORED.
 **********
 **   74 **FIX            6
 **********
 **********
 **   75 **FIX            7
 **********
 PARAMETER    7  IS CONSTANT.   IGNORED.
 **********
 **   76 **FIX            8
 **********
 **********
 **   77 **FIX            9
 **********
 **********
 **   78 **FIX           10
 **********
 **********
 **   79 **FIX           11
 **********
 **********
 **   80 **FIX           12
 **********
 PARAMETER   12  IS CONSTANT.   IGNORED.
 **********
 **   81 **FIX           16
 **********
 **********
 **   82 **MIGRAD
 **********
 START MIGRAD MINIMIZATION.  STRATEGY  1.  CONVERGENCE WHEN EDM .LT. 1.00e-04
 FCN=54.1742 FROM MIGRAD    STATUS=INITIATE       16 CALLS        3687 TOTAL
                     EDM= unknown      STRATEGY= 1      NO ERROR MATRIX       
  EXT PARAMETER               CURRENT GUESS       STEP         FIRST   
  NO.   NAME      VALUE            ERROR          SIZE      DERIVATIVE 
   1  N0           3.41776e+06     fixed    
   2  tau          6.44063e+01   constant   
   3  A0           3.62111e-01     fixed    
   4  phi          4.12053e+00     fixed    
   5  R           -6.04192e+01   constant   
   6  alpha_CBO    3.03828e-03     fixed    
   7  w_CBO        2.32500e+00   constant   
   8  beta_CBO    -2.50179e-03     fixed    
   9  alpha_2CBO   1.43722e-04     fixed    
  10  beta_2CBO   -2.33749e-04     fixed    
  11  alpha_y     -6.97717e-05     fixed    
  12  w_y          1.38860e+01   constant   
  13  beta_y       6.40033e-05   1.75307e-04   1.75307e-04  -1.77960e+03
  14  alpha_vw     0.00000e+00   1.00000e-03   1.00000e-03  -1.11707e+04
  15  w_vw         1.43404e+01   constant   
  16  beta_vw      0.00000e+00     fixed    
  17  LM           8.43198e-05   constant   
  18  zeta_y       0.00000e+00   constant   
  19  zeta_vw      0.00000e+00   constant   
  20  T_CBO        8.75475e+01   1.64500e+01   1.34722e-04  -2.11589e-03
  21  alpha_A0     4.98767e-03   3.60007e-03   1.37135e-03   8.58661e-04
  22  beta_A0      5.49472e-03   3.40728e-03   1.39341e-03  -5.48299e-04
  23  alpha_phi    9.03149e-03   3.48267e-03   2.41490e-03  -2.90939e-04
  24  beta_phi     9.99998e-03   1.09029e-02   1.82143e-02  -1.22640e-04
 MIGRAD MINIMIZATION HAS CONVERGED.
 MIGRAD WILL VERIFY CONVERGENCE AND ERROR MATRIX.
 COVARIANCE MATRIX CALCULATED SUCCESSFULLY
 FCN=53.0444 FROM MIGRAD    STATUS=CONVERGED     149 CALLS        3820 TOTAL
                     EDM=1.42401e-06    STRATEGY= 1      ERROR MATRIX ACCURATE 
  EXT PARAMETER                                   STEP         FIRST   
  NO.   NAME      VALUE            ERROR          SIZE      DERIVATIVE 
   1  N0           3.41776e+06     fixed    
   2  tau          6.44063e+01   constant   
   3  A0           3.62111e-01     fixed    
   4  phi          4.12053e+00     fixed    
   5  R           -6.04192e+01   constant   
   6  alpha_CBO    3.03828e-03     fixed    
   7  w_CBO        2.32500e+00   constant   
   8  beta_CBO    -2.50179e-03     fixed    
   9  alpha_2CBO   1.43722e-04     fixed    
  10  beta_2CBO   -2.33749e-04     fixed    
  11  alpha_y     -6.97717e-05     fixed    
  12  w_y          1.38860e+01   constant   
  13  beta_y       1.41049e-04   1.81827e-04   6.30117e-07   1.11891e+00
  14  alpha_vw     1.90003e-04   1.80721e-04   6.26268e-07  -1.73992e-01
  15  w_vw         1.43404e+01   constant   
  16  beta_vw      0.00000e+00     fixed    
  17  LM           8.43198e-05   constant   
  18  zeta_y       0.00000e+00   constant   
  19  zeta_vw      0.00000e+00   constant   
  20  T_CBO        8.78332e+01   1.63417e+01   1.33418e-04   1.01987e-03
  21  alpha_A0     5.06789e-03   3.58183e-03   1.36050e-03   3.09294e-04
  22  beta_A0      5.50134e-03   3.38796e-03   1.37356e-03  -3.61686e-03
  23  alpha_phi    8.95855e-03   3.37503e-03   2.29572e-03   1.31407e-03
  24  beta_phi     1.00000e-02   1.06882e-02   1.69805e-02** at limit **
 EXTERNAL ERROR MATRIX.    NDIM=  25    NPAR=  7    ERR DEF=1
  3.306e-08  8.524e-09  3.703e-05  1.445e-08 -5.781e-10 -9.548e-09  3.167e-15 
  8.524e-09  3.266e-08  4.549e-05  1.195e-08  1.555e-09 -1.179e-08  3.897e-15 
  3.703e-05  4.549e-05  2.673e+02 -2.752e-02 -2.201e-02 -4.228e-02  1.476e-06 
  1.445e-08  1.195e-08 -2.752e-02  1.364e-05  9.148e-07  4.211e-06 -1.366e-10 
 -5.781e-10  1.555e-09 -2.201e-02  9.148e-07  1.217e-05  3.159e-06 -1.502e-10 
 -9.548e-09 -1.179e-08 -4.228e-02  4.211e-06  3.159e-06  1.469e-05 -2.413e-10 
  3.167e-15  3.897e-15  1.476e-06 -1.366e-10 -1.502e-10 -2.413e-10  3.003e-13 
 PARAMETER  CORRELATION COEFFICIENTS  
       NO.  GLOBAL     13     14     20     21     22     23     24
       13  0.26068   1.000  0.259  0.012  0.022 -0.001 -0.014  0.000
       14  0.26078   0.259  1.000  0.015  0.018  0.002 -0.017  0.000
       20  0.76503   0.012  0.015  1.000 -0.456 -0.386 -0.675  0.165
       21  0.47115   0.022  0.018 -0.456  1.000  0.071  0.297 -0.067
       22  0.40536  -0.001  0.002 -0.386  0.071  1.000  0.236 -0.079
       23  0.67532  -0.014 -0.017 -0.675  0.297  0.236  1.000 -0.115
       24  0.16575   0.000  0.000  0.165 -0.067 -0.079 -0.115  1.000
MINUIT - FIT ALTOGETHER
 **********
 **   83 **RES 
 **********
                   PARAMETER   16  beta_vw RESTORED TO VARIABLE.
