 + ++++++++++++++++++++++++++++++++++++++++++++++++++++++++++++++++++++ +
 +                                                                      +
 +           You have chose to blind your fitting according to          +
 +                omega_ref * (1 + (R +/- deltaR) *10^{-6})             +
 +                                                                      +
 + ++++++++++++++++++++++++++++++++++++++++++++++++++++++++++++++++++++ +
In main()...
reading format from /gm2data/zkhechad/run45/envelope/formats/formatB_sBin_constraintOn.txt
pBinTau 	= 0  
pBinPhi 	= 0  
constraintau 	= 1 
includeMopTerm 	= 0    
constrainMop    = 0   
Parameters after format file: pBinTau 0 pBinPhi 0 constraintau 1 includeMopTerm 0 constrainMop 0 c_e_scale 0.000000 
Opening file /gm2data/tbarrett/gm2fr/studies/run23_bunch_corrections/CorrectedFourier_Run3b.root.
reading full fit data from /gm2data/zkhechad/cboTemplates/Run4CBOTemplates/fullFits/noRF/sBin_constraintOn_cE0.0_seed0_noRF_calo18.root
windowBins = 69
fitting sliding window 2310 from bin 2446 at 364.794000 to bin 2515 at 375.238000 (69 bins)

Reading data from /gm2data/cornell/histograms/aMethod/histogram_a_noRF.root
 **********
 **    1 **SET PRINTOUT            1
 **********
 **********
 **    2 **SET NOWARNINGS 
 **********
 PARAMETER DEFINITIONS:
    NO.   NAME         VALUE      STEP SIZE      LIMITS
     1 N0           3.61741e+06  1.00000e+02     no limits
     2 tau          6.44109e+01  constant
     3 A0           3.53417e-01  1.00000e-04     no limits
     4 phi          4.12209e+00  1.00000e-02     no limits
     5 R           -6.03373e+01  constant
     6 alpha_CBO    0.00000e+00  1.00000e-03     no limits
     7 w_CBO        2.32500e+00  constant
     8 beta_CBO     0.00000e+00  1.00000e-03     no limits
     9 alpha_2CBO   0.00000e+00  1.00000e-03     no limits
    10 beta_2CBO    0.00000e+00  1.00000e-03     no limits
    11 alpha_y      0.00000e+00  1.00000e-03     no limits
    12 w_y          1.38860e+01  constant
    13 beta_y       0.00000e+00  1.00000e-03     no limits
    14 alpha_vw     0.00000e+00  1.00000e-03     no limits
    15 w_vw         1.43404e+01  constant
    16 beta_vw      0.00000e+00  1.00000e-03     no limits
    17 LM           1.86654e-04  constant
    18 zeta_y       0.00000e+00  constant
    19 zeta_vw      0.00000e+00  constant
    20 T_CBO        1.00000e+02  1.00000e+00    0.00000e+00  1.00000e+03
    21 alpha_A0     0.00000e+00  1.00000e-04   -1.00000e-02  1.00000e-02
    22 beta_A0      0.00000e+00  1.00000e-04   -1.00000e-02  1.00000e-02
    23 alpha_phi    0.00000e+00  1.00000e-04   -1.00000e-02  1.00000e-02
    24 beta_phi     0.00000e+00  1.00000e-04   -1.00000e-02  1.00000e-02
MINUIT - FIT ONLY WIGGLE
 **********
 **    3 **FIX            5
 **********
 PARAMETER    5  IS CONSTANT.   IGNORED.
 **********
 **    4 **FIX            6
 **********
 **********
 **    5 **FIX            7
 **********
 PARAMETER    7  IS CONSTANT.   IGNORED.
 **********
 **    6 **FIX            8
 **********
 **********
 **    7 **FIX            9
 **********
 **********
 **    8 **FIX           10
 **********
 **********
 **    9 **FIX           11
 **********
 **********
 **   10 **FIX           12
 **********
 PARAMETER   12  IS CONSTANT.   IGNORED.
 **********
 **   11 **FIX           13
 **********
 **********
 **   12 **FIX           14
 **********
 **********
 **   13 **FIX           15
 **********
 PARAMETER   15  IS CONSTANT.   IGNORED.
 **********
 **   14 **FIX           16
 **********
 **********
 **   15 **MIGRAD
 **********
 FIRST CALL TO USER FUNCTION AT NEW START POINT, WITH IFLAG=4.
 START MIGRAD MINIMIZATION.  STRATEGY  1.  CONVERGENCE WHEN EDM .LT. 1.00e-04
 FCN=59.4868 FROM MIGRAD    STATUS=INITIATE      437 CALLS         438 TOTAL
                     EDM= unknown      STRATEGY= 1      NO ERROR MATRIX       
  EXT PARAMETER               CURRENT GUESS       STEP         FIRST   
  NO.   NAME      VALUE            ERROR          SIZE      DERIVATIVE 
   1  N0           3.61741e+06   1.00000e+02   0.00000e+00  -4.23782e-04
   2  tau          6.44109e+01   constant   
   3  A0           3.53417e-01   1.00000e-04   0.00000e+00  -2.50309e+02
   4  phi          4.12209e+00   1.00000e-02   0.00000e+00  -3.71324e+02
   5  R           -6.03373e+01   constant   
   6  alpha_CBO    0.00000e+00     fixed    
   7  w_CBO        2.32500e+00   constant   
   8  beta_CBO     0.00000e+00     fixed    
   9  alpha_2CBO   0.00000e+00     fixed    
  10  beta_2CBO    0.00000e+00     fixed    
  11  alpha_y      0.00000e+00     fixed    
  12  w_y          1.38860e+01   constant   
  13  beta_y       0.00000e+00     fixed    
  14  alpha_vw     0.00000e+00     fixed    
  15  w_vw         1.43404e+01   constant   
  16  beta_vw      0.00000e+00     fixed    
  17  LM           1.86654e-04   constant   
  18  zeta_y       0.00000e+00   constant   
  19  zeta_vw      0.00000e+00   constant   
  20  T_CBO        1.00000e+02   1.00000e+00   0.00000e+00   0.00000e+00
  21  alpha_A0     0.00000e+00   1.00000e-04   0.00000e+00   8.67159e-02
  22  beta_A0      0.00000e+00   1.00000e-04   0.00000e+00   7.08410e-02
  23  alpha_phi    0.00000e+00   1.00000e-04   0.00000e+00   3.90851e-02
  24  beta_phi     0.00000e+00   1.00000e-04   0.00000e+00  -5.83094e-02
 MIGRAD MINIMIZATION HAS CONVERGED.
 FCN=57.9968 FROM MIGRAD    STATUS=CONVERGED     735 CALLS         736 TOTAL
                     EDM=7.26815e-06    STRATEGY= 1  ERROR MATRIX UNCERTAINTY   0.9 per cent
  EXT PARAMETER                                   STEP         FIRST   
  NO.   NAME      VALUE            ERROR          SIZE      DERIVATIVE 
   1  N0           3.61781e+06   2.71061e+03   7.38411e+00   2.34578e-07
   2  tau          6.44109e+01   constant   
   3  A0           3.53639e-01   9.63387e-04  -6.04696e-06   9.61387e-02
   4  phi          4.12363e+00   2.75994e-03  -2.38966e-06   7.18897e-01
   5  R           -6.03373e+01   constant   
   6  alpha_CBO    0.00000e+00     fixed    
   7  w_CBO        2.32500e+00   constant   
   8  beta_CBO     0.00000e+00     fixed    
   9  alpha_2CBO   0.00000e+00     fixed    
  10  beta_2CBO    0.00000e+00     fixed    
  11  alpha_y      0.00000e+00     fixed    
  12  w_y          1.38860e+01   constant   
  13  beta_y       0.00000e+00     fixed    
  14  alpha_vw     0.00000e+00     fixed    
  15  w_vw         1.43404e+01   constant   
  16  beta_vw      0.00000e+00     fixed    
  17  LM           1.86654e-04   constant   
  18  zeta_y       0.00000e+00   constant   
  19  zeta_vw      0.00000e+00   constant   
  20  T_CBO        2.97527e+02   2.41829e+02  -1.50955e-03  -2.74400e-03
  21  alpha_A0    -9.48943e-03   1.86030e-02   5.85047e-03  -1.61258e-03
  22  beta_A0     -7.49578e-03   1.32981e-02   2.09837e-02   5.45208e-04
  23  alpha_phi   -3.68448e-03   1.63740e-02   4.35040e-03  -5.84982e-04
  24  beta_phi     6.54773e-03   1.00874e-02   3.05836e-05  -2.01275e-03
 EXTERNAL ERROR MATRIX.    NDIM=  25    NPAR=  8    ERR DEF=1
  7.347e+06 -3.157e-01 -6.775e-01 -1.394e+05 -2.316e+00 -1.462e+00  2.893e+00  6.995e+00 
 -3.157e-01  9.281e-07  5.367e-08  1.587e-02  5.708e-07  6.459e-07 -8.245e-07 -2.534e-06 
 -6.775e-01  5.367e-08  7.617e-06  4.554e-02 -1.776e-06 -1.099e-06  3.506e-06  3.548e-07 
 -1.394e+05  1.587e-02  4.554e-02  6.493e+04  1.757e-01  1.446e+00 -1.577e+00  5.220e-01 
 -2.316e+00  5.708e-07 -1.776e-06  1.757e-01  4.520e-05  3.205e-05 -1.346e-05 -2.583e-06 
 -1.462e+00  6.459e-07 -1.099e-06  1.446e+00  3.205e-05  2.128e-04 -3.985e-05  2.565e-06 
  2.893e+00 -8.245e-07  3.506e-06 -1.577e+00 -1.346e-05 -3.985e-05  1.976e-04 -3.573e-05 
  6.995e+00 -2.534e-06  3.548e-07  5.220e-01 -2.583e-06  2.565e-06 -3.573e-05  1.632e-04 
 PARAMETER  CORRELATION COEFFICIENTS  
       NO.  GLOBAL      1      3      4     20     21     22     23     24
        1  0.35298   1.000 -0.121 -0.091 -0.202 -0.127 -0.037  0.076  0.202
        3  0.25363  -0.121  1.000  0.020  0.065  0.088  0.046 -0.061 -0.206
        4  0.19893  -0.091  0.020  1.000  0.065 -0.096 -0.027  0.090  0.010
       20  0.58600  -0.202  0.065  0.065  1.000  0.103  0.389 -0.440  0.160
       21  0.37826  -0.127  0.088 -0.096  0.103  1.000  0.327 -0.142 -0.030
       22  0.49331  -0.037  0.046 -0.027  0.389  0.327  1.000 -0.194  0.014
       23  0.48677   0.076 -0.061  0.090 -0.440 -0.142 -0.194  1.000 -0.199
       24  0.38266   0.202 -0.206  0.010  0.160 -0.030  0.014 -0.199  1.000
MINUIT - FIT ONLY 1-CBO + wiggle
 **********
 **   16 **RES 
 **********
                   PARAMETER   16  beta_vw RESTORED TO VARIABLE.
                   PARAMETER   14  alpha_vw RESTORED TO VARIABLE.
                   PARAMETER   13  beta_y RESTORED TO VARIABLE.
                   PARAMETER   11  alpha_y RESTORED TO VARIABLE.
                   PARAMETER   10  beta_2CBO RESTORED TO VARIABLE.
                   PARAMETER    9  alpha_2CBO RESTORED TO VARIABLE.
                   PARAMETER    8  beta_CBO RESTORED TO VARIABLE.
                   PARAMETER    6  alpha_CBO RESTORED TO VARIABLE.
 **********
 **   17 **FIX            8
 **********
 **********
 **   18 **FIX            9
 **********
 **********
 **   19 **FIX           11
 **********
 **********
 **   20 **FIX           12
 **********
 PARAMETER   12  IS CONSTANT.   IGNORED.
 **********
 **   21 **FIX           14
 **********
 **********
 **   22 **FIX           15
 **********
 PARAMETER   15  IS CONSTANT.   IGNORED.
 **********
 **   23 **FIX           16
 **********
 **********
 **   24 **MIGRAD
 **********
 START MIGRAD MINIMIZATION.  STRATEGY  1.  CONVERGENCE WHEN EDM .LT. 1.00e-04
 FCN=57.9968 FROM MIGRAD    STATUS=INITIATE       28 CALLS         764 TOTAL
                     EDM= unknown      STRATEGY= 1      NO ERROR MATRIX       
  EXT PARAMETER               CURRENT GUESS       STEP         FIRST   
  NO.   NAME      VALUE            ERROR          SIZE      DERIVATIVE 
   1  N0           3.61781e+06   2.71061e+03   7.38411e+00   2.34578e-07
   2  tau          6.44109e+01   constant   
   3  A0           3.53639e-01   9.63387e-04  -6.04696e-06   9.61386e-02
   4  phi          4.12363e+00   2.75994e-03  -2.38966e-06   7.18897e-01
   5  R           -6.03373e+01   constant   
   6  alpha_CBO    0.00000e+00   1.00000e-03   1.00000e-03  -4.70867e+03
   7  w_CBO        2.32500e+00   constant   
   8  beta_CBO     0.00000e+00     fixed    
   9  alpha_2CBO   0.00000e+00     fixed    
  10  beta_2CBO    0.00000e+00   1.00000e-03   1.00000e-03  -5.46697e+02
  11  alpha_y      0.00000e+00     fixed    
  12  w_y          1.38860e+01   constant   
  13  beta_y       0.00000e+00   1.00000e-03   1.00000e-03   4.48542e+02
  14  alpha_vw     0.00000e+00     fixed    
  15  w_vw         1.43404e+01   constant   
  16  beta_vw      0.00000e+00     fixed    
  17  LM           1.86654e-04   constant   
  18  zeta_y       0.00000e+00   constant   
  19  zeta_vw      0.00000e+00   constant   
  20  T_CBO        2.97527e+02   2.41829e+02  -1.50955e-03  -2.74403e-03
  21  alpha_A0    -9.48943e-03   1.86030e-02   5.85047e-03   1.61435e-03
  22  beta_A0     -7.49578e-03   1.32981e-02   2.09837e-02   5.44038e-04
  23  alpha_phi   -3.68448e-03   1.63740e-02   4.35040e-03   5.85039e-04
  24  beta_phi     6.54773e-03   1.00874e-02   3.05836e-05   2.01267e-03
 MIGRAD MINIMIZATION HAS CONVERGED.
 FCN=52.2456 FROM MIGRAD    STATUS=CONVERGED     201 CALLS         937 TOTAL
                     EDM=2.1228e-06    STRATEGY= 1  ERROR MATRIX UNCERTAINTY   2.1 per cent
  EXT PARAMETER                                   STEP         FIRST   
  NO.   NAME      VALUE            ERROR          SIZE      DERIVATIVE 
   1  N0           3.61793e+06   2.67573e+03   2.76456e+00   2.63782e-08
   2  tau          6.44109e+01   constant   
   3  A0           3.53702e-01   9.50718e-04  -1.93906e-08   1.62083e+00
   4  phi          4.12512e+00   2.93630e-03  -1.72508e-06  -1.22490e-01
   5  R           -6.03373e+01   constant   
   6  alpha_CBO    2.41452e-03   1.01203e-03  -5.40415e-07  -5.95962e-01
   7  w_CBO        2.32500e+00   constant   
   8  beta_CBO     0.00000e+00     fixed    
   9  alpha_2CBO   0.00000e+00     fixed    
  10  beta_2CBO    6.99558e-05   9.72912e-04  -1.06377e-06  -3.53674e-01
  11  alpha_y      0.00000e+00     fixed    
  12  w_y          1.38860e+01   constant   
  13  beta_y      -2.07661e-04   9.71277e-04  -5.72815e-07  -9.56800e-01
  14  alpha_vw     0.00000e+00     fixed    
  15  w_vw         1.43404e+01   constant   
  16  beta_vw      0.00000e+00     fixed    
  17  LM           1.86654e-04   constant   
  18  zeta_y       0.00000e+00   constant   
  19  zeta_vw      0.00000e+00   constant   
  20  T_CBO        3.28762e+02   2.78555e+02   1.59028e-03  -7.73476e-04
  21  alpha_A0    -9.98587e-03   1.00122e-02   1.63338e-02  -2.61212e-04
  22  beta_A0     -6.95742e-03   1.12249e-02   6.83568e-03   4.99697e-04
  23  alpha_phi   -6.07047e-03   1.07647e-02   2.62497e-03  -5.36882e-04
  24  beta_phi     5.01888e-03   1.66070e-02  -9.47747e-04   5.67883e-04
 EXTERNAL ERROR MATRIX.    NDIM=  25    NPAR= 11    ERR DEF=1
  7.160e+06 
 -2.724e-01  9.039e-07 
 -2.494e-01 -1.388e-08  8.622e-06 
  2.523e-02  4.466e-08  6.187e-07  1.024e-06 
  9.749e-02 -1.811e-08  5.744e-08 -8.732e-08  9.466e-07 
  1.643e-02  1.775e-08  2.016e-08 -6.301e-09 -9.052e-10  9.434e-07 
 -1.611e+05  4.276e-02 -3.538e-02  1.902e-02 -2.420e-02 -6.053e-03  8.891e+04 
 -1.075e+00  4.621e-07 -7.516e-07 -3.680e-08 -2.721e-07 -1.214e-07  5.082e-01  1.127e-05 
 -1.335e+00  1.133e-06 -4.322e-06  3.290e-07  5.337e-07 -2.401e-07  2.045e+00  1.808e-05  1.871e-04 
 -2.340e+00  1.335e-06 -3.419e-06 -9.987e-07 -7.481e-07 -4.146e-07  1.784e+00  1.865e-05  4.033e-05  1.670e-04 
 -4.550e+00  1.035e-06  2.037e-06 -6.448e-07  9.265e-07  2.814e-07 -1.133e+00 -5.824e-06 -3.114e-05 -1.928e-05  1.653e-04 
 PARAMETER  CORRELATION COEFFICIENTS  
       NO.  GLOBAL      1      3      4      6     10     13     20     21     22     23     24
        1  0.30512   1.000 -0.107 -0.032  0.009  0.037  0.006 -0.202 -0.120 -0.036 -0.068 -0.132
        3  0.23065  -0.107  1.000 -0.005  0.046 -0.020  0.019  0.151  0.145  0.087  0.109  0.085
        4  0.25403  -0.032 -0.005  1.000  0.208  0.020  0.007 -0.040 -0.076 -0.108 -0.090  0.054
        6  0.26844   0.009  0.046  0.208  1.000 -0.089 -0.006  0.063 -0.011  0.024 -0.076 -0.050
       10  0.18227   0.037 -0.020  0.020 -0.089  1.000 -0.001 -0.083 -0.083  0.040 -0.060  0.074
       13  0.05337   0.006  0.019  0.007 -0.006 -0.001  1.000 -0.021 -0.037 -0.018 -0.033  0.023
       20  0.70411  -0.202  0.151 -0.040  0.063 -0.083 -0.021  1.000  0.508  0.501  0.463 -0.296
       21  0.58347  -0.120  0.145 -0.076 -0.011 -0.083 -0.037  0.508  1.000  0.394  0.430 -0.135
       22  0.54725  -0.036  0.087 -0.108  0.024  0.040 -0.018  0.501  0.394  1.000  0.228 -0.177
       23  0.53054  -0.068  0.109 -0.090 -0.076 -0.060 -0.033  0.463  0.430  0.228  1.000 -0.116
       24  0.38179  -0.132  0.085  0.054 -0.050  0.074  0.023 -0.296 -0.135 -0.177 -0.116  1.000
MINUIT - FIT ONLY 2-CBO
 **********
 **   25 **RES 
 **********
                   PARAMETER   16  beta_vw RESTORED TO VARIABLE.
                   PARAMETER   14  alpha_vw RESTORED TO VARIABLE.
                   PARAMETER   11  alpha_y RESTORED TO VARIABLE.
                   PARAMETER    9  alpha_2CBO RESTORED TO VARIABLE.
                   PARAMETER    8  beta_CBO RESTORED TO VARIABLE.
 **********
 **   26 **FIX            0
 **********
 PARAMETER    0  IS UNDEFINED. IGNORED.
 **********
 **   27 **FIX            1
 **********
 **********
 **   28 **FIX            2
 **********
 PARAMETER    2  IS CONSTANT.   IGNORED.
 **********
 **   29 **FIX            3
 **********
 **********
 **   30 **FIX            4
 **********
 **********
 **   31 **FIX            5
 **********
 PARAMETER    5  IS CONSTANT.   IGNORED.
 **********
 **   32 **FIX            6
 **********
 **********
 **   33 **FIX            7
 **********
 PARAMETER    7  IS CONSTANT.   IGNORED.
 **********
 **   34 **FIX           10
 **********
 **********
 **   35 **FIX           11
 **********
 **********
 **   36 **FIX           12
 **********
 PARAMETER   12  IS CONSTANT.   IGNORED.
 **********
 **   37 **FIX           13
 **********
 **********
 **   38 **FIX           14
 **********
 **********
 **   39 **FIX           15
 **********
 PARAMETER   15  IS CONSTANT.   IGNORED.
 **********
 **   40 **FIX           16
 **********
 **********
 **   41 **MIGRAD
 **********
 START MIGRAD MINIMIZATION.  STRATEGY  1.  CONVERGENCE WHEN EDM .LT. 1.00e-04
 FCN=52.2456 FROM MIGRAD    STATUS=INITIATE       18 CALLS         955 TOTAL
                     EDM= unknown      STRATEGY= 1      NO ERROR MATRIX       
  EXT PARAMETER               CURRENT GUESS       STEP         FIRST   
  NO.   NAME      VALUE            ERROR          SIZE      DERIVATIVE 
   1  N0           3.61793e+06     fixed    
   2  tau          6.44109e+01   constant   
   3  A0           3.53702e-01     fixed    
   4  phi          4.12512e+00     fixed    
   5  R           -6.03373e+01   constant   
   6  alpha_CBO    2.41452e-03     fixed    
   7  w_CBO        2.32500e+00   constant   
   8  beta_CBO     0.00000e+00   1.00000e-03   1.00000e-03  -3.75765e+03
   9  alpha_2CBO   0.00000e+00   1.00000e-03   1.00000e-03   1.37947e+03
  10  beta_2CBO    6.99558e-05     fixed    
  11  alpha_y      0.00000e+00     fixed    
  12  w_y          1.38860e+01   constant   
  13  beta_y      -2.07661e-04     fixed    
  14  alpha_vw     0.00000e+00     fixed    
  15  w_vw         1.43404e+01   constant   
  16  beta_vw      0.00000e+00     fixed    
  17  LM           1.86654e-04   constant   
  18  zeta_y       0.00000e+00   constant   
  19  zeta_vw      0.00000e+00   constant   
  20  T_CBO        3.28762e+02   2.78555e+02   1.59028e-03  -7.73572e-04
  21  alpha_A0    -9.98587e-03   1.00122e-02   1.63338e-02   3.09631e-04
  22  beta_A0     -6.95742e-03   1.12249e-02   6.83568e-03   4.99415e-04
  23  alpha_phi   -6.07047e-03   1.07647e-02   2.62497e-03  -5.36972e-04
  24  beta_phi     5.01888e-03   1.66070e-02  -9.47747e-04   5.67926e-04
 MIGRAD MINIMIZATION HAS CONVERGED.
 MIGRAD WILL VERIFY CONVERGENCE AND ERROR MATRIX.
 COVARIANCE MATRIX CALCULATED SUCCESSFULLY
 FCN=48.3997 FROM MIGRAD    STATUS=CONVERGED     189 CALLS        1126 TOTAL
                     EDM=5.13747e-06    STRATEGY= 1      ERROR MATRIX ACCURATE 
  EXT PARAMETER                                   STEP         FIRST   
  NO.   NAME      VALUE            ERROR          SIZE      DERIVATIVE 
   1  N0           3.61793e+06     fixed    
   2  tau          6.44109e+01   constant   
   3  A0           3.53702e-01     fixed    
   4  phi          4.12512e+00     fixed    
   5  R           -6.03373e+01   constant   
   6  alpha_CBO    2.41452e-03     fixed    
   7  w_CBO        2.32500e+00   constant   
   8  beta_CBO     1.81671e-03   9.88965e-04   3.35999e-06   6.46396e-01
   9  alpha_2CBO  -6.27166e-04   9.96521e-04   3.34458e-06   1.59868e+00
  10  beta_2CBO    6.99558e-05     fixed    
  11  alpha_y      0.00000e+00     fixed    
  12  w_y          1.38860e+01   constant   
  13  beta_y      -2.07661e-04     fixed    
  14  alpha_vw     0.00000e+00     fixed    
  15  w_vw         1.43404e+01   constant   
  16  beta_vw      0.00000e+00     fixed    
  17  LM           1.86654e-04   constant   
  18  zeta_y       0.00000e+00   constant   
  19  zeta_vw      0.00000e+00   constant   
  20  T_CBO        3.63374e+02   6.77719e+02   1.84951e-03  -2.20511e-03
  21  alpha_A0    -9.99635e-03   1.10518e-02   5.07806e-02   1.13072e-04
  22  beta_A0     -8.07576e-03   1.84988e-02   6.40791e-03   6.72906e-04
  23  alpha_phi   -6.03247e-03   1.06416e-02   4.40146e-03  -9.42656e-05
  24  beta_phi     2.44663e-03   1.53568e-02   3.80039e-03  -1.67447e-04
 EXTERNAL ERROR MATRIX.    NDIM=  25    NPAR=  7    ERR DEF=1
  9.781e-07  3.034e-08 -3.058e-03 -4.006e-09 -1.350e-06 -3.120e-07 -5.894e-07 
  3.034e-08  9.931e-07 -6.043e-02 -1.376e-11 -2.200e-06 -8.823e-07  1.755e-06 
 -3.058e-03 -6.043e-02  5.015e+05  4.775e+00  1.152e+01  8.715e+00 -3.392e+00 
 -4.006e-09 -1.376e-11  4.775e+00  6.908e-05  1.075e-04  8.138e-05 -3.343e-05 
 -1.350e-06 -2.200e-06  1.152e+01  1.075e-04  3.796e-04  1.961e-04 -8.026e-05 
 -3.120e-07 -8.823e-07  8.715e+00  8.138e-05  1.961e-04  2.542e-04 -5.948e-05 
 -5.894e-07  1.755e-06 -3.392e+00 -3.343e-05 -8.026e-05 -5.948e-05  1.400e-04 
 PARAMETER  CORRELATION COEFFICIENTS  
       NO.  GLOBAL      8      9     20     21     22     23     24
        8  0.14122   1.000  0.031 -0.004 -0.000 -0.070 -0.020 -0.050
        9  0.20877   0.031  1.000 -0.086 -0.000 -0.113 -0.056  0.149
       20  0.92943  -0.004 -0.086  1.000  0.811  0.835  0.772 -0.405
       21  0.81495  -0.000 -0.000  0.811  1.000  0.664  0.614 -0.340
       22  0.83897  -0.070 -0.113  0.835  0.664  1.000  0.631 -0.348
       23  0.77286  -0.020 -0.056  0.772  0.614  0.631  1.000 -0.315
       24  0.42618  -0.050  0.149 -0.405 -0.340 -0.348 -0.315  1.000
MINUIT - FIT wiggle + 1-CBO + 2-CBO
 **********
 **   42 **RES 
 **********
                   PARAMETER   16  beta_vw RESTORED TO VARIABLE.
                   PARAMETER   14  alpha_vw RESTORED TO VARIABLE.
                   PARAMETER   13  beta_y RESTORED TO VARIABLE.
                   PARAMETER   11  alpha_y RESTORED TO VARIABLE.
                   PARAMETER   10  beta_2CBO RESTORED TO VARIABLE.
                   PARAMETER    6  alpha_CBO RESTORED TO VARIABLE.
                   PARAMETER    4  phi RESTORED TO VARIABLE.
                   PARAMETER    3  A0 RESTORED TO VARIABLE.
                   PARAMETER    1  N0 RESTORED TO VARIABLE.
 **********
 **   43 **FIX           10
 **********
 **********
 **   44 **FIX           11
 **********
 **********
 **   45 **FIX           12
 **********
 PARAMETER   12  IS CONSTANT.   IGNORED.
 **********
 **   46 **FIX           13
 **********
 **********
 **   47 **FIX           14
 **********
 **********
 **   48 **FIX           15
 **********
 PARAMETER   15  IS CONSTANT.   IGNORED.
 **********
 **   49 **FIX           16
 **********
 **********
 **   50 **MIGRAD
 **********
 START MIGRAD MINIMIZATION.  STRATEGY  1.  CONVERGENCE WHEN EDM .LT. 1.00e-04
 FCN=48.3997 FROM MIGRAD    STATUS=INITIATE       22 CALLS        1148 TOTAL
                     EDM= unknown      STRATEGY= 1      NO ERROR MATRIX       
  EXT PARAMETER               CURRENT GUESS       STEP         FIRST   
  NO.   NAME      VALUE            ERROR          SIZE      DERIVATIVE 
   1  N0           3.61793e+06   2.67573e+03   2.67573e+03   1.21624e-04
   2  tau          6.44109e+01   constant   
   3  A0           3.53702e-01   9.50718e-04   9.50718e-04   8.20156e+02
   4  phi          4.12512e+00   2.93630e-03   2.93630e-03  -1.06543e+02
   5  R           -6.03373e+01   constant   
   6  alpha_CBO    2.41452e-03   1.01203e-03   1.01203e-03   1.61898e+02
   7  w_CBO        2.32500e+00   constant   
   8  beta_CBO     1.81671e-03   9.88965e-04   3.35999e-06   6.46396e-01
   9  alpha_2CBO  -6.27166e-04   9.96521e-04   3.34458e-06   1.59868e+00
  10  beta_2CBO    6.99558e-05     fixed    
  11  alpha_y      0.00000e+00     fixed    
  12  w_y          1.38860e+01   constant   
  13  beta_y      -2.07661e-04     fixed    
  14  alpha_vw     0.00000e+00     fixed    
  15  w_vw         1.43404e+01   constant   
  16  beta_vw      0.00000e+00     fixed    
  17  LM           1.86654e-04   constant   
  18  zeta_y       0.00000e+00   constant   
  19  zeta_vw      0.00000e+00   constant   
  20  T_CBO        3.63374e+02   6.77719e+02   1.84951e-03  -2.21662e-03
  21  alpha_A0    -9.99635e-03   1.10518e-02   5.07806e-02   1.21506e-04
  22  beta_A0     -8.07576e-03   1.84988e-02   6.40791e-03   6.88313e-04
  23  alpha_phi   -6.03247e-03   1.06416e-02   4.40146e-03  -9.28236e-05
  24  beta_phi     2.44663e-03   1.53568e-02   3.80039e-03  -1.70299e-04
 MIGRAD MINIMIZATION HAS CONVERGED.
 FCN=48.1827 FROM MIGRAD    STATUS=CONVERGED     250 CALLS        1376 TOTAL
                     EDM=3.12168e-06    STRATEGY= 1  ERROR MATRIX UNCERTAINTY   3.9 per cent
  EXT PARAMETER                                   STEP         FIRST   
  NO.   NAME      VALUE            ERROR          SIZE      DERIVATIVE 
   1  N0           3.61757e+06   2.56668e+03   6.61082e+00  -1.25332e-07
   2  tau          6.44109e+01   constant   
   3  A0           3.53307e-01   9.93633e-04  -2.38368e-06  -1.21610e-01
   4  phi          4.12564e+00   2.88628e-03   8.50552e-06   3.51254e-01
   5  R           -6.03373e+01   constant   
   6  alpha_CBO    2.34749e-03   1.00374e-03   8.84955e-07  -1.76860e+00
   7  w_CBO        2.32500e+00   constant   
   8  beta_CBO     1.93892e-03   1.01566e-03   1.02379e-07   2.34456e-01
   9  alpha_2CBO  -6.08682e-04   9.60816e-04   3.58587e-06   2.62809e+00
  10  beta_2CBO    6.99558e-05     fixed    
  11  alpha_y      0.00000e+00     fixed    
  12  w_y          1.38860e+01   constant   
  13  beta_y      -2.07661e-04     fixed    
  14  alpha_vw     0.00000e+00     fixed    
  15  w_vw         1.43404e+01   constant   
  16  beta_vw      0.00000e+00     fixed    
  17  LM           1.86654e-04   constant   
  18  zeta_y       0.00000e+00   constant   
  19  zeta_vw      0.00000e+00   constant   
  20  T_CBO        3.60605e+02   3.73181e+02   4.01236e-03  -9.88561e-04
  21  alpha_A0    -9.55527e-03   1.45622e-02  -2.13664e-02   3.33054e-04
  22  beta_A0     -8.67684e-03   1.18219e-02   3.51386e-03  -8.29681e-05
  23  alpha_phi   -6.38130e-03   1.16046e-02   3.79868e-03  -6.47788e-05
  24  beta_phi     2.17015e-03   1.50196e-02  -4.16995e-03  -7.93226e-04
 EXTERNAL ERROR MATRIX.    NDIM=  25    NPAR= 11    ERR DEF=1
  6.588e+06 
 -1.550e-01  9.873e-07 
  4.029e-01 -2.632e-07  8.331e-06 
  1.149e-01 -6.293e-08  1.859e-07  1.007e-06 
 -7.365e-02 -2.331e-07  4.045e-07  6.433e-09  1.032e-06 
  1.733e-01 -6.043e-08  2.684e-09  4.840e-08  2.565e-08  9.232e-07 
  3.315e+05 -8.871e-02  1.551e-01  3.194e-02 -5.163e-02  7.765e-02  1.827e+05 
 -1.672e+01  4.411e-06 -8.095e-06 -5.608e-07  9.696e-07 -4.047e-06 -2.882e+00  1.727e-04 
  9.451e+00 -1.250e-06  7.744e-07  1.607e-07 -2.600e-06  1.136e-06  1.412e+00  2.457e-05  6.042e-05 
  8.809e+00 -1.411e-06  1.356e-06  5.237e-07 -1.753e-06  9.399e-07  1.359e+00  8.662e-06 -1.802e-05  8.058e-05 
 -4.328e+00  1.481e-06 -1.900e-06 -8.140e-07 -1.277e-07 -2.313e-07 -9.218e-01  2.098e-05  5.057e-06  1.556e-06  1.205e-04 
 PARAMETER  CORRELATION COEFFICIENTS  
       NO.  GLOBAL      1      3      4      6      8      9     20     21     22     23     24
        1  0.00000   1.000 -0.061  0.054  0.045 -0.028  0.070  0.302 -0.496  0.474  0.382 -0.154
        3  0.00000  -0.061  1.000 -0.092 -0.063 -0.231 -0.063 -0.209  0.338 -0.162 -0.158  0.136
        4  0.17155   0.054 -0.092  1.000  0.064  0.138  0.001  0.126 -0.213  0.035  0.052 -0.060
        6  0.12772   0.045 -0.063  0.064  1.000  0.006  0.050  0.074 -0.043  0.021  0.058 -0.074
        8  0.00000  -0.028 -0.231  0.138  0.006  1.000  0.026 -0.119  0.073 -0.329 -0.192 -0.011
        9  0.00000   0.070 -0.063  0.001  0.050  0.026  1.000  0.189 -0.321  0.152  0.109 -0.022
       20  0.00000   0.302 -0.209  0.126  0.074 -0.119  0.189  1.000 -0.513  0.425  0.354 -0.196
       21  4.93781  -0.496  0.338 -0.213 -0.043  0.073 -0.321 -0.513  1.000  0.241  0.073  0.145
       22  2.22020   0.474 -0.162  0.035  0.021 -0.329  0.152  0.425  0.241  1.000 -0.258  0.059
       23  0.00000   0.382 -0.158  0.052  0.058 -0.192  0.109  0.354  0.073 -0.258  1.000  0.016
       24  0.11911  -0.154  0.136 -0.060 -0.074 -0.011 -0.022 -0.196  0.145  0.059  0.016  1.000
MINUIT - FIT ONLY 1-y
 **********
 **   51 **RES 
 **********
                   PARAMETER   16  beta_vw RESTORED TO VARIABLE.
                   PARAMETER   14  alpha_vw RESTORED TO VARIABLE.
                   PARAMETER   13  beta_y RESTORED TO VARIABLE.
                   PARAMETER   11  alpha_y RESTORED TO VARIABLE.
                   PARAMETER   10  beta_2CBO RESTORED TO VARIABLE.
 **********
 **   52 **FIX            0
 **********
 PARAMETER    0  IS UNDEFINED. IGNORED.
 **********
 **   53 **FIX            1
 **********
 **********
 **   54 **FIX            2
 **********
 PARAMETER    2  IS CONSTANT.   IGNORED.
 **********
 **   55 **FIX            3
 **********
 **********
 **   56 **FIX            4
 **********
 **********
 **   57 **FIX            5
 **********
 PARAMETER    5  IS CONSTANT.   IGNORED.
 **********
 **   58 **FIX            6
 **********
 **********
 **   59 **FIX            7
 **********
 PARAMETER    7  IS CONSTANT.   IGNORED.
 **********
 **   60 **FIX            8
 **********
 **********
 **   61 **FIX            9
 **********
 **********
 **   62 **FIX           13
 **********
 **********
 **   63 **FIX           14
 **********
 **********
 **   64 **FIX           15
 **********
 PARAMETER   15  IS CONSTANT.   IGNORED.
 **********
 **   65 **FIX           16
 **********
 **********
 **   66 **MIGRAD
 **********
 START MIGRAD MINIMIZATION.  STRATEGY  1.  CONVERGENCE WHEN EDM .LT. 1.00e-04
 FCN=48.1827 FROM MIGRAD    STATUS=INITIATE       16 CALLS        1392 TOTAL
                     EDM= unknown      STRATEGY= 1      NO ERROR MATRIX       
  EXT PARAMETER               CURRENT GUESS       STEP         FIRST   
  NO.   NAME      VALUE            ERROR          SIZE      DERIVATIVE 
   1  N0           3.61757e+06     fixed    
   2  tau          6.44109e+01   constant   
   3  A0           3.53307e-01     fixed    
   4  phi          4.12564e+00     fixed    
   5  R           -6.03373e+01   constant   
   6  alpha_CBO    2.34749e-03     fixed    
   7  w_CBO        2.32500e+00   constant   
   8  beta_CBO     1.93892e-03     fixed    
   9  alpha_2CBO  -6.08682e-04     fixed    
  10  beta_2CBO    6.99558e-05   9.72912e-04   9.72912e-04  -2.22123e+02
  11  alpha_y      0.00000e+00   1.00000e-03   1.00000e-03  -2.28403e+03
  12  w_y          1.38860e+01   constant   
  13  beta_y      -2.07661e-04     fixed    
  14  alpha_vw     0.00000e+00     fixed    
  15  w_vw         1.43404e+01   constant   
  16  beta_vw      0.00000e+00     fixed    
  17  LM           1.86654e-04   constant   
  18  zeta_y       0.00000e+00   constant   
  19  zeta_vw      0.00000e+00   constant   
  20  T_CBO        3.60605e+02   3.73181e+02   4.01236e-03  -9.88772e-04
  21  alpha_A0    -9.55527e-03   1.45622e-02  -2.13664e-02  -3.38790e-04
  22  beta_A0     -8.67684e-03   1.18219e-02   3.51386e-03  -8.32499e-05
  23  alpha_phi   -6.38130e-03   1.16046e-02   3.79868e-03  -6.49439e-05
  24  beta_phi     2.17015e-03   1.50196e-02  -4.16995e-03  -7.93190e-04
 MIGRAD MINIMIZATION HAS CONVERGED.
 MIGRAD WILL VERIFY CONVERGENCE AND ERROR MATRIX.
 FCN=46.9041 FROM HESSE     STATUS=NOT POSDEF     54 CALLS        1492 TOTAL
                     EDM=0.000156549    STRATEGY= 1      ERR MATRIX NOT POS-DEF
  EXT PARAMETER                APPROXIMATE        STEP         FIRST   
  NO.   NAME      VALUE            ERROR          SIZE      DERIVATIVE 
   1  N0           3.61757e+06     fixed    
   2  tau          6.44109e+01   constant   
   3  A0           3.53307e-01     fixed    
   4  phi          4.12564e+00     fixed    
   5  R           -6.03373e+01   constant   
   6  alpha_CBO    2.34749e-03     fixed    
   7  w_CBO        2.32500e+00   constant   
   8  beta_CBO     1.93892e-03     fixed    
   9  alpha_2CBO  -6.08682e-04     fixed    
  10  beta_2CBO    1.73860e-04   1.00790e-03   3.33876e-06   6.18136e-01
  11  alpha_y      1.10945e-03   9.79121e-04   3.33128e-06  -1.50147e-01
  12  w_y          1.38860e+01   constant   
  13  beta_y      -2.07661e-04     fixed    
  14  alpha_vw     0.00000e+00     fixed    
  15  w_vw         1.43404e+01   constant   
  16  beta_vw      0.00000e+00     fixed    
  17  LM           1.86654e-04   constant   
  18  zeta_y       0.00000e+00   constant   
  19  zeta_vw      0.00000e+00   constant   
  20  T_CBO        3.60618e+02   6.04206e+02   1.79879e-03  -9.79952e-04
  21  alpha_A0    -9.66893e-03   1.01525e-02   1.45399e-02  -1.99005e-04
  22  beta_A0     -8.59613e-03   1.03903e-02   7.04360e-03  -1.26367e-05
  23  alpha_phi   -6.29794e-03   1.56971e-02   4.44802e-03  -8.68227e-04
  24  beta_phi     2.16406e-03   1.37492e-02   3.74452e-03  -8.11388e-05
 MIGRAD MINIMIZATION HAS CONVERGED.
 MIGRAD WILL VERIFY CONVERGENCE AND ERROR MATRIX.
 COVARIANCE MATRIX CALCULATED SUCCESSFULLY
 MIGRAD TERMINATED WITHOUT CONVERGENCE.
 FCN=46.9041 FROM MIGRAD    STATUS=FAILED        250 CALLS        1626 TOTAL
                     EDM=0.000204462    STRATEGY= 1      ERR MATRIX APPROXIMATE
  EXT PARAMETER                APPROXIMATE        STEP         FIRST   
  NO.   NAME      VALUE            ERROR          SIZE      DERIVATIVE 
   1  N0           3.61757e+06     fixed    
   2  tau          6.44109e+01   constant   
   3  A0           3.53307e-01     fixed    
   4  phi          4.12564e+00     fixed    
   5  R           -6.03373e+01   constant   
   6  alpha_CBO    2.34749e-03     fixed    
   7  w_CBO        2.32500e+00   constant   
   8  beta_CBO     1.93892e-03     fixed    
   9  alpha_2CBO  -6.08682e-04     fixed    
  10  beta_2CBO    1.73548e-04   1.01581e-03   3.33876e-06  -3.24816e-01
  11  alpha_y      1.10951e-03   9.86163e-04   3.33128e-06   2.91949e-02
  12  w_y          1.38860e+01   constant   
  13  beta_y      -2.07661e-04     fixed    
  14  alpha_vw     0.00000e+00     fixed    
  15  w_vw         1.43404e+01   constant   
  16  beta_vw      0.00000e+00     fixed    
  17  LM           1.86654e-04   constant   
  18  zeta_y       0.00000e+00   constant   
  19  zeta_vw      0.00000e+00   constant   
  20  T_CBO        3.71692e+02   5.49384e+02   1.87044e-03  -1.27945e-02
  21  alpha_A0    -9.33897e-03   1.87741e-02   1.14855e-02   2.03353e-03
  22  beta_A0     -8.32884e-03   1.03204e-02   6.54244e-03   1.23832e-03
  23  alpha_phi   -6.09827e-03   1.11427e-02   4.28860e-03   7.13556e-04
  24  beta_phi     2.09690e-03   1.57476e-02   3.65688e-03  -2.12760e-05
 EXTERNAL ERROR MATRIX.    NDIM=  25    NPAR=  7    ERR DEF=1
  1.032e-06 -9.821e-09 -4.505e-02 -4.238e-07  6.812e-07 -2.462e-06  5.379e-07 
 -9.821e-09  9.725e-07  7.219e-03  1.387e-08  6.388e-08  3.623e-07 -7.913e-08 
 -4.505e-02  7.219e-03  9.852e+06  2.416e+02  2.180e+02  1.617e+02 -5.649e+01 
 -4.238e-07  1.387e-08  2.416e+02  6.047e-03  5.343e-03  3.958e-03 -1.390e-03 
  6.812e-07  6.388e-08  2.180e+02  5.343e-03  4.936e-03  3.571e-03 -1.252e-03 
 -2.462e-06  3.623e-07  1.617e+02  3.958e-03  3.571e-03  2.754e-03 -9.283e-04 
  5.379e-07 -7.913e-08 -5.649e+01 -1.390e-03 -1.252e-03 -9.283e-04  4.340e-04 
ERR MATRIX APPROXIMATE
 PARAMETER  CORRELATION COEFFICIENTS  
       NO.  GLOBAL     10     11     20     21     22     23     24
       10  0.23265   1.000 -0.010 -0.014 -0.005  0.010 -0.046  0.025
       11  0.02987  -0.010  1.000  0.002  0.000  0.001  0.007 -0.004
       20  0.99623  -0.014  0.002  1.000  0.990  0.989  0.981 -0.864
       21  0.98989  -0.005  0.000  0.990  1.000  0.978  0.970 -0.858
       22  0.98906   0.010  0.001  0.989  0.978  1.000  0.969 -0.855
       23  0.98205  -0.046  0.007  0.981  0.970  0.969  1.000 -0.849
       24  0.86436   0.025 -0.004 -0.864 -0.858 -0.855 -0.849  1.000
 ERR MATRIX APPROXIMATE
MINUIT - FIT ONLY 2-y
 **********
 **   67 **RES 
 **********
                   PARAMETER   16  beta_vw RESTORED TO VARIABLE.
                   PARAMETER   14  alpha_vw RESTORED TO VARIABLE.
                   PARAMETER   13  beta_y RESTORED TO VARIABLE.
                   PARAMETER    9  alpha_2CBO RESTORED TO VARIABLE.
                   PARAMETER    8  beta_CBO RESTORED TO VARIABLE.
                   PARAMETER    6  alpha_CBO RESTORED TO VARIABLE.
                   PARAMETER    4  phi RESTORED TO VARIABLE.
                   PARAMETER    3  A0 RESTORED TO VARIABLE.
                   PARAMETER    1  N0 RESTORED TO VARIABLE.
 **********
 **   68 **FIX            0
 **********
 PARAMETER    0  IS UNDEFINED. IGNORED.
 **********
 **   69 **FIX            1
 **********
 **********
 **   70 **FIX            2
 **********
 PARAMETER    2  IS CONSTANT.   IGNORED.
 **********
 **   71 **FIX            3
 **********
 **********
 **   72 **FIX            4
 **********
 **********
 **   73 **FIX            5
 **********
 PARAMETER    5  IS CONSTANT.   IGNORED.
 **********
 **   74 **FIX            6
 **********
 **********
 **   75 **FIX            7
 **********
 PARAMETER    7  IS CONSTANT.   IGNORED.
 **********
 **   76 **FIX            8
 **********
 **********
 **   77 **FIX            9
 **********
 **********
 **   78 **FIX           10
 **********
 **********
 **   79 **FIX           11
 **********
 **********
 **   80 **FIX           12
 **********
 PARAMETER   12  IS CONSTANT.   IGNORED.
 **********
 **   81 **FIX           16
 **********
 **********
 **   82 **MIGRAD
 **********
 START MIGRAD MINIMIZATION.  STRATEGY  1.  CONVERGENCE WHEN EDM .LT. 1.00e-04
 FCN=46.9041 FROM MIGRAD    STATUS=INITIATE       16 CALLS        1642 TOTAL
                     EDM= unknown      STRATEGY= 1      NO ERROR MATRIX       
  EXT PARAMETER               CURRENT GUESS       STEP         FIRST   
  NO.   NAME      VALUE            ERROR          SIZE      DERIVATIVE 
   1  N0           3.61757e+06     fixed    
   2  tau          6.44109e+01   constant   
   3  A0           3.53307e-01     fixed    
   4  phi          4.12564e+00     fixed    
   5  R           -6.03373e+01   constant   
   6  alpha_CBO    2.34749e-03     fixed    
   7  w_CBO        2.32500e+00   constant   
   8  beta_CBO     1.93892e-03     fixed    
   9  alpha_2CBO  -6.08682e-04     fixed    
  10  beta_2CBO    1.73548e-04     fixed    
  11  alpha_y      1.10951e-03     fixed    
  12  w_y          1.38860e+01   constant   
  13  beta_y      -2.07661e-04   9.71277e-04   9.71277e-04  -3.78322e+01
  14  alpha_vw     0.00000e+00   1.00000e-03   1.00000e-03   7.36280e+02
  15  w_vw         1.43404e+01   constant   
  16  beta_vw      0.00000e+00     fixed    
  17  LM           1.86654e-04   constant   
  18  zeta_y       0.00000e+00   constant   
  19  zeta_vw      0.00000e+00   constant   
  20  T_CBO        3.71692e+02   5.49384e+02   1.87044e-03  -1.28060e-02
  21  alpha_A0    -9.33897e-03   1.87741e-02   1.14855e-02   2.06114e-03
  22  beta_A0     -8.32884e-03   1.03204e-02   6.54244e-03   1.25472e-03
  23  alpha_phi   -6.09827e-03   1.11427e-02   4.28860e-03   7.21976e-04
  24  beta_phi     2.09690e-03   1.57476e-02   3.65688e-03  -2.16701e-05
 MIGRAD MINIMIZATION HAS CONVERGED.
 MIGRAD WILL VERIFY CONVERGENCE AND ERROR MATRIX.
 FCN=46.7585 FROM HESSE     STATUS=NOT POSDEF     52 CALLS        1741 TOTAL
                     EDM=0.000191316    STRATEGY= 1      ERR MATRIX NOT POS-DEF
  EXT PARAMETER                APPROXIMATE        STEP         FIRST   
  NO.   NAME      VALUE            ERROR          SIZE      DERIVATIVE 
   1  N0           3.61757e+06     fixed    
   2  tau          6.44109e+01   constant   
   3  A0           3.53307e-01     fixed    
   4  phi          4.12564e+00     fixed    
   5  R           -6.03373e+01   constant   
   6  alpha_CBO    2.34749e-03     fixed    
   7  w_CBO        2.32500e+00   constant   
   8  beta_CBO     1.93892e-03     fixed    
   9  alpha_2CBO  -6.08682e-04     fixed    
  10  beta_2CBO    1.73548e-04     fixed    
  11  alpha_y      1.10951e-03     fixed    
  12  w_y          1.38860e+01   constant   
  13  beta_y      -8.46060e-05   1.00923e-03   3.29596e-06  -2.13361e-01
  14  alpha_vw    -3.89687e-04   1.01509e-03   3.31591e-06  -1.12707e+00
  15  w_vw         1.43404e+01   constant   
  16  beta_vw      0.00000e+00     fixed    
  17  LM           1.86654e-04   constant   
  18  zeta_y       0.00000e+00   constant   
