 + ++++++++++++++++++++++++++++++++++++++++++++++++++++++++++++++++++++ +
 +                                                                      +
 +           You have chose to blind your fitting according to          +
 +                omega_ref * (1 + (R +/- deltaR) *10^{-6})             +
 +                                                                      +
 + ++++++++++++++++++++++++++++++++++++++++++++++++++++++++++++++++++++ +
In main()...
reading format from /gm2data/zkhechad/run45/envelope/formats/formatB_sBin_constraintOn.txt
pBinTau 	= 0  
pBinPhi 	= 0  
constraintau 	= 1 
includeMopTerm 	= 0    
constrainMop    = 0   
Parameters after format file: pBinTau 0 pBinPhi 0 constraintau 1 includeMopTerm 0 constrainMop 0 c_e_scale 0.000000 
Opening file /gm2data/tbarrett/gm2fr/studies/run23_bunch_corrections/CorrectedFourier_Run3b.root.
reading full fit data from /gm2data/zkhechad/cboTemplates/Run4CBOTemplates/fullFits/noRF/sBin_constraintOn_cE0.0_seed0_noRF_calo20.root
windowBins = 34
fitting sliding window 0 from bin 136 at 20.142000 to bin 170 at 25.364000 (34 bins)

Reading data from /gm2data/cornell/histograms/aMethod/histogram_a_noRF.root
 **********
 **    1 **SET PRINTOUT            1
 **********
 **********
 **    2 **SET NOWARNINGS 
 **********
 PARAMETER DEFINITIONS:
    NO.   NAME         VALUE      STEP SIZE      LIMITS
     1 N0           3.28956e+06  1.00000e+02     no limits
     2 tau          6.44008e+01  constant
     3 A0           3.64481e-01  1.00000e-04     no limits
     4 phi          4.11985e+00  1.00000e-02     no limits
     5 R           -6.04681e+01  constant
     6 alpha_CBO    0.00000e+00  1.00000e-03     no limits
     7 w_CBO        2.32500e+00  constant
     8 beta_CBO     0.00000e+00  1.00000e-03     no limits
     9 alpha_2CBO   0.00000e+00  1.00000e-03     no limits
    10 beta_2CBO    0.00000e+00  1.00000e-03     no limits
    11 alpha_y      0.00000e+00  1.00000e-03     no limits
    12 w_y          1.38860e+01  constant
    13 beta_y       0.00000e+00  1.00000e-03     no limits
    14 alpha_vw     0.00000e+00  1.00000e-03     no limits
    15 w_vw         1.43404e+01  constant
    16 beta_vw      0.00000e+00  1.00000e-03     no limits
    17 LM          -2.11005e-04  constant
    18 zeta_y       0.00000e+00  constant
    19 zeta_vw      0.00000e+00  constant
    20 T_CBO        1.00000e+02  1.00000e+00    0.00000e+00  1.00000e+03
    21 alpha_A0     0.00000e+00  1.00000e-03     no limits
    22 beta_A0      0.00000e+00  1.00000e-03     no limits
    23 alpha_phi    0.00000e+00  1.00000e-03     no limits
    24 beta_phi     0.00000e+00  1.00000e-03     no limits
MINUIT - FIT ONLY WIGGLE
 **********
 **    3 **FIX            5
 **********
 PARAMETER    5  IS CONSTANT.   IGNORED.
 **********
 **    4 **FIX            6
 **********
 **********
 **    5 **FIX            7
 **********
 PARAMETER    7  IS CONSTANT.   IGNORED.
 **********
 **    6 **FIX            8
 **********
 **********
 **    7 **FIX            9
 **********
 **********
 **    8 **FIX           10
 **********
 **********
 **    9 **FIX           11
 **********
 **********
 **   10 **FIX           12
 **********
 PARAMETER   12  IS CONSTANT.   IGNORED.
 **********
 **   11 **FIX           13
 **********
 **********
 **   12 **FIX           14
 **********
 **********
 **   13 **FIX           15
 **********
 PARAMETER   15  IS CONSTANT.   IGNORED.
 **********
 **   14 **FIX           16
 **********
 **********
 **   15 **MIGRAD
 **********
 FIRST CALL TO USER FUNCTION AT NEW START POINT, WITH IFLAG=4.
 START MIGRAD MINIMIZATION.  STRATEGY  1.  CONVERGENCE WHEN EDM .LT. 1.00e-04
 FCN=11150.4 FROM MIGRAD    STATUS=INITIATE      435 CALLS         436 TOTAL
                     EDM= unknown      STRATEGY= 1      NO ERROR MATRIX       
  EXT PARAMETER               CURRENT GUESS       STEP         FIRST   
  NO.   NAME      VALUE            ERROR          SIZE      DERIVATIVE 
   1  N0           3.28956e+06   1.00000e+02   0.00000e+00   1.82942e-01
   2  tau          6.44008e+01   constant   
   3  A0           3.64481e-01   1.00000e-04   0.00000e+00   3.13529e+05
   4  phi          4.11985e+00   1.00000e-02   0.00000e+00  -1.89284e+05
   5  R           -6.04681e+01   constant   
   6  alpha_CBO    0.00000e+00     fixed    
   7  w_CBO        2.32500e+00   constant   
   8  beta_CBO     0.00000e+00     fixed    
   9  alpha_2CBO   0.00000e+00     fixed    
  10  beta_2CBO    0.00000e+00     fixed    
  11  alpha_y      0.00000e+00     fixed    
  12  w_y          1.38860e+01   constant   
  13  beta_y       0.00000e+00     fixed    
  14  alpha_vw     0.00000e+00     fixed    
  15  w_vw         1.43404e+01   constant   
  16  beta_vw      0.00000e+00     fixed    
  17  LM          -2.11005e-04   constant   
  18  zeta_y       0.00000e+00   constant   
  19  zeta_vw      0.00000e+00   constant   
  20  T_CBO        1.00000e+02   1.00000e+00   0.00000e+00   0.00000e+00
  21  alpha_A0     0.00000e+00   1.00000e-03   0.00000e+00   1.54226e+04
  22  beta_A0      0.00000e+00   1.00000e-03   0.00000e+00  -3.00572e+04
  23  alpha_phi    0.00000e+00   1.00000e-03   0.00000e+00  -4.06562e+04
  24  beta_phi     0.00000e+00   1.00000e-03   0.00000e+00  -8.09718e+04
 CALL LIMIT EXCEEDED IN MIGRAD.
 MIGRAD TERMINATED WITHOUT CONVERGENCE.
 FCN=5129.68 FROM MIGRAD    STATUS=CALL LIMIT   1340 CALLS        1341 TOTAL
                     EDM=0.157034    STRATEGY= 1  ERROR MATRIX UNCERTAINTY   3.6 per cent
  EXT PARAMETER                APPROXIMATE        STEP         FIRST   
  NO.   NAME      VALUE            ERROR          SIZE      DERIVATIVE 
   1  N0           3.29030e+06   5.88983e+02   8.52094e-01  -1.40034e-03
   2  tau          6.44008e+01   constant   
   3  A0           3.58961e-01   3.28428e-04   1.27276e-05  -4.30411e+03
   4  phi          4.15101e+00   4.81900e-04   1.60958e-05   1.16458e+03
   5  R           -6.04681e+01   constant   
   6  alpha_CBO    0.00000e+00     fixed    
   7  w_CBO        2.32500e+00   constant   
   8  beta_CBO     0.00000e+00     fixed    
   9  alpha_2CBO   0.00000e+00     fixed    
  10  beta_2CBO    0.00000e+00     fixed    
  11  alpha_y      0.00000e+00     fixed    
  12  w_y          1.38860e+01   constant   
  13  beta_y       0.00000e+00     fixed    
  14  alpha_vw     0.00000e+00     fixed    
  15  w_vw         1.43404e+01   constant   
  16  beta_vw      0.00000e+00     fixed    
  17  LM          -2.11005e-04   constant   
  18  zeta_y       0.00000e+00   constant   
  19  zeta_vw      0.00000e+00   constant   
  20  T_CBO        8.50098e+01   2.36882e+01  -2.42679e-02  -4.98288e+01
  21  alpha_A0    -3.53612e-02   2.51961e-03  -6.04753e-04   4.40319e+02
  22  beta_A0      2.42497e-02   1.90839e-03   4.69211e-04  -4.97476e+02
  23  alpha_phi    2.17785e-02   1.65421e-03   4.00398e-04  -5.74016e+02
  24  beta_phi     3.26015e-02   2.31121e-03   5.55127e-04  -7.91273e+02
 EXTERNAL ERROR MATRIX.    NDIM=  25    NPAR=  8    ERR DEF=1
  3.469e+05 -1.789e-01 -8.118e-02 -1.771e+02 -6.011e-01 -4.447e-01 -4.117e-01  5.599e-01 
 -1.789e-01  1.079e-07  3.392e-08 -6.822e-04  2.861e-07  2.835e-07  2.619e-07 -2.694e-07 
 -8.118e-02  3.392e-08  2.322e-07 -6.598e-04 -7.384e-08  3.113e-07  2.788e-07  2.722e-08 
 -1.771e+02 -6.822e-04 -6.598e-04  5.625e+02  5.287e-02 -3.950e-02 -3.362e-02 -4.867e-02 
 -6.011e-01  2.861e-07 -7.384e-08  5.287e-02  6.348e-06 -3.032e-06 -2.511e-06 -5.659e-06 
 -4.447e-01  2.835e-07  3.113e-07 -3.950e-02 -3.032e-06  3.642e-06  3.003e-06  2.737e-06 
 -4.117e-01  2.619e-07  2.788e-07 -3.362e-02 -2.511e-06  3.003e-06  2.736e-06  2.268e-06 
  5.599e-01 -2.694e-07  2.722e-08 -4.867e-02 -5.659e-06  2.737e-06  2.268e-06  5.342e-06 
ERR MATRIX APPROXIMATE
 PARAMETER  CORRELATION COEFFICIENTS  
       NO.  GLOBAL      1      3      4     20     21     22     23     24
        1  0.95897   1.000 -0.925 -0.286 -0.013 -0.405 -0.396 -0.423  0.411
        3  0.98213  -0.925  1.000  0.214 -0.088  0.346  0.452  0.482 -0.355
        4  0.89938  -0.286  0.214  1.000 -0.058 -0.061  0.339  0.350  0.024
       20  0.99732  -0.013 -0.088 -0.058  1.000  0.885 -0.873 -0.857 -0.888
       21  0.98788  -0.405  0.346 -0.061  0.885  1.000 -0.631 -0.602 -0.972
       22  0.98101  -0.396  0.452  0.339 -0.873 -0.631  1.000  0.951  0.621
       23  0.98053  -0.423  0.482  0.350 -0.857 -0.602  0.951  1.000  0.593
       24  0.99164   0.411 -0.355  0.024 -0.888 -0.972  0.621  0.593  1.000
 ERR MATRIX APPROXIMATE
MINUIT - FIT ONLY 1-CBO + wiggle
 **********
 **   16 **RES 
 **********
                   PARAMETER   16  beta_vw RESTORED TO VARIABLE.
                   PARAMETER   14  alpha_vw RESTORED TO VARIABLE.
                   PARAMETER   13  beta_y RESTORED TO VARIABLE.
                   PARAMETER   11  alpha_y RESTORED TO VARIABLE.
                   PARAMETER   10  beta_2CBO RESTORED TO VARIABLE.
                   PARAMETER    9  alpha_2CBO RESTORED TO VARIABLE.
                   PARAMETER    8  beta_CBO RESTORED TO VARIABLE.
                   PARAMETER    6  alpha_CBO RESTORED TO VARIABLE.
 **********
 **   17 **FIX            8
 **********
 **********
 **   18 **FIX            9
 **********
 **********
 **   19 **FIX           11
 **********
 **********
 **   20 **FIX           12
 **********
 PARAMETER   12  IS CONSTANT.   IGNORED.
 **********
 **   21 **FIX           14
 **********
 **********
 **   22 **FIX           15
 **********
 PARAMETER   15  IS CONSTANT.   IGNORED.
 **********
 **   23 **FIX           16
 **********
 **********
 **   24 **MIGRAD
 **********
 START MIGRAD MINIMIZATION.  STRATEGY  1.  CONVERGENCE WHEN EDM .LT. 1.00e-04
 FCN=5129.68 FROM MIGRAD    STATUS=INITIATE       28 CALLS        1369 TOTAL
                     EDM= unknown      STRATEGY= 1      NO ERROR MATRIX       
  EXT PARAMETER               CURRENT GUESS       STEP         FIRST   
  NO.   NAME      VALUE            ERROR          SIZE      DERIVATIVE 
   1  N0           3.29030e+06   5.88983e+02   8.52094e-01  -1.40034e-03
   2  tau          6.44008e+01   constant   
   3  A0           3.58961e-01   3.28428e-04   1.27276e-05  -4.30411e+03
   4  phi          4.15101e+00   4.81900e-04   1.60958e-05   1.16458e+03
   5  R           -6.04681e+01   constant   
   6  alpha_CBO    0.00000e+00   1.00000e-03   1.00000e-03  -1.65513e+05
   7  w_CBO        2.32500e+00   constant   
   8  beta_CBO     0.00000e+00     fixed    
   9  alpha_2CBO   0.00000e+00     fixed    
  10  beta_2CBO    0.00000e+00   1.00000e-03   1.00000e-03  -1.93323e+05
  11  alpha_y      0.00000e+00     fixed    
  12  w_y          1.38860e+01   constant   
  13  beta_y       0.00000e+00   1.00000e-03   1.00000e-03  -7.53141e+05
  14  alpha_vw     0.00000e+00     fixed    
  15  w_vw         1.43404e+01   constant   
  16  beta_vw      0.00000e+00     fixed    
  17  LM          -2.11005e-04   constant   
  18  zeta_y       0.00000e+00   constant   
  19  zeta_vw      0.00000e+00   constant   
  20  T_CBO        8.50098e+01   2.36882e+01  -2.42679e-02  -4.98274e+01
  21  alpha_A0    -3.53612e-02   2.51961e-03  -6.04753e-04   4.40319e+02
  22  beta_A0      2.42497e-02   1.90839e-03   4.69211e-04  -4.97476e+02
  23  alpha_phi    2.17785e-02   1.65421e-03   4.00398e-04  -5.74016e+02
  24  beta_phi     3.26015e-02   2.31121e-03   5.55127e-04  -7.91273e+02
 CALL LIMIT EXCEEDED IN MIGRAD.
 MIGRAD TERMINATED WITHOUT CONVERGENCE.
 FCN=2433.69 FROM MIGRAD    STATUS=CALL LIMIT   1917 CALLS        3258 TOTAL
                     EDM=0.179858    STRATEGY= 1  ERROR MATRIX UNCERTAINTY   0.6 per cent
  EXT PARAMETER                APPROXIMATE        STEP         FIRST   
  NO.   NAME      VALUE            ERROR          SIZE      DERIVATIVE 
   1  N0           3.35404e+06   2.00473e+03   2.34225e+00   1.20709e-03
   2  tau          6.44008e+01   constant   
   3  A0           3.25583e-01   9.27369e-04  -1.52791e-05  -7.04196e+03
   4  phi          4.10503e+00   1.28309e-03   2.86460e-04   9.04973e+02
   5  R           -6.04681e+01   constant   
   6  alpha_CBO    1.02127e-02   2.31382e-04  -1.05682e-05  -7.59706e+02
   7  w_CBO        2.32500e+00   constant   
   8  beta_CBO     0.00000e+00     fixed    
   9  alpha_2CBO   0.00000e+00     fixed    
  10  beta_2CBO    2.94735e-03   1.35239e-04  -5.78217e-06   1.27747e+03
  11  alpha_y      0.00000e+00     fixed    
  12  w_y          1.38860e+01   constant   
  13  beta_y       3.97251e-03   9.82736e-05  -1.88311e-06  -3.72651e+02
  14  alpha_vw     0.00000e+00     fixed    
  15  w_vw         1.43404e+01   constant   
  16  beta_vw      0.00000e+00     fixed    
  17  LM          -2.11005e-04   constant   
  18  zeta_y       0.00000e+00   constant   
  19  zeta_vw      0.00000e+00   constant   
  20  T_CBO        4.00911e+01   2.92142e+00  -6.43684e-03  -6.95855e+02
  21  alpha_A0    -2.27673e-01   9.98591e-03  -3.82578e-03   7.80166e+02
  22  beta_A0     -1.57624e-01   7.21865e-03  -2.40177e-03   3.80676e+00
  23  alpha_phi   -1.26068e-01   5.56891e-03  -1.94554e-03  -3.23047e+02
  24  beta_phi     2.07211e-01   8.94921e-03   3.46063e-03  -7.18950e+02
 EXTERNAL ERROR MATRIX.    NDIM=  25    NPAR= 11    ERR DEF=1
  4.019e+06 
 -1.839e+00  8.600e-07 
 -2.144e+00  9.786e-07  1.646e-06 
  3.895e-01 -1.820e-07 -2.572e-07  5.354e-08 
  1.513e-01 -7.215e-08 -8.517e-08  1.749e-08  1.829e-08 
  2.170e-02 -9.572e-09 -1.463e-08  1.874e-09  3.533e-10  9.658e-09 
  1.186e+03 -4.842e-04 -1.689e-03  1.498e-04  4.905e-05  1.143e-05  8.535e+00 
 -9.763e+00  4.736e-06  1.809e-06 -8.363e-07 -3.814e-07 -3.232e-08  2.191e-02  9.972e-05 
 -8.569e+00  4.096e-06  2.769e-06 -8.142e-07 -3.446e-07 -3.687e-08  1.388e-02  7.074e-05  5.211e-05 
 -5.854e+00  2.816e-06  1.668e-06 -5.514e-07 -2.051e-07 -2.724e-08  1.168e-02  5.485e-05  3.967e-05  3.101e-05 
  8.128e+00 -3.962e-06 -1.321e-06  6.925e-07  2.951e-07  2.805e-08 -2.031e-02 -8.897e-05 -6.300e-05 -4.923e-05  8.009e-05 
ERR MATRIX APPROXIMATE
 PARAMETER  CORRELATION COEFFICIENTS  
       NO.  GLOBAL      1      3      4      6     10     13     20     21     22     23     24
        1  0.99490   1.000 -0.989 -0.833  0.840  0.558  0.110  0.203 -0.488 -0.592 -0.524  0.453
        3  0.99789  -0.989  1.000  0.822 -0.848 -0.575 -0.105 -0.179  0.511  0.612  0.545 -0.477
        4  0.97363  -0.833  0.822  1.000 -0.866 -0.491 -0.116 -0.451  0.141  0.299  0.233 -0.115
        6  0.91087   0.840 -0.848 -0.866  1.000  0.559  0.082  0.222 -0.362 -0.487 -0.428  0.334
       10  0.68391   0.558 -0.575 -0.491  0.559  1.000  0.027  0.124 -0.282 -0.353 -0.272  0.244
       13  0.15031   0.110 -0.105 -0.116  0.082  0.027  1.000  0.040 -0.033 -0.052 -0.050  0.032
       20  0.99924   0.203 -0.179 -0.451  0.222  0.124  0.040  1.000  0.751  0.658  0.718 -0.777
       21  0.99866  -0.488  0.511  0.141 -0.362 -0.282 -0.033  0.751  1.000  0.981  0.986 -0.996
       22  0.99572  -0.592  0.612  0.299 -0.487 -0.353 -0.052  0.658  0.981  1.000  0.987 -0.975
       23  0.99679  -0.524  0.545  0.233 -0.428 -0.272 -0.050  0.718  0.986  0.987  1.000 -0.988
       24  0.99874   0.453 -0.477 -0.115  0.334  0.244  0.032 -0.777 -0.996 -0.975 -0.988  1.000
 ERR MATRIX APPROXIMATE
MINUIT - FIT ONLY 2-CBO
 **********
 **   25 **RES 
 **********
                   PARAMETER   16  beta_vw RESTORED TO VARIABLE.
                   PARAMETER   14  alpha_vw RESTORED TO VARIABLE.
                   PARAMETER   11  alpha_y RESTORED TO VARIABLE.
                   PARAMETER    9  alpha_2CBO RESTORED TO VARIABLE.
                   PARAMETER    8  beta_CBO RESTORED TO VARIABLE.
 **********
 **   26 **FIX            0
 **********
 PARAMETER    0  IS UNDEFINED. IGNORED.
 **********
 **   27 **FIX            1
 **********
 **********
 **   28 **FIX            2
 **********
 PARAMETER    2  IS CONSTANT.   IGNORED.
 **********
 **   29 **FIX            3
 **********
 **********
 **   30 **FIX            4
 **********
 **********
 **   31 **FIX            5
 **********
 PARAMETER    5  IS CONSTANT.   IGNORED.
 **********
 **   32 **FIX            6
 **********
 **********
 **   33 **FIX            7
 **********
 PARAMETER    7  IS CONSTANT.   IGNORED.
 **********
 **   34 **FIX           10
 **********
 **********
 **   35 **FIX           11
 **********
 **********
 **   36 **FIX           12
 **********
 PARAMETER   12  IS CONSTANT.   IGNORED.
 **********
 **   37 **FIX           13
 **********
 **********
 **   38 **FIX           14
 **********
 **********
 **   39 **FIX           15
 **********
 PARAMETER   15  IS CONSTANT.   IGNORED.
 **********
 **   40 **FIX           16
 **********
 **********
 **   41 **MIGRAD
 **********
 START MIGRAD MINIMIZATION.  STRATEGY  1.  CONVERGENCE WHEN EDM .LT. 1.00e-04
 FCN=2433.69 FROM MIGRAD    STATUS=INITIATE       18 CALLS        3276 TOTAL
                     EDM= unknown      STRATEGY= 1      NO ERROR MATRIX       
  EXT PARAMETER               CURRENT GUESS       STEP         FIRST   
  NO.   NAME      VALUE            ERROR          SIZE      DERIVATIVE 
   1  N0           3.35404e+06     fixed    
   2  tau          6.44008e+01   constant   
   3  A0           3.25583e-01     fixed    
   4  phi          4.10503e+00     fixed    
   5  R           -6.04681e+01   constant   
   6  alpha_CBO    1.02127e-02     fixed    
   7  w_CBO        2.32500e+00   constant   
   8  beta_CBO     0.00000e+00   1.00000e-03   1.00000e-03  -1.00263e+05
   9  alpha_2CBO   0.00000e+00   1.00000e-03   1.00000e-03  -2.85627e+04
  10  beta_2CBO    2.94735e-03     fixed    
  11  alpha_y      0.00000e+00     fixed    
  12  w_y          1.38860e+01   constant   
  13  beta_y       3.97251e-03     fixed    
  14  alpha_vw     0.00000e+00     fixed    
  15  w_vw         1.43404e+01   constant   
  16  beta_vw      0.00000e+00     fixed    
  17  LM          -2.11005e-04   constant   
  18  zeta_y       0.00000e+00   constant   
  19  zeta_vw      0.00000e+00   constant   
  20  T_CBO        4.00911e+01   2.92142e+00  -6.43684e-03  -6.95854e+02
  21  alpha_A0    -2.27673e-01   9.98591e-03  -3.82578e-03   7.80166e+02
  22  beta_A0     -1.57624e-01   7.21865e-03  -2.40177e-03   3.80677e+00
  23  alpha_phi   -1.26068e-01   5.56891e-03  -1.94554e-03  -3.23047e+02
  24  beta_phi     2.07211e-01   8.94921e-03   3.46063e-03  -7.18950e+02
 MIGRAD MINIMIZATION HAS CONVERGED.
 MIGRAD WILL VERIFY CONVERGENCE AND ERROR MATRIX.
 COVARIANCE MATRIX CALCULATED SUCCESSFULLY
 FCN=2375.86 FROM MIGRAD    STATUS=CONVERGED     962 CALLS        4220 TOTAL
                     EDM=1.67211e-05    STRATEGY= 1      ERROR MATRIX ACCURATE 
  EXT PARAMETER                                   STEP         FIRST   
  NO.   NAME      VALUE            ERROR          SIZE      DERIVATIVE 
   1  N0           3.35404e+06     fixed    
   2  tau          6.44008e+01   constant   
   3  A0           3.25583e-01     fixed    
   4  phi          4.10503e+00     fixed    
   5  R           -6.04681e+01   constant   
   6  alpha_CBO    1.02127e-02     fixed    
   7  w_CBO        2.32500e+00   constant   
   8  beta_CBO     1.01944e-03   1.39087e-04   2.30080e-06   9.49068e+00
   9  alpha_2CBO  -2.75908e-04   1.29300e-04   2.25467e-06  -3.69855e+01
  10  beta_2CBO    2.94735e-03     fixed    
  11  alpha_y      0.00000e+00     fixed    
  12  w_y          1.38860e+01   constant   
  13  beta_y       3.97251e-03     fixed    
  14  alpha_vw     0.00000e+00     fixed    
  15  w_vw         1.43404e+01   constant   
  16  beta_vw      0.00000e+00     fixed    
  17  LM          -2.11005e-04   constant   
  18  zeta_y       0.00000e+00   constant   
  19  zeta_vw      0.00000e+00   constant   
  20  T_CBO        1.80696e+01   1.81251e+00   5.41624e-06  -1.54713e+00
  21  alpha_A0    -4.48253e-01   5.52210e-02   4.03877e-05  -3.90040e-01
  22  beta_A0     -3.20662e-01   4.14924e-02   4.15350e-05   1.75439e+00
  23  alpha_phi   -2.55096e-01   3.27526e-02   3.05696e-05   1.20077e+00
  24  beta_phi     4.11298e-01   5.15461e-02   3.03666e-05   1.21845e+00
 EXTERNAL ERROR MATRIX.    NDIM=  25    NPAR=  7    ERR DEF=1
  1.935e-08 -7.970e-09 -1.781e-04 -5.421e-06 -4.104e-06 -3.225e-06  5.062e-06 
 -7.970e-09  1.672e-08  1.379e-04  4.135e-06  3.198e-06  2.486e-06 -3.951e-06 
 -1.781e-04  1.379e-04  3.285e+00  1.000e-01  7.513e-02  5.932e-02 -9.340e-02 
 -5.421e-06  4.135e-06  1.000e-01  3.049e-03  2.287e-03  1.806e-03 -2.844e-03 
 -4.104e-06  3.198e-06  7.513e-02  2.287e-03  1.722e-03  1.357e-03 -2.136e-03 
 -3.225e-06  2.486e-06  5.932e-02  1.806e-03  1.357e-03  1.073e-03 -1.687e-03 
  5.062e-06 -3.951e-06 -9.340e-02 -2.844e-03 -2.136e-03 -1.687e-03  2.657e-03 
 PARAMETER  CORRELATION COEFFICIENTS  
       NO.  GLOBAL      8      9     20     21     22     23     24
        8  0.71911   1.000 -0.443 -0.707 -0.706 -0.711 -0.708  0.706
        9  0.68076  -0.443  1.000  0.588  0.579  0.596  0.587 -0.593
       20  0.99986  -0.707  0.588  1.000  0.999  0.999  0.999 -1.000
       21  0.99953  -0.706  0.579  0.999  1.000  0.998  0.999 -0.999
       22  0.99911  -0.711  0.596  0.999  0.998  1.000  0.998 -0.999
       23  0.99923  -0.708  0.587  0.999  0.999  0.998  1.000 -0.999
       24  0.99969   0.706 -0.593 -1.000 -0.999 -0.999 -0.999  1.000
MINUIT - FIT wiggle + 1-CBO + 2-CBO
 **********
 **   42 **RES 
 **********
                   PARAMETER   16  beta_vw RESTORED TO VARIABLE.
                   PARAMETER   14  alpha_vw RESTORED TO VARIABLE.
                   PARAMETER   13  beta_y RESTORED TO VARIABLE.
                   PARAMETER   11  alpha_y RESTORED TO VARIABLE.
                   PARAMETER   10  beta_2CBO RESTORED TO VARIABLE.
                   PARAMETER    6  alpha_CBO RESTORED TO VARIABLE.
                   PARAMETER    4  phi RESTORED TO VARIABLE.
                   PARAMETER    3  A0 RESTORED TO VARIABLE.
                   PARAMETER    1  N0 RESTORED TO VARIABLE.
 **********
 **   43 **FIX           10
 **********
 **********
 **   44 **FIX           11
 **********
 **********
 **   45 **FIX           12
 **********
 PARAMETER   12  IS CONSTANT.   IGNORED.
 **********
 **   46 **FIX           13
 **********
 **********
 **   47 **FIX           14
 **********
 **********
 **   48 **FIX           15
 **********
 PARAMETER   15  IS CONSTANT.   IGNORED.
 **********
 **   49 **FIX           16
 **********
 **********
 **   50 **MIGRAD
 **********
 START MIGRAD MINIMIZATION.  STRATEGY  1.  CONVERGENCE WHEN EDM .LT. 1.00e-04
 FCN=2375.86 FROM MIGRAD    STATUS=INITIATE       22 CALLS        4242 TOTAL
                     EDM= unknown      STRATEGY= 1      NO ERROR MATRIX       
  EXT PARAMETER               CURRENT GUESS       STEP         FIRST   
  NO.   NAME      VALUE            ERROR          SIZE      DERIVATIVE 
   1  N0           3.35404e+06   2.00473e+03   2.00473e+03  -1.52822e-02
   2  tau          6.44008e+01   constant   
   3  A0           3.25583e-01   9.27369e-04   9.27369e-04  -4.88008e+04
   4  phi          4.10503e+00   1.28309e-03   1.28309e-03  -5.59347e+03
   5  R           -6.04681e+01   constant   
   6  alpha_CBO    1.02127e-02   2.31382e-04   2.31382e-04  -7.90851e+04
   7  w_CBO        2.32500e+00   constant   
   8  beta_CBO     1.01944e-03   1.39087e-04   2.30080e-06   9.49073e+00
   9  alpha_2CBO  -2.75908e-04   1.29300e-04   2.25467e-06  -3.69855e+01
  10  beta_2CBO    2.94735e-03     fixed    
  11  alpha_y      0.00000e+00     fixed    
  12  w_y          1.38860e+01   constant   
  13  beta_y       3.97251e-03     fixed    
  14  alpha_vw     0.00000e+00     fixed    
  15  w_vw         1.43404e+01   constant   
  16  beta_vw      0.00000e+00     fixed    
  17  LM          -2.11005e-04   constant   
  18  zeta_y       0.00000e+00   constant   
  19  zeta_vw      0.00000e+00   constant   
  20  T_CBO        1.80696e+01   1.81251e+00   5.41624e-06  -1.54858e+00
  21  alpha_A0    -4.48253e-01   5.52210e-02   4.03877e-05  -3.89932e-01
  22  beta_A0     -3.20662e-01   4.14924e-02   4.15350e-05   1.75444e+00
  23  alpha_phi   -2.55096e-01   3.27526e-02   3.05696e-05   1.20077e+00
  24  beta_phi     4.11298e-01   5.15461e-02   3.03666e-05   1.21845e+00
 CALL LIMIT EXCEEDED IN MIGRAD.
 MIGRAD TERMINATED WITHOUT CONVERGENCE.
 FCN=2313.69 FROM MIGRAD    STATUS=CALL LIMIT   1908 CALLS        6128 TOTAL
                     EDM=0.0350807    STRATEGY= 1  ERROR MATRIX UNCERTAINTY   6.2 per cent
  EXT PARAMETER                APPROXIMATE        STEP         FIRST   
  NO.   NAME      VALUE            ERROR          SIZE      DERIVATIVE 
   1  N0           3.34403e+06   2.17396e+03   3.31833e+02   8.95956e-04
   2  tau          6.44008e+01   constant   
   3  A0           3.30822e-01   1.09753e-03  -1.53697e-04  -3.49217e+03
   4  phi          4.10811e+00   1.13347e-03  -2.20853e-04  -2.12396e+02
   5  R           -6.04681e+01   constant   
   6  alpha_CBO    1.02881e-02   2.26955e-04   4.34008e-05   3.45555e+02
   7  w_CBO        2.32500e+00   constant   
   8  beta_CBO     2.18597e-03   2.24420e-04   1.90701e-05  -3.02870e+02
   9  alpha_2CBO  -7.44417e-04   1.46221e-04  -1.98367e-05   7.46817e+02
  10  beta_2CBO    2.94735e-03     fixed    
  11  alpha_y      0.00000e+00     fixed    
  12  w_y          1.38860e+01   constant   
  13  beta_y       3.97251e-03     fixed    
  14  alpha_vw     0.00000e+00     fixed    
  15  w_vw         1.43404e+01   constant   
  16  beta_vw      0.00000e+00     fixed    
  17  LM          -2.11005e-04   constant   
  18  zeta_y       0.00000e+00   constant   
  19  zeta_vw      0.00000e+00   constant   
  20  T_CBO        1.03255e+01   3.39591e-01  -7.85112e-04  -3.21980e+03
  21  alpha_A0    -9.42917e-01   6.27875e-02  -1.96379e-02   7.23044e+01
  22  beta_A0     -7.03678e-01   5.49883e-02  -1.70705e-02  -1.56376e+01
  23  alpha_phi   -5.57595e-01   4.21768e-02  -1.30982e-02   8.73956e+01
  24  beta_phi     8.88688e-01   6.09341e-02   1.90130e-02  -5.87889e+01
 EXTERNAL ERROR MATRIX.    NDIM=  25    NPAR= 11    ERR DEF=1
  4.726e+06 
 -2.364e+00  1.205e-06 
 -1.083e+00  5.180e-07  1.285e-06 
  3.326e-01 -1.677e-07 -2.066e-07  5.151e-08 
 -2.784e-01  1.493e-07 -7.903e-08 -2.105e-09  5.036e-08 
 -7.532e-03  6.764e-10  1.031e-07 -1.445e-08 -1.588e-08  2.138e-08 
  2.052e+02 -1.057e-04  9.273e-05 -1.378e-05 -4.503e-05  2.416e-05  1.153e-01 
 -4.045e+01  2.017e-05  3.301e-05 -7.896e-06 -3.306e-06  4.310e-06  1.775e-02  3.942e-03 
 -2.949e+01  1.440e-05  3.426e-05 -7.218e-06 -4.163e-06  4.445e-06  1.597e-02  3.413e-03  3.024e-03 
 -2.280e+01  1.118e-05  2.597e-05 -5.522e-06 -3.113e-06  3.346e-06  1.225e-02  2.622e-03  2.316e-03  1.779e-03 
  3.534e+01 -1.754e-05 -3.317e-05  7.616e-06  3.722e-06 -4.470e-06 -1.759e-02 -3.818e-03 -3.329e-03 -2.557e-03  3.713e-03 
ERR MATRIX APPROXIMATE
 PARAMETER  CORRELATION COEFFICIENTS  
       NO.  GLOBAL      1      3      4      6      8      9     20     21     22     23     24
        1  0.99603   1.000 -0.991 -0.440  0.674 -0.571 -0.024  0.278 -0.296 -0.247 -0.249  0.267
        3  0.99831  -0.991  1.000  0.416 -0.673  0.606  0.004 -0.284  0.293  0.239  0.242 -0.262
        4  0.96249  -0.440  0.416  1.000 -0.803 -0.311  0.622  0.241  0.464  0.550  0.543 -0.480
        6  0.90463   0.674 -0.673 -0.803  1.000 -0.041 -0.435 -0.179 -0.554 -0.578 -0.577  0.551
        8  0.90120  -0.571  0.606 -0.311 -0.041  1.000 -0.484 -0.591 -0.235 -0.337 -0.329  0.272
        9  0.78455  -0.024  0.004  0.622 -0.435 -0.484  1.000  0.487  0.469  0.553  0.543 -0.502
       20  0.99969   0.278 -0.284  0.241 -0.179 -0.591  0.487  1.000  0.833  0.855  0.855 -0.850
       21  0.99949  -0.296  0.293  0.464 -0.554 -0.235  0.469  0.833  1.000  0.988  0.990 -0.998
       22  0.99903  -0.247  0.239  0.550 -0.578 -0.337  0.553  0.855  0.988  1.000  0.999 -0.994
       23  0.99928  -0.249  0.242  0.543 -0.577 -0.329  0.543  0.855  0.990  0.999  1.000 -0.995
       24  0.99967   0.267 -0.262 -0.480  0.551  0.272 -0.502 -0.850 -0.998 -0.994 -0.995  1.000
 ERR MATRIX APPROXIMATE
MINUIT - FIT ONLY 1-y
 **********
 **   51 **RES 
 **********
                   PARAMETER   16  beta_vw RESTORED TO VARIABLE.
                   PARAMETER   14  alpha_vw RESTORED TO VARIABLE.
                   PARAMETER   13  beta_y RESTORED TO VARIABLE.
                   PARAMETER   11  alpha_y RESTORED TO VARIABLE.
                   PARAMETER   10  beta_2CBO RESTORED TO VARIABLE.
 **********
 **   52 **FIX            0
 **********
 PARAMETER    0  IS UNDEFINED. IGNORED.
 **********
 **   53 **FIX            1
 **********
 **********
 **   54 **FIX            2
 **********
 PARAMETER    2  IS CONSTANT.   IGNORED.
 **********
 **   55 **FIX            3
 **********
 **********
 **   56 **FIX            4
 **********
 **********
 **   57 **FIX            5
 **********
 PARAMETER    5  IS CONSTANT.   IGNORED.
 **********
 **   58 **FIX            6
 **********
 **********
 **   59 **FIX            7
 **********
 PARAMETER    7  IS CONSTANT.   IGNORED.
 **********
 **   60 **FIX            8
 **********
 **********
 **   61 **FIX            9
 **********
 **********
 **   62 **FIX           13
 **********
 **********
 **   63 **FIX           14
 **********
 **********
 **   64 **FIX           15
 **********
 PARAMETER   15  IS CONSTANT.   IGNORED.
 **********
 **   65 **FIX           16
 **********
 **********
 **   66 **MIGRAD
 **********
 START MIGRAD MINIMIZATION.  STRATEGY  1.  CONVERGENCE WHEN EDM .LT. 1.00e-04
 FCN=2313.69 FROM MIGRAD    STATUS=INITIATE       16 CALLS        6144 TOTAL
                     EDM= unknown      STRATEGY= 1      NO ERROR MATRIX       
  EXT PARAMETER               CURRENT GUESS       STEP         FIRST   
  NO.   NAME      VALUE            ERROR          SIZE      DERIVATIVE 
   1  N0           3.34403e+06     fixed    
   2  tau          6.44008e+01   constant   
   3  A0           3.30822e-01     fixed    
   4  phi          4.10811e+00     fixed    
   5  R           -6.04681e+01   constant   
   6  alpha_CBO    1.02881e-02     fixed    
   7  w_CBO        2.32500e+00   constant   
   8  beta_CBO     2.18597e-03     fixed    
   9  alpha_2CBO  -7.44417e-04     fixed    
  10  beta_2CBO    2.94735e-03   1.35239e-04   1.35239e-04   8.71678e+04
  11  alpha_y      0.00000e+00   1.00000e-03   1.00000e-03  -2.83242e+05
  12  w_y          1.38860e+01   constant   
  13  beta_y       3.97251e-03     fixed    
  14  alpha_vw     0.00000e+00     fixed    
  15  w_vw         1.43404e+01   constant   
  16  beta_vw      0.00000e+00     fixed    
  17  LM          -2.11005e-04   constant   
  18  zeta_y       0.00000e+00   constant   
  19  zeta_vw      0.00000e+00   constant   
  20  T_CBO        1.03255e+01   3.39591e-01  -7.85112e-04  -3.21980e+03
  21  alpha_A0    -9.42917e-01   6.27875e-02  -1.96379e-02   7.23044e+01
  22  beta_A0     -7.03678e-01   5.49883e-02  -1.70705e-02  -1.56376e+01
  23  alpha_phi   -5.57595e-01   4.21768e-02  -1.30982e-02   8.73956e+01
  24  beta_phi     8.88688e-01   6.09341e-02   1.90130e-02  -5.87889e+01
 MIGRAD MINIMIZATION HAS CONVERGED.
 MIGRAD WILL VERIFY CONVERGENCE AND ERROR MATRIX.
 COVARIANCE MATRIX CALCULATED SUCCESSFULLY
 FCN=2092.56 FROM MIGRAD    STATUS=CONVERGED     264 CALLS        6392 TOTAL
                     EDM=8.97921e-06    STRATEGY= 1      ERROR MATRIX ACCURATE 
  EXT PARAMETER                                   STEP         FIRST   
  NO.   NAME      VALUE            ERROR          SIZE      DERIVATIVE 
   1  N0           3.34403e+06     fixed    
   2  tau          6.44008e+01   constant   
   3  A0           3.30822e-01     fixed    
   4  phi          4.10811e+00     fixed    
   5  R           -6.04681e+01   constant   
   6  alpha_CBO    1.02881e-02     fixed    
   7  w_CBO        2.32500e+00   constant   
   8  beta_CBO     2.18597e-03     fixed    
   9  alpha_2CBO  -7.44417e-04     fixed    
  10  beta_2CBO    2.31946e-03   1.10746e-04   2.22760e-06  -6.52355e+00
  11  alpha_y      1.36679e-03   9.73323e-05   2.16445e-06   2.86998e+01
  12  w_y          1.38860e+01   constant   
  13  beta_y       3.97251e-03     fixed    
  14  alpha_vw     0.00000e+00     fixed    
  15  w_vw         1.43404e+01   constant   
  16  beta_vw      0.00000e+00     fixed    
  17  LM          -2.11005e-04   constant   
  18  zeta_y       0.00000e+00   constant   
  19  zeta_vw      0.00000e+00   constant   
  20  T_CBO        1.05383e+01   4.50547e-01   2.60133e-06  -1.63183e+01
  21  alpha_A0    -9.01179e-01   8.17552e-02   8.85469e-05  -5.75903e-02
  22  beta_A0     -6.64594e-01   6.20049e-02   9.27168e-05   5.16054e-01
  23  alpha_phi   -5.39552e-01   5.03082e-02   6.92507e-05   4.57390e-01
  24  beta_phi     8.53620e-01   7.78584e-02   6.86572e-05  -2.66565e-01
 EXTERNAL ERROR MATRIX.    NDIM=  25    NPAR=  7    ERR DEF=1
  1.226e-08 -6.161e-10  8.710e-07  1.043e-07 -1.005e-08  2.116e-07 -1.899e-07 
 -6.161e-10  9.474e-09  2.951e-06  5.325e-07  4.221e-07  3.224e-07 -5.016e-07 
  8.710e-07  2.951e-06  2.030e-01  3.679e-02  2.787e-02  2.262e-02 -3.505e-02 
  1.043e-07  5.325e-07  3.679e-02  6.684e-03  5.051e-03  4.099e-03 -6.352e-03 
 -1.005e-08  4.221e-07  2.787e-02  5.051e-03  3.845e-03  3.105e-03 -4.813e-03 
  2.116e-07  3.224e-07  2.262e-02  4.099e-03  3.105e-03  2.531e-03 -3.907e-03 
 -1.899e-07 -5.016e-07 -3.505e-02 -6.352e-03 -4.813e-03 -3.907e-03  6.062e-03 
 PARAMETER  CORRELATION COEFFICIENTS  
       NO.  GLOBAL     10     11     20     21     22     23     24
       10  0.43523   1.000 -0.057  0.017  0.012 -0.001  0.038 -0.022
       11  0.09627  -0.057  1.000  0.067  0.067  0.070  0.066 -0.066
       20  0.99965   0.017  0.067  1.000  0.999  0.998  0.998 -0.999
       21  0.99883   0.012  0.067  0.999  1.000  0.996  0.997 -0.998
       22  0.99776  -0.001  0.070  0.998  0.996  1.000  0.995 -0.997
       23  0.99811   0.038  0.066  0.998  0.997  0.995  1.000 -0.997
       24  0.99922  -0.022 -0.066 -0.999 -0.998 -0.997 -0.997  1.000
MINUIT - FIT ONLY 2-y
 **********
 **   67 **RES 
 **********
                   PARAMETER   16  beta_vw RESTORED TO VARIABLE.
                   PARAMETER   14  alpha_vw RESTORED TO VARIABLE.
                   PARAMETER   13  beta_y RESTORED TO VARIABLE.
                   PARAMETER    9  alpha_2CBO RESTORED TO VARIABLE.
                   PARAMETER    8  beta_CBO RESTORED TO VARIABLE.
                   PARAMETER    6  alpha_CBO RESTORED TO VARIABLE.
                   PARAMETER    4  phi RESTORED TO VARIABLE.
                   PARAMETER    3  A0 RESTORED TO VARIABLE.
                   PARAMETER    1  N0 RESTORED TO VARIABLE.
 **********
 **   68 **FIX            0
 **********
 PARAMETER    0  IS UNDEFINED. IGNORED.
 **********
 **   69 **FIX            1
 **********
 **********
 **   70 **FIX            2
 **********
 PARAMETER    2  IS CONSTANT.   IGNORED.
 **********
 **   71 **FIX            3
 **********
 **********
 **   72 **FIX            4
 **********
 **********
 **   73 **FIX            5
 **********
 PARAMETER    5  IS CONSTANT.   IGNORED.
 **********
 **   74 **FIX            6
 **********
 **********
 **   75 **FIX            7
 **********
 PARAMETER    7  IS CONSTANT.   IGNORED.
 **********
 **   76 **FIX            8
 **********
 **********
 **   77 **FIX            9
 **********
 **********
 **   78 **FIX           10
 **********
 **********
 **   79 **FIX           11
 **********
 **********
 **   80 **FIX           12
 **********
 PARAMETER   12  IS CONSTANT.   IGNORED.
 **********
 **   81 **FIX           16
 **********
 **********
 **   82 **MIGRAD
 **********
 START MIGRAD MINIMIZATION.  STRATEGY  1.  CONVERGENCE WHEN EDM .LT. 1.00e-04
 FCN=2092.56 FROM MIGRAD    STATUS=INITIATE       16 CALLS        6408 TOTAL
                     EDM= unknown      STRATEGY= 1      NO ERROR MATRIX       
  EXT PARAMETER               CURRENT GUESS       STEP         FIRST   
  NO.   NAME      VALUE            ERROR          SIZE      DERIVATIVE 
   1  N0           3.34403e+06     fixed    
   2  tau          6.44008e+01   constant   
   3  A0           3.30822e-01     fixed    
   4  phi          4.10811e+00     fixed    
   5  R           -6.04681e+01   constant   
   6  alpha_CBO    1.02881e-02     fixed    
   7  w_CBO        2.32500e+00   constant   
   8  beta_CBO     2.18597e-03     fixed    
   9  alpha_2CBO  -7.44417e-04     fixed    
  10  beta_2CBO    2.31946e-03     fixed    
  11  alpha_y      1.36679e-03     fixed    
  12  w_y          1.38860e+01   constant   
  13  beta_y       3.97251e-03   9.82736e-05   9.82736e-05  -5.62507e+03
  14  alpha_vw     0.00000e+00   1.00000e-03   1.00000e-03  -2.10235e+05
  15  w_vw         1.43404e+01   constant   
  16  beta_vw      0.00000e+00     fixed    
  17  LM          -2.11005e-04   constant   
  18  zeta_y       0.00000e+00   constant   
  19  zeta_vw      0.00000e+00   constant   
  20  T_CBO        1.05383e+01   4.50547e-01   2.60133e-06  -1.63159e+01
  21  alpha_A0    -9.01179e-01   8.17552e-02   8.85469e-05  -5.75563e-02
  22  beta_A0     -6.64594e-01   6.20049e-02   9.27168e-05   5.16076e-01
  23  alpha_phi   -5.39552e-01   5.03082e-02   6.92507e-05   4.57389e-01
  24  beta_phi     8.53620e-01   7.78584e-02   6.86572e-05  -2.66564e-01
 MIGRAD MINIMIZATION HAS CONVERGED.
 MIGRAD WILL VERIFY CONVERGENCE AND ERROR MATRIX.
 COVARIANCE MATRIX CALCULATED SUCCESSFULLY
 FCN=1945.01 FROM MIGRAD    STATUS=CONVERGED     352 CALLS        6744 TOTAL
                     EDM=3.34264e-07    STRATEGY= 1      ERROR MATRIX ACCURATE 
  EXT PARAMETER                                   STEP         FIRST   
  NO.   NAME      VALUE            ERROR          SIZE      DERIVATIVE 
   1  N0           3.34403e+06     fixed    
   2  tau          6.44008e+01   constant   
   3  A0           3.30822e-01     fixed    
   4  phi          4.10811e+00     fixed    
   5  R           -6.04681e+01   constant   
   6  alpha_CBO    1.02881e-02     fixed    
   7  w_CBO        2.32500e+00   constant   
   8  beta_CBO     2.18597e-03     fixed    
   9  alpha_2CBO  -7.44417e-04     fixed    
  10  beta_2CBO    2.31946e-03     fixed    
  11  alpha_y      1.36679e-03     fixed    
  12  w_y          1.38860e+01   constant   
  13  beta_y       3.17178e-03   1.19226e-04   2.09334e-06   2.57825e+00
  14  alpha_vw     1.42509e-03   1.17400e-04   2.07081e-06   4.86603e+00
  15  w_vw         1.43404e+01   constant   
  16  beta_vw      0.00000e+00     fixed    
  17  LM          -2.11005e-04   constant   
  18  zeta_y       0.00000e+00   constant   
  19  zeta_vw      0.00000e+00   constant   
  20  T_CBO        1.12124e+01   5.13298e-01   2.75627e-06  -4.04916e+00
  21  alpha_A0    -7.94765e-01   7.25537e-02   7.50890e-05   4.05663e-02
  22  beta_A0     -5.81968e-01   5.46592e-02   7.84235e-05   2.38794e-04
  23  alpha_phi   -4.72289e-01   4.43391e-02   5.87254e-05   1.29406e-01
  24  beta_phi     7.50364e-01   6.88942e-02   5.82004e-05  -1.55765e-01
 EXTERNAL ERROR MATRIX.    NDIM=  25    NPAR=  7    ERR DEF=1
  1.421e-08 -8.011e-09 -8.978e-06 -1.251e-06 -9.655e-07 -7.930e-07  1.211e-06 
 -8.011e-09  1.378e-08  7.443e-06  1.037e-06  8.013e-07  6.524e-07 -1.004e-06 
 -8.978e-06  7.443e-06  2.635e-01  3.720e-02  2.799e-02  2.272e-02 -3.534e-02 
 -1.251e-06  1.037e-06  3.720e-02  5.264e-03  3.952e-03  3.207e-03 -4.988e-03 
 -9.655e-07  8.013e-07  2.799e-02  3.952e-03  2.988e-03  2.414e-03 -3.755e-03 
 -7.930e-07  6.524e-07  2.272e-02  3.207e-03  2.414e-03  1.966e-03 -3.047e-03 
  1.211e-06 -1.004e-06 -3.534e-02 -4.988e-03 -3.755e-03 -3.047e-03  4.746e-03 
 PARAMETER  CORRELATION COEFFICIENTS  
       NO.  GLOBAL     13     14     20     21     22     23     24
       13  0.57928   1.000 -0.572 -0.147 -0.145 -0.148 -0.150  0.147
       14  0.57394  -0.572  1.000  0.124  0.122  0.125  0.125 -0.124
       20  0.99966  -0.147  0.124  1.000  0.999  0.998  0.998 -0.999
       21  0.99885  -0.145  0.122  0.999  1.000  0.997  0.997 -0.998
       22  0.99778  -0.148  0.125  0.998  0.997  1.000  0.996 -0.997
       23  0.99811  -0.150  0.125  0.998  0.997  0.996  1.000 -0.998
