 + ++++++++++++++++++++++++++++++++++++++++++++++++++++++++++++++++++++ +
 +                                                                      +
 +           You have chose to blind your fitting according to          +
 +                omega_ref * (1 + (R +/- deltaR) *10^{-6})             +
 +                                                                      +
 + ++++++++++++++++++++++++++++++++++++++++++++++++++++++++++++++++++++ +
In main()...
reading format from /gm2data/zkhechad/run45/envelope/formats/formatB_sBin_constraintOn.txt
pBinTau 	= 0  
pBinPhi 	= 0  
constraintau 	= 1 
includeMopTerm 	= 0    
constrainMop    = 0   
Parameters after format file: pBinTau 0 pBinPhi 0 constraintau 1 includeMopTerm 0 constrainMop 0 c_e_scale 0.000000 
Opening file /gm2data/tbarrett/gm2fr/studies/run23_bunch_corrections/CorrectedFourier_Run3b.root.
reading full fit data from /gm2data/zkhechad/cboTemplates/Run4CBOTemplates/templateFits0_v2.0/noRF/sBin_constraintOn_cE0.0_seed0_noRF_calo0.root
windowBins = 69
fitting sliding window 1838 from bin 1974 at 294.371600 to bin 2043 at 304.815600 (69 bins)

Reading data from /gm2data/cornell/histograms/aMethod/histogram_a_noRF.root
 **********
 **    1 **SET PRINTOUT            1
 **********
 **********
 **    2 **SET NOWARNINGS 
 **********
 PARAMETER DEFINITIONS:
    NO.   NAME         VALUE      STEP SIZE      LIMITS
     1 N0           7.53704e+07  1.00000e+02     no limits
     2 tau          6.43893e+01  constant
     3 A0           3.53537e-01  1.00000e-04     no limits
     4 phi          4.11945e+00  1.00000e-02     no limits
     5 R           -6.07681e+01  constant
     6 alpha_CBO    0.00000e+00  1.00000e-03     no limits
     7 w_CBO        2.32500e+00  constant
     8 beta_CBO     0.00000e+00  1.00000e-03     no limits
     9 alpha_2CBO   0.00000e+00  1.00000e-03     no limits
    10 beta_2CBO    0.00000e+00  1.00000e-03     no limits
    11 alpha_y      0.00000e+00  1.00000e-03     no limits
    12 w_y          1.44500e+01  constant
    13 beta_y       0.00000e+00  1.00000e-03     no limits
    14 alpha_vw     0.00000e+00  1.00000e-03     no limits
    15 w_vw         1.29000e+01  constant
    16 beta_vw      0.00000e+00  1.00000e-03     no limits
    17 LM          -5.35738e-04  constant
    18 zeta_y       0.00000e+00  constant
    19 zeta_vw      0.00000e+00  constant
    20 T_CBO        1.00000e+02  1.00000e+00    0.00000e+00  1.00000e+03
    21 alpha_A0     0.00000e+00  1.00000e-03     no limits
    22 beta_A0      0.00000e+00  1.00000e-03     no limits
    23 alpha_phi    0.00000e+00  1.00000e-03     no limits
    24 beta_phi     0.00000e+00  1.00000e-03     no limits
MINUIT - FIT ONLY WIGGLE
 **********
 **    3 **FIX            5
 **********
 PARAMETER    5  IS CONSTANT.   IGNORED.
 **********
 **    4 **FIX            6
 **********
 **********
 **    5 **FIX            7
 **********
 PARAMETER    7  IS CONSTANT.   IGNORED.
 **********
 **    6 **FIX            8
 **********
 **********
 **    7 **FIX            9
 **********
 **********
 **    8 **FIX           10
 **********
 **********
 **    9 **FIX           11
 **********
 **********
 **   10 **FIX           12
 **********
 PARAMETER   12  IS CONSTANT.   IGNORED.
 **********
 **   11 **FIX           13
 **********
 **********
 **   12 **FIX           14
 **********
 **********
 **   13 **FIX           15
 **********
 PARAMETER   15  IS CONSTANT.   IGNORED.
 **********
 **   14 **FIX           16
 **********
 **********
 **   15 **MIGRAD
 **********
 FIRST CALL TO USER FUNCTION AT NEW START POINT, WITH IFLAG=4.
 START MIGRAD MINIMIZATION.  STRATEGY  1.  CONVERGENCE WHEN EDM .LT. 1.00e-04
 FCN=79.5063 FROM MIGRAD    STATUS=INITIATE      435 CALLS         436 TOTAL
                     EDM= unknown      STRATEGY= 1      NO ERROR MATRIX       
  EXT PARAMETER               CURRENT GUESS       STEP         FIRST   
  NO.   NAME      VALUE            ERROR          SIZE      DERIVATIVE 
   1  N0           7.53704e+07   1.00000e+02   0.00000e+00   7.28384e-04
   2  tau          6.43893e+01   constant   
   3  A0           3.53537e-01   1.00000e-04   0.00000e+00   1.62247e+04
   4  phi          4.11945e+00   1.00000e-02   0.00000e+00   1.24972e+03
   5  R           -6.07681e+01   constant   
   6  alpha_CBO    0.00000e+00     fixed    
   7  w_CBO        2.32500e+00   constant   
   8  beta_CBO     0.00000e+00     fixed    
   9  alpha_2CBO   0.00000e+00     fixed    
  10  beta_2CBO    0.00000e+00     fixed    
  11  alpha_y      0.00000e+00     fixed    
  12  w_y          1.44500e+01   constant   
  13  beta_y       0.00000e+00     fixed    
  14  alpha_vw     0.00000e+00     fixed    
  15  w_vw         1.29000e+01   constant   
  16  beta_vw      0.00000e+00     fixed    
  17  LM          -5.35738e-04   constant   
  18  zeta_y       0.00000e+00   constant   
  19  zeta_vw      0.00000e+00   constant   
  20  T_CBO        1.00000e+02   1.00000e+00   0.00000e+00   0.00000e+00
  21  alpha_A0     0.00000e+00   1.00000e-03   0.00000e+00  -2.40520e+02
  22  beta_A0      0.00000e+00   1.00000e-03   0.00000e+00   8.12940e+01
  23  alpha_phi    0.00000e+00   1.00000e-03   0.00000e+00   3.97553e+01
  24  beta_phi     0.00000e+00   1.00000e-03   0.00000e+00  -2.76662e+02
 MIGRAD MINIMIZATION HAS CONVERGED.
 FCN=69.5209 FROM MIGRAD    STATUS=CONVERGED     565 CALLS         566 TOTAL
                     EDM=6.64752e-06    STRATEGY= 1  ERROR MATRIX UNCERTAINTY   1.9 per cent
  EXT PARAMETER                                   STEP         FIRST   
  NO.   NAME      VALUE            ERROR          SIZE      DERIVATIVE 
   1  N0           7.53535e+07   6.91284e+03   1.64177e+01   3.03631e-07
   2  tau          6.43893e+01   constant   
   3  A0           3.53483e-01   1.19887e-04  -1.68055e-08  -7.98400e+00
   4  phi          4.11931e+00   3.51707e-04  -8.73681e-07  -1.35315e+00
   5  R           -6.07681e+01   constant   
   6  alpha_CBO    0.00000e+00     fixed    
   7  w_CBO        2.32500e+00   constant   
   8  beta_CBO     0.00000e+00     fixed    
   9  alpha_2CBO   0.00000e+00     fixed    
  10  beta_2CBO    0.00000e+00     fixed    
  11  alpha_y      0.00000e+00     fixed    
  12  w_y          1.44500e+01   constant   
  13  beta_y       0.00000e+00     fixed    
  14  alpha_vw     0.00000e+00     fixed    
  15  w_vw         1.29000e+01   constant   
  16  beta_vw      0.00000e+00     fixed    
  17  LM          -5.35738e-04   constant   
  18  zeta_y       0.00000e+00   constant   
  19  zeta_vw      0.00000e+00   constant   
  20  T_CBO        1.00653e+02   2.55619e+01   1.30694e-04  -1.86679e-03
  21  alpha_A0     5.93230e-03   1.11688e-02  -4.13192e-05   6.73160e-02
  22  beta_A0     -8.20711e-03   1.02647e-02  -4.93278e-06  -3.30038e-01
  23  alpha_phi   -4.92346e-03   9.29920e-03  -8.90707e-06  -1.62345e-01
  24  beta_phi     1.52407e-02   1.05293e-02  -2.33042e-05   2.68635e-01
 EXTERNAL ERROR MATRIX.    NDIM=  25    NPAR=  8    ERR DEF=1
  4.779e+07 -1.385e-01  1.093e-01  1.797e+04  1.171e+01  2.100e+01  1.334e+01 -1.944e+01 
 -1.385e-01  1.437e-08 -7.578e-10  5.757e-06 -1.266e-07 -1.504e-07 -1.306e-07  1.577e-07 
  1.093e-01 -7.578e-10  1.237e-07 -9.079e-04  3.712e-07 -2.596e-07 -1.450e-07  1.957e-07 
  1.797e+04  5.757e-06 -9.079e-04  6.550e+02 -1.260e-01  8.091e-02  4.121e-02 -1.752e-01 
  1.171e+01 -1.266e-07  3.712e-07 -1.260e-01  1.247e-04 -1.169e-05  7.135e-07  2.721e-05 
  2.100e+01 -1.504e-07 -2.596e-07  8.091e-02 -1.169e-05  1.054e-04  4.110e-06 -1.278e-05 
  1.334e+01 -1.306e-07 -1.450e-07  4.121e-02  7.135e-07  4.110e-06  8.648e-05 -1.060e-05 
 -1.944e+01  1.577e-07  1.957e-07 -1.752e-01  2.721e-05 -1.278e-05 -1.060e-05  1.109e-04 
 PARAMETER  CORRELATION COEFFICIENTS  
       NO.  GLOBAL      1      3      4     20     21     22     23     24
        1  0.49822   1.000 -0.167  0.045  0.102  0.152  0.296  0.207 -0.267
        3  0.26913  -0.167  1.000 -0.018  0.002 -0.095 -0.122 -0.117  0.125
        4  0.14636   0.045 -0.018  1.000 -0.101  0.094 -0.072 -0.044  0.053
       20  0.76338   0.102  0.002 -0.101  1.000 -0.441  0.308  0.173 -0.650
       21  0.49106   0.152 -0.095  0.094 -0.441  1.000 -0.102  0.007  0.231
       22  0.47111   0.296 -0.122 -0.072  0.308 -0.102  1.000  0.043 -0.118
       23  0.30245   0.207 -0.117 -0.044  0.173  0.007  0.043  1.000 -0.108
       24  0.70835  -0.267  0.125  0.053 -0.650  0.231 -0.118 -0.108  1.000
MINUIT - FIT ONLY 1-CBO + wiggle
 **********
 **   16 **RES 
 **********
                   PARAMETER   16  beta_vw RESTORED TO VARIABLE.
                   PARAMETER   14  alpha_vw RESTORED TO VARIABLE.
                   PARAMETER   13  beta_y RESTORED TO VARIABLE.
                   PARAMETER   11  alpha_y RESTORED TO VARIABLE.
                   PARAMETER   10  beta_2CBO RESTORED TO VARIABLE.
                   PARAMETER    9  alpha_2CBO RESTORED TO VARIABLE.
                   PARAMETER    8  beta_CBO RESTORED TO VARIABLE.
                   PARAMETER    6  alpha_CBO RESTORED TO VARIABLE.
 **********
 **   17 **FIX            8
 **********
 **********
 **   18 **FIX            9
 **********
 **********
 **   19 **FIX           11
 **********
 **********
 **   20 **FIX           12
 **********
 PARAMETER   12  IS CONSTANT.   IGNORED.
 **********
 **   21 **FIX           14
 **********
 **********
 **   22 **FIX           15
 **********
 PARAMETER   15  IS CONSTANT.   IGNORED.
 **********
 **   23 **FIX           16
 **********
 **********
 **   24 **MIGRAD
 **********
 START MIGRAD MINIMIZATION.  STRATEGY  1.  CONVERGENCE WHEN EDM .LT. 1.00e-04
 FCN=69.5209 FROM MIGRAD    STATUS=INITIATE       28 CALLS         594 TOTAL
                     EDM= unknown      STRATEGY= 1      NO ERROR MATRIX       
  EXT PARAMETER               CURRENT GUESS       STEP         FIRST   
  NO.   NAME      VALUE            ERROR          SIZE      DERIVATIVE 
   1  N0           7.53535e+07   6.91284e+03   1.64177e+01   3.03631e-07
   2  tau          6.43893e+01   constant   
   3  A0           3.53483e-01   1.19887e-04  -1.68055e-08  -7.98401e+00
   4  phi          4.11931e+00   3.51707e-04  -8.73681e-07  -1.35315e+00
   5  R           -6.07681e+01   constant   
   6  alpha_CBO    0.00000e+00   1.00000e-03   1.00000e-03  -5.30593e+04
   7  w_CBO        2.32500e+00   constant   
   8  beta_CBO     0.00000e+00     fixed    
   9  alpha_2CBO   0.00000e+00     fixed    
  10  beta_2CBO    0.00000e+00   1.00000e-03   1.00000e-03  -1.00801e+04
  11  alpha_y      0.00000e+00     fixed    
  12  w_y          1.44500e+01   constant   
  13  beta_y       0.00000e+00   1.00000e-03   1.00000e-03  -1.35471e+03
  14  alpha_vw     0.00000e+00     fixed    
  15  w_vw         1.29000e+01   constant   
  16  beta_vw      0.00000e+00     fixed    
  17  LM          -5.35738e-04   constant   
  18  zeta_y       0.00000e+00   constant   
  19  zeta_vw      0.00000e+00   constant   
  20  T_CBO        1.00653e+02   2.55619e+01   1.30694e-04  -1.86667e-03
  21  alpha_A0     5.93230e-03   1.11688e-02  -4.13192e-05   6.73217e-02
  22  beta_A0     -8.20711e-03   1.02647e-02  -4.93278e-06  -3.30032e-01
  23  alpha_phi   -4.92346e-03   9.29920e-03  -8.90707e-06  -1.62345e-01
  24  beta_phi     1.52407e-02   1.05293e-02  -2.33042e-05   2.68635e-01
 MIGRAD MINIMIZATION HAS CONVERGED.
 FCN=58.4171 FROM MIGRAD    STATUS=CONVERGED    1668 CALLS        2234 TOTAL
                     EDM=4.9897e-06    STRATEGY= 1  ERROR MATRIX UNCERTAINTY   0.5 per cent
  EXT PARAMETER                                   STEP         FIRST   
  NO.   NAME      VALUE            ERROR          SIZE      DERIVATIVE 
   1  N0           7.53543e+07   6.67069e+03   6.85822e+00   9.20322e-08
   2  tau          6.43893e+01   constant   
   3  A0           3.53541e-01   1.18624e-04   7.93342e-08   8.25054e+00
   4  phi          4.11956e+00   3.57270e-04  -1.79719e-07  -4.33938e-01
   5  R           -6.07681e+01   constant   
   6  alpha_CBO    4.05881e-04   1.22767e-04   4.70912e-08  -1.61533e+00
   7  w_CBO        2.32500e+00   constant   
   8  beta_CBO     0.00000e+00     fixed    
   9  alpha_2CBO   0.00000e+00     fixed    
  10  beta_2CBO    5.39296e-05   1.22961e-04   7.84216e-09   1.81458e-01
  11  alpha_y      0.00000e+00     fixed    
  12  w_y          1.44500e+01   constant   
  13  beta_y       5.80905e-06   1.20329e-04   7.26257e-08   1.71636e+00
  14  alpha_vw     0.00000e+00     fixed    
  15  w_vw         1.29000e+01   constant   
  16  beta_vw      0.00000e+00     fixed    
  17  LM          -5.35738e-04   constant   
  18  zeta_y       0.00000e+00   constant   
  19  zeta_vw      0.00000e+00   constant   
  20  T_CBO        9.99537e+02   9.97307e+02   1.51620e-02  -2.45222e-04
  21  alpha_A0     6.24850e-04   7.75486e-04   3.03755e-07  -9.68383e-01
  22  beta_A0     -5.92646e-04   7.59312e-04  -1.33186e-06  -3.83107e-02
  23  alpha_phi   -6.12451e-04   6.98290e-04  -6.66318e-07  -1.28461e+00
  24  beta_phi     1.00959e-03   6.52366e-04   2.18264e-06   3.59758e-01
 EXTERNAL ERROR MATRIX.    NDIM=  25    NPAR= 11    ERR DEF=1
  4.450e+07 
 -5.941e-02  1.407e-08 
  5.025e-02  3.315e-09  1.276e-07 
  3.161e-02  2.096e-09  7.645e-09  1.507e-08 
 -5.382e-02 -1.090e-10 -4.785e-10 -1.053e-09  1.512e-08 
 -1.116e-02 -7.896e-11 -7.853e-10 -2.386e-10 -4.591e-11  1.448e-08 
  1.946e+05  4.626e-03 -5.649e-03  1.241e-03  7.491e-05  2.357e-03  1.156e+05 
  1.127e+00 -4.427e-09  2.077e-08  5.492e-09  9.627e-09  1.989e-09 -6.497e-02  6.014e-07 
  1.041e+00 -1.189e-08 -2.778e-08 -2.711e-09  1.125e-08  4.877e-10  1.777e-02  9.738e-08  5.766e-07 
  1.073e+00 -7.811e-09 -1.359e-08 -7.465e-09 -7.036e-09  2.322e-09  3.468e-02  3.962e-08  3.191e-08  4.876e-07 
 -7.131e-01  8.771e-10 -2.015e-08 -3.641e-09  1.088e-08 -4.430e-10 -4.133e-02  4.123e-08 -6.637e-09 -6.563e-08  4.256e-07 
 PARAMETER  CORRELATION COEFFICIENTS  
       NO.  GLOBAL      1      3      4      6     10     13     20     21     22     23     24
        1  0.39520   1.000 -0.075  0.021  0.039 -0.066 -0.014  0.086  0.218  0.206  0.230 -0.164
        3  0.25521  -0.075  1.000  0.078  0.144 -0.007 -0.006  0.115 -0.048 -0.132 -0.094  0.011
        4  0.24758   0.021  0.078  1.000  0.174 -0.011 -0.018 -0.047  0.075 -0.102 -0.054 -0.086
        6  0.25827   0.039  0.144  0.174  1.000 -0.070 -0.016  0.030  0.058 -0.029 -0.087 -0.045
       10  0.24156  -0.066 -0.007 -0.011 -0.070  1.000 -0.003  0.002  0.101  0.120 -0.082  0.136
       13  0.08153  -0.014 -0.006 -0.018 -0.016 -0.003  1.000  0.058  0.021  0.005  0.028 -0.006
       20  0.38840   0.086  0.115 -0.047  0.030  0.002  0.058  1.000 -0.246  0.069  0.146 -0.186
       21  0.40981   0.218 -0.048  0.075  0.058  0.101  0.021 -0.246  1.000  0.165  0.073  0.082
       22  0.32317   0.206 -0.132 -0.102 -0.029  0.120  0.005  0.069  0.165  1.000  0.060 -0.013
       23  0.32604   0.230 -0.094 -0.054 -0.087 -0.082  0.028  0.146  0.073  0.060  1.000 -0.144
       24  0.30737  -0.164  0.011 -0.086 -0.045  0.136 -0.006 -0.186  0.082 -0.013 -0.144  1.000
MINUIT - FIT ONLY 2-CBO
 **********
 **   25 **RES 
 **********
                   PARAMETER   16  beta_vw RESTORED TO VARIABLE.
                   PARAMETER   14  alpha_vw RESTORED TO VARIABLE.
                   PARAMETER   11  alpha_y RESTORED TO VARIABLE.
                   PARAMETER    9  alpha_2CBO RESTORED TO VARIABLE.
                   PARAMETER    8  beta_CBO RESTORED TO VARIABLE.
 **********
 **   26 **FIX            0
 **********
 PARAMETER    0  IS UNDEFINED. IGNORED.
 **********
 **   27 **FIX            1
 **********
 **********
 **   28 **FIX            2
 **********
 PARAMETER    2  IS CONSTANT.   IGNORED.
 **********
 **   29 **FIX            3
 **********
 **********
 **   30 **FIX            4
 **********
 **********
 **   31 **FIX            5
 **********
 PARAMETER    5  IS CONSTANT.   IGNORED.
 **********
 **   32 **FIX            6
 **********
 **********
 **   33 **FIX            7
 **********
 PARAMETER    7  IS CONSTANT.   IGNORED.
 **********
 **   34 **FIX           10
 **********
 **********
 **   35 **FIX           11
 **********
 **********
 **   36 **FIX           12
 **********
 PARAMETER   12  IS CONSTANT.   IGNORED.
 **********
 **   37 **FIX           13
 **********
 **********
 **   38 **FIX           14
 **********
 **********
 **   39 **FIX           15
 **********
 PARAMETER   15  IS CONSTANT.   IGNORED.
 **********
 **   40 **FIX           16
 **********
 **********
 **   41 **MIGRAD
 **********
 START MIGRAD MINIMIZATION.  STRATEGY  1.  CONVERGENCE WHEN EDM .LT. 1.00e-04
 FCN=58.4171 FROM MIGRAD    STATUS=INITIATE       18 CALLS        2252 TOTAL
                     EDM= unknown      STRATEGY= 1      NO ERROR MATRIX       
  EXT PARAMETER               CURRENT GUESS       STEP         FIRST   
  NO.   NAME      VALUE            ERROR          SIZE      DERIVATIVE 
   1  N0           7.53543e+07     fixed    
   2  tau          6.43893e+01   constant   
   3  A0           3.53541e-01     fixed    
   4  phi          4.11956e+00     fixed    
   5  R           -6.07681e+01   constant   
   6  alpha_CBO    4.05881e-04     fixed    
   7  w_CBO        2.32500e+00   constant   
   8  beta_CBO     0.00000e+00   1.00000e-03   1.00000e-03   4.14675e+04
   9  alpha_2CBO   0.00000e+00   1.00000e-03   1.00000e-03  -2.13275e+04
  10  beta_2CBO    5.39296e-05     fixed    
  11  alpha_y      0.00000e+00     fixed    
  12  w_y          1.44500e+01   constant   
  13  beta_y       5.80905e-06     fixed    
  14  alpha_vw     0.00000e+00     fixed    
  15  w_vw         1.29000e+01   constant   
  16  beta_vw      0.00000e+00     fixed    
  17  LM          -5.35738e-04   constant   
  18  zeta_y       0.00000e+00   constant   
  19  zeta_vw      0.00000e+00   constant   
  20  T_CBO        9.99537e+02   9.97307e+02   1.51620e-02  -2.53167e-04
  21  alpha_A0     6.24850e-04   7.75486e-04   3.03755e-07  -9.68437e-01
  22  beta_A0     -5.92646e-04   7.59312e-04  -1.33186e-06  -3.83062e-02
  23  alpha_phi   -6.12451e-04   6.98290e-04  -6.66318e-07  -1.28461e+00
  24  beta_phi     1.00959e-03   6.52366e-04   2.18264e-06   3.59757e-01
 MIGRAD MINIMIZATION HAS CONVERGED.
 MIGRAD WILL VERIFY CONVERGENCE AND ERROR MATRIX.
 COVARIANCE MATRIX CALCULATED SUCCESSFULLY
 FCN=50.5774 FROM MIGRAD    STATUS=CONVERGED     136 CALLS        2370 TOTAL
                     EDM=4.7109e-06    STRATEGY= 1      ERROR MATRIX ACCURATE 
  EXT PARAMETER                                   STEP         FIRST   
  NO.   NAME      VALUE            ERROR          SIZE      DERIVATIVE 
   1  N0           7.53543e+07     fixed    
   2  tau          6.43893e+01   constant   
   3  A0           3.53541e-01     fixed    
   4  phi          4.11956e+00     fixed    
   5  R           -6.07681e+01   constant   
   6  alpha_CBO    4.05881e-04     fixed    
   7  w_CBO        2.32500e+00   constant   
   8  beta_CBO    -3.03056e-04   1.22509e-04   4.27474e-07   3.09405e+00
   9  alpha_2CBO   1.45912e-04   1.23121e-04   4.21023e-07   7.96010e-01
  10  beta_2CBO    5.39296e-05     fixed    
  11  alpha_y      0.00000e+00     fixed    
  12  w_y          1.44500e+01   constant   
  13  beta_y       5.80905e-06     fixed    
  14  alpha_vw     0.00000e+00     fixed    
  15  w_vw         1.29000e+01   constant   
  16  beta_vw      0.00000e+00     fixed    
  17  LM          -5.35738e-04   constant   
  18  zeta_y       0.00000e+00   constant   
  19  zeta_vw      0.00000e+00   constant   
  20  T_CBO        9.99983e+02   6.35520e+02   5.50652e-02   4.24947e-05
  21  alpha_A0     7.45929e-04   6.67659e-04   2.29524e-06   1.33123e+00
  22  beta_A0     -7.06841e-04   6.94691e-04   2.40407e-06  -1.32835e+00
  23  alpha_phi   -5.17959e-04   6.32210e-04   2.18821e-06  -2.49839e+00
  24  beta_phi     1.20255e-03   6.37930e-04   2.16970e-06   2.59678e+00
 EXTERNAL ERROR MATRIX.    NDIM=  25    NPAR=  7    ERR DEF=1
  1.501e-08  7.606e-10  7.682e-07  4.246e-11  4.025e-10 -1.093e-09 -5.893e-09 
  7.606e-10  1.516e-08  7.911e-07  1.140e-08 -9.893e-09  6.753e-09  6.599e-09 
  7.682e-07  7.911e-07  6.780e+03  6.509e-03 -6.212e-03 -4.509e-03  1.060e-02 
  4.246e-11  1.140e-08  6.509e-03  4.458e-07 -5.611e-09  3.334e-08  1.680e-08 
  4.025e-10 -9.893e-09 -6.212e-03 -5.611e-09  4.826e-07  5.656e-09 -2.913e-08 
 -1.093e-09  6.753e-09 -4.509e-03  3.334e-08  5.656e-09  3.997e-07 -3.085e-08 
 -5.893e-09  6.599e-09  1.060e-02  1.680e-08 -2.913e-08 -3.085e-08  4.070e-07 
 PARAMETER  CORRELATION COEFFICIENTS  
       NO.  GLOBAL      8      9     20     21     22     23     24
        8  0.09941   1.000  0.050  0.000  0.001  0.005 -0.014 -0.075
        9  0.22153   0.050  1.000  0.000  0.139 -0.116  0.087  0.084
       20  0.26429   0.000  0.000  1.000  0.118 -0.109 -0.087  0.202
       21  0.19917   0.001  0.139  0.118  1.000 -0.012  0.079  0.039
       22  0.16386   0.005 -0.116 -0.109 -0.012  1.000  0.013 -0.066
       23  0.16285  -0.014  0.087 -0.087  0.079  0.013  1.000 -0.076
       24  0.24494  -0.075  0.084  0.202  0.039 -0.066 -0.076  1.000
MINUIT - FIT wiggle + 1-CBO + 2-CBO
 **********
 **   42 **RES 
 **********
                   PARAMETER   16  beta_vw RESTORED TO VARIABLE.
                   PARAMETER   14  alpha_vw RESTORED TO VARIABLE.
                   PARAMETER   13  beta_y RESTORED TO VARIABLE.
                   PARAMETER   11  alpha_y RESTORED TO VARIABLE.
                   PARAMETER   10  beta_2CBO RESTORED TO VARIABLE.
                   PARAMETER    6  alpha_CBO RESTORED TO VARIABLE.
                   PARAMETER    4  phi RESTORED TO VARIABLE.
                   PARAMETER    3  A0 RESTORED TO VARIABLE.
                   PARAMETER    1  N0 RESTORED TO VARIABLE.
 **********
 **   43 **FIX           10
 **********
 **********
 **   44 **FIX           11
 **********
 **********
 **   45 **FIX           12
 **********
 PARAMETER   12  IS CONSTANT.   IGNORED.
 **********
 **   46 **FIX           13
 **********
 **********
 **   47 **FIX           14
 **********
 **********
 **   48 **FIX           15
 **********
 PARAMETER   15  IS CONSTANT.   IGNORED.
 **********
 **   49 **FIX           16
 **********
 **********
 **   50 **MIGRAD
 **********
 START MIGRAD MINIMIZATION.  STRATEGY  1.  CONVERGENCE WHEN EDM .LT. 1.00e-04
 FCN=50.5774 FROM MIGRAD    STATUS=INITIATE       24 CALLS        2394 TOTAL
                     EDM= unknown      STRATEGY= 1      NO ERROR MATRIX       
  EXT PARAMETER               CURRENT GUESS       STEP         FIRST   
  NO.   NAME      VALUE            ERROR          SIZE      DERIVATIVE 
   1  N0           7.53543e+07   6.67069e+03   6.67069e+03  -4.98366e-05
   2  tau          6.43893e+01   constant   
   3  A0           3.53541e-01   1.18624e-04   1.18624e-04  -5.41355e+03
   4  phi          4.11956e+00   3.57270e-04   3.57270e-04   2.15137e+03
   5  R           -6.07681e+01   constant   
   6  alpha_CBO    4.05881e-04   1.22767e-04   1.22767e-04  -1.52636e+03
   7  w_CBO        2.32500e+00   constant   
   8  beta_CBO    -3.03056e-04   1.22509e-04   4.27474e-07   3.09404e+00
   9  alpha_2CBO   1.45912e-04   1.23121e-04   4.21023e-07   7.95998e-01
  10  beta_2CBO    5.39296e-05     fixed    
  11  alpha_y      0.00000e+00     fixed    
  12  w_y          1.44500e+01   constant   
  13  beta_y       5.80905e-06     fixed    
  14  alpha_vw     0.00000e+00     fixed    
  15  w_vw         1.29000e+01   constant   
  16  beta_vw      0.00000e+00     fixed    
  17  LM          -5.35738e-04   constant   
  18  zeta_y       0.00000e+00   constant   
  19  zeta_vw      0.00000e+00   constant   
  20  T_CBO        9.99983e+02   6.35520e+02   5.50652e-02  -4.83471e-05
  21  alpha_A0     7.45929e-04   6.67659e-04   2.29524e-06   1.33117e+00
  22  beta_A0     -7.06841e-04   6.94691e-04   2.40407e-06  -1.32830e+00
  23  alpha_phi   -5.17959e-04   6.32210e-04   2.18821e-06  -2.49839e+00
  24  beta_phi     1.20255e-03   6.37930e-04   2.16970e-06   2.59678e+00
 MIGRAD MINIMIZATION HAS CONVERGED.
 MIGRAD WILL VERIFY CONVERGENCE AND ERROR MATRIX.
 COVARIANCE MATRIX CALCULATED SUCCESSFULLY
 FCN=50.3062 FROM MIGRAD    STATUS=CONVERGED     224 CALLS        2594 TOTAL
                     EDM=1.91057e-06    STRATEGY= 1      ERROR MATRIX ACCURATE 
  EXT PARAMETER                                   STEP         FIRST   
  NO.   NAME      VALUE            ERROR          SIZE      DERIVATIVE 
   1  N0           7.53551e+07   6.90160e+03   3.59321e+01   1.75002e-08
   2  tau          6.43893e+01   constant   
   3  A0           3.53578e-01   1.21040e-04   4.02530e-07  -5.29299e+00
   4  phi          4.11942e+00   3.69599e-04   1.96429e-06  -1.59841e+00
   5  R           -6.07681e+01   constant   
   6  alpha_CBO    4.14924e-04   1.24021e-04   4.16993e-07  -3.70141e+00
   7  w_CBO        2.32500e+00   constant   
   8  beta_CBO    -3.18153e-04   1.25909e-04   4.26343e-07   2.38860e+00
   9  alpha_2CBO   1.41945e-04   1.23421e-04   4.19908e-07  -3.33174e+00
  10  beta_2CBO    5.39296e-05     fixed    
  11  alpha_y      0.00000e+00     fixed    
  12  w_y          1.44500e+01   constant   
  13  beta_y       5.80905e-06     fixed    
  14  alpha_vw     0.00000e+00     fixed    
  15  w_vw         1.29000e+01   constant   
  16  beta_vw      0.00000e+00     fixed    
  17  LM          -5.35738e-04   constant   
  18  zeta_y       0.00000e+00   constant   
  19  zeta_vw      0.00000e+00   constant   
  20  T_CBO        1.00000e+03   5.74206e+02   8.11009e-02** at limit **
  21  alpha_A0     7.32594e-04   6.87718e-04   2.28826e-06  -5.68356e-02
  22  beta_A0     -6.91268e-04   7.18537e-04   2.39669e-06   1.78444e+00
  23  alpha_phi   -5.34244e-04   6.54815e-04   2.18134e-06   1.16470e-01
  24  beta_phi     1.23278e-03   6.55406e-04   2.16292e-06  -8.42802e-02
 EXTERNAL ERROR MATRIX.    NDIM=  25    NPAR= 11    ERR DEF=1
  4.763e+07 
 -1.169e-01  1.465e-08 
  1.017e-01  1.293e-09  1.366e-07 
  3.276e-02  2.287e-09  8.966e-09  1.538e-08 
 -4.966e-02 -1.881e-09  7.895e-09 -3.598e-10  1.585e-08 
 -2.303e-02 -1.731e-10  2.773e-09  1.522e-10  9.875e-10  1.523e-08 
 -9.087e+00 -6.990e-08 -2.753e-06 -3.597e-07 -8.002e-08 -2.013e-08  2.442e+01 
  9.736e-01 -4.832e-09  2.684e-08  6.078e-09  7.258e-10  1.150e-08  4.219e-04  4.730e-07 
  9.890e-01 -1.273e-08 -2.485e-08 -3.048e-09 -7.334e-10 -1.074e-08 -4.014e-04  1.051e-08  5.163e-07 
  8.242e-01 -1.411e-08 -6.979e-09 -8.959e-09 -4.632e-10  6.379e-09 -3.082e-04  4.785e-08  3.398e-08  4.288e-07 
 -7.019e-01  7.052e-09 -2.896e-08 -2.360e-09 -7.563e-09  6.264e-09  7.190e-04 -1.647e-09 -4.424e-08 -4.748e-08  4.296e-07 
 PARAMETER  CORRELATION COEFFICIENTS  
       NO.  GLOBAL      1      3      4      6      8      9     20     21     22     23     24
        1  0.36586   1.000 -0.140  0.040  0.038 -0.057 -0.027 -0.000  0.205  0.199  0.182 -0.155
        3  0.30964  -0.140  1.000  0.029  0.152 -0.123 -0.012 -0.000 -0.058 -0.146 -0.178  0.089
        4  0.31487   0.040  0.029  1.000  0.196  0.170  0.061 -0.002  0.106 -0.094 -0.029 -0.120
        6  0.27537   0.038  0.152  0.196  1.000 -0.023  0.010 -0.001  0.071 -0.034 -0.110 -0.029
        8  0.25034  -0.057 -0.123  0.170 -0.023  1.000  0.064 -0.000  0.008 -0.008 -0.006 -0.092
        9  0.23178  -0.027 -0.012  0.061  0.010  0.064  1.000 -0.000  0.135 -0.121  0.079  0.077
       20  0.29167  -0.000 -0.000 -0.002 -0.001 -0.000 -0.000  1.000  0.124 -0.113 -0.095  0.222
       21  0.30815   0.205 -0.058  0.106  0.071  0.008  0.135  0.124  1.000  0.021  0.106 -0.004
       22  0.30081   0.199 -0.146 -0.094 -0.034 -0.008 -0.121 -0.113  0.021  1.000  0.072 -0.094
       23  0.30464   0.182 -0.178 -0.029 -0.110 -0.006  0.079 -0.095  0.106  0.072  1.000 -0.111
       24  0.33117  -0.155  0.089 -0.120 -0.029 -0.092  0.077  0.222 -0.004 -0.094 -0.111  1.000
MINUIT - FIT ONLY 1-y
 **********
 **   51 **RES 
 **********
                   PARAMETER   16  beta_vw RESTORED TO VARIABLE.
                   PARAMETER   14  alpha_vw RESTORED TO VARIABLE.
                   PARAMETER   13  beta_y RESTORED TO VARIABLE.
                   PARAMETER   11  alpha_y RESTORED TO VARIABLE.
                   PARAMETER   10  beta_2CBO RESTORED TO VARIABLE.
 **********
 **   52 **FIX            0
 **********
 PARAMETER    0  IS UNDEFINED. IGNORED.
 **********
 **   53 **FIX            1
 **********
 **********
 **   54 **FIX            2
 **********
 PARAMETER    2  IS CONSTANT.   IGNORED.
 **********
 **   55 **FIX            3
 **********
 **********
 **   56 **FIX            4
 **********
 **********
 **   57 **FIX            5
 **********
 PARAMETER    5  IS CONSTANT.   IGNORED.
 **********
 **   58 **FIX            6
 **********
 **********
 **   59 **FIX            7
 **********
 PARAMETER    7  IS CONSTANT.   IGNORED.
 **********
 **   60 **FIX            8
 **********
 **********
 **   61 **FIX            9
 **********
 **********
 **   62 **FIX           13
 **********
 **********
 **   63 **FIX           14
 **********
 **********
 **   64 **FIX           15
 **********
 PARAMETER   15  IS CONSTANT.   IGNORED.
 **********
 **   65 **FIX           16
 **********
 **********
 **   66 **MIGRAD
 **********
 START MIGRAD MINIMIZATION.  STRATEGY  1.  CONVERGENCE WHEN EDM .LT. 1.00e-04
 FCN=50.3062 FROM MIGRAD    STATUS=INITIATE       16 CALLS        2610 TOTAL
                     EDM= unknown      STRATEGY= 1      NO ERROR MATRIX       
  EXT PARAMETER               CURRENT GUESS       STEP         FIRST   
  NO.   NAME      VALUE            ERROR          SIZE      DERIVATIVE 
   1  N0           7.53551e+07     fixed    
   2  tau          6.43893e+01   constant   
   3  A0           3.53578e-01     fixed    
   4  phi          4.11942e+00     fixed    
   5  R           -6.07681e+01   constant   
   6  alpha_CBO    4.14924e-04     fixed    
   7  w_CBO        2.32500e+00   constant   
   8  beta_CBO    -3.18153e-04     fixed    
   9  alpha_2CBO   1.41945e-04     fixed    
  10  beta_2CBO    5.39296e-05   1.22961e-04   1.22961e-04   2.43657e+03
  11  alpha_y      0.00000e+00   1.00000e-03   1.00000e-03   2.39338e+04
  12  w_y          1.44500e+01   constant   
  13  beta_y       5.80905e-06     fixed    
  14  alpha_vw     0.00000e+00     fixed    
  15  w_vw         1.29000e+01   constant   
  16  beta_vw      0.00000e+00     fixed    
  17  LM          -5.35738e-04   constant   
  18  zeta_y       0.00000e+00   constant   
  19  zeta_vw      0.00000e+00   constant   
  20  T_CBO        1.00000e+03   5.74206e+02   8.11009e-02** at limit **
  21  alpha_A0     7.32594e-04   6.87718e-04   2.28826e-06  -5.66546e-02
  22  beta_A0     -6.91268e-04   7.18537e-04   2.39669e-06   1.78432e+00
  23  alpha_phi   -5.34244e-04   6.54815e-04   2.18134e-06   1.16472e-01
  24  beta_phi     1.23278e-03   6.55406e-04   2.16292e-06  -8.42848e-02
 MIGRAD MINIMIZATION HAS CONVERGED.
 MIGRAD WILL VERIFY CONVERGENCE AND ERROR MATRIX.
 COVARIANCE MATRIX CALCULATED SUCCESSFULLY
 FCN=48.2196 FROM MIGRAD    STATUS=CONVERGED     114 CALLS        2708 TOTAL
                     EDM=3.30588e-07    STRATEGY= 1      ERROR MATRIX ACCURATE 
  EXT PARAMETER                                   STEP         FIRST   
  NO.   NAME      VALUE            ERROR          SIZE      DERIVATIVE 
   1  N0           7.53551e+07     fixed    
   2  tau          6.43893e+01   constant   
   3  A0           3.53578e-01     fixed    
   4  phi          4.11942e+00     fixed    
   5  R           -6.07681e+01   constant   
   6  alpha_CBO    4.14924e-04     fixed    
   7  w_CBO        2.32500e+00   constant   
   8  beta_CBO    -3.18153e-04     fixed    
   9  alpha_2CBO   1.41945e-04     fixed    
  10  beta_2CBO    3.51765e-05   1.24144e-04   4.14596e-07  -1.08377e+00
  11  alpha_y     -1.72462e-04   1.20049e-04   4.11154e-07  -2.12820e-01
  12  w_y          1.44500e+01   constant   
  13  beta_y       5.80905e-06     fixed    
  14  alpha_vw     0.00000e+00     fixed    
  15  w_vw         1.29000e+01   constant   
  16  beta_vw      0.00000e+00     fixed    
  17  LM          -5.35738e-04   constant   
  18  zeta_y       0.00000e+00   constant   
  19  zeta_vw      0.00000e+00   constant   
  20  T_CBO        1.00000e+03   6.61289e+02   6.99345e-02** at limit **
  21  alpha_A0     7.21305e-04   6.65307e-04   2.24122e-06   2.42257e-01
  22  beta_A0     -6.87248e-04   6.95095e-04   2.34743e-06   9.84572e-01
  23  alpha_phi   -5.27904e-04   6.32097e-04   2.13653e-06  -6.86190e-01
  24  beta_phi     1.23098e-03   6.37754e-04   2.11848e-06   1.33403e-01
 EXTERNAL ERROR MATRIX.    NDIM=  25    NPAR=  7    ERR DEF=1
  1.541e-08 -2.460e-12 -9.586e-11  9.692e-09  1.073e-08 -6.880e-09  8.896e-09 
 -2.460e-12  1.441e-08  1.426e-11 -4.147e-11 -1.447e-09  1.562e-10 -7.488e-10 
 -9.586e-11  1.426e-11  6.369e-05  5.989e-07 -5.756e-07 -4.388e-07  1.033e-06 
  9.692e-09 -4.147e-11  5.989e-07  4.426e-07  9.170e-09  2.414e-08  1.674e-08 
  1.073e-08 -1.447e-09 -5.756e-07  9.170e-09  4.832e-07  5.172e-09 -1.777e-08 
 -6.880e-09  1.562e-10 -4.388e-07  2.414e-08  5.172e-09  3.995e-07 -3.841e-08 
  8.896e-09 -7.488e-10  1.033e-06  1.674e-08 -1.777e-08 -3.841e-08  4.067e-07 
 PARAMETER  CORRELATION COEFFICIENTS  
       NO.  GLOBAL     10     11     20     21     22     23     24
       10  0.22265   1.000 -0.000 -0.000  0.117  0.124 -0.088  0.112
       11  0.02059  -0.000  1.000  0.000 -0.001 -0.017  0.002 -0.010
       20  0.26094  -0.000  0.000  1.000  0.113 -0.104 -0.087  0.203
       21  0.18150   0.117 -0.001  0.113  1.000  0.020  0.057  0.039
       22  0.16760   0.124 -0.017 -0.104  0.020  1.000  0.012 -0.040
       23  0.16255  -0.088  0.002 -0.087  0.057  0.012  1.000 -0.095
       24  0.24435   0.112 -0.010  0.203  0.039 -0.040 -0.095  1.000
MINUIT - FIT ONLY 2-y
 **********
 **   67 **RES 
 **********
                   PARAMETER   16  beta_vw RESTORED TO VARIABLE.
                   PARAMETER   14  alpha_vw RESTORED TO VARIABLE.
                   PARAMETER   13  beta_y RESTORED TO VARIABLE.
                   PARAMETER    9  alpha_2CBO RESTORED TO VARIABLE.
                   PARAMETER    8  beta_CBO RESTORED TO VARIABLE.
                   PARAMETER    6  alpha_CBO RESTORED TO VARIABLE.
                   PARAMETER    4  phi RESTORED TO VARIABLE.
                   PARAMETER    3  A0 RESTORED TO VARIABLE.
                   PARAMETER    1  N0 RESTORED TO VARIABLE.
 **********
 **   68 **FIX            0
 **********
 PARAMETER    0  IS UNDEFINED. IGNORED.
 **********
 **   69 **FIX            1
 **********
 **********
 **   70 **FIX            2
 **********
 PARAMETER    2  IS CONSTANT.   IGNORED.
 **********
 **   71 **FIX            3
 **********
 **********
 **   72 **FIX            4
 **********
 **********
 **   73 **FIX            5
 **********
 PARAMETER    5  IS CONSTANT.   IGNORED.
 **********
 **   74 **FIX            6
 **********
 **********
 **   75 **FIX            7
 **********
 PARAMETER    7  IS CONSTANT.   IGNORED.
 **********
 **   76 **FIX            8
 **********
 **********
 **   77 **FIX            9
 **********
 **********
 **   78 **FIX           10
 **********
 **********
 **   79 **FIX           11
 **********
 **********
 **   80 **FIX           12
 **********
 PARAMETER   12  IS CONSTANT.   IGNORED.
 **********
 **   81 **FIX           16
 **********
 **********
 **   82 **MIGRAD
 **********
 START MIGRAD MINIMIZATION.  STRATEGY  1.  CONVERGENCE WHEN EDM .LT. 1.00e-04
 FCN=48.2196 FROM MIGRAD    STATUS=INITIATE       16 CALLS        2724 TOTAL
                     EDM= unknown      STRATEGY= 1      NO ERROR MATRIX       
  EXT PARAMETER               CURRENT GUESS       STEP         FIRST   
  NO.   NAME      VALUE            ERROR          SIZE      DERIVATIVE 
   1  N0           7.53551e+07     fixed    
   2  tau          6.43893e+01   constant   
   3  A0           3.53578e-01     fixed    
   4  phi          4.11942e+00     fixed    
   5  R           -6.07681e+01   constant   
   6  alpha_CBO    4.14924e-04     fixed    
   7  w_CBO        2.32500e+00   constant   
   8  beta_CBO    -3.18153e-04     fixed    
   9  alpha_2CBO   1.41945e-04     fixed    
  10  beta_2CBO    3.51765e-05     fixed    
  11  alpha_y     -1.72462e-04     fixed    
  12  w_y          1.44500e+01   constant   
  13  beta_y       5.80905e-06   1.20329e-04   1.20329e-04   5.42995e+02
  14  alpha_vw     0.00000e+00   1.00000e-03   1.00000e-03  -5.88304e+03
  15  w_vw         1.29000e+01   constant   
  16  beta_vw      0.00000e+00     fixed    
  17  LM          -5.35738e-04   constant   
  18  zeta_y       0.00000e+00   constant   
  19  zeta_vw      0.00000e+00   constant   
  20  T_CBO        9.99999e+02   6.61289e+02   6.99345e-02  -1.09952e-05
  21  alpha_A0     7.21305e-04   6.65307e-04   2.24122e-06   2.41206e-01
  22  beta_A0     -6.87248e-04   6.95095e-04   2.34743e-06   9.85139e-01
  23  alpha_phi   -5.27904e-04   6.32097e-04   2.13653e-06  -6.85474e-01
  24  beta_phi     1.23098e-03   6.37754e-04   2.11848e-06   1.31663e-01
 MIGRAD MINIMIZATION HAS CONVERGED.
 MIGRAD WILL VERIFY CONVERGENCE AND ERROR MATRIX.
 COVARIANCE MATRIX CALCULATED SUCCESSFULLY
 FCN=48.0946 FROM MIGRAD    STATUS=CONVERGED      99 CALLS        2807 TOTAL
                     EDM=6.05828e-06    STRATEGY= 1      ERROR MATRIX ACCURATE 
  EXT PARAMETER                                   STEP         FIRST   
  NO.   NAME      VALUE            ERROR          SIZE      DERIVATIVE 
   1  N0           7.53551e+07     fixed    
   2  tau          6.43893e+01   constant   
   3  A0           3.53578e-01     fixed    
   4  phi          4.11942e+00     fixed    
   5  R           -6.07681e+01   constant   
   6  alpha_CBO    4.14924e-04     fixed    
   7  w_CBO        2.32500e+00   constant   
   8  beta_CBO    -3.18153e-04     fixed    
   9  alpha_2CBO   1.41945e-04     fixed    
  10  beta_2CBO    3.51765e-05     fixed    
  11  alpha_y     -1.72462e-04     fixed    
  12  w_y          1.44500e+01   constant   
  13  beta_y       8.09478e-06   1.22434e-04   4.14223e-07  -2.80413e+00
  14  alpha_vw     4.26123e-05   1.21296e-04   4.10464e-07  -1.01517e+01
  15  w_vw         1.29000e+01   constant   
  16  beta_vw      0.00000e+00     fixed    
  17  LM          -5.35738e-04   constant   
  18  zeta_y       0.00000e+00   constant   
  19  zeta_vw      0.00000e+00   constant   
  20  T_CBO        1.00000e+03   5.18167e+02   1.16609e-01** at limit **
  21  alpha_A0     7.17385e-04   6.66608e-04   2.23837e-06  -4.39739e+00
  22  beta_A0     -6.85455e-04   6.94712e-04   2.34444e-06   8.23587e-01
  23  alpha_phi   -5.27038e-04   6.32913e-04   2.13381e-06   1.64762e+00
  24  beta_phi     1.23037e-03   6.51499e-04   2.11579e-06  -8.53943e-01
 EXTERNAL ERROR MATRIX.    NDIM=  25    NPAR=  7    ERR DEF=1
  1.499e-08  2.173e-09  4.203e-09  1.804e-09 -2.521e-10 -7.615e-11  7.435e-10 
  2.173e-09  1.471e-08 -7.999e-09 -8.397e-10  6.028e-10  1.539e-10 -6.369e-11 
  4.203e-09 -7.999e-09  1.127e+00  1.217e-04 -1.175e-04 -8.960e-05  2.112e-04 
  1.804e-09 -8.397e-10  1.217e-04  4.444e-07 -4.948e-09  2.289e-08  2.436e-08 
 -2.521e-10  6.028e-10 -1.175e-04 -4.948e-09  4.826e-07  1.536e-08 -3.675e-08 
 -7.615e-11  1.539e-10 -8.960e-05  2.289e-08  1.536e-08  4.006e-07 -4.412e-08 
  7.435e-10 -6.369e-11  2.112e-04  2.436e-08 -3.675e-08 -4.412e-08  4.245e-07 
 PARAMETER  CORRELATION COEFFICIENTS  
       NO.  GLOBAL     13     14     20     21     22     23     24
       13  0.14868   1.000  0.146  0.000  0.022 -0.003 -0.001  0.009
       14  0.14724   0.146  1.000 -0.000 -0.010  0.007  0.002 -0.001
       20  0.38330   0.000 -0.000  1.000  0.172 -0.159 -0.133  0.305
       21  0.19160   0.022 -0.010  0.172  1.000 -0.011  0.054  0.056
       22  0.16437  -0.003  0.007 -0.159 -0.011  1.000  0.035 -0.081
       23  0.17009  -0.001  0.002 -0.133  0.054  0.035  1.000 -0.107
       24  0.31458   0.009 -0.001  0.305  0.056 -0.081 -0.107  1.000
MINUIT - FIT ALTOGETHER
 **********
 **   83 **RES 
 **********
