 + ++++++++++++++++++++++++++++++++++++++++++++++++++++++++++++++++++++ +
 +                                                                      +
 +           You have chose to blind your fitting according to          +
 +                omega_ref * (1 + (R +/- deltaR) *10^{-6})             +
 +                                                                      +
 + ++++++++++++++++++++++++++++++++++++++++++++++++++++++++++++++++++++ +
In main()...
reading format from /gm2data/zkhechad/run45/envelope/formats/formatB_sBin_constraintOn.txt
pBinTau 	= 0  
pBinPhi 	= 0  
constraintau 	= 1 
includeMopTerm 	= 0    
constrainMop    = 0   
Parameters after format file: pBinTau 0 pBinPhi 0 constraintau 1 includeMopTerm 0 constrainMop 0 c_e_scale 0.000000 
Opening file /gm2data/tbarrett/gm2fr/studies/run23_bunch_corrections/CorrectedFourier_Run3b.root.
reading full fit data from /gm2data/zkhechad/cboTemplates/Run4CBOTemplates/fullFits/noRF/sBin_constraintOn_cE0.0_seed0_noRF_calo19.root
windowBins = 69
fitting sliding window 2590 from bin 2726 at 406.570000 to bin 2795 at 417.014000 (69 bins)

Reading data from /gm2data/cornell/histograms/aMethod/histogram_a_noRF.root
 **********
 **    1 **SET PRINTOUT            1
 **********
 **********
 **    2 **SET NOWARNINGS 
 **********
 PARAMETER DEFINITIONS:
    NO.   NAME         VALUE      STEP SIZE      LIMITS
     1 N0           3.18973e+06  1.00000e+02     no limits
     2 tau          6.43945e+01  constant
     3 A0           3.47817e-01  1.00000e-04     no limits
     4 phi          4.13218e+00  1.00000e-02     no limits
     5 R           -5.98741e+01  constant
     6 alpha_CBO    0.00000e+00  1.00000e-03     no limits
     7 w_CBO        2.32500e+00  constant
     8 beta_CBO     0.00000e+00  1.00000e-03     no limits
     9 alpha_2CBO   0.00000e+00  1.00000e-03     no limits
    10 beta_2CBO    0.00000e+00  1.00000e-03     no limits
    11 alpha_y      0.00000e+00  1.00000e-03     no limits
    12 w_y          1.38860e+01  constant
    13 beta_y       0.00000e+00  1.00000e-03     no limits
    14 alpha_vw     0.00000e+00  1.00000e-03     no limits
    15 w_vw         1.43404e+01  constant
    16 beta_vw      0.00000e+00  1.00000e-03     no limits
    17 LM          -2.15884e-04  constant
    18 zeta_y       0.00000e+00  constant
    19 zeta_vw      0.00000e+00  constant
    20 T_CBO        1.00000e+02  1.00000e+00    0.00000e+00  1.00000e+03
    21 alpha_A0     0.00000e+00  1.00000e-04   -1.00000e-02  1.00000e-02
    22 beta_A0      0.00000e+00  1.00000e-04   -1.00000e-02  1.00000e-02
    23 alpha_phi    0.00000e+00  1.00000e-04   -1.00000e-02  1.00000e-02
    24 beta_phi     0.00000e+00  1.00000e-04   -1.00000e-02  1.00000e-02
MINUIT - FIT ONLY WIGGLE
 **********
 **    3 **FIX            5
 **********
 PARAMETER    5  IS CONSTANT.   IGNORED.
 **********
 **    4 **FIX            6
 **********
 **********
 **    5 **FIX            7
 **********
 PARAMETER    7  IS CONSTANT.   IGNORED.
 **********
 **    6 **FIX            8
 **********
 **********
 **    7 **FIX            9
 **********
 **********
 **    8 **FIX           10
 **********
 **********
 **    9 **FIX           11
 **********
 **********
 **   10 **FIX           12
 **********
 PARAMETER   12  IS CONSTANT.   IGNORED.
 **********
 **   11 **FIX           13
 **********
 **********
 **   12 **FIX           14
 **********
 **********
 **   13 **FIX           15
 **********
 PARAMETER   15  IS CONSTANT.   IGNORED.
 **********
 **   14 **FIX           16
 **********
 **********
 **   15 **MIGRAD
 **********
 FIRST CALL TO USER FUNCTION AT NEW START POINT, WITH IFLAG=4.
 START MIGRAD MINIMIZATION.  STRATEGY  1.  CONVERGENCE WHEN EDM .LT. 1.00e-04
 FCN=68.9301 FROM MIGRAD    STATUS=INITIATE      437 CALLS         438 TOTAL
                     EDM= unknown      STRATEGY= 1      NO ERROR MATRIX       
  EXT PARAMETER               CURRENT GUESS       STEP         FIRST   
  NO.   NAME      VALUE            ERROR          SIZE      DERIVATIVE 
   1  N0           3.18973e+06   1.00000e+02   0.00000e+00   1.60995e-04
   2  tau          6.43945e+01   constant   
   3  A0           3.47817e-01   1.00000e-04   0.00000e+00  -4.65681e+02
   4  phi          4.13218e+00   1.00000e-02   0.00000e+00   7.41523e+02
   5  R           -5.98741e+01   constant   
   6  alpha_CBO    0.00000e+00     fixed    
   7  w_CBO        2.32500e+00   constant   
   8  beta_CBO     0.00000e+00     fixed    
   9  alpha_2CBO   0.00000e+00     fixed    
  10  beta_2CBO    0.00000e+00     fixed    
  11  alpha_y      0.00000e+00     fixed    
  12  w_y          1.38860e+01   constant   
  13  beta_y       0.00000e+00     fixed    
  14  alpha_vw     0.00000e+00     fixed    
  15  w_vw         1.43404e+01   constant   
  16  beta_vw      0.00000e+00     fixed    
  17  LM          -2.15884e-04   constant   
  18  zeta_y       0.00000e+00   constant   
  19  zeta_vw      0.00000e+00   constant   
  20  T_CBO        1.00000e+02   1.00000e+00   0.00000e+00   0.00000e+00
  21  alpha_A0     0.00000e+00   1.00000e-04   0.00000e+00  -3.10293e-03
  22  beta_A0      0.00000e+00   1.00000e-04   0.00000e+00  -1.92349e-02
  23  alpha_phi    0.00000e+00   1.00000e-04   0.00000e+00  -5.76532e-02
  24  beta_phi     0.00000e+00   1.00000e-04   0.00000e+00   5.37607e-02
 MIGRAD MINIMIZATION HAS CONVERGED.
 MIGRAD WILL VERIFY CONVERGENCE AND ERROR MATRIX.
 COVARIANCE MATRIX CALCULATED SUCCESSFULLY
 FCN=66.356 FROM MIGRAD    STATUS=CONVERGED     593 CALLS         594 TOTAL
                     EDM=9.03303e-08    STRATEGY= 1      ERROR MATRIX ACCURATE 
  EXT PARAMETER                                   STEP         FIRST   
  NO.   NAME      VALUE            ERROR          SIZE      DERIVATIVE 
   1  N0           3.18826e+06   1.40309e+00   1.14731e+01   5.83908e-08
   2  tau          6.43945e+01   constant   
   3  A0           3.48297e-01   1.33368e-03   5.33104e-06   1.56494e-02
   4  phi          4.12586e+00   4.01456e-03   1.60467e-05   9.55974e-02
   5  R           -5.98741e+01   constant   
   6  alpha_CBO    0.00000e+00     fixed    
   7  w_CBO        2.32500e+00   constant   
   8  beta_CBO     0.00000e+00     fixed    
   9  alpha_2CBO   0.00000e+00     fixed    
  10  beta_2CBO    0.00000e+00     fixed    
  11  alpha_y      0.00000e+00     fixed    
  12  w_y          1.38860e+01   constant   
  13  beta_y       0.00000e+00     fixed    
  14  alpha_vw     0.00000e+00     fixed    
  15  w_vw         1.43404e+01   constant   
  16  beta_vw      0.00000e+00     fixed    
  17  LM          -2.15884e-04   constant   
  18  zeta_y       0.00000e+00   constant   
  19  zeta_vw      0.00000e+00   constant   
  20  T_CBO        2.94418e+01   6.15102e+02   4.98169e-02  -1.30564e-04
  21  alpha_A0     7.56098e-03   1.00769e-02   5.00000e-01   3.55342e-10
  22  beta_A0      9.49813e-03   1.54985e-02   5.00000e-01  -1.15124e-07
  23  alpha_phi    9.31180e-03   1.20815e-02   5.00000e-01   1.08760e-06
  24  beta_phi     6.34904e-03   1.64534e-02   5.00000e-01   1.83508e-06
 EXTERNAL ERROR MATRIX.    NDIM=  25    NPAR=  8    ERR DEF=1
  1.969e+00  1.072e-07  3.368e-07 -1.805e-05 -1.842e-12 -1.999e-14  6.915e-13 -1.142e-12 
  1.072e-07  1.779e-06 -3.799e-07  1.852e-05 -1.734e-12 -4.993e-14 -2.724e-13  1.414e-12 
  3.368e-07 -3.799e-07  1.612e-05  2.062e-04 -1.414e-12  4.714e-13 -6.042e-12 -9.679e-12 
 -1.805e-05  1.852e-05  2.062e-04  5.715e+04  4.798e-05  1.376e-05 -1.051e-03 -1.749e-03 
 -1.842e-12 -1.734e-12 -1.414e-12  4.798e-05  8.432e-05  8.160e-15 -8.827e-13 -1.468e-12 
 -1.999e-14 -4.993e-14  4.714e-13  1.376e-05  8.160e-15  1.926e-05 -2.532e-13 -4.212e-13 
  6.915e-13 -2.724e-13 -6.042e-12 -1.051e-03 -8.827e-13 -2.532e-13  2.616e-05  3.217e-11 
 -1.142e-12  1.414e-12 -9.679e-12 -1.749e-03 -1.468e-12 -4.212e-13  3.217e-11  1.175e-04 
 PARAMETER  CORRELATION COEFFICIENTS  
       NO.  GLOBAL      1      3      4     20     21     22     23     24
        1  0.00009   1.000  0.000  0.000 -0.000 -0.000 -0.000  0.000 -0.000
        3  0.07096   0.000  1.000 -0.071  0.000 -0.000 -0.000 -0.000  0.000
        4  0.07096   0.000 -0.071  1.000  0.000 -0.000  0.000 -0.000 -0.000
       20  0.00112  -0.000  0.000  0.000  1.000  0.000  0.000 -0.001 -0.001
       21  0.00002  -0.000 -0.000 -0.000  0.000  1.000  0.000 -0.000 -0.000
       22  0.00001  -0.000 -0.000  0.000  0.000  0.000  1.000 -0.000 -0.000
       23  0.00086   0.000 -0.000 -0.000 -0.001 -0.000 -0.000  1.000  0.000
       24  0.00067  -0.000  0.000 -0.000 -0.001 -0.000 -0.000  0.000  1.000
MINUIT - FIT ONLY 1-CBO + wiggle
 **********
 **   16 **RES 
 **********
                   PARAMETER   16  beta_vw RESTORED TO VARIABLE.
                   PARAMETER   14  alpha_vw RESTORED TO VARIABLE.
                   PARAMETER   13  beta_y RESTORED TO VARIABLE.
                   PARAMETER   11  alpha_y RESTORED TO VARIABLE.
                   PARAMETER   10  beta_2CBO RESTORED TO VARIABLE.
                   PARAMETER    9  alpha_2CBO RESTORED TO VARIABLE.
                   PARAMETER    8  beta_CBO RESTORED TO VARIABLE.
                   PARAMETER    6  alpha_CBO RESTORED TO VARIABLE.
 **********
 **   17 **FIX            8
 **********
 **********
 **   18 **FIX            9
 **********
 **********
 **   19 **FIX           11
 **********
 **********
 **   20 **FIX           12
 **********
 PARAMETER   12  IS CONSTANT.   IGNORED.
 **********
 **   21 **FIX           14
 **********
 **********
 **   22 **FIX           15
 **********
 PARAMETER   15  IS CONSTANT.   IGNORED.
 **********
 **   23 **FIX           16
 **********
 **********
 **   24 **MIGRAD
 **********
 START MIGRAD MINIMIZATION.  STRATEGY  1.  CONVERGENCE WHEN EDM .LT. 1.00e-04
 FCN=65.1597 FROM MIGRAD    STATUS=INITIATE      200 CALLS         794 TOTAL
                     EDM= unknown      STRATEGY= 1      NO ERROR MATRIX       
  EXT PARAMETER               CURRENT GUESS       STEP         FIRST   
  NO.   NAME      VALUE            ERROR          SIZE      DERIVATIVE 
   1  N0           3.18826e+06   1.40309e+00   0.00000e+00   6.45380e-06
   2  tau          6.43945e+01   constant   
   3  A0           3.48297e-01   1.33368e-03   0.00000e+00   1.98581e+02
   4  phi          4.12586e+00   4.01456e-03   0.00000e+00  -4.08238e+01
   5  R           -5.98741e+01   constant   
   6  alpha_CBO    0.00000e+00   1.00000e-03   0.00000e+00  -2.36245e+03
   7  w_CBO        2.32500e+00   constant   
   8  beta_CBO     0.00000e+00     fixed    
   9  alpha_2CBO   0.00000e+00     fixed    
  10  beta_2CBO    0.00000e+00   1.00000e-03   0.00000e+00   2.70615e+01
  11  alpha_y      0.00000e+00     fixed    
  12  w_y          1.38860e+01   constant   
  13  beta_y       0.00000e+00   1.00000e-03   0.00000e+00  -7.60301e+02
  14  alpha_vw     0.00000e+00     fixed    
  15  w_vw         1.43404e+01   constant   
  16  beta_vw      0.00000e+00     fixed    
  17  LM          -2.15884e-04   constant   
  18  zeta_y       0.00000e+00   constant   
  19  zeta_vw      0.00000e+00   constant   
  20  T_CBO        3.90232e+02   6.15102e+02   0.00000e+00  -4.75945e-01
  21  alpha_A0    -5.91075e-03   1.00769e-02   0.00000e+00  -2.94215e-01
  22  beta_A0      3.77158e-03   1.54985e-02  -8.65911e-01   1.86354e-02
  23  alpha_phi    9.31180e-03   1.20815e-02   0.00000e+00  -1.64292e-01
  24  beta_phi    -9.99269e-03   1.64534e-02   0.00000e+00   6.71591e-03
 MIGRAD MINIMIZATION HAS CONVERGED.
 FCN=60.7174 FROM MIGRAD    STATUS=CONVERGED     531 CALLS        1125 TOTAL
                     EDM=2.08302e-06    STRATEGY= 1  ERROR MATRIX UNCERTAINTY   0.7 per cent
  EXT PARAMETER                                   STEP         FIRST   
  NO.   NAME      VALUE            ERROR          SIZE      DERIVATIVE 
   1  N0           3.18828e+06   3.39793e+03   1.32090e+00   9.38582e-08
   2  tau          6.43945e+01   constant   
   3  A0           3.47711e-01   1.36180e-03  -1.11083e-06  -6.38863e-01
   4  phi          4.12816e+00   4.27634e-03   3.72572e-06   6.61114e-02
   5  R           -5.98741e+01   constant   
   6  alpha_CBO    2.98085e-03   1.54457e-03   3.77093e-07   1.72653e-01
   7  w_CBO        2.32500e+00   constant   
   8  beta_CBO     0.00000e+00     fixed    
   9  alpha_2CBO   0.00000e+00     fixed    
  10  beta_2CBO   -4.35481e-05   1.46971e-03   5.11005e-07   3.18186e-02
  11  alpha_y      0.00000e+00     fixed    
  12  w_y          1.38860e+01   constant   
  13  beta_y       8.10079e-04   1.43713e-03  -1.12028e-06  -9.09500e-01
  14  alpha_vw     0.00000e+00     fixed    
  15  w_vw         1.43404e+01   constant   
  16  beta_vw      0.00000e+00     fixed    
  17  LM          -2.15884e-04   constant   
  18  zeta_y       0.00000e+00   constant   
  19  zeta_vw      0.00000e+00   constant   
  20  T_CBO        9.99998e+02   6.04348e+02   1.26745e-02  -1.68480e-04
  21  alpha_A0     1.81778e-03   7.94138e-03  -2.06309e-03  -5.90880e-04
  22  beta_A0      3.71237e-03   7.66831e-03  -2.17277e-03  -1.08711e-03
  23  alpha_phi    9.99997e-03   1.80927e-02  -3.54316e-03   8.98507e-04
  24  beta_phi    -7.79779e-03   1.62105e-02   1.31130e-03  -3.28337e-04
 EXTERNAL ERROR MATRIX.    NDIM=  25    NPAR= 11    ERR DEF=1
  1.155e+07 
 -2.018e-01  1.855e-06 
  1.444e+00 -5.649e-07  1.829e-05 
 -7.203e-02 -2.722e-07  1.286e-06  2.386e-06 
  3.758e-02 -1.276e-08  2.296e-07  2.430e-08  2.160e-06 
  1.459e-01 -5.590e-08  1.745e-07  1.868e-08  1.842e-09  2.065e-06 
 -2.999e+01 -1.081e-04  8.890e-04  2.414e-04 -1.056e-04 -9.526e-05  4.325e+01 
  7.301e+00 -9.324e-07  3.782e-06  1.992e-06 -4.692e-07  1.859e-07 -1.497e-03  8.545e-05 
 -1.729e+00 -5.507e-07  6.079e-06  1.154e-06  1.968e-06 -2.347e-07 -1.222e-03 -3.145e-06  8.141e-05 
  8.835e-03  1.485e-09 -7.288e-09 -1.172e-09 -1.306e-09  3.118e-09  1.511e-05  2.110e-08  1.157e-08  3.190e-09 
  5.981e+00 -1.659e-06  5.141e-06  1.384e-07  1.099e-06  1.395e-07 -1.758e-03  1.539e-06  1.345e-05 -1.401e-08  7.409e-05 
 PARAMETER  CORRELATION COEFFICIENTS  
       NO.  GLOBAL      1      3      4      6     10     13     20     21     22     23     24
        1  0.33230   1.000 -0.044  0.099 -0.014  0.008  0.030 -0.001  0.232 -0.056  0.046  0.204
        3  0.20739  -0.044  1.000 -0.097 -0.129 -0.006 -0.029 -0.012 -0.074 -0.045  0.019 -0.142
        4  0.29519   0.099 -0.097  1.000  0.195  0.037  0.028  0.032  0.096  0.158 -0.030  0.140
        6  0.26742  -0.014 -0.129  0.195  1.000  0.011  0.008  0.024  0.139  0.083 -0.013  0.010
       10  0.16542   0.008 -0.006  0.037  0.011  1.000  0.001 -0.011 -0.035  0.148 -0.016  0.087
       13  0.06627   0.030 -0.029  0.028  0.008  0.001  1.000 -0.010  0.014 -0.018  0.038  0.011
       20  0.07972  -0.001 -0.012  0.032  0.024 -0.011 -0.010  1.000 -0.025 -0.021  0.041 -0.031
       21  0.29118   0.232 -0.074  0.096  0.139 -0.035  0.014 -0.025  1.000 -0.038  0.040  0.019
       22  0.28668  -0.056 -0.045  0.158  0.083  0.148 -0.018 -0.021 -0.038  1.000  0.023  0.173
       23  0.10580   0.046  0.019 -0.030 -0.013 -0.016  0.038  0.041  0.040  0.023  1.000 -0.029
       24  0.32478   0.204 -0.142  0.140  0.010  0.087  0.011 -0.031  0.019  0.173 -0.029  1.000
MINUIT - FIT ONLY 2-CBO
 **********
 **   25 **RES 
 **********
                   PARAMETER   16  beta_vw RESTORED TO VARIABLE.
                   PARAMETER   14  alpha_vw RESTORED TO VARIABLE.
                   PARAMETER   11  alpha_y RESTORED TO VARIABLE.
                   PARAMETER    9  alpha_2CBO RESTORED TO VARIABLE.
                   PARAMETER    8  beta_CBO RESTORED TO VARIABLE.
 **********
 **   26 **FIX            0
 **********
 PARAMETER    0  IS UNDEFINED. IGNORED.
 **********
 **   27 **FIX            1
 **********
 **********
 **   28 **FIX            2
 **********
 PARAMETER    2  IS CONSTANT.   IGNORED.
 **********
 **   29 **FIX            3
 **********
 **********
 **   30 **FIX            4
 **********
 **********
 **   31 **FIX            5
 **********
 PARAMETER    5  IS CONSTANT.   IGNORED.
 **********
 **   32 **FIX            6
 **********
 **********
 **   33 **FIX            7
 **********
 PARAMETER    7  IS CONSTANT.   IGNORED.
 **********
 **   34 **FIX           10
 **********
 **********
 **   35 **FIX           11
 **********
 **********
 **   36 **FIX           12
 **********
 PARAMETER   12  IS CONSTANT.   IGNORED.
 **********
 **   37 **FIX           13
 **********
 **********
 **   38 **FIX           14
 **********
 **********
 **   39 **FIX           15
 **********
 PARAMETER   15  IS CONSTANT.   IGNORED.
 **********
 **   40 **FIX           16
 **********
 **********
 **   41 **MIGRAD
 **********
 START MIGRAD MINIMIZATION.  STRATEGY  1.  CONVERGENCE WHEN EDM .LT. 1.00e-04
 FCN=60.7174 FROM MIGRAD    STATUS=INITIATE       18 CALLS        1143 TOTAL
                     EDM= unknown      STRATEGY= 1      NO ERROR MATRIX       
  EXT PARAMETER               CURRENT GUESS       STEP         FIRST   
  NO.   NAME      VALUE            ERROR          SIZE      DERIVATIVE 
   1  N0           3.18828e+06     fixed    
   2  tau          6.43945e+01   constant   
   3  A0           3.47711e-01     fixed    
   4  phi          4.12816e+00     fixed    
   5  R           -5.98741e+01   constant   
   6  alpha_CBO    2.98085e-03     fixed    
   7  w_CBO        2.32500e+00   constant   
   8  beta_CBO     0.00000e+00   1.00000e-03   1.00000e-03  -4.36502e+02
   9  alpha_2CBO   0.00000e+00   1.00000e-03   1.00000e-03   2.92153e+02
  10  beta_2CBO   -4.35481e-05     fixed    
  11  alpha_y      0.00000e+00     fixed    
  12  w_y          1.38860e+01   constant   
  13  beta_y       8.10079e-04     fixed    
  14  alpha_vw     0.00000e+00     fixed    
  15  w_vw         1.43404e+01   constant   
  16  beta_vw      0.00000e+00     fixed    
  17  LM          -2.15884e-04   constant   
  18  zeta_y       0.00000e+00   constant   
  19  zeta_vw      0.00000e+00   constant   
  20  T_CBO        9.99998e+02   6.04348e+02   1.26745e-02  -1.68480e-04
  21  alpha_A0     1.81778e-03   7.94138e-03  -2.06309e-03  -5.90875e-04
  22  beta_A0      3.71237e-03   7.66831e-03  -2.17277e-03  -1.08709e-03
  23  alpha_phi    9.99997e-03   1.80927e-02  -3.54316e-03  -8.98507e-04
  24  beta_phi    -7.79779e-03   1.62105e-02   1.31130e-03   3.28428e-04
 MIGRAD MINIMIZATION HAS CONVERGED.
 MIGRAD WILL VERIFY CONVERGENCE AND ERROR MATRIX.
 COVARIANCE MATRIX CALCULATED SUCCESSFULLY
 FCN=60.5661 FROM MIGRAD    STATUS=CONVERGED     116 CALLS        1241 TOTAL
                     EDM=2.53954e-06    STRATEGY= 1      ERROR MATRIX ACCURATE 
  EXT PARAMETER                                   STEP         FIRST   
  NO.   NAME      VALUE            ERROR          SIZE      DERIVATIVE 
   1  N0           3.18828e+06     fixed    
   2  tau          6.43945e+01   constant   
   3  A0           3.47711e-01     fixed    
   4  phi          4.12816e+00     fixed    
   5  R           -5.98741e+01   constant   
   6  alpha_CBO    2.98085e-03     fixed    
   7  w_CBO        2.32500e+00   constant   
   8  beta_CBO     4.83854e-04   1.49598e-03   5.62110e-06   2.80575e-01
   9  alpha_2CBO  -3.12300e-04   1.47941e-03   5.57254e-06   2.41915e-01
  10  beta_2CBO   -4.35481e-05     fixed    
  11  alpha_y      0.00000e+00     fixed    
  12  w_y          1.38860e+01   constant   
  13  beta_y       8.10079e-04     fixed    
  14  alpha_vw     0.00000e+00     fixed    
  15  w_vw         1.43404e+01   constant   
  16  beta_vw      0.00000e+00     fixed    
  17  LM          -2.15884e-04   constant   
  18  zeta_y       0.00000e+00   constant   
  19  zeta_vw      0.00000e+00   constant   
  20  T_CBO        1.00000e+03   6.77398e+02   1.89346e-02** at limit **
  21  alpha_A0     1.68996e-03   7.59598e-03   3.33987e-03  -2.40870e-03
  22  beta_A0      4.10925e-03   7.45887e-03   3.58621e-03  -6.85463e-04
  23  alpha_phi    1.00000e-02   1.79410e-02   8.43881e-03** at limit **
  24  beta_phi    -7.76829e-03   1.00036e-02   5.02047e-03   1.15712e-04
 EXTERNAL ERROR MATRIX.    NDIM=  25    NPAR=  7    ERR DEF=1
  2.238e-06  3.348e-08 -5.888e-10  5.094e-07  1.996e-06 -3.238e-15  1.260e-06 
  3.348e-08  2.189e-06  1.444e-08  1.590e-06  2.787e-07  6.522e-14  1.675e-06 
 -5.888e-10  1.444e-08  6.771e-05  1.542e-07  3.179e-07 -3.831e-14 -5.117e-07 
  5.094e-07  1.590e-06  1.542e-07  7.521e-05  3.570e-06  5.015e-14  1.129e-06 
  1.996e-06  2.787e-07  3.179e-07  3.570e-06  7.631e-05 -6.912e-14 -9.133e-06 
 -3.238e-15  6.522e-14 -3.831e-14  5.015e-14 -6.912e-14  1.497e-15  5.330e-13 
  1.260e-06  1.675e-06 -5.117e-07  1.129e-06 -9.133e-06  5.330e-13  7.348e-05 
 PARAMETER  CORRELATION COEFFICIENTS  
       NO.  GLOBAL      8      9     20     21     22     23     24
        8  0.19530   1.000  0.015 -0.000  0.039  0.153 -0.000  0.098
        9  0.18275   0.015  1.000  0.001  0.124  0.022  0.001  0.132
       20  0.00854  -0.000  0.001  1.000  0.002  0.004 -0.000 -0.007
       21  0.13525   0.039  0.124  0.002  1.000  0.047  0.000  0.015
       22  0.21255   0.153  0.022  0.004  0.047  1.000 -0.000 -0.122
       23  0.00188  -0.000  0.001 -0.000  0.000 -0.000  1.000  0.002
       24  0.21610   0.098  0.132 -0.007  0.015 -0.122  0.002  1.000
MINUIT - FIT wiggle + 1-CBO + 2-CBO
 **********
 **   42 **RES 
 **********
                   PARAMETER   16  beta_vw RESTORED TO VARIABLE.
                   PARAMETER   14  alpha_vw RESTORED TO VARIABLE.
                   PARAMETER   13  beta_y RESTORED TO VARIABLE.
                   PARAMETER   11  alpha_y RESTORED TO VARIABLE.
                   PARAMETER   10  beta_2CBO RESTORED TO VARIABLE.
                   PARAMETER    6  alpha_CBO RESTORED TO VARIABLE.
                   PARAMETER    4  phi RESTORED TO VARIABLE.
                   PARAMETER    3  A0 RESTORED TO VARIABLE.
                   PARAMETER    1  N0 RESTORED TO VARIABLE.
 **********
 **   43 **FIX           10
 **********
 **********
 **   44 **FIX           11
 **********
 **********
 **   45 **FIX           12
 **********
 PARAMETER   12  IS CONSTANT.   IGNORED.
 **********
 **   46 **FIX           13
 **********
 **********
 **   47 **FIX           14
 **********
 **********
 **   48 **FIX           15
 **********
 PARAMETER   15  IS CONSTANT.   IGNORED.
 **********
 **   49 **FIX           16
 **********
 **********
 **   50 **MIGRAD
 **********
 START MIGRAD MINIMIZATION.  STRATEGY  1.  CONVERGENCE WHEN EDM .LT. 1.00e-04
 FCN=60.5661 FROM MIGRAD    STATUS=INITIATE       22 CALLS        1263 TOTAL
                     EDM= unknown      STRATEGY= 1      NO ERROR MATRIX       
  EXT PARAMETER               CURRENT GUESS       STEP         FIRST   
  NO.   NAME      VALUE            ERROR          SIZE      DERIVATIVE 
   1  N0           3.18828e+06   3.39793e+03   3.39793e+03  -2.37083e-06
   2  tau          6.43945e+01   constant   
   3  A0           3.47711e-01   1.36180e-03   1.36180e-03   1.16089e+02
   4  phi          4.12816e+00   4.27634e-03   4.27634e-03   4.36866e+00
   5  R           -5.98741e+01   constant   
   6  alpha_CBO    2.98085e-03   1.54457e-03   1.54457e-03   1.44034e+01
   7  w_CBO        2.32500e+00   constant   
   8  beta_CBO     4.83854e-04   1.49598e-03   5.62110e-06   2.80633e-01
   9  alpha_2CBO  -3.12300e-04   1.47941e-03   5.57254e-06   2.41554e-01
  10  beta_2CBO   -4.35481e-05     fixed    
  11  alpha_y      0.00000e+00     fixed    
  12  w_y          1.38860e+01   constant   
  13  beta_y       8.10079e-04     fixed    
  14  alpha_vw     0.00000e+00     fixed    
  15  w_vw         1.43404e+01   constant   
  16  beta_vw      0.00000e+00     fixed    
  17  LM          -2.15884e-04   constant   
  18  zeta_y       0.00000e+00   constant   
  19  zeta_vw      0.00000e+00   constant   
  20  T_CBO        9.99999e+02   6.77398e+02   1.89346e-02  -1.55867e-04
  21  alpha_A0     1.68996e-03   7.59598e-03   3.33987e-03  -2.41127e-03
  22  beta_A0      4.10925e-03   7.45887e-03   3.58621e-03  -6.92126e-04
  23  alpha_phi    9.99998e-03   1.79410e-02   8.43881e-03  -8.07467e-04
  24  beta_phi    -7.76829e-03   1.00036e-02   5.02047e-03   1.18470e-04
 MIGRAD MINIMIZATION HAS CONVERGED.
 MIGRAD WILL VERIFY CONVERGENCE AND ERROR MATRIX.
 COVARIANCE MATRIX CALCULATED SUCCESSFULLY
 FCN=60.5597 FROM MIGRAD    STATUS=CONVERGED     192 CALLS        1433 TOTAL
                     EDM=2.83444e-06    STRATEGY= 1      ERROR MATRIX ACCURATE 
  EXT PARAMETER                                   STEP         FIRST   
  NO.   NAME      VALUE            ERROR          SIZE      DERIVATIVE 
   1  N0           3.18825e+06   3.50836e+03   1.09683e+01  -7.98565e-08
   2  tau          6.43945e+01   constant   
   3  A0           3.47601e-01   1.40227e-03   5.09202e-06  -2.05058e-04
   4  phi          4.12814e+00   4.21639e-03   1.53730e-05  -3.97021e-01
   5  R           -5.98741e+01   constant   
   6  alpha_CBO    2.97524e-03   1.50904e-03   5.57374e-06   1.10944e-01
   7  w_CBO        2.32500e+00   constant   
   8  beta_CBO     5.08917e-04   1.52810e-03   5.62081e-06   2.85483e-01
   9  alpha_2CBO  -3.19552e-04   1.48319e-03   5.57222e-06   1.29270e-02
  10  beta_2CBO   -4.35481e-05     fixed    
  11  alpha_y      0.00000e+00     fixed    
  12  w_y          1.38860e+01   constant   
  13  beta_y       8.10079e-04     fixed    
  14  alpha_vw     0.00000e+00     fixed    
  15  w_vw         1.43404e+01   constant   
  16  beta_vw      0.00000e+00     fixed    
  17  LM          -2.15884e-04   constant   
  18  zeta_y       0.00000e+00   constant   
  19  zeta_vw      0.00000e+00   constant   
  20  T_CBO        1.00000e+03   6.97966e+02   1.88189e-02** at limit **
  21  alpha_A0     1.65112e-03   7.76464e-03   3.33953e-03  -7.67957e-04
  22  beta_A0      4.18316e-03   7.53418e-03   3.58941e-03  -3.24194e-04
  23  alpha_phi    1.00000e-02   1.78077e-02   8.31308e-03** at limit **
  24  beta_phi    -7.84526e-03   1.03108e-02   5.17225e-03   6.60123e-04
 EXTERNAL ERROR MATRIX.    NDIM=  25    NPAR= 11    ERR DEF=1
  1.231e+07 
  6.029e-01  1.966e-06 
  2.352e+00 -4.945e-07  1.778e-05 
 -7.818e-02 -2.349e-07  1.275e-06  2.277e-06 
 -1.622e-01 -4.212e-07 -2.031e-07 -2.661e-08  2.335e-06 
 -7.410e-02  1.317e-07 -1.967e-07 -4.307e-09  7.499e-09  2.200e-06 
  1.950e-01  9.961e-08 -2.219e-07 -1.972e-07 -1.731e-08  1.033e-07  3.242e-03 
  6.082e+00  5.642e-07  2.706e-06  1.828e-06  2.980e-07  1.576e-06  9.731e-07  7.991e-05 
 -3.777e-01 -1.577e-06  5.079e-06  9.019e-07  2.242e-06  1.380e-07  2.024e-06  3.924e-06  7.894e-05 
  1.637e-06  8.670e-13 -2.148e-12 -1.774e-12 -1.556e-13  9.314e-13 -3.287e-12  1.394e-13 -2.488e-12  2.879e-13 
 -6.288e+00  1.481e-06 -4.821e-06 -2.257e-07  1.013e-06  1.864e-06 -3.495e-06 -1.885e-06 -1.117e-05  7.385e-12  7.890e-05 
 PARAMETER  CORRELATION COEFFICIENTS  
       NO.  GLOBAL      1      3      4      6      8      9     20     21     22     23     24
        1  0.34468   1.000  0.123  0.159 -0.015 -0.030 -0.014  0.001  0.194 -0.012  0.001 -0.202
        3  0.31871   0.123  1.000 -0.084 -0.111 -0.197  0.063  0.001  0.045 -0.127  0.001  0.119
        4  0.30702   0.159 -0.084  1.000  0.200 -0.032 -0.031 -0.001  0.072  0.136 -0.001 -0.129
        6  0.26549  -0.015 -0.111  0.200  1.000 -0.012 -0.002 -0.002  0.136  0.067 -0.002 -0.017
        8  0.27955  -0.030 -0.197 -0.032 -0.012  1.000  0.003 -0.000  0.022  0.165 -0.000  0.075
        9  0.19578  -0.014  0.063 -0.031 -0.002  0.003  1.000  0.001  0.119  0.010  0.001  0.141
       20  0.00887   0.001  0.001 -0.001 -0.002 -0.000  0.001  1.000  0.002  0.004 -0.000 -0.007
       21  0.27498   0.194  0.045  0.072  0.136  0.022  0.119  0.002  1.000  0.049  0.000 -0.024
       22  0.27677  -0.012 -0.127  0.136  0.067  0.165  0.010  0.004  0.049  1.000 -0.001 -0.142
       23  0.00314   0.001  0.001 -0.001 -0.002 -0.000  0.001 -0.000  0.000 -0.001  1.000  0.002
       24  0.33498  -0.202  0.119 -0.129 -0.017  0.075  0.141 -0.007 -0.024 -0.142  0.002  1.000
MINUIT - FIT ONLY 1-y
 **********
 **   51 **RES 
 **********
                   PARAMETER   16  beta_vw RESTORED TO VARIABLE.
                   PARAMETER   14  alpha_vw RESTORED TO VARIABLE.
                   PARAMETER   13  beta_y RESTORED TO VARIABLE.
                   PARAMETER   11  alpha_y RESTORED TO VARIABLE.
                   PARAMETER   10  beta_2CBO RESTORED TO VARIABLE.
 **********
 **   52 **FIX            0
 **********
 PARAMETER    0  IS UNDEFINED. IGNORED.
 **********
 **   53 **FIX            1
 **********
 **********
 **   54 **FIX            2
 **********
 PARAMETER    2  IS CONSTANT.   IGNORED.
 **********
 **   55 **FIX            3
 **********
 **********
 **   56 **FIX            4
 **********
 **********
 **   57 **FIX            5
 **********
 PARAMETER    5  IS CONSTANT.   IGNORED.
 **********
 **   58 **FIX            6
 **********
 **********
 **   59 **FIX            7
 **********
 PARAMETER    7  IS CONSTANT.   IGNORED.
 **********
 **   60 **FIX            8
 **********
 **********
 **   61 **FIX            9
 **********
 **********
 **   62 **FIX           13
 **********
 **********
 **   63 **FIX           14
 **********
 **********
 **   64 **FIX           15
 **********
 PARAMETER   15  IS CONSTANT.   IGNORED.
 **********
 **   65 **FIX           16
 **********
 **********
 **   66 **MIGRAD
 **********
 START MIGRAD MINIMIZATION.  STRATEGY  1.  CONVERGENCE WHEN EDM .LT. 1.00e-04
 FCN=60.5597 FROM MIGRAD    STATUS=INITIATE       16 CALLS        1449 TOTAL
                     EDM= unknown      STRATEGY= 1      NO ERROR MATRIX       
  EXT PARAMETER               CURRENT GUESS       STEP         FIRST   
  NO.   NAME      VALUE            ERROR          SIZE      DERIVATIVE 
   1  N0           3.18825e+06     fixed    
   2  tau          6.43945e+01   constant   
   3  A0           3.47601e-01     fixed    
   4  phi          4.12814e+00     fixed    
   5  R           -5.98741e+01   constant   
   6  alpha_CBO    2.97524e-03     fixed    
   7  w_CBO        2.32500e+00   constant   
   8  beta_CBO     5.08917e-04     fixed    
   9  alpha_2CBO  -3.19552e-04     fixed    
  10  beta_2CBO   -4.35481e-05   1.46971e-03   1.46971e-03   2.48503e+01
  11  alpha_y      0.00000e+00   1.00000e-03   1.00000e-03   1.04352e+03
  12  w_y          1.38860e+01   constant   
  13  beta_y       8.10079e-04     fixed    
  14  alpha_vw     0.00000e+00     fixed    
  15  w_vw         1.43404e+01   constant   
  16  beta_vw      0.00000e+00     fixed    
  17  LM          -2.15884e-04   constant   
  18  zeta_y       0.00000e+00   constant   
  19  zeta_vw      0.00000e+00   constant   
  20  T_CBO        9.99999e+02   6.97966e+02   1.88189e-02  -1.61293e-04
  21  alpha_A0     1.65112e-03   7.76464e-03   3.33953e-03  -7.70475e-04
  22  beta_A0      4.18316e-03   7.53418e-03   3.58941e-03  -3.30970e-04
  23  alpha_phi    9.99998e-03   1.78077e-02   8.31308e-03  -8.31922e-04
  24  beta_phi    -7.84526e-03   1.03108e-02   5.17225e-03   6.77906e-04
 MIGRAD MINIMIZATION HAS CONVERGED.
 MIGRAD WILL VERIFY CONVERGENCE AND ERROR MATRIX.
 COVARIANCE MATRIX CALCULATED SUCCESSFULLY
 FCN=59.9736 FROM MIGRAD    STATUS=CONVERGED     119 CALLS        1552 TOTAL
                     EDM=2.22478e-07    STRATEGY= 1      ERROR MATRIX ACCURATE 
  EXT PARAMETER                                   STEP         FIRST   
  NO.   NAME      VALUE            ERROR          SIZE      DERIVATIVE 
   1  N0           3.18825e+06     fixed    
   2  tau          6.43945e+01   constant   
   3  A0           3.47601e-01     fixed    
   4  phi          4.12814e+00     fixed    
   5  R           -5.98741e+01   constant   
   6  alpha_CBO    2.97524e-03     fixed    
   7  w_CBO        2.32500e+00   constant   
   8  beta_CBO     5.08917e-04     fixed    
   9  alpha_2CBO  -3.19552e-04     fixed    
  10  beta_2CBO   -7.58711e-05   1.48859e-03   5.59546e-06   3.84287e-01
  11  alpha_y     -1.12250e-03   1.46667e-03   5.59020e-06  -9.05464e-03
  12  w_y          1.38860e+01   constant   
  13  beta_y       8.10079e-04     fixed    
  14  alpha_vw     0.00000e+00     fixed    
  15  w_vw         1.43404e+01   constant   
  16  beta_vw      0.00000e+00     fixed    
  17  LM          -2.15884e-04   constant   
  18  zeta_y       0.00000e+00   constant   
  19  zeta_vw      0.00000e+00   constant   
  20  T_CBO        1.00000e+03   7.18097e+02   1.85233e-02** at limit **
  21  alpha_A0     1.67124e-03   7.55511e-03   3.32459e-03   4.05785e-05
  22  beta_A0      4.01102e-03   7.47040e-03   3.55273e-03   1.81961e-04
  23  alpha_phi    1.00000e-02   1.76534e-02   8.12902e-03** at limit **
  24  beta_phi    -7.73044e-03   1.01122e-02   5.05135e-03   2.42464e-04
 EXTERNAL ERROR MATRIX.    NDIM=  25    NPAR=  7    ERR DEF=1
  2.216e-06  1.023e-08  6.992e-11 -4.737e-07  1.960e-06  5.623e-16 -1.040e-06 
  1.023e-08  2.151e-06  2.126e-12 -2.333e-08  2.892e-07  1.735e-17 -1.997e-07 
  6.992e-11  2.126e-12  8.587e-10  4.659e-10  1.104e-09 -7.635e-19 -1.782e-09 
 -4.737e-07 -2.333e-08  4.659e-10  7.409e-05  2.515e-06 -9.787e-17 -1.315e-07 
  1.960e-06  2.892e-07  1.104e-09  2.515e-06  7.631e-05  5.371e-17 -1.140e-05 
  5.623e-16  1.735e-17 -7.635e-19 -9.787e-17  5.371e-17  6.297e-20  2.672e-15 
 -1.040e-06 -1.997e-07 -1.782e-09 -1.315e-07 -1.140e-05  2.672e-15  7.206e-05 
 PARAMETER  CORRELATION COEFFICIENTS  
       NO.  GLOBAL     10     11     20     21     22     23     24
       10  0.16749   1.000  0.005  0.002 -0.037  0.151  0.002 -0.082
       11  0.02604   0.005  1.000  0.000 -0.002  0.023  0.000 -0.016
       20  0.00808   0.002  0.000  1.000  0.002  0.004 -0.000 -0.007
       21  0.05418  -0.037 -0.002  0.002  1.000  0.033 -0.000 -0.002
       22  0.21140   0.151  0.023  0.004  0.033  1.000  0.000 -0.154
       23  0.00205   0.002  0.000 -0.000 -0.000  0.000  1.000  0.001
       24  0.16553  -0.082 -0.016 -0.007 -0.002 -0.154  0.001  1.000
MINUIT - FIT ONLY 2-y
 **********
 **   67 **RES 
 **********
                   PARAMETER   16  beta_vw RESTORED TO VARIABLE.
                   PARAMETER   14  alpha_vw RESTORED TO VARIABLE.
                   PARAMETER   13  beta_y RESTORED TO VARIABLE.
                   PARAMETER    9  alpha_2CBO RESTORED TO VARIABLE.
                   PARAMETER    8  beta_CBO RESTORED TO VARIABLE.
                   PARAMETER    6  alpha_CBO RESTORED TO VARIABLE.
                   PARAMETER    4  phi RESTORED TO VARIABLE.
                   PARAMETER    3  A0 RESTORED TO VARIABLE.
                   PARAMETER    1  N0 RESTORED TO VARIABLE.
 **********
 **   68 **FIX            0
 **********
 PARAMETER    0  IS UNDEFINED. IGNORED.
 **********
 **   69 **FIX            1
 **********
 **********
 **   70 **FIX            2
 **********
 PARAMETER    2  IS CONSTANT.   IGNORED.
 **********
 **   71 **FIX            3
 **********
 **********
 **   72 **FIX            4
 **********
 **********
 **   73 **FIX            5
 **********
 PARAMETER    5  IS CONSTANT.   IGNORED.
 **********
 **   74 **FIX            6
 **********
 **********
 **   75 **FIX            7
 **********
 PARAMETER    7  IS CONSTANT.   IGNORED.
 **********
 **   76 **FIX            8
 **********
 **********
 **   77 **FIX            9
 **********
 **********
 **   78 **FIX           10
 **********
 **********
 **   79 **FIX           11
 **********
 **********
 **   80 **FIX           12
 **********
 PARAMETER   12  IS CONSTANT.   IGNORED.
 **********
 **   81 **FIX           16
 **********
 **********
 **   82 **MIGRAD
 **********
 START MIGRAD MINIMIZATION.  STRATEGY  1.  CONVERGENCE WHEN EDM .LT. 1.00e-04
 FCN=59.9736 FROM MIGRAD    STATUS=INITIATE       14 CALLS        1566 TOTAL
                     EDM= unknown      STRATEGY= 1      NO ERROR MATRIX       
  EXT PARAMETER               CURRENT GUESS       STEP         FIRST   
  NO.   NAME      VALUE            ERROR          SIZE      DERIVATIVE 
   1  N0           3.18825e+06     fixed    
   2  tau          6.43945e+01   constant   
   3  A0           3.47601e-01     fixed    
   4  phi          4.12814e+00     fixed    
   5  R           -5.98741e+01   constant   
   6  alpha_CBO    2.97524e-03     fixed    
   7  w_CBO        2.32500e+00   constant   
   8  beta_CBO     5.08917e-04     fixed    
   9  alpha_2CBO  -3.19552e-04     fixed    
  10  beta_2CBO   -7.58711e-05     fixed    
  11  alpha_y     -1.12250e-03     fixed    
  12  w_y          1.38860e+01   constant   
  13  beta_y       8.10079e-04   1.43713e-03   1.43713e-03  -1.52275e+01
  14  alpha_vw     0.00000e+00   1.00000e-03   1.00000e-03   2.06103e+03
  15  w_vw         1.43404e+01   constant   
  16  beta_vw      0.00000e+00     fixed    
  17  LM          -2.15884e-04   constant   
  18  zeta_y       0.00000e+00   constant   
  19  zeta_vw      0.00000e+00   constant   
  20  T_CBO        9.99999e+02   7.18097e+02   1.85233e-02  -1.66717e-04
  21  alpha_A0     1.67124e-03   7.55511e-03   3.32459e-03   4.00884e-05
  22  beta_A0      4.01102e-03   7.47040e-03   3.55273e-03   1.75565e-04
  23  alpha_phi    9.99998e-03   1.76534e-02   8.12902e-03  -8.60949e-04
  24  beta_phi    -7.73044e-03   1.01122e-02   5.05135e-03   2.45258e-04
 MIGRAD MINIMIZATION HAS CONVERGED.
 MIGRAD WILL VERIFY CONVERGENCE AND ERROR MATRIX.
 COVARIANCE MATRIX CALCULATED SUCCESSFULLY
 FCN=57.4223 FROM MIGRAD    STATUS=CONVERGED     111 CALLS        1663 TOTAL
                     EDM=1.0053e-05    STRATEGY= 1      ERROR MATRIX ACCURATE 
  EXT PARAMETER                                   STEP         FIRST   
  NO.   NAME      VALUE            ERROR          SIZE      DERIVATIVE 
   1  N0           3.18825e+06     fixed    
   2  tau          6.43945e+01   constant   
   3  A0           3.47601e-01     fixed    
   4  phi          4.12814e+00     fixed    
   5  R           -5.98741e+01   constant   
   6  alpha_CBO    2.97524e-03     fixed    
   7  w_CBO        2.32500e+00   constant   
   8  beta_CBO     5.08917e-04     fixed    
   9  alpha_2CBO  -3.19552e-04     fixed    
  10  beta_2CBO   -7.58711e-05     fixed    
  11  alpha_y     -1.12250e-03     fixed    
  12  w_y          1.38860e+01   constant   
  13  beta_y       1.62404e-03   1.53897e-03   5.43233e-06   5.30071e-01
  14  alpha_vw    -2.46841e-03   1.54624e-03   5.45841e-06   1.25221e+00
  15  w_vw         1.43404e+01   constant   
  16  beta_vw      0.00000e+00     fixed    
  17  LM          -2.15884e-04   constant   
  18  zeta_y       0.00000e+00   constant   
  19  zeta_vw      0.00000e+00   constant   
  20  T_CBO        1.00000e+03   8.00520e+02   1.67482e-02** at limit **
  21  alpha_A0     1.58853e-03   7.55532e-03   3.25272e-03   3.19250e-03
  22  beta_A0      3.97647e-03   7.41448e-03   3.47011e-03  -7.43751e-04
  23  alpha_phi    1.00000e-02   1.70522e-02   7.44920e-03** at limit **
  24  beta_phi    -7.76308e-03   1.00726e-02   4.90808e-03   2.12798e-03
 EXTERNAL ERROR MATRIX.    NDIM=  25    NPAR=  7    ERR DEF=1
  2.368e-06 -7.723e-07 -9.663e-09 -1.138e-07  4.209e-08 -3.634e-13 -1.501e-07 
 -7.723e-07  2.391e-06  4.335e-09  8.256e-08  3.105e-08  1.644e-13  4.915e-08 
 -9.663e-09  4.335e-09  3.769e-04  2.583e-07  5.756e-07 -1.097e-12 -9.777e-07 
 -1.138e-07  8.256e-08  2.583e-07  7.402e-05  2.930e-06  7.755e-14 -3.480e-07 
  4.209e-08  3.105e-08  5.756e-07  2.930e-06  7.453e-05 -1.152e-12 -1.044e-05 
 -3.634e-13  1.644e-13 -1.097e-12  7.755e-14 -1.152e-12  5.812e-13  7.584e-12 
 -1.501e-07  4.915e-08 -9.777e-07 -3.480e-07 -1.044e-05  7.584e-12  7.142e-05 
 PARAMETER  CORRELATION COEFFICIENTS  
       NO.  GLOBAL     13     14     20     21     22     23     24
       13  0.32477   1.000 -0.325 -0.000 -0.009  0.003 -0.000 -0.012
       14  0.32456  -0.325  1.000  0.000  0.006  0.002  0.000  0.004
       20  0.00667  -0.000  0.000  1.000  0.002  0.003 -0.000 -0.006
       21  0.04058  -0.009  0.006  0.002  1.000  0.039  0.000 -0.005
       22  0.14830   0.003  0.002  0.003  0.039  1.000 -0.000 -0.143
       23  0.00122  -0.000  0.000 -0.000  0.000 -0.000  1.000  0.001
