 + ++++++++++++++++++++++++++++++++++++++++++++++++++++++++++++++++++++ +
 +                                                                      +
 +           You have chose to blind your fitting according to          +
 +                omega_ref * (1 + (R +/- deltaR) *10^{-6})             +
 +                                                                      +
 + ++++++++++++++++++++++++++++++++++++++++++++++++++++++++++++++++++++ +
In main()...
reading format from /gm2data/zkhechad/run45/envelope/formats/formatB_sBin_constraintOn.txt
pBinTau 	= 0  
pBinPhi 	= 0  
constraintau 	= 1 
includeMopTerm 	= 0    
constrainMop    = 0   
Parameters after format file: pBinTau 0 pBinPhi 0 constraintau 1 includeMopTerm 0 constrainMop 0 c_e_scale 0.000000 
Opening file /gm2data/tbarrett/gm2fr/studies/run23_bunch_corrections/CorrectedFourier_Run3b.root.
reading full fit data from /gm2data/zkhechad/cboTemplates/Run4CBOTemplates/fullFits/noRF/sBin_constraintOn_cE0.0_seed0_noRF_calo7.root
windowBins = 69
fitting sliding window 2590 from bin 2726 at 406.570000 to bin 2795 at 417.014000 (69 bins)

Reading data from /gm2data/cornell/histograms/aMethod/histogram_a_noRF.root
 **********
 **    1 **SET PRINTOUT            1
 **********
 **********
 **    2 **SET NOWARNINGS 
 **********
 PARAMETER DEFINITIONS:
    NO.   NAME         VALUE      STEP SIZE      LIMITS
     1 N0           3.03443e+06  1.00000e+02     no limits
     2 tau          6.44117e+01  constant
     3 A0           3.50188e-01  1.00000e-04     no limits
     4 phi          4.11726e+00  1.00000e-02     no limits
     5 R           -6.15857e+01  constant
     6 alpha_CBO    0.00000e+00  1.00000e-03     no limits
     7 w_CBO        2.32500e+00  constant
     8 beta_CBO     0.00000e+00  1.00000e-03     no limits
     9 alpha_2CBO   0.00000e+00  1.00000e-03     no limits
    10 beta_2CBO    0.00000e+00  1.00000e-03     no limits
    11 alpha_y      0.00000e+00  1.00000e-03     no limits
    12 w_y          1.38860e+01  constant
    13 beta_y       0.00000e+00  1.00000e-03     no limits
    14 alpha_vw     0.00000e+00  1.00000e-03     no limits
    15 w_vw         1.43404e+01  constant
    16 beta_vw      0.00000e+00  1.00000e-03     no limits
    17 LM           1.09700e-04  constant
    18 zeta_y       0.00000e+00  constant
    19 zeta_vw      0.00000e+00  constant
    20 T_CBO        1.00000e+02  1.00000e+00    0.00000e+00  1.00000e+03
    21 alpha_A0     0.00000e+00  1.00000e-03     no limits
    22 beta_A0      0.00000e+00  1.00000e-03     no limits
    23 alpha_phi    0.00000e+00  1.00000e-03     no limits
    24 beta_phi     0.00000e+00  1.00000e-03     no limits
MINUIT - FIT ONLY WIGGLE
 **********
 **    3 **FIX            5
 **********
 PARAMETER    5  IS CONSTANT.   IGNORED.
 **********
 **    4 **FIX            6
 **********
 **********
 **    5 **FIX            7
 **********
 PARAMETER    7  IS CONSTANT.   IGNORED.
 **********
 **    6 **FIX            8
 **********
 **********
 **    7 **FIX            9
 **********
 **********
 **    8 **FIX           10
 **********
 **********
 **    9 **FIX           11
 **********
 **********
 **   10 **FIX           12
 **********
 PARAMETER   12  IS CONSTANT.   IGNORED.
 **********
 **   11 **FIX           13
 **********
 **********
 **   12 **FIX           14
 **********
 **********
 **   13 **FIX           15
 **********
 PARAMETER   15  IS CONSTANT.   IGNORED.
 **********
 **   14 **FIX           16
 **********
 **********
 **   15 **MIGRAD
 **********
 FIRST CALL TO USER FUNCTION AT NEW START POINT, WITH IFLAG=4.
 START MIGRAD MINIMIZATION.  STRATEGY  1.  CONVERGENCE WHEN EDM .LT. 1.00e-04
 FCN=90.4868 FROM MIGRAD    STATUS=INITIATE      437 CALLS         438 TOTAL
                     EDM= unknown      STRATEGY= 1      NO ERROR MATRIX       
  EXT PARAMETER               CURRENT GUESS       STEP         FIRST   
  NO.   NAME      VALUE            ERROR          SIZE      DERIVATIVE 
   1  N0           3.03443e+06   1.00000e+02   0.00000e+00  -5.05591e-04
   2  tau          6.44117e+01   constant   
   3  A0           3.50188e-01   1.00000e-04   0.00000e+00  -2.18638e+03
   4  phi          4.11726e+00   1.00000e-02   0.00000e+00  -1.65770e+02
   5  R           -6.15857e+01   constant   
   6  alpha_CBO    0.00000e+00     fixed    
   7  w_CBO        2.32500e+00   constant   
   8  beta_CBO     0.00000e+00     fixed    
   9  alpha_2CBO   0.00000e+00     fixed    
  10  beta_2CBO    0.00000e+00     fixed    
  11  alpha_y      0.00000e+00     fixed    
  12  w_y          1.38860e+01   constant   
  13  beta_y       0.00000e+00     fixed    
  14  alpha_vw     0.00000e+00     fixed    
  15  w_vw         1.43404e+01   constant   
  16  beta_vw      0.00000e+00     fixed    
  17  LM           1.09700e-04   constant   
  18  zeta_y       0.00000e+00   constant   
  19  zeta_vw      0.00000e+00   constant   
  20  T_CBO        1.00000e+02   1.00000e+00   0.00000e+00   0.00000e+00
  21  alpha_A0     0.00000e+00   1.00000e-03   0.00000e+00   8.42300e+00
  22  beta_A0      0.00000e+00   1.00000e-03   0.00000e+00   6.85349e-02
  23  alpha_phi    0.00000e+00   1.00000e-03   0.00000e+00  -1.11413e+00
  24  beta_phi     0.00000e+00   1.00000e-03   0.00000e+00   1.00887e+01
 CALL LIMIT EXCEEDED IN MIGRAD.
 MIGRAD TERMINATED WITHOUT CONVERGENCE.
 FCN=82.431 FROM MIGRAD    STATUS=CALL LIMIT   1326 CALLS        1327 TOTAL
                     EDM=0.00110878    STRATEGY= 1  ERROR MATRIX UNCERTAINTY   0.9 per cent
  EXT PARAMETER                APPROXIMATE        STEP         FIRST   
  NO.   NAME      VALUE            ERROR          SIZE      DERIVATIVE 
   1  N0           3.03827e+06   3.08876e+03   3.12566e+00   5.02545e-06
   2  tau          6.44117e+01   constant   
   3  A0           3.51895e-01   1.31458e-03   2.15526e-05   3.90216e+00
   4  phi          4.11933e+00   4.03924e-03  -1.41335e-04  -2.92007e+00
   5  R           -6.15857e+01   constant   
   6  alpha_CBO    0.00000e+00     fixed    
   7  w_CBO        2.32500e+00   constant   
   8  beta_CBO     0.00000e+00     fixed    
   9  alpha_2CBO   0.00000e+00     fixed    
  10  beta_2CBO    0.00000e+00     fixed    
  11  alpha_y      0.00000e+00     fixed    
  12  w_y          1.38860e+01   constant   
  13  beta_y       0.00000e+00     fixed    
  14  alpha_vw     0.00000e+00     fixed    
  15  w_vw         1.43404e+01   constant   
  16  beta_vw      0.00000e+00     fixed    
  17  LM           1.09700e-04   constant   
  18  zeta_y       0.00000e+00   constant   
  19  zeta_vw      0.00000e+00   constant   
  20  T_CBO        4.81233e+01   2.04639e+01  -4.11121e-03  -4.52678e+00
  21  alpha_A0    -3.28124e+01   1.02788e+02  -4.16116e+00   2.49053e-04
  22  beta_A0      3.87390e+00   1.35263e+01   5.43805e-01   9.19656e-04
  23  alpha_phi    7.76323e+00   2.37636e+01   9.60052e-01  -3.42654e-03
  24  beta_phi    -5.36929e+01   1.72225e+02  -6.96301e+00   2.23845e-03
 EXTERNAL ERROR MATRIX.    NDIM=  25    NPAR=  8    ERR DEF=1
  9.540e+06  3.272e-01  1.723e+00 -3.058e+03 -1.779e+04  2.457e+03  4.201e+03 -3.050e+04 
  3.272e-01  1.728e-06 -4.381e-07 -3.072e-03 -1.473e-02  1.951e-03  3.402e-03 -2.471e-02 
  1.723e+00 -4.381e-07  1.632e-05  1.331e-02  7.511e-02 -9.705e-03 -1.717e-02  1.255e-01 
 -3.058e+03 -3.072e-03  1.331e-02  4.201e+02  2.093e+03 -2.751e+02 -4.838e+02  3.506e+03 
 -1.779e+04 -1.473e-02  7.511e-02  2.093e+03  1.057e+04 -1.390e+03 -2.442e+03  1.770e+04 
  2.457e+03  1.951e-03 -9.705e-03 -2.751e+02 -1.390e+03  1.830e+02  3.213e+02 -2.329e+03 
  4.201e+03  3.402e-03 -1.717e-02 -4.838e+02 -2.442e+03  3.213e+02  5.647e+02 -4.092e+03 
 -3.050e+04 -2.471e-02  1.255e-01  3.506e+03  1.770e+04 -2.329e+03 -4.092e+03  2.966e+04 
ERR MATRIX APPROXIMATE
 PARAMETER  CORRELATION COEFFICIENTS  
       NO.  GLOBAL      1      3      4     20     21     22     23     24
        1  0.30781   1.000  0.081  0.138 -0.048 -0.056  0.059  0.057 -0.057
        3  0.17310   0.081  1.000 -0.083 -0.114 -0.109  0.110  0.109 -0.109
        4  0.35434   0.138 -0.083  1.000  0.161  0.181 -0.178 -0.179  0.180
       20  0.99443  -0.048 -0.114  0.161  1.000  0.994 -0.992 -0.993  0.993
       21  0.99999  -0.056 -0.109  0.181  0.994  1.000 -1.000 -1.000  1.000
       22  0.99964   0.059  0.110 -0.178 -0.992 -1.000  1.000  0.999 -1.000
       23  0.99989   0.057  0.109 -0.179 -0.993 -1.000  0.999  1.000 -1.000
       24  0.99999  -0.057 -0.109  0.180  0.993  1.000 -1.000 -1.000  1.000
 ERR MATRIX APPROXIMATE
MINUIT - FIT ONLY 1-CBO + wiggle
 **********
 **   16 **RES 
 **********
                   PARAMETER   16  beta_vw RESTORED TO VARIABLE.
                   PARAMETER   14  alpha_vw RESTORED TO VARIABLE.
                   PARAMETER   13  beta_y RESTORED TO VARIABLE.
                   PARAMETER   11  alpha_y RESTORED TO VARIABLE.
                   PARAMETER   10  beta_2CBO RESTORED TO VARIABLE.
                   PARAMETER    9  alpha_2CBO RESTORED TO VARIABLE.
                   PARAMETER    8  beta_CBO RESTORED TO VARIABLE.
                   PARAMETER    6  alpha_CBO RESTORED TO VARIABLE.
 **********
 **   17 **FIX            8
 **********
 **********
 **   18 **FIX            9
 **********
 **********
 **   19 **FIX           11
 **********
 **********
 **   20 **FIX           12
 **********
 PARAMETER   12  IS CONSTANT.   IGNORED.
 **********
 **   21 **FIX           14
 **********
 **********
 **   22 **FIX           15
 **********
 PARAMETER   15  IS CONSTANT.   IGNORED.
 **********
 **   23 **FIX           16
 **********
 **********
 **   24 **MIGRAD
 **********
 START MIGRAD MINIMIZATION.  STRATEGY  1.  CONVERGENCE WHEN EDM .LT. 1.00e-04
 FCN=82.431 FROM MIGRAD    STATUS=INITIATE       28 CALLS        1355 TOTAL
                     EDM= unknown      STRATEGY= 1      NO ERROR MATRIX       
  EXT PARAMETER               CURRENT GUESS       STEP         FIRST   
  NO.   NAME      VALUE            ERROR          SIZE      DERIVATIVE 
   1  N0           3.03827e+06   3.08876e+03   3.12566e+00   5.02545e-06
   2  tau          6.44117e+01   constant   
   3  A0           3.51895e-01   1.31458e-03   2.15526e-05   3.90216e+00
   4  phi          4.11933e+00   4.03924e-03  -1.41335e-04  -2.92007e+00
   5  R           -6.15857e+01   constant   
   6  alpha_CBO    0.00000e+00   1.00000e-03   1.00000e-03  -7.51993e+02
   7  w_CBO        2.32500e+00   constant   
   8  beta_CBO     0.00000e+00     fixed    
   9  alpha_2CBO   0.00000e+00     fixed    
  10  beta_2CBO    0.00000e+00   1.00000e-03   1.00000e-03   1.43848e+03
  11  alpha_y      0.00000e+00     fixed    
  12  w_y          1.38860e+01   constant   
  13  beta_y       0.00000e+00   1.00000e-03   1.00000e-03   1.37498e+03
  14  alpha_vw     0.00000e+00     fixed    
  15  w_vw         1.43404e+01   constant   
  16  beta_vw      0.00000e+00     fixed    
  17  LM           1.09700e-04   constant   
  18  zeta_y       0.00000e+00   constant   
  19  zeta_vw      0.00000e+00   constant   
  20  T_CBO        4.81233e+01   2.04639e+01  -4.11121e-03  -4.52678e+00
  21  alpha_A0    -3.28124e+01   1.02788e+02  -4.16116e+00   2.49053e-04
  22  beta_A0      3.87390e+00   1.35263e+01   5.43805e-01   9.19656e-04
  23  alpha_phi    7.76323e+00   2.37636e+01   9.60052e-01  -3.42654e-03
  24  beta_phi    -5.36929e+01   1.72225e+02  -6.96301e+00   2.23845e-03
 CALL LIMIT EXCEEDED IN MIGRAD.
 MIGRAD TERMINATED WITHOUT CONVERGENCE.
 FCN=79.6574 FROM MIGRAD    STATUS=CALL LIMIT   1926 CALLS        3253 TOTAL
                     EDM=0.00217577    STRATEGY= 1  ERROR MATRIX UNCERTAINTY  19.8 per cent
  EXT PARAMETER                APPROXIMATE        STEP         FIRST   
  NO.   NAME      VALUE            ERROR          SIZE      DERIVATIVE 
   1  N0           3.03837e+06   3.28502e+03  -1.06979e+01   3.39553e-06
   2  tau          6.44117e+01   constant   
   3  A0           3.51840e-01   1.38647e-03  -3.42634e-06  -1.98192e+00
   4  phi          4.11967e+00   4.21267e-03   2.59148e-07   6.26550e+00
   5  R           -6.15857e+01   constant   
   6  alpha_CBO    8.72422e-04   1.54537e-03   3.49115e-06  -1.49408e+01
   7  w_CBO        2.32500e+00   constant   
   8  beta_CBO     0.00000e+00     fixed    
   9  alpha_2CBO   0.00000e+00     fixed    
  10  beta_2CBO   -1.65398e-03   1.50678e-03   5.25734e-06  -5.91965e+00
  11  alpha_y      0.00000e+00     fixed    
  12  w_y          1.38860e+01   constant   
  13  beta_y      -1.43319e-03   1.46623e-03  -1.53023e-06   4.89867e+00
  14  alpha_vw     0.00000e+00     fixed    
  15  w_vw         1.43404e+01   constant   
  16  beta_vw      0.00000e+00     fixed    
  17  LM           1.09700e-04   constant   
  18  zeta_y       0.00000e+00   constant   
  19  zeta_vw      0.00000e+00   constant   
  20  T_CBO        2.52161e+01   4.93264e+00  -2.13385e-03  -1.93482e+01
  21  alpha_A0    -6.81102e+04   1.78538e+05  -1.10595e+04  -4.97986e-07
  22  beta_A0     -4.06351e+03   1.06255e+04  -6.58269e+02   5.14598e-08
  23  alpha_phi    3.97530e+04   1.04200e+05   6.45471e+03   7.67960e-07
  24  beta_phi    -1.23639e+05   3.23848e+05  -2.00609e+04   2.33723e-06
 EXTERNAL ERROR MATRIX.    NDIM=  25    NPAR= 11    ERR DEF=1
  1.079e+07 
  5.960e-01  1.922e-06 
  1.844e+00 -5.331e-07  1.775e-05 
 -1.698e-01 -2.345e-07  1.282e-06  2.388e-06 
 -1.555e-01  3.591e-08  2.169e-07  2.106e-08  2.270e-06 
  5.699e-03 -6.144e-08  7.638e-08 -5.712e-09 -4.240e-08  2.150e-06 
  2.784e+02 -6.353e-05  4.134e-04 -1.047e-04 -9.046e-05  6.176e-05  2.434e+01 
  5.691e+06  3.007e+00  8.367e+00 -3.453e+00 -4.684e+00  1.239e+00  8.756e+05  3.188e+10 
  3.413e+05  1.762e-01  5.218e-01 -2.035e-01 -2.720e-01  7.355e-02  5.211e+04  1.897e+09  1.129e+08 
 -3.319e+06 -1.757e+00 -4.868e+00  2.027e+00  2.728e+00 -7.217e-01 -5.110e+05 -1.860e+10 -1.107e+09  1.086e+10 
  1.029e+07  5.460e+00  1.515e+01 -6.279e+00 -8.497e+00  2.246e+00  1.588e+06  5.782e+10  3.441e+09 -3.374e+10  1.049e+11 
ERR MATRIX APPROXIMATE
 PARAMETER  CORRELATION COEFFICIENTS  
       NO.  GLOBAL      1      3      4      6     10     13     20     21     22     23     24
        1  0.26961   1.000  0.131  0.133 -0.033 -0.031  0.001  0.017  0.010  0.010 -0.010  0.010
        3  0.29286   0.131  1.000 -0.091 -0.109  0.017 -0.030 -0.009  0.012  0.012 -0.012  0.012
        4  0.31530   0.133 -0.091  1.000  0.197  0.034  0.012  0.020  0.011  0.012 -0.011  0.011
        6  0.31325  -0.033 -0.109  0.197  1.000  0.009 -0.003 -0.014 -0.013 -0.012  0.013 -0.013
       10  0.21668  -0.031  0.017  0.034  0.009  1.000 -0.019 -0.012 -0.017 -0.017  0.017 -0.017
       13  0.05695   0.001 -0.030  0.012 -0.003 -0.019  1.000  0.009  0.005  0.005 -0.005  0.005
       20  0.99447   0.017 -0.009  0.020 -0.014 -0.012  0.009  1.000  0.994  0.994 -0.994  0.994
       21  1.00000   0.010  0.012  0.011 -0.013 -0.017  0.005  0.994  1.000  1.000 -1.000  1.000
       22  1.00000   0.010  0.012  0.012 -0.012 -0.017  0.005  0.994  1.000  1.000 -1.000  1.000
       23  1.00000  -0.010 -0.012 -0.011  0.013  0.017 -0.005 -0.994 -1.000 -1.000  1.000 -1.000
       24  1.00000   0.010  0.012  0.011 -0.013 -0.017  0.005  0.994  1.000  1.000 -1.000  1.000
 ERR MATRIX APPROXIMATE
MINUIT - FIT ONLY 2-CBO
 **********
 **   25 **RES 
 **********
                   PARAMETER   16  beta_vw RESTORED TO VARIABLE.
                   PARAMETER   14  alpha_vw RESTORED TO VARIABLE.
                   PARAMETER   11  alpha_y RESTORED TO VARIABLE.
                   PARAMETER    9  alpha_2CBO RESTORED TO VARIABLE.
                   PARAMETER    8  beta_CBO RESTORED TO VARIABLE.
 **********
 **   26 **FIX            0
 **********
 PARAMETER    0  IS UNDEFINED. IGNORED.
 **********
 **   27 **FIX            1
 **********
 **********
 **   28 **FIX            2
 **********
 PARAMETER    2  IS CONSTANT.   IGNORED.
 **********
 **   29 **FIX            3
 **********
 **********
 **   30 **FIX            4
 **********
 **********
 **   31 **FIX            5
 **********
 PARAMETER    5  IS CONSTANT.   IGNORED.
 **********
 **   32 **FIX            6
 **********
 **********
 **   33 **FIX            7
 **********
 PARAMETER    7  IS CONSTANT.   IGNORED.
 **********
 **   34 **FIX           10
 **********
 **********
 **   35 **FIX           11
 **********
 **********
 **   36 **FIX           12
 **********
 PARAMETER   12  IS CONSTANT.   IGNORED.
 **********
 **   37 **FIX           13
 **********
 **********
 **   38 **FIX           14
 **********
 **********
 **   39 **FIX           15
 **********
 PARAMETER   15  IS CONSTANT.   IGNORED.
 **********
 **   40 **FIX           16
 **********
 **********
 **   41 **MIGRAD
 **********
 START MIGRAD MINIMIZATION.  STRATEGY  1.  CONVERGENCE WHEN EDM .LT. 1.00e-04
 FCN=79.6574 FROM MIGRAD    STATUS=INITIATE       18 CALLS        3271 TOTAL
                     EDM= unknown      STRATEGY= 1      NO ERROR MATRIX       
  EXT PARAMETER               CURRENT GUESS       STEP         FIRST   
  NO.   NAME      VALUE            ERROR          SIZE      DERIVATIVE 
   1  N0           3.03837e+06     fixed    
   2  tau          6.44117e+01   constant   
   3  A0           3.51840e-01     fixed    
   4  phi          4.11967e+00     fixed    
   5  R           -6.15857e+01   constant   
   6  alpha_CBO    8.72422e-04     fixed    
   7  w_CBO        2.32500e+00   constant   
   8  beta_CBO     0.00000e+00   1.00000e-03   1.00000e-03   1.43676e+03
   9  alpha_2CBO   0.00000e+00   1.00000e-03   1.00000e-03  -5.00619e+02
  10  beta_2CBO   -1.65398e-03     fixed    
  11  alpha_y      0.00000e+00     fixed    
  12  w_y          1.38860e+01   constant   
  13  beta_y      -1.43319e-03     fixed    
  14  alpha_vw     0.00000e+00     fixed    
  15  w_vw         1.43404e+01   constant   
  16  beta_vw      0.00000e+00     fixed    
  17  LM           1.09700e-04   constant   
  18  zeta_y       0.00000e+00   constant   
  19  zeta_vw      0.00000e+00   constant   
  20  T_CBO        2.52161e+01   4.93264e+00  -2.13385e-03  -1.93481e+01
  21  alpha_A0    -6.81102e+04   1.78538e+05  -1.10595e+04  -4.97986e-07
  22  beta_A0     -4.06351e+03   1.06255e+04  -6.58269e+02   5.14591e-08
  23  alpha_phi    3.97530e+04   1.04200e+05   6.45471e+03   7.67960e-07
  24  beta_phi    -1.23639e+05   3.23848e+05  -2.00609e+04   2.33723e-06
 CALL LIMIT EXCEEDED IN MIGRAD.
 MIGRAD TERMINATED WITHOUT CONVERGENCE.
 FCN=78.1165 FROM MIGRAD    STATUS=CALL LIMIT   1147 CALLS        4400 TOTAL
                     EDM=0.00208943    STRATEGY= 1  ERROR MATRIX UNCERTAINTY  18.4 per cent
  EXT PARAMETER                APPROXIMATE        STEP         FIRST   
  NO.   NAME      VALUE            ERROR          SIZE      DERIVATIVE 
   1  N0           3.03837e+06     fixed    
   2  tau          6.44117e+01   constant   
   3  A0           3.51840e-01     fixed    
   4  phi          4.11967e+00     fixed    
   5  R           -6.15857e+01   constant   
   6  alpha_CBO    8.72422e-04     fixed    
   7  w_CBO        2.32500e+00   constant   
   8  beta_CBO    -1.58966e-03   1.54635e-03   3.11767e-05   7.93525e+00
   9  alpha_2CBO   4.93793e-04   1.47980e-03   8.82325e-07  -1.24339e+01
  10  beta_2CBO   -1.65398e-03     fixed    
  11  alpha_y      0.00000e+00     fixed    
  12  w_y          1.38860e+01   constant   
  13  beta_y      -1.43319e-03     fixed    
  14  alpha_vw     0.00000e+00     fixed    
  15  w_vw         1.43404e+01   constant   
  16  beta_vw      0.00000e+00     fixed    
  17  LM           1.09700e-04   constant   
  18  zeta_y       0.00000e+00   constant   
  19  zeta_vw      0.00000e+00   constant   
  20  T_CBO        1.71931e+01   1.99891e+00  -4.73837e-04  -3.63730e+01
  21  alpha_A0    -1.25831e+08   3.04163e+08  -9.40511e+06   4.42171e-10
  22  beta_A0     -3.39806e+07   8.23325e+07  -2.54565e+06   1.87708e-10
  23  alpha_phi    7.79939e+07   1.88725e+08   5.83569e+06   1.35668e-10
  24  beta_phi    -2.65164e+08   6.41368e+08  -1.98320e+07   6.83878e-10
 EXTERNAL ERROR MATRIX.    NDIM=  25    NPAR=  7    ERR DEF=1
  2.391e-06  4.537e-08 -1.764e-04 -3.950e+04 -1.068e+04  2.451e+04 -8.329e+04 
  4.537e-08  2.190e-06 -8.445e-05  1.646e+03  4.429e+02 -1.012e+03  3.448e+03 
 -1.764e-04 -8.445e-05  3.996e+00  6.060e+08  1.640e+08 -3.760e+08  1.278e+09 
 -3.950e+04  1.646e+03  6.060e+08  9.251e+16  2.504e+16 -5.740e+16  1.951e+17 
 -1.068e+04  4.429e+02  1.640e+08  2.504e+16  6.779e+15 -1.554e+16  5.281e+16 
  2.451e+04 -1.012e+03 -3.760e+08 -5.740e+16 -1.554e+16  3.562e+16 -1.210e+17 
 -8.329e+04  3.448e+03  1.278e+09  1.951e+17  5.281e+16 -1.210e+17  4.114e+17 
ERR MATRIX APPROXIMATE
 PARAMETER  CORRELATION COEFFICIENTS  
       NO.  GLOBAL      8      9     20     21     22     23     24
        8  0.40253   1.000  0.020 -0.057 -0.084 -0.084  0.084 -0.084
        9  0.43664   0.020  1.000 -0.029  0.004  0.004 -0.004  0.004
       20  0.99760  -0.057 -0.029  1.000  0.997  0.997 -0.997  0.997
       21  1.00000  -0.084  0.004  0.997  1.000  1.000 -1.000  1.000
       22  1.00000  -0.084  0.004  0.997  1.000  1.000 -1.000  1.000
       23  1.00000   0.084 -0.004 -0.997 -1.000 -1.000  1.000 -1.000
       24  1.00000  -0.084  0.004  0.997  1.000  1.000 -1.000  1.000
 ERR MATRIX APPROXIMATE
MINUIT - FIT wiggle + 1-CBO + 2-CBO
 **********
 **   42 **RES 
 **********
                   PARAMETER   16  beta_vw RESTORED TO VARIABLE.
                   PARAMETER   14  alpha_vw RESTORED TO VARIABLE.
                   PARAMETER   13  beta_y RESTORED TO VARIABLE.
                   PARAMETER   11  alpha_y RESTORED TO VARIABLE.
                   PARAMETER   10  beta_2CBO RESTORED TO VARIABLE.
                   PARAMETER    6  alpha_CBO RESTORED TO VARIABLE.
                   PARAMETER    4  phi RESTORED TO VARIABLE.
                   PARAMETER    3  A0 RESTORED TO VARIABLE.
                   PARAMETER    1  N0 RESTORED TO VARIABLE.
 **********
 **   43 **FIX           10
 **********
 **********
 **   44 **FIX           11
 **********
 **********
 **   45 **FIX           12
 **********
 PARAMETER   12  IS CONSTANT.   IGNORED.
 **********
 **   46 **FIX           13
 **********
 **********
 **   47 **FIX           14
 **********
 **********
 **   48 **FIX           15
 **********
 PARAMETER   15  IS CONSTANT.   IGNORED.
 **********
 **   49 **FIX           16
 **********
 **********
 **   50 **MIGRAD
 **********
 START MIGRAD MINIMIZATION.  STRATEGY  1.  CONVERGENCE WHEN EDM .LT. 1.00e-04
 FCN=78.1165 FROM MIGRAD    STATUS=INITIATE       51 CALLS        4451 TOTAL
                     EDM= unknown      STRATEGY= 1      NO ERROR MATRIX       
  EXT PARAMETER               CURRENT GUESS       STEP         FIRST   
  NO.   NAME      VALUE            ERROR          SIZE      DERIVATIVE 
   1  N0           3.03837e+06   3.28502e+03   0.00000e+00  -2.23758e-05
   2  tau          6.44117e+01   constant   
   3  A0           3.51840e-01   1.38647e-03   0.00000e+00  -3.78431e+02
   4  phi          4.11967e+00   4.21267e-03   0.00000e+00  -3.90863e+00
   5  R           -6.15857e+01   constant   
   6  alpha_CBO    8.72422e-04   1.54537e-03   0.00000e+00  -4.90102e+01
   7  w_CBO        2.32500e+00   constant   
   8  beta_CBO    -1.58966e-03   1.54635e-03   0.00000e+00   7.94981e+00
   9  alpha_2CBO   4.93793e-04   1.47980e-03   0.00000e+00  -1.23625e+01
  10  beta_2CBO   -1.65398e-03     fixed    
  11  alpha_y      0.00000e+00     fixed    
  12  w_y          1.38860e+01   constant   
  13  beta_y      -1.43319e-03     fixed    
  14  alpha_vw     0.00000e+00     fixed    
  15  w_vw         1.43404e+01   constant   
  16  beta_vw      0.00000e+00     fixed    
  17  LM           1.09700e-04   constant   
  18  zeta_y       0.00000e+00   constant   
  19  zeta_vw      0.00000e+00   constant   
  20  T_CBO        1.71931e+01   1.99891e+00   0.00000e+00  -3.62264e+01
  21  alpha_A0    -1.25891e+08   3.04163e+08  -6.00007e+04   4.35704e-10
  22  beta_A0     -3.39806e+07   8.23325e+07   0.00000e+00   1.87156e-10
  23  alpha_phi    7.79939e+07   1.88725e+08   0.00000e+00   1.35485e-10
  24  beta_phi    -2.65164e+08   6.41368e+08   0.00000e+00   6.83532e-10
 CALL LIMIT EXCEEDED IN MIGRAD.
 MIGRAD TERMINATED WITHOUT CONVERGENCE.
 FCN=77.8384 FROM MIGRAD    STATUS=CALL LIMIT   1912 CALLS        6312 TOTAL
                     EDM=0.00199466    STRATEGY= 1  ERROR MATRIX UNCERTAINTY  29.2 per cent
  EXT PARAMETER                APPROXIMATE        STEP         FIRST   
  NO.   NAME      VALUE            ERROR          SIZE      DERIVATIVE 
   1  N0           3.03874e+06   3.20810e+03   6.80148e+01   8.09782e-06
   2  tau          6.44117e+01   constant   
   3  A0           3.52195e-01   1.36695e-03  -1.72933e-05  -1.63609e+01
   4  phi          4.11982e+00   4.06212e-03  -2.24341e-06  -4.50852e-01
   5  R           -6.15857e+01   constant   
   6  alpha_CBO    8.74896e-04   1.48307e-03  -1.00595e-05  -4.93310e+00
   7  w_CBO        2.32500e+00   constant   
   8  beta_CBO    -1.64621e-03   1.49429e-03  -2.92627e-06  -5.45111e+00
   9  alpha_2CBO   4.97262e-04   1.47143e-03   1.66696e-05   4.63767e+00
  10  beta_2CBO   -1.65398e-03     fixed    
  11  alpha_y      0.00000e+00     fixed    
  12  w_y          1.38860e+01   constant   
  13  beta_y      -1.43319e-03     fixed    
  14  alpha_vw     0.00000e+00     fixed    
  15  w_vw         1.43404e+01   constant   
  16  beta_vw      0.00000e+00     fixed    
  17  LM           1.09700e-04   constant   
  18  zeta_y       0.00000e+00   constant   
  19  zeta_vw      0.00000e+00   constant   
  20  T_CBO        1.32223e+01   1.07019e+00  -2.95295e-04  -1.73433e+01
  21  alpha_A0    -1.60255e+11   3.57141e+11  -1.02384e+10  -4.30352e-13
  22  beta_A0     -2.29862e+10   5.13457e+10  -1.47187e+09   2.01220e-12
  23  alpha_phi    1.06373e+11   2.37964e+11   6.82099e+09  -5.99898e-14
  24  beta_phi    -3.64983e+11   8.16328e+11  -2.34006e+10   3.04344e-13
 EXTERNAL ERROR MATRIX.    NDIM=  25    NPAR= 11    ERR DEF=1
  1.029e+07 
  5.663e-01  1.869e-06 
  1.820e+00 -3.435e-07  1.650e-05 
 -2.310e-01 -2.330e-07  1.068e-06  2.199e-06 
 -8.852e-02 -3.644e-07 -3.681e-07 -5.204e-08  2.233e-06 
 -1.627e-01  1.211e-07 -2.168e-07 -2.797e-08  1.156e-08  2.165e-06 
 -9.083e+02  2.194e-04  7.711e-05  1.334e-04  1.985e-05 -2.853e-04  1.145e+00 
 -3.535e+14  8.930e+07  7.565e+06  5.107e+07  1.552e+07 -8.206e+07  3.771e+11  1.275e+23 
 -5.084e+13  1.284e+07  1.083e+06  7.340e+06  2.231e+06 -1.180e+07  5.421e+10  1.834e+22  2.636e+21 
  2.356e+14 -5.950e+07 -4.928e+06 -3.397e+07 -1.034e+07  5.468e+07 -2.512e+11 -8.499e+22 -1.222e+22  5.663e+22 
 -8.084e+14  2.041e+08  1.710e+07  1.167e+08  3.548e+07 -1.876e+08  8.618e+11  2.915e+23  4.191e+22 -1.943e+23  6.664e+23 
ERR MATRIX APPROXIMATE
 PARAMETER  CORRELATION COEFFICIENTS  
       NO.  GLOBAL      1      3      4      6      8      9     20     21     22     23     24
        1  0.52588   1.000  0.129  0.140 -0.049 -0.018 -0.034 -0.265 -0.309 -0.309  0.309 -0.309
        3  0.46918   0.129  1.000 -0.062 -0.115 -0.178  0.060  0.150  0.183  0.183 -0.183  0.183
        4  0.28264   0.140 -0.062  1.000  0.177 -0.061 -0.036  0.018  0.005  0.005 -0.005  0.005
        6  0.34773  -0.049 -0.115  0.177  1.000 -0.023 -0.013  0.084  0.096  0.096 -0.096  0.096
        8  0.27728  -0.018 -0.178 -0.061 -0.023  1.000  0.005  0.012  0.029  0.029 -0.029  0.029
        9  0.31239  -0.034  0.060 -0.036 -0.013  0.005  1.000 -0.181 -0.156 -0.156  0.156 -0.156
       20  0.99045  -0.265  0.150  0.018  0.084  0.012 -0.181  1.000  0.986  0.986 -0.986  0.986
       21  1.00000  -0.309  0.183  0.005  0.096  0.029 -0.156  0.986  1.000  1.000 -1.000  1.000
       22  1.00000  -0.309  0.183  0.005  0.096  0.029 -0.156  0.986  1.000  1.000 -1.000  1.000
       23  1.00000   0.309 -0.183 -0.005 -0.096 -0.029  0.156 -0.986 -1.000 -1.000  1.000 -1.000
       24  1.00000  -0.309  0.183  0.005  0.096  0.029 -0.156  0.986  1.000  1.000 -1.000  1.000
 ERR MATRIX APPROXIMATE
MINUIT - FIT ONLY 1-y
 **********
 **   51 **RES 
 **********
                   PARAMETER   16  beta_vw RESTORED TO VARIABLE.
                   PARAMETER   14  alpha_vw RESTORED TO VARIABLE.
                   PARAMETER   13  beta_y RESTORED TO VARIABLE.
                   PARAMETER   11  alpha_y RESTORED TO VARIABLE.
                   PARAMETER   10  beta_2CBO RESTORED TO VARIABLE.
 **********
 **   52 **FIX            0
 **********
 PARAMETER    0  IS UNDEFINED. IGNORED.
 **********
 **   53 **FIX            1
 **********
 **********
 **   54 **FIX            2
 **********
 PARAMETER    2  IS CONSTANT.   IGNORED.
 **********
 **   55 **FIX            3
 **********
 **********
 **   56 **FIX            4
 **********
 **********
 **   57 **FIX            5
 **********
 PARAMETER    5  IS CONSTANT.   IGNORED.
 **********
 **   58 **FIX            6
 **********
 **********
 **   59 **FIX            7
 **********
 PARAMETER    7  IS CONSTANT.   IGNORED.
 **********
 **   60 **FIX            8
 **********
 **********
 **   61 **FIX            9
 **********
 **********
 **   62 **FIX           13
 **********
 **********
 **   63 **FIX           14
 **********
 **********
 **   64 **FIX           15
 **********
 PARAMETER   15  IS CONSTANT.   IGNORED.
 **********
 **   65 **FIX           16
 **********
 **********
 **   66 **MIGRAD
 **********
 START MIGRAD MINIMIZATION.  STRATEGY  1.  CONVERGENCE WHEN EDM .LT. 1.00e-04
 FCN=77.8384 FROM MIGRAD    STATUS=INITIATE       37 CALLS        6349 TOTAL
                     EDM= unknown      STRATEGY= 1      NO ERROR MATRIX       
  EXT PARAMETER               CURRENT GUESS       STEP         FIRST   
  NO.   NAME      VALUE            ERROR          SIZE      DERIVATIVE 
   1  N0           3.03874e+06     fixed    
   2  tau          6.44117e+01   constant   
   3  A0           3.52195e-01     fixed    
   4  phi          4.11982e+00     fixed    
   5  R           -6.15857e+01   constant   
   6  alpha_CBO    8.74896e-04     fixed    
   7  w_CBO        2.32500e+00   constant   
   8  beta_CBO    -1.64621e-03     fixed    
   9  alpha_2CBO   4.97262e-04     fixed    
  10  beta_2CBO   -1.65398e-03   1.50678e-03   0.00000e+00  -1.11276e+02
  11  alpha_y      0.00000e+00   1.00000e-03   0.00000e+00   2.25472e+03
  12  w_y          1.38860e+01   constant   
  13  beta_y      -1.43319e-03     fixed    
  14  alpha_vw     0.00000e+00     fixed    
  15  w_vw         1.43404e+01   constant   
  16  beta_vw      0.00000e+00     fixed    
  17  LM           1.09700e-04   constant   
  18  zeta_y       0.00000e+00   constant   
  19  zeta_vw      0.00000e+00   constant   
  20  T_CBO        1.32223e+01   1.07019e+00   0.00000e+00  -1.73330e+01
  21  alpha_A0    -1.60255e+11   3.57141e+11   0.00000e+00  -4.30230e-13
  22  beta_A0     -2.29972e+10   5.13457e+10  -1.09607e+07   2.01286e-12
  23  alpha_phi    1.06373e+11   2.37964e+11   0.00000e+00  -6.00401e-14
  24  beta_phi    -3.64983e+11   8.16328e+11   0.00000e+00   3.04199e-13
 CALL LIMIT EXCEEDED IN MIGRAD.
 MIGRAD TERMINATED WITHOUT CONVERGENCE.
 FCN=74.9201 FROM MIGRAD    STATUS=CALL LIMIT   1147 CALLS        7459 TOTAL
                     EDM=0.000814069    STRATEGY= 1  ERROR MATRIX UNCERTAINTY  55.4 per cent
  EXT PARAMETER                APPROXIMATE        STEP         FIRST   
  NO.   NAME      VALUE            ERROR          SIZE      DERIVATIVE 
   1  N0           3.03874e+06     fixed    
   2  tau          6.44117e+01   constant   
   3  A0           3.52195e-01     fixed    
   4  phi          4.11982e+00     fixed    
   5  R           -6.15857e+01   constant   
   6  alpha_CBO    8.74896e-04     fixed    
   7  w_CBO        2.32500e+00   constant   
   8  beta_CBO    -1.64621e-03     fixed    
   9  alpha_2CBO   4.97262e-04     fixed    
  10  beta_2CBO   -1.60266e-03   1.46713e-03   2.11811e-06   8.25433e+00
  11  alpha_y     -2.43306e-03   1.45832e-03   6.74876e-07  -6.37090e+00
  12  w_y          1.38860e+01   constant   
  13  beta_y      -1.43319e-03     fixed    
  14  alpha_vw     0.00000e+00     fixed    
  15  w_vw         1.43404e+01   constant   
  16  beta_vw      0.00000e+00     fixed    
  17  LM           1.09700e-04   constant   
  18  zeta_y       0.00000e+00   constant   
  19  zeta_vw      0.00000e+00   constant   
  20  T_CBO        1.14602e+01   8.11879e-01   1.14303e-04  -1.49773e+01
  21  alpha_A0    -1.78247e+13   4.29623e+13   4.19353e+11   9.80354e-16
  22  beta_A0     -8.28589e+12   2.46744e+13   2.27607e+11  -5.04599e-15
  23  alpha_phi    1.38189e+13   3.56142e+13  -3.41235e+11   2.55969e-15
  24  beta_phi    -4.25669e+13   1.03515e+14   1.00776e+12   3.21138e-15
 EXTERNAL ERROR MATRIX.    NDIM=  25    NPAR=  7    ERR DEF=1
  2.152e-06 -4.443e-08 -4.397e-05 -2.617e+09 -1.443e+09  2.127e+09 -6.300e+09 
 -4.443e-08  2.127e-06  6.822e-05  3.793e+09  2.182e+09 -3.143e+09  9.134e+09 
 -4.397e-05  6.822e-05  6.592e-01  3.441e+13  1.970e+13 -2.849e+13  8.289e+13 
 -2.617e+09  3.793e+09  3.441e+13  1.846e+27  1.060e+27 -1.530e+27  4.447e+27 
 -1.443e+09  2.182e+09  1.970e+13  1.060e+27  6.088e+26 -8.786e+26  2.553e+27 
  2.127e+09 -3.143e+09 -2.849e+13 -1.530e+27 -8.786e+26  1.268e+27 -3.686e+27 
 -6.300e+09  9.134e+09  8.289e+13  4.447e+27  2.553e+27 -3.686e+27  1.072e+28 
ERR MATRIX APPROXIMATE
 PARAMETER  CORRELATION COEFFICIENTS  
       NO.  GLOBAL     10     11     20     21     22     23     24
       10  0.15599   1.000 -0.021 -0.037 -0.042 -0.040  0.041 -0.041
       11  0.06573  -0.021  1.000  0.058  0.061  0.061 -0.061  0.061
       20  0.99271  -0.037  0.058  1.000  0.986  0.983 -0.985  0.986
       21  0.99999  -0.042  0.061  0.986  1.000  1.000 -1.000  1.000
       22  0.99995  -0.040  0.061  0.983  1.000  1.000 -1.000  1.000
       23  0.99999   0.041 -0.061 -0.985 -1.000 -1.000  1.000 -1.000
       24  1.00000  -0.041  0.061  0.986  1.000  1.000 -1.000  1.000
 ERR MATRIX APPROXIMATE
MINUIT - FIT ONLY 2-y
 **********
 **   67 **RES 
 **********
                   PARAMETER   16  beta_vw RESTORED TO VARIABLE.
                   PARAMETER   14  alpha_vw RESTORED TO VARIABLE.
                   PARAMETER   13  beta_y RESTORED TO VARIABLE.
                   PARAMETER    9  alpha_2CBO RESTORED TO VARIABLE.
                   PARAMETER    8  beta_CBO RESTORED TO VARIABLE.
                   PARAMETER    6  alpha_CBO RESTORED TO VARIABLE.
                   PARAMETER    4  phi RESTORED TO VARIABLE.
                   PARAMETER    3  A0 RESTORED TO VARIABLE.
                   PARAMETER    1  N0 RESTORED TO VARIABLE.
 **********
 **   68 **FIX            0
 **********
 PARAMETER    0  IS UNDEFINED. IGNORED.
 **********
 **   69 **FIX            1
 **********
 **********
 **   70 **FIX            2
 **********
 PARAMETER    2  IS CONSTANT.   IGNORED.
 **********
 **   71 **FIX            3
 **********
 **********
 **   72 **FIX            4
 **********
 **********
 **   73 **FIX            5
 **********
 PARAMETER    5  IS CONSTANT.   IGNORED.
 **********
 **   74 **FIX            6
 **********
 **********
 **   75 **FIX            7
 **********
 PARAMETER    7  IS CONSTANT.   IGNORED.
 **********
 **   76 **FIX            8
 **********
 **********
 **   77 **FIX            9
 **********
 **********
 **   78 **FIX           10
 **********
 **********
 **   79 **FIX           11
 **********
 **********
 **   80 **FIX           12
 **********
 PARAMETER   12  IS CONSTANT.   IGNORED.
 **********
 **   81 **FIX           16
 **********
 **********
 **   82 **MIGRAD
 **********
 START MIGRAD MINIMIZATION.  STRATEGY  1.  CONVERGENCE WHEN EDM .LT. 1.00e-04
 FCN=74.9201 FROM MIGRAD    STATUS=INITIATE       58 CALLS        7517 TOTAL
                     EDM= unknown      STRATEGY= 1      NO ERROR MATRIX       
  EXT PARAMETER               CURRENT GUESS       STEP         FIRST   
  NO.   NAME      VALUE            ERROR          SIZE      DERIVATIVE 
   1  N0           3.03874e+06     fixed    
   2  tau          6.44117e+01   constant   
   3  A0           3.52195e-01     fixed    
   4  phi          4.11982e+00     fixed    
   5  R           -6.15857e+01   constant   
   6  alpha_CBO    8.74896e-04     fixed    
   7  w_CBO        2.32500e+00   constant   
   8  beta_CBO    -1.64621e-03     fixed    
   9  alpha_2CBO   4.97262e-04     fixed    
  10  beta_2CBO   -1.60266e-03     fixed    
  11  alpha_y     -2.43306e-03     fixed    
  12  w_y          1.38860e+01   constant   
  13  beta_y      -1.43319e-03   1.46623e-03   0.00000e+00  -3.54132e+01
  14  alpha_vw     0.00000e+00   1.00000e-03   0.00000e+00  -1.01196e+03
  15  w_vw         1.43404e+01   constant   
  16  beta_vw      0.00000e+00     fixed    
  17  LM           1.09700e-04   constant   
  18  zeta_y       0.00000e+00   constant   
  19  zeta_vw      0.00000e+00   constant   
  20  T_CBO        1.14602e+01   8.11879e-01   0.00000e+00  -1.48330e+01
  21  alpha_A0    -1.78332e+13   4.29623e+13   0.00000e+00   9.44748e-16
  22  beta_A0     -8.28589e+12   2.46744e+13   0.00000e+00  -5.04332e-15
  23  alpha_phi    1.38123e+13   3.56142e+13  -6.58935e+09   2.51751e-15
  24  beta_phi    -4.25669e+13   1.03515e+14   0.00000e+00   3.20255e-15
 MIGRAD MINIMIZATION HAS CONVERGED.
 MIGRAD WILL VERIFY CONVERGENCE AND ERROR MATRIX.
 COVARIANCE MATRIX CALCULATED SUCCESSFULLY
 FCN=74.3153 FROM MIGRAD    STATUS=CONVERGED     242 CALLS        7701 TOTAL
                     EDM=1.92417e-08    STRATEGY= 1      ERROR MATRIX ACCURATE 
  EXT PARAMETER                                   STEP         FIRST   
  NO.   NAME      VALUE            ERROR          SIZE      DERIVATIVE 
   1  N0           3.03874e+06     fixed    
   2  tau          6.44117e+01   constant   
   3  A0           3.52195e-01     fixed    
   4  phi          4.11982e+00     fixed    
   5  R           -6.15857e+01   constant   
   6  alpha_CBO    8.74896e-04     fixed    
   7  w_CBO        2.32500e+00   constant   
   8  beta_CBO    -1.64621e-03     fixed    
   9  alpha_2CBO   4.97262e-04     fixed    
  10  beta_2CBO   -1.60266e-03     fixed    
  11  alpha_y     -2.43306e-03     fixed    
  12  w_y          1.38860e+01   constant   
  13  beta_y      -1.78674e-03   1.54177e-03   6.17037e-06   5.95887e-02
  14  alpha_vw     1.19595e-03   1.54543e-03   6.18739e-06   9.30010e-02
  15  w_vw         1.43404e+01   constant   
  16  beta_vw      0.00000e+00     fixed    
  17  LM           1.09700e-04   constant   
  18  zeta_y       0.00000e+00   constant   
  19  zeta_vw      0.00000e+00   constant   
  20  T_CBO        1.14495e+01   1.37045e-01   5.43886e-06   1.04193e-01
  21  alpha_A0    -1.80747e+13   1.41421e+00   8.61867e+06   1.30959e-15
  22  beta_A0     -7.10766e+12   1.41421e+00   3.38920e+06   3.92862e-16
  23  alpha_phi    1.34796e+13   1.41421e+00   6.42755e+06  -7.40661e-18
  24  beta_phi    -4.47297e+13   1.41421e+00   2.13288e+07   7.93535e-17
 EXTERNAL ERROR MATRIX.    NDIM=  25    NPAR=  7    ERR DEF=1
  2.377e-06 -7.802e-07  7.495e-06  4.310e-19  1.770e-18  6.434e-18  1.429e-18 
 -7.802e-07  2.388e-06 -4.699e-06 -3.459e-19 -2.987e-19 -4.166e-18 -1.014e-18 
  7.495e-06 -4.699e-06  1.878e-02  4.755e-15  3.644e-15 -2.031e-15  1.113e-14 
  4.310e-19 -3.459e-19  4.755e-15  2.000e+00 -3.682e-24  1.020e-27  7.768e-27 
  1.770e-18 -2.987e-19  3.644e-15 -3.682e-24  2.000e+00 -5.613e-27  8.843e-27 
  6.434e-18 -4.166e-18 -2.031e-15  1.020e-27 -5.613e-27  2.000e+00  3.140e-27 
  1.429e-18 -1.014e-18  1.113e-14  7.768e-27  8.843e-27  3.140e-27  2.000e+00 
 PARAMETER  CORRELATION COEFFICIENTS  
       NO.  GLOBAL     13     14     20     21     22     23     24
       13  0.32865   1.000 -0.327  0.035  0.000  0.000  0.000  0.000
       14  0.32761  -0.327  1.000 -0.022 -0.000 -0.000 -0.000 -0.000
       20  0.03720   0.035 -0.022  1.000  0.000  0.000 -0.000  0.000
       21  0.00000   0.000 -0.000  0.000  1.000 -0.000  0.000  0.000
       22  0.00000   0.000 -0.000  0.000 -0.000  1.000 -0.000  0.000
       23  0.00000   0.000 -0.000 -0.000  0.000 -0.000  1.000  0.000
