 + ++++++++++++++++++++++++++++++++++++++++++++++++++++++++++++++++++++ +
 +                                                                      +
 +           You have chose to blind your fitting according to          +
 +                omega_ref * (1 + (R +/- deltaR) *10^{-6})             +
 +                                                                      +
 + ++++++++++++++++++++++++++++++++++++++++++++++++++++++++++++++++++++ +
In main()...
reading format from /gm2data/zkhechad/run45/envelope/formats/formatB_sBin_constraintOn.txt
pBinTau 	= 0  
pBinPhi 	= 0  
constraintau 	= 1 
includeMopTerm 	= 0    
constrainMop    = 0   
Parameters after format file: pBinTau 0 pBinPhi 0 constraintau 1 includeMopTerm 0 constrainMop 0 c_e_scale 0.000000 
Opening file /gm2data/tbarrett/gm2fr/studies/run23_bunch_corrections/CorrectedFourier_Run3b.root.
reading full fit data from /gm2data/zkhechad/cboTemplates/Run4CBOTemplates/templateFits0_v2.0/noRF/sBin_constraintOn_cE0.0_seed0_noRF_calo18.root
windowBins = 69
fitting sliding window 2048 from bin 2184 at 325.703600 to bin 2253 at 336.147600 (69 bins)

Reading data from /gm2data/cornell/histograms/aMethod/histogram_a_noRF.root
 **********
 **    1 **SET PRINTOUT            1
 **********
 **********
 **    2 **SET NOWARNINGS 
 **********
 PARAMETER DEFINITIONS:
    NO.   NAME         VALUE      STEP SIZE      LIMITS
     1 N0           3.61661e+06  1.00000e+02     no limits
     2 tau          6.44027e+01  constant
     3 A0           3.53412e-01  1.00000e-04     no limits
     4 phi          4.12202e+00  1.00000e-02     no limits
     5 R           -6.06479e+01  constant
     6 alpha_CBO    0.00000e+00  1.00000e-03     no limits
     7 w_CBO        2.32500e+00  constant
     8 beta_CBO     0.00000e+00  1.00000e-03     no limits
     9 alpha_2CBO   0.00000e+00  1.00000e-03     no limits
    10 beta_2CBO    0.00000e+00  1.00000e-03     no limits
    11 alpha_y      0.00000e+00  1.00000e-03     no limits
    12 w_y          1.44500e+01  constant
    13 beta_y       0.00000e+00  1.00000e-03     no limits
    14 alpha_vw     0.00000e+00  1.00000e-03     no limits
    15 w_vw         1.29000e+01  constant
    16 beta_vw      0.00000e+00  1.00000e-03     no limits
    17 LM          -1.06686e-04  constant
    18 zeta_y       0.00000e+00  constant
    19 zeta_vw      0.00000e+00  constant
    20 T_CBO        1.00000e+02  1.00000e+00    0.00000e+00  1.00000e+03
    21 alpha_A0     0.00000e+00  1.00000e-03     no limits
    22 beta_A0      0.00000e+00  1.00000e-03     no limits
    23 alpha_phi    0.00000e+00  1.00000e-03     no limits
    24 beta_phi     0.00000e+00  1.00000e-03     no limits
MINUIT - FIT ONLY WIGGLE
 **********
 **    3 **FIX            5
 **********
 PARAMETER    5  IS CONSTANT.   IGNORED.
 **********
 **    4 **FIX            6
 **********
 **********
 **    5 **FIX            7
 **********
 PARAMETER    7  IS CONSTANT.   IGNORED.
 **********
 **    6 **FIX            8
 **********
 **********
 **    7 **FIX            9
 **********
 **********
 **    8 **FIX           10
 **********
 **********
 **    9 **FIX           11
 **********
 **********
 **   10 **FIX           12
 **********
 PARAMETER   12  IS CONSTANT.   IGNORED.
 **********
 **   11 **FIX           13
 **********
 **********
 **   12 **FIX           14
 **********
 **********
 **   13 **FIX           15
 **********
 PARAMETER   15  IS CONSTANT.   IGNORED.
 **********
 **   14 **FIX           16
 **********
 **********
 **   15 **MIGRAD
 **********
 FIRST CALL TO USER FUNCTION AT NEW START POINT, WITH IFLAG=4.
 START MIGRAD MINIMIZATION.  STRATEGY  1.  CONVERGENCE WHEN EDM .LT. 1.00e-04
 FCN=68.1401 FROM MIGRAD    STATUS=INITIATE      437 CALLS         438 TOTAL
                     EDM= unknown      STRATEGY= 1      NO ERROR MATRIX       
  EXT PARAMETER               CURRENT GUESS       STEP         FIRST   
  NO.   NAME      VALUE            ERROR          SIZE      DERIVATIVE 
   1  N0           3.61661e+06   1.00000e+02   0.00000e+00  -9.45279e-04
   2  tau          6.44027e+01   constant   
   3  A0           3.53412e-01   1.00000e-04   0.00000e+00   7.43767e+02
   4  phi          4.12202e+00   1.00000e-02   0.00000e+00  -1.73222e+03
   5  R           -6.06479e+01   constant   
   6  alpha_CBO    0.00000e+00     fixed    
   7  w_CBO        2.32500e+00   constant   
   8  beta_CBO     0.00000e+00     fixed    
   9  alpha_2CBO   0.00000e+00     fixed    
  10  beta_2CBO    0.00000e+00     fixed    
  11  alpha_y      0.00000e+00     fixed    
  12  w_y          1.44500e+01   constant   
  13  beta_y       0.00000e+00     fixed    
  14  alpha_vw     0.00000e+00     fixed    
  15  w_vw         1.29000e+01   constant   
  16  beta_vw      0.00000e+00     fixed    
  17  LM          -1.06686e-04   constant   
  18  zeta_y       0.00000e+00   constant   
  19  zeta_vw      0.00000e+00   constant   
  20  T_CBO        1.00000e+02   1.00000e+00   0.00000e+00   0.00000e+00
  21  alpha_A0     0.00000e+00   1.00000e-03   0.00000e+00   1.02513e+01
  22  beta_A0      0.00000e+00   1.00000e-03   0.00000e+00  -4.01567e+01
  23  alpha_phi    0.00000e+00   1.00000e-03   0.00000e+00   3.13718e+01
  24  beta_phi     0.00000e+00   1.00000e-03   0.00000e+00  -7.83648e+00
 CALL LIMIT EXCEEDED IN MIGRAD.
 MIGRAD TERMINATED WITHOUT CONVERGENCE.
 FCN=60.1273 FROM MIGRAD    STATUS=CALL LIMIT   1324 CALLS        1325 TOTAL
                     EDM=0.000989036    STRATEGY= 1  ERROR MATRIX UNCERTAINTY   1.1 per cent
  EXT PARAMETER                APPROXIMATE        STEP         FIRST   
  NO.   NAME      VALUE            ERROR          SIZE      DERIVATIVE 
   1  N0           3.61826e+06   1.89194e+03  -1.38574e+01  -2.32698e-06
   2  tau          6.44027e+01   constant   
   3  A0           3.53050e-01   7.17397e-04  -6.76243e-06  -2.50263e+01
   4  phi          4.12535e+00   2.05909e-03  -1.48022e-05  -2.26968e+00
   5  R           -6.06479e+01   constant   
   6  alpha_CBO    0.00000e+00     fixed    
   7  w_CBO        2.32500e+00   constant   
   8  beta_CBO     0.00000e+00     fixed    
   9  alpha_2CBO   0.00000e+00     fixed    
  10  beta_2CBO    0.00000e+00     fixed    
  11  alpha_y      0.00000e+00     fixed    
  12  w_y          1.44500e+01   constant   
  13  beta_y       0.00000e+00     fixed    
  14  alpha_vw     0.00000e+00     fixed    
  15  w_vw         1.29000e+01   constant   
  16  beta_vw      0.00000e+00     fixed    
  17  LM          -1.06686e-04   constant   
  18  zeta_y       0.00000e+00   constant   
  19  zeta_vw      0.00000e+00   constant   
  20  T_CBO        2.80878e+02   6.26006e+02   2.58208e-02  -1.89571e-01
  21  alpha_A0    -7.36991e-03   2.67358e-02   4.98475e-04   2.60866e+00
  22  beta_A0      1.49206e-02   5.05733e-02  -7.77644e-04  -4.25422e+00
  23  alpha_phi   -8.45603e-03   3.18315e-02   3.93514e-04  -1.85491e-01
  24  beta_phi     5.27009e-03   1.87630e-02  -4.23284e-04  -2.11526e-01
 EXTERNAL ERROR MATRIX.    NDIM=  25    NPAR=  8    ERR DEF=1
  3.579e+06 -2.719e-02 -4.993e-01 -2.491e+04 -4.134e+00 -2.564e+00 -1.556e-01  5.153e+00 
 -2.719e-02  5.147e-07 -3.718e-08 -4.136e-02  9.805e-07  1.366e-06 -2.192e-06  5.993e-08 
 -4.993e-01 -3.718e-08  4.240e-06 -9.257e-02 -1.631e-06  5.387e-06  1.947e-07  1.490e-06 
 -2.491e+04 -4.136e-02 -9.257e-02  4.297e+05  1.574e+01 -3.263e+01  1.879e+01 -1.033e+01 
 -4.134e+00  9.805e-07 -1.631e-06  1.574e+01  7.148e-04 -1.141e-03  6.873e-04 -3.710e-04 
 -2.564e+00  1.366e-06  5.387e-06 -3.263e+01 -1.141e-03  2.558e-03 -1.449e-03  7.830e-04 
 -1.556e-01 -2.192e-06  1.947e-07  1.879e+01  6.873e-04 -1.449e-03  1.013e-03 -4.240e-04 
  5.153e+00  5.993e-08  1.490e-06 -1.033e+01 -3.710e-04  7.830e-04 -4.240e-04  3.520e-04 
ERR MATRIX APPROXIMATE
 PARAMETER  CORRELATION COEFFICIENTS  
       NO.  GLOBAL      1      3      4     20     21     22     23     24
        1  0.39427   1.000 -0.020 -0.128 -0.020 -0.082 -0.027 -0.003  0.145
        3  0.64458  -0.020  1.000 -0.025 -0.088  0.051  0.038 -0.096  0.004
        4  0.31599  -0.128 -0.025  1.000 -0.069 -0.030  0.052  0.003  0.039
       20  0.99585  -0.020 -0.088 -0.069  1.000  0.898 -0.984  0.900 -0.840
       21  0.95384  -0.082  0.051 -0.030  0.898  1.000 -0.844  0.808 -0.739
       22  0.99325  -0.027  0.038  0.052 -0.984 -0.844  1.000 -0.900  0.825
       23  0.91217  -0.003 -0.096  0.003  0.900  0.808 -0.900  1.000 -0.710
       24  0.86266   0.145  0.004  0.039 -0.840 -0.739  0.825 -0.710  1.000
 ERR MATRIX APPROXIMATE
MINUIT - FIT ONLY 1-CBO + wiggle
 **********
 **   16 **RES 
 **********
                   PARAMETER   16  beta_vw RESTORED TO VARIABLE.
                   PARAMETER   14  alpha_vw RESTORED TO VARIABLE.
                   PARAMETER   13  beta_y RESTORED TO VARIABLE.
                   PARAMETER   11  alpha_y RESTORED TO VARIABLE.
                   PARAMETER   10  beta_2CBO RESTORED TO VARIABLE.
                   PARAMETER    9  alpha_2CBO RESTORED TO VARIABLE.
                   PARAMETER    8  beta_CBO RESTORED TO VARIABLE.
                   PARAMETER    6  alpha_CBO RESTORED TO VARIABLE.
 **********
 **   17 **FIX            8
 **********
 **********
 **   18 **FIX            9
 **********
 **********
 **   19 **FIX           11
 **********
 **********
 **   20 **FIX           12
 **********
 PARAMETER   12  IS CONSTANT.   IGNORED.
 **********
 **   21 **FIX           14
 **********
 **********
 **   22 **FIX           15
 **********
 PARAMETER   15  IS CONSTANT.   IGNORED.
 **********
 **   23 **FIX           16
 **********
 **********
 **   24 **MIGRAD
 **********
 START MIGRAD MINIMIZATION.  STRATEGY  1.  CONVERGENCE WHEN EDM .LT. 1.00e-04
 FCN=60.1273 FROM MIGRAD    STATUS=INITIATE       28 CALLS        1353 TOTAL
                     EDM= unknown      STRATEGY= 1      NO ERROR MATRIX       
  EXT PARAMETER               CURRENT GUESS       STEP         FIRST   
  NO.   NAME      VALUE            ERROR          SIZE      DERIVATIVE 
   1  N0           3.61826e+06   1.89194e+03  -1.38574e+01  -2.32698e-06
   2  tau          6.44027e+01   constant   
   3  A0           3.53050e-01   7.17397e-04  -6.76243e-06  -2.50263e+01
   4  phi          4.12535e+00   2.05909e-03  -1.48022e-05  -2.26968e+00
   5  R           -6.06479e+01   constant   
   6  alpha_CBO    0.00000e+00   1.00000e-03   1.00000e-03  -7.30551e+03
   7  w_CBO        2.32500e+00   constant   
   8  beta_CBO     0.00000e+00     fixed    
   9  alpha_2CBO   0.00000e+00     fixed    
  10  beta_2CBO    0.00000e+00   1.00000e-03   1.00000e-03  -1.89089e+03
  11  alpha_y      0.00000e+00     fixed    
  12  w_y          1.44500e+01   constant   
  13  beta_y       0.00000e+00   1.00000e-03   1.00000e-03   1.34884e+03
  14  alpha_vw     0.00000e+00     fixed    
  15  w_vw         1.29000e+01   constant   
  16  beta_vw      0.00000e+00     fixed    
  17  LM          -1.06686e-04   constant   
  18  zeta_y       0.00000e+00   constant   
  19  zeta_vw      0.00000e+00   constant   
  20  T_CBO        2.80878e+02   6.26006e+02   2.58208e-02  -1.89572e-01
  21  alpha_A0    -7.36991e-03   2.67358e-02   4.98475e-04   2.60866e+00
  22  beta_A0      1.49206e-02   5.05733e-02  -7.77644e-04  -4.25422e+00
  23  alpha_phi   -8.45603e-03   3.18315e-02   3.93514e-04  -1.85491e-01
  24  beta_phi     5.27009e-03   1.87630e-02  -4.23284e-04  -2.11526e-01
 MIGRAD MINIMIZATION HAS CONVERGED.
 FCN=51.3961 FROM MIGRAD    STATUS=CONVERGED     920 CALLS        2245 TOTAL
                     EDM=5.89389e-06    STRATEGY= 1  ERROR MATRIX UNCERTAINTY   0.5 per cent
  EXT PARAMETER                                   STEP         FIRST   
  NO.   NAME      VALUE            ERROR          SIZE      DERIVATIVE 
   1  N0           3.61810e+06   1.96640e+03  -1.88952e+00   2.31713e-07
   2  tau          6.44027e+01   constant   
   3  A0           3.52981e-01   7.20887e-04   6.15562e-07   5.90825e-01
   4  phi          4.12416e+00   2.09038e-03  -2.50932e-06  -8.37063e-01
   5  R           -6.06479e+01   constant   
   6  alpha_CBO    2.14420e-03   7.56060e-04   6.36486e-08   3.23726e-01
   7  w_CBO        2.32500e+00   constant   
   8  beta_CBO     0.00000e+00     fixed    
   9  alpha_2CBO   0.00000e+00     fixed    
  10  beta_2CBO    7.13824e-04   7.39480e-04   2.86398e-07  -4.57990e-01
  11  alpha_y      0.00000e+00     fixed    
  12  w_y          1.44500e+01   constant   
  13  beta_y      -3.06681e-04   7.15617e-04   7.85209e-07   9.65027e-01
  14  alpha_vw     0.00000e+00     fixed    
  15  w_vw         1.29000e+01   constant   
  16  beta_vw      0.00000e+00     fixed    
  17  LM          -1.06686e-04   constant   
  18  zeta_y       0.00000e+00   constant   
  19  zeta_vw      0.00000e+00   constant   
  20  T_CBO        9.99324e+02   5.00885e+02   9.31534e-02  -3.04856e-04
  21  alpha_A0    -4.48405e-03   4.71087e-03   2.12430e-05   4.68108e-01
  22  beta_A0      5.91705e-03   4.85095e-03  -1.47688e-05  -7.79732e-01
  23  alpha_phi   -3.61771e-03   4.62460e-03   2.96654e-06   4.50243e-01
  24  beta_phi     1.92514e-03   4.86243e-03  -6.79854e-06  -1.64941e-01
 EXTERNAL ERROR MATRIX.    NDIM=  25    NPAR= 11    ERR DEF=1
  3.867e+06 
 -1.113e-01  5.197e-07 
 -4.955e-01 -8.999e-09  4.370e-06 
 -4.449e-02 -1.466e-08 -3.047e-07  5.716e-07 
 -5.800e-02 -2.285e-08 -3.795e-09  5.235e-08  5.468e-07 
 -1.628e-02 -5.068e-09  1.220e-08  1.256e-08 -9.727e-09  5.121e-07 
 -1.766e+04  9.786e-03 -5.300e-02  3.014e-03  5.531e-03  1.228e-02  2.411e+05 
 -1.865e+00  5.151e-07  2.076e-07 -3.296e-07 -1.955e-07 -7.449e-08  9.350e-01  2.219e-05 
 -6.707e-01  6.840e-09  1.801e-07 -5.957e-08 -4.019e-07  4.988e-08 -1.174e+00 -1.022e-06  2.353e-05 
  2.492e-02 -3.250e-07  1.407e-06 -1.282e-07  4.687e-07 -2.592e-08  6.932e-01  1.098e-06 -1.586e-06  2.139e-05 
  2.383e+00 -5.311e-07 -4.083e-07 -1.146e-07 -7.572e-08 -3.488e-08 -3.896e-01 -1.728e-06  4.732e-07 -7.066e-07  2.364e-05 
 PARAMETER  CORRELATION COEFFICIENTS  
       NO.  GLOBAL      1      3      4      6     10     13     20     21     22     23     24
        1  0.35341   1.000 -0.079 -0.121 -0.030 -0.040 -0.012 -0.018 -0.201 -0.070  0.003  0.249
        3  0.23804  -0.079  1.000 -0.006 -0.027 -0.043 -0.010  0.028  0.152  0.002 -0.097 -0.152
        4  0.29310  -0.121 -0.006  1.000 -0.193 -0.002  0.008 -0.052  0.021  0.018  0.146 -0.040
        6  0.24719  -0.030 -0.027 -0.193  1.000  0.094  0.023  0.008 -0.093 -0.016 -0.037 -0.031
       10  0.22789  -0.040 -0.043 -0.002  0.094  1.000 -0.018  0.015 -0.056 -0.112  0.137 -0.021
       13  0.08273  -0.012 -0.010  0.008  0.023 -0.018  1.000  0.035 -0.022  0.014 -0.008 -0.010
       20  0.69602  -0.018  0.028 -0.052  0.008  0.015  0.035  1.000  0.404 -0.493  0.305 -0.163
       21  0.51443  -0.201  0.152  0.021 -0.093 -0.056 -0.022  0.404  1.000 -0.045  0.050 -0.075
       22  0.54876  -0.070  0.002  0.018 -0.016 -0.112  0.014 -0.493 -0.045  1.000 -0.071  0.020
       23  0.41103   0.003 -0.097  0.146 -0.037  0.137 -0.008  0.305  0.050 -0.071  1.000 -0.031
       24  0.33558   0.249 -0.152 -0.040 -0.031 -0.021 -0.010 -0.163 -0.075  0.020 -0.031  1.000
MINUIT - FIT ONLY 2-CBO
 **********
 **   25 **RES 
 **********
                   PARAMETER   16  beta_vw RESTORED TO VARIABLE.
                   PARAMETER   14  alpha_vw RESTORED TO VARIABLE.
                   PARAMETER   11  alpha_y RESTORED TO VARIABLE.
                   PARAMETER    9  alpha_2CBO RESTORED TO VARIABLE.
                   PARAMETER    8  beta_CBO RESTORED TO VARIABLE.
 **********
 **   26 **FIX            0
 **********
 PARAMETER    0  IS UNDEFINED. IGNORED.
 **********
 **   27 **FIX            1
 **********
 **********
 **   28 **FIX            2
 **********
 PARAMETER    2  IS CONSTANT.   IGNORED.
 **********
 **   29 **FIX            3
 **********
 **********
 **   30 **FIX            4
 **********
 **********
 **   31 **FIX            5
 **********
 PARAMETER    5  IS CONSTANT.   IGNORED.
 **********
 **   32 **FIX            6
 **********
 **********
 **   33 **FIX            7
 **********
 PARAMETER    7  IS CONSTANT.   IGNORED.
 **********
 **   34 **FIX           10
 **********
 **********
 **   35 **FIX           11
 **********
 **********
 **   36 **FIX           12
 **********
 PARAMETER   12  IS CONSTANT.   IGNORED.
 **********
 **   37 **FIX           13
 **********
 **********
 **   38 **FIX           14
 **********
 **********
 **   39 **FIX           15
 **********
 PARAMETER   15  IS CONSTANT.   IGNORED.
 **********
 **   40 **FIX           16
 **********
 **********
 **   41 **MIGRAD
 **********
 START MIGRAD MINIMIZATION.  STRATEGY  1.  CONVERGENCE WHEN EDM .LT. 1.00e-04
 FCN=51.3961 FROM MIGRAD    STATUS=INITIATE       18 CALLS        2263 TOTAL
                     EDM= unknown      STRATEGY= 1      NO ERROR MATRIX       
  EXT PARAMETER               CURRENT GUESS       STEP         FIRST   
  NO.   NAME      VALUE            ERROR          SIZE      DERIVATIVE 
   1  N0           3.61810e+06     fixed    
   2  tau          6.44027e+01   constant   
   3  A0           3.52981e-01     fixed    
   4  phi          4.12416e+00     fixed    
   5  R           -6.06479e+01   constant   
   6  alpha_CBO    2.14420e-03     fixed    
   7  w_CBO        2.32500e+00   constant   
   8  beta_CBO     0.00000e+00   1.00000e-03   1.00000e-03  -6.35218e+02
   9  alpha_2CBO   0.00000e+00   1.00000e-03   1.00000e-03   5.69158e+03
  10  beta_2CBO    7.13824e-04     fixed    
  11  alpha_y      0.00000e+00     fixed    
  12  w_y          1.44500e+01   constant   
  13  beta_y      -3.06681e-04     fixed    
  14  alpha_vw     0.00000e+00     fixed    
  15  w_vw         1.29000e+01   constant   
  16  beta_vw      0.00000e+00     fixed    
  17  LM          -1.06686e-04   constant   
  18  zeta_y       0.00000e+00   constant   
  19  zeta_vw      0.00000e+00   constant   
  20  T_CBO        9.99324e+02   5.00885e+02   9.31534e-02  -3.12622e-04
  21  alpha_A0    -4.48405e-03   4.71087e-03   2.12430e-05   4.68107e-01
  22  beta_A0      5.91705e-03   4.85095e-03  -1.47688e-05  -7.79733e-01
  23  alpha_phi   -3.61771e-03   4.62460e-03   2.96654e-06   4.50243e-01
  24  beta_phi     1.92514e-03   4.86243e-03  -6.79854e-06  -1.64941e-01
 MIGRAD MINIMIZATION HAS CONVERGED.
 MIGRAD WILL VERIFY CONVERGENCE AND ERROR MATRIX.
 COVARIANCE MATRIX CALCULATED SUCCESSFULLY
 FCN=46.8259 FROM MIGRAD    STATUS=CONVERGED     155 CALLS        2400 TOTAL
                     EDM=2.85096e-06    STRATEGY= 1      ERROR MATRIX ACCURATE 
  EXT PARAMETER                                   STEP         FIRST   
  NO.   NAME      VALUE            ERROR          SIZE      DERIVATIVE 
   1  N0           3.61810e+06     fixed    
   2  tau          6.44027e+01   constant   
   3  A0           3.52981e-01     fixed    
   4  phi          4.12416e+00     fixed    
   5  R           -6.06479e+01   constant   
   6  alpha_CBO    2.14420e-03     fixed    
   7  w_CBO        2.32500e+00   constant   
   8  beta_CBO     2.15708e-04   7.29113e-04   2.42862e-06   2.46703e+00
   9  alpha_2CBO  -1.58204e-03   7.44455e-04   2.45483e-06   2.72634e-01
  10  beta_2CBO    7.13824e-04     fixed    
  11  alpha_y      0.00000e+00     fixed    
  12  w_y          1.44500e+01   constant   
  13  beta_y      -3.06681e-04     fixed    
  14  alpha_vw     0.00000e+00     fixed    
  15  w_vw         1.29000e+01   constant   
  16  beta_vw      0.00000e+00     fixed    
  17  LM          -1.06686e-04   constant   
  18  zeta_y       0.00000e+00   constant   
  19  zeta_vw      0.00000e+00   constant   
  20  T_CBO        9.99981e+02   7.66559e+02   8.68398e-02  -3.03954e-05
  21  alpha_A0    -3.17101e-03   4.27221e-03   1.41236e-05   8.93305e-02
  22  beta_A0      5.19872e-03   4.00493e-03   1.30987e-05   1.22905e-01
  23  alpha_phi   -3.54210e-03   3.88625e-03   1.29691e-05  -2.40893e-01
  24  beta_phi     3.08169e-03   4.03352e-03   1.33909e-05  -2.10378e-01
 EXTERNAL ERROR MATRIX.    NDIM=  25    NPAR=  7    ERR DEF=1
  5.316e-07 -1.632e-08 -4.939e-06  3.727e-08 -4.476e-07 -7.405e-08 -1.063e-07 
 -1.632e-08  5.542e-07 -1.521e-05 -4.579e-07  2.045e-07 -3.644e-08 -4.190e-07 
 -4.939e-06 -1.521e-05  1.058e+04 -4.373e-02  7.201e-02 -4.861e-02  4.277e-02 
  3.727e-08 -4.579e-07 -4.373e-02  1.825e-05 -1.372e-06 -1.104e-06 -5.702e-07 
 -4.476e-07  2.045e-07  7.201e-02 -1.372e-06  1.604e-05 -7.739e-07  4.674e-07 
 -7.405e-08 -3.644e-08 -4.861e-02 -1.104e-06 -7.739e-07  1.510e-05  1.093e-07 
 -1.063e-07 -4.190e-07  4.277e-02 -5.702e-07  4.674e-07  1.093e-07  1.627e-05 
 PARAMETER  CORRELATION COEFFICIENTS  
       NO.  GLOBAL      8      9     20     21     22     23     24
        8  0.16424   1.000 -0.030 -0.000  0.012 -0.153 -0.026 -0.036
        9  0.21543  -0.030  1.000 -0.000 -0.144  0.069 -0.013 -0.140
       20  0.24945  -0.000 -0.000  1.000 -0.099  0.175 -0.122  0.103
       21  0.20506   0.012 -0.144 -0.099  1.000 -0.080 -0.067 -0.033
       22  0.24978  -0.153  0.069  0.175 -0.080  1.000 -0.050  0.029
       23  0.15442  -0.026 -0.013 -0.122 -0.067 -0.050  1.000  0.007
       24  0.18421  -0.036 -0.140  0.103 -0.033  0.029  0.007  1.000
MINUIT - FIT wiggle + 1-CBO + 2-CBO
 **********
 **   42 **RES 
 **********
                   PARAMETER   16  beta_vw RESTORED TO VARIABLE.
                   PARAMETER   14  alpha_vw RESTORED TO VARIABLE.
                   PARAMETER   13  beta_y RESTORED TO VARIABLE.
                   PARAMETER   11  alpha_y RESTORED TO VARIABLE.
                   PARAMETER   10  beta_2CBO RESTORED TO VARIABLE.
                   PARAMETER    6  alpha_CBO RESTORED TO VARIABLE.
                   PARAMETER    4  phi RESTORED TO VARIABLE.
                   PARAMETER    3  A0 RESTORED TO VARIABLE.
                   PARAMETER    1  N0 RESTORED TO VARIABLE.
 **********
 **   43 **FIX           10
 **********
 **********
 **   44 **FIX           11
 **********
 **********
 **   45 **FIX           12
 **********
 PARAMETER   12  IS CONSTANT.   IGNORED.
 **********
 **   46 **FIX           13
 **********
 **********
 **   47 **FIX           14
 **********
 **********
 **   48 **FIX           15
 **********
 PARAMETER   15  IS CONSTANT.   IGNORED.
 **********
 **   49 **FIX           16
 **********
 **********
 **   50 **MIGRAD
 **********
 START MIGRAD MINIMIZATION.  STRATEGY  1.  CONVERGENCE WHEN EDM .LT. 1.00e-04
 FCN=46.8259 FROM MIGRAD    STATUS=INITIATE       22 CALLS        2422 TOTAL
                     EDM= unknown      STRATEGY= 1      NO ERROR MATRIX       
  EXT PARAMETER               CURRENT GUESS       STEP         FIRST   
  NO.   NAME      VALUE            ERROR          SIZE      DERIVATIVE 
   1  N0           3.61810e+06   1.96640e+03   1.96640e+03   3.30247e-05
   2  tau          6.44027e+01   constant   
   3  A0           3.52981e-01   7.20887e-04   7.20887e-04  -2.18144e+02
   4  phi          4.12416e+00   2.09038e-03   2.09038e-03   1.39600e+02
   5  R           -6.06479e+01   constant   
   6  alpha_CBO    2.14420e-03   7.56060e-04   7.56060e-04  -1.54047e+02
   7  w_CBO        2.32500e+00   constant   
   8  beta_CBO     2.15708e-04   7.29113e-04   2.42862e-06   2.46703e+00
   9  alpha_2CBO  -1.58204e-03   7.44455e-04   2.45483e-06   2.72634e-01
  10  beta_2CBO    7.13824e-04     fixed    
  11  alpha_y      0.00000e+00     fixed    
  12  w_y          1.44500e+01   constant   
  13  beta_y      -3.06681e-04     fixed    
  14  alpha_vw     0.00000e+00     fixed    
  15  w_vw         1.29000e+01   constant   
  16  beta_vw      0.00000e+00     fixed    
  17  LM          -1.06686e-04   constant   
  18  zeta_y       0.00000e+00   constant   
  19  zeta_vw      0.00000e+00   constant   
  20  T_CBO        9.99981e+02   7.66559e+02   8.68398e-02  -3.14566e-05
  21  alpha_A0    -3.17101e-03   4.27221e-03   1.41236e-05   8.93237e-02
  22  beta_A0      5.19872e-03   4.00493e-03   1.30987e-05   1.22908e-01
  23  alpha_phi   -3.54210e-03   3.88625e-03   1.29691e-05  -2.40893e-01
  24  beta_phi     3.08169e-03   4.03352e-03   1.33909e-05  -2.10378e-01
 MIGRAD MINIMIZATION HAS CONVERGED.
 MIGRAD WILL VERIFY CONVERGENCE AND ERROR MATRIX.
 COVARIANCE MATRIX CALCULATED SUCCESSFULLY
 FCN=46.789 FROM MIGRAD    STATUS=CONVERGED     221 CALLS        2621 TOTAL
                     EDM=4.51537e-07    STRATEGY= 1      ERROR MATRIX ACCURATE 
  EXT PARAMETER                                   STEP         FIRST   
  NO.   NAME      VALUE            ERROR          SIZE      DERIVATIVE 
   1  N0           3.61806e+06   1.99501e+03   5.97552e+00   3.24422e-07
   2  tau          6.44027e+01   constant   
   3  A0           3.53047e-01   7.41552e-04   2.36154e-06  -3.29948e-01
   4  phi          4.12382e+00   2.14254e-03   6.89321e-06  -9.80414e-02
   5  R           -6.06479e+01   constant   
   6  alpha_CBO    2.20988e-03   7.56628e-04   2.47991e-06   1.84931e-01
   7  w_CBO        2.32500e+00   constant   
   8  beta_CBO     2.37463e-04   7.56515e-04   2.42773e-06  -3.11445e-02
   9  alpha_2CBO  -1.59268e-03   7.46731e-04   2.45393e-06   2.04198e-01
  10  beta_2CBO    7.13824e-04     fixed    
  11  alpha_y      0.00000e+00     fixed    
  12  w_y          1.44500e+01   constant   
  13  beta_y      -3.06681e-04     fixed    
  14  alpha_vw     0.00000e+00     fixed    
  15  w_vw         1.29000e+01   constant   
  16  beta_vw      0.00000e+00     fixed    
  17  LM          -1.06686e-04   constant   
  18  zeta_y       0.00000e+00   constant   
  19  zeta_vw      0.00000e+00   constant   
  20  T_CBO        1.00000e+03   9.93350e+02   8.22897e-02** at limit **
  21  alpha_A0    -3.09193e-03   4.46431e-03   1.41124e-05   4.15754e-02
  22  beta_A0      5.14086e-03   4.04621e-03   1.30886e-05  -3.16695e-02
  23  alpha_phi   -3.66785e-03   3.95489e-03   1.29587e-05  -6.31532e-02
  24  beta_phi     3.02579e-03   4.21087e-03   1.33795e-05   7.87196e-02
 EXTERNAL ERROR MATRIX.    NDIM=  25    NPAR= 11    ERR DEF=1
  3.980e+06 
 -1.131e-01  5.499e-07 
 -5.792e-01 -8.171e-08  4.590e-06 
 -3.340e-02 -1.376e-08 -3.219e-07  5.725e-07 
  1.113e-01  1.331e-07 -1.567e-07 -1.501e-08  5.723e-07 
  2.800e-02 -8.590e-09  1.041e-07 -2.482e-08 -1.965e-08  5.576e-07 
 -1.827e-01 -3.031e-07  2.314e-06 -2.242e-07 -1.706e-07 -8.544e-08  6.846e-01 
 -1.974e+00  5.763e-07 -8.430e-08 -2.705e-07  1.290e-07 -4.767e-07 -3.845e-04  1.993e-05 
 -5.267e-01 -2.265e-07  5.836e-07 -8.514e-09 -5.345e-07  2.145e-07  6.422e-04 -1.441e-06  1.637e-05 
 -9.022e-02 -2.880e-07  1.219e-06 -1.598e-07 -1.759e-07 -2.815e-09 -4.530e-04 -1.305e-06 -6.109e-07  1.564e-05 
  2.044e+00 -5.004e-07 -4.776e-07 -5.495e-08 -1.505e-07 -4.023e-07  3.786e-04 -1.987e-06  4.331e-07  1.871e-07  1.773e-05 
 PARAMETER  CORRELATION COEFFICIENTS  
       NO.  GLOBAL      1      3      4      6      8      9     20     21     22     23     24
        1  0.36261   1.000 -0.076 -0.136 -0.022  0.074  0.019 -0.000 -0.222 -0.065 -0.011  0.243
        3  0.33151  -0.076  1.000 -0.051 -0.025  0.237 -0.016 -0.000  0.174 -0.076 -0.098 -0.160
        4  0.30253  -0.136 -0.051  1.000 -0.199 -0.097  0.065  0.001 -0.009  0.067  0.144 -0.053
        6  0.23908  -0.022 -0.025 -0.199  1.000 -0.026 -0.044 -0.000 -0.080 -0.003 -0.053 -0.017
        8  0.31008   0.074  0.237 -0.097 -0.026  1.000 -0.035 -0.000  0.038 -0.175 -0.059 -0.047
        9  0.22842   0.019 -0.016  0.065 -0.044 -0.035  1.000 -0.000 -0.143  0.071 -0.001 -0.128
       20  0.27657  -0.000 -0.000  0.001 -0.000 -0.000 -0.000  1.000 -0.104  0.192 -0.138  0.109
       21  0.35065  -0.222  0.174 -0.009 -0.080  0.038 -0.143 -0.104  1.000 -0.080 -0.074 -0.106
       22  0.28570  -0.065 -0.076  0.067 -0.003 -0.175  0.071  0.192 -0.080  1.000 -0.038  0.025
       23  0.24024  -0.011 -0.098  0.144 -0.053 -0.059 -0.001 -0.138 -0.074 -0.038  1.000  0.011
       24  0.33755   0.243 -0.160 -0.053 -0.017 -0.047 -0.128  0.109 -0.106  0.025  0.011  1.000
MINUIT - FIT ONLY 1-y
 **********
 **   51 **RES 
 **********
                   PARAMETER   16  beta_vw RESTORED TO VARIABLE.
                   PARAMETER   14  alpha_vw RESTORED TO VARIABLE.
                   PARAMETER   13  beta_y RESTORED TO VARIABLE.
                   PARAMETER   11  alpha_y RESTORED TO VARIABLE.
                   PARAMETER   10  beta_2CBO RESTORED TO VARIABLE.
 **********
 **   52 **FIX            0
 **********
 PARAMETER    0  IS UNDEFINED. IGNORED.
 **********
 **   53 **FIX            1
 **********
 **********
 **   54 **FIX            2
 **********
 PARAMETER    2  IS CONSTANT.   IGNORED.
 **********
 **   55 **FIX            3
 **********
 **********
 **   56 **FIX            4
 **********
 **********
 **   57 **FIX            5
 **********
 PARAMETER    5  IS CONSTANT.   IGNORED.
 **********
 **   58 **FIX            6
 **********
 **********
 **   59 **FIX            7
 **********
 PARAMETER    7  IS CONSTANT.   IGNORED.
 **********
 **   60 **FIX            8
 **********
 **********
 **   61 **FIX            9
 **********
 **********
 **   62 **FIX           13
 **********
 **********
 **   63 **FIX           14
 **********
 **********
 **   64 **FIX           15
 **********
 PARAMETER   15  IS CONSTANT.   IGNORED.
 **********
 **   65 **FIX           16
 **********
 **********
 **   66 **MIGRAD
 **********
 START MIGRAD MINIMIZATION.  STRATEGY  1.  CONVERGENCE WHEN EDM .LT. 1.00e-04
 FCN=46.789 FROM MIGRAD    STATUS=INITIATE       16 CALLS        2637 TOTAL
                     EDM= unknown      STRATEGY= 1      NO ERROR MATRIX       
  EXT PARAMETER               CURRENT GUESS       STEP         FIRST   
  NO.   NAME      VALUE            ERROR          SIZE      DERIVATIVE 
   1  N0           3.61806e+06     fixed    
   2  tau          6.44027e+01   constant   
   3  A0           3.53047e-01     fixed    
   4  phi          4.12382e+00     fixed    
   5  R           -6.06479e+01   constant   
   6  alpha_CBO    2.20988e-03     fixed    
   7  w_CBO        2.32500e+00   constant   
   8  beta_CBO     2.37463e-04     fixed    
   9  alpha_2CBO  -1.59268e-03     fixed    
  10  beta_2CBO    7.13824e-04   7.39480e-04   7.39480e-04  -1.12839e+02
  11  alpha_y      0.00000e+00   1.00000e-03   1.00000e-03  -3.52011e+02
  12  w_y          1.44500e+01   constant   
  13  beta_y      -3.06681e-04     fixed    
  14  alpha_vw     0.00000e+00     fixed    
  15  w_vw         1.29000e+01   constant   
  16  beta_vw      0.00000e+00     fixed    
  17  LM          -1.06686e-04   constant   
  18  zeta_y       0.00000e+00   constant   
  19  zeta_vw      0.00000e+00   constant   
  20  T_CBO        9.99999e+02   9.93350e+02   8.22897e-02  -8.11200e-06
  21  alpha_A0    -3.09193e-03   4.46431e-03   1.41124e-05   4.16895e-02
  22  beta_A0      5.14086e-03   4.04621e-03   1.30886e-05  -3.18750e-02
  23  alpha_phi   -3.66785e-03   3.95489e-03   1.29587e-05  -6.29938e-02
  24  beta_phi     3.02579e-03   4.21087e-03   1.33795e-05   7.86043e-02
 MIGRAD MINIMIZATION HAS CONVERGED.
 MIGRAD WILL VERIFY CONVERGENCE AND ERROR MATRIX.
 COVARIANCE MATRIX CALCULATED SUCCESSFULLY
 FCN=46.7708 FROM MIGRAD    STATUS=CONVERGED      98 CALLS        2719 TOTAL
                     EDM=5.96307e-06    STRATEGY= 1      ERROR MATRIX ACCURATE 
  EXT PARAMETER                                   STEP         FIRST   
  NO.   NAME      VALUE            ERROR          SIZE      DERIVATIVE 
   1  N0           3.61806e+06     fixed    
   2  tau          6.44027e+01   constant   
   3  A0           3.53047e-01     fixed    
   4  phi          4.12382e+00     fixed    
   5  R           -6.06479e+01   constant   
   6  alpha_CBO    2.20988e-03     fixed    
   7  w_CBO        2.32500e+00   constant   
   8  beta_CBO     2.37463e-04     fixed    
   9  alpha_2CBO  -1.59268e-03     fixed    
  10  beta_2CBO    7.43069e-04   7.45277e-04   2.45241e-06  -4.10877e+00
  11  alpha_y      9.34879e-05   7.28543e-04   2.45786e-06   1.31194e+00
  12  w_y          1.44500e+01   constant   
  13  beta_y      -3.06681e-04     fixed    
  14  alpha_vw     0.00000e+00     fixed    
  15  w_vw         1.29000e+01   constant   
  16  beta_vw      0.00000e+00     fixed    
  17  LM          -1.06686e-04   constant   
  18  zeta_y       0.00000e+00   constant   
  19  zeta_vw      0.00000e+00   constant   
  20  T_CBO        1.00000e+03   9.98795e+02   1.45811e-01** at limit **
  21  alpha_A0    -3.10495e-03   4.29000e-03   1.41097e-05   1.27627e-01
  22  beta_A0      5.12821e-03   4.15791e-03   1.30861e-05   1.16599e-02
  23  alpha_phi   -3.64247e-03   4.03095e-03   1.29562e-05  -1.45981e-01
  24  beta_phi     3.01727e-03   4.04956e-03   1.33769e-05  -8.15441e-02
 EXTERNAL ERROR MATRIX.    NDIM=  25    NPAR=  7    ERR DEF=1
  5.554e-07 -5.193e-09  6.501e-08 -1.432e-07 -4.162e-07  5.062e-07 -2.319e-08 
 -5.193e-09  5.308e-07 -1.674e-08 -3.458e-08  5.467e-08 -7.950e-09 -3.368e-08 
  6.501e-08 -1.674e-08  4.860e-02 -1.815e-04  3.012e-04 -2.120e-04  1.775e-04 
 -1.432e-07 -3.458e-08 -1.815e-04  1.840e-05 -1.909e-06 -6.665e-07 -1.389e-06 
 -4.162e-07  5.467e-08  3.012e-04 -1.909e-06  1.729e-05 -2.186e-06  1.352e-06 
  5.062e-07 -7.950e-09 -2.120e-04 -6.665e-07 -2.186e-06  1.625e-05 -5.349e-07 
 -2.319e-08 -3.368e-08  1.775e-04 -1.389e-06  1.352e-06 -5.349e-07  1.640e-05 
 PARAMETER  CORRELATION COEFFICIENTS  
       NO.  GLOBAL     10     11     20     21     22     23     24
       10  0.22202   1.000 -0.010  0.000 -0.045 -0.134  0.169 -0.008
       11  0.02622  -0.010  1.000 -0.000 -0.011  0.018 -0.003 -0.011
       20  0.45210   0.000 -0.000  1.000 -0.192  0.329 -0.239  0.199
       21  0.22412  -0.045 -0.011 -0.192  1.000 -0.107 -0.039 -0.080
       22  0.36097  -0.134  0.018  0.329 -0.107  1.000 -0.130  0.080
       23  0.30486   0.169 -0.003 -0.239 -0.039 -0.130  1.000 -0.033
       24  0.20480  -0.008 -0.011  0.199 -0.080  0.080 -0.033  1.000
MINUIT - FIT ONLY 2-y
 **********
 **   67 **RES 
 **********
                   PARAMETER   16  beta_vw RESTORED TO VARIABLE.
                   PARAMETER   14  alpha_vw RESTORED TO VARIABLE.
                   PARAMETER   13  beta_y RESTORED TO VARIABLE.
                   PARAMETER    9  alpha_2CBO RESTORED TO VARIABLE.
                   PARAMETER    8  beta_CBO RESTORED TO VARIABLE.
                   PARAMETER    6  alpha_CBO RESTORED TO VARIABLE.
                   PARAMETER    4  phi RESTORED TO VARIABLE.
                   PARAMETER    3  A0 RESTORED TO VARIABLE.
                   PARAMETER    1  N0 RESTORED TO VARIABLE.
 **********
 **   68 **FIX            0
 **********
 PARAMETER    0  IS UNDEFINED. IGNORED.
 **********
 **   69 **FIX            1
 **********
 **********
 **   70 **FIX            2
 **********
 PARAMETER    2  IS CONSTANT.   IGNORED.
 **********
 **   71 **FIX            3
 **********
 **********
 **   72 **FIX            4
 **********
 **********
 **   73 **FIX            5
 **********
 PARAMETER    5  IS CONSTANT.   IGNORED.
 **********
 **   74 **FIX            6
 **********
 **********
 **   75 **FIX            7
 **********
 PARAMETER    7  IS CONSTANT.   IGNORED.
 **********
 **   76 **FIX            8
 **********
 **********
 **   77 **FIX            9
 **********
 **********
 **   78 **FIX           10
 **********
 **********
 **   79 **FIX           11
 **********
 **********
 **   80 **FIX           12
 **********
 PARAMETER   12  IS CONSTANT.   IGNORED.
 **********
 **   81 **FIX           16
 **********
 **********
 **   82 **MIGRAD
 **********
 START MIGRAD MINIMIZATION.  STRATEGY  1.  CONVERGENCE WHEN EDM .LT. 1.00e-04
 FCN=46.7708 FROM MIGRAD    STATUS=INITIATE       16 CALLS        2735 TOTAL
                     EDM= unknown      STRATEGY= 1      NO ERROR MATRIX       
  EXT PARAMETER               CURRENT GUESS       STEP         FIRST   
  NO.   NAME      VALUE            ERROR          SIZE      DERIVATIVE 
   1  N0           3.61806e+06     fixed    
   2  tau          6.44027e+01   constant   
   3  A0           3.53047e-01     fixed    
   4  phi          4.12382e+00     fixed    
   5  R           -6.06479e+01   constant   
   6  alpha_CBO    2.20988e-03     fixed    
   7  w_CBO        2.32500e+00   constant   
   8  beta_CBO     2.37463e-04     fixed    
   9  alpha_2CBO  -1.59268e-03     fixed    
  10  beta_2CBO    7.43069e-04     fixed    
  11  alpha_y      9.34879e-05     fixed    
  12  w_y          1.44500e+01   constant   
  13  beta_y      -3.06681e-04   7.15617e-04   7.15617e-04  -1.06978e+02
  14  alpha_vw     0.00000e+00   1.00000e-03   1.00000e-03   1.87968e+03
  15  w_vw         1.29000e+01   constant   
  16  beta_vw      0.00000e+00     fixed    
  17  LM          -1.06686e-04   constant   
  18  zeta_y       0.00000e+00   constant   
  19  zeta_vw      0.00000e+00   constant   
  20  T_CBO        9.99999e+02   9.98795e+02   1.45811e-01  -8.63922e-06
  21  alpha_A0    -3.10495e-03   4.29000e-03   1.41097e-05   1.27743e-01
  22  beta_A0      5.12821e-03   4.15791e-03   1.30861e-05   1.14552e-02
  23  alpha_phi   -3.64247e-03   4.03095e-03   1.29562e-05  -1.45822e-01
  24  beta_phi     3.01727e-03   4.04956e-03   1.33769e-05  -8.16593e-02
 MIGRAD MINIMIZATION HAS CONVERGED.
 MIGRAD WILL VERIFY CONVERGENCE AND ERROR MATRIX.
 COVARIANCE MATRIX CALCULATED SUCCESSFULLY
 FCN=46.2984 FROM MIGRAD    STATUS=CONVERGED     113 CALLS        2832 TOTAL
                     EDM=8.97938e-08    STRATEGY= 1      ERROR MATRIX ACCURATE 
  EXT PARAMETER                                   STEP         FIRST   
  NO.   NAME      VALUE            ERROR          SIZE      DERIVATIVE 
   1  N0           3.61806e+06     fixed    
   2  tau          6.44027e+01   constant   
   3  A0           3.53047e-01     fixed    
   4  phi          4.12382e+00     fixed    
   5  R           -6.06479e+01   constant   
   6  alpha_CBO    2.20988e-03     fixed    
   7  w_CBO        2.32500e+00   constant   
   8  beta_CBO     2.37463e-04     fixed    
   9  alpha_2CBO  -1.59268e-03     fixed    
  10  beta_2CBO    7.43069e-04     fixed    
  11  alpha_y      9.34879e-05     fixed    
  12  w_y          1.44500e+01   constant   
  13  beta_y      -3.08802e-04   7.26726e-04   2.43519e-06  -2.24600e-01
  14  alpha_vw    -5.02766e-04   7.32667e-04   2.45442e-06   2.13594e-02
  15  w_vw         1.29000e+01   constant   
  16  beta_vw      0.00000e+00     fixed    
  17  LM          -1.06686e-04   constant   
  18  zeta_y       0.00000e+00   constant   
  19  zeta_vw      0.00000e+00   constant   
  20  T_CBO        1.00000e+03   9.65722e+02   7.42337e-02** at limit **
  21  alpha_A0    -3.05617e-03   4.22720e-03   1.40392e-05  -2.49985e-02
  22  beta_A0      5.08969e-03   3.94992e-03   1.30210e-05   3.30053e-02
  23  alpha_phi   -3.71123e-03   3.89099e-03   1.28922e-05   7.49615e-02
  24  beta_phi     3.02479e-03   3.99037e-03   1.33106e-05   4.75028e-02
 EXTERNAL ERROR MATRIX.    NDIM=  25    NPAR=  7    ERR DEF=1
  5.281e-07  3.226e-08  6.997e-11 -2.999e-08 -1.502e-08  6.785e-08  1.306e-08 
  3.226e-08  5.368e-07 -7.901e-10 -5.501e-08  4.035e-08  7.892e-08 -6.340e-09 
  6.997e-11 -7.901e-10  3.301e-04 -7.641e-06  1.278e-05 -9.234e-06  7.607e-06 
 -2.999e-08 -5.501e-08 -7.641e-06  1.787e-05 -1.186e-06 -1.127e-06 -9.099e-07 
 -1.502e-08  4.035e-08  1.278e-05 -1.186e-06  1.560e-05 -8.452e-07  5.308e-07 
  6.785e-08  7.892e-08 -9.234e-06 -1.127e-06 -8.452e-07  1.514e-05  4.864e-08 
  1.306e-08 -6.340e-09  7.607e-06 -9.099e-07  5.308e-07  4.864e-08  1.592e-05 
 PARAMETER  CORRELATION COEFFICIENTS  
       NO.  GLOBAL     13     14     20     21     22     23     24
       13  0.06540   1.000  0.061  0.000 -0.010 -0.005  0.024  0.005
       14  0.06947   0.061  1.000 -0.000 -0.018  0.014  0.028 -0.002
       20  0.25412   0.000 -0.000  1.000 -0.099  0.178 -0.131  0.105
       21  0.14790  -0.010 -0.018 -0.099  1.000 -0.071 -0.068 -0.054
       22  0.19061  -0.005  0.014  0.178 -0.071  1.000 -0.055  0.034
       23  0.16273   0.024  0.028 -0.131 -0.068 -0.055  1.000  0.003
       24  0.11536   0.005 -0.002  0.105 -0.054  0.034  0.003  1.000
