 + ++++++++++++++++++++++++++++++++++++++++++++++++++++++++++++++++++++ +
 +                                                                      +
 +           You have chose to blind your fitting according to          +
 +                omega_ref * (1 + (R +/- deltaR) *10^{-6})             +
 +                                                                      +
 + ++++++++++++++++++++++++++++++++++++++++++++++++++++++++++++++++++++ +
In main()...
reading format from /gm2data/zkhechad/run45/envelope/formats/formatB_sBin_constraintOn.txt
pBinTau 	= 0  
pBinPhi 	= 0  
constraintau 	= 1 
includeMopTerm 	= 0    
constrainMop    = 0   
Parameters after format file: pBinTau 0 pBinPhi 0 constraintau 1 includeMopTerm 0 constrainMop 0 c_e_scale 0.000000 
Opening file /gm2data/tbarrett/gm2fr/studies/run23_bunch_corrections/CorrectedFourier_Run3b.root.
reading full fit data from /gm2data/zkhechad/cboTemplates/Run4CBOTemplates/templateFits0_v2.0/noRF/sBin_constraintOn_cE0.0_seed0_noRF_calo22.root
windowBins = 69
fitting sliding window 788 from bin 924 at 137.711600 to bin 993 at 148.155600 (69 bins)

Reading data from /gm2data/cornell/histograms/aMethod/histogram_a_noRF.root
 **********
 **    1 **SET PRINTOUT            1
 **********
 **********
 **    2 **SET NOWARNINGS 
 **********
 PARAMETER DEFINITIONS:
    NO.   NAME         VALUE      STEP SIZE      LIMITS
     1 N0           3.01105e+06  1.00000e+02     no limits
     2 tau          6.44153e+01  constant
     3 A0           3.51737e-01  1.00000e-04     no limits
     4 phi          4.11590e+00  1.00000e-02     no limits
     5 R           -6.13262e+01  constant
     6 alpha_CBO    0.00000e+00  1.00000e-03     no limits
     7 w_CBO        2.32500e+00  constant
     8 beta_CBO     0.00000e+00  1.00000e-03     no limits
     9 alpha_2CBO   0.00000e+00  1.00000e-03     no limits
    10 beta_2CBO    0.00000e+00  1.00000e-03     no limits
    11 alpha_y      0.00000e+00  1.00000e-03     no limits
    12 w_y          1.44500e+01  constant
    13 beta_y       0.00000e+00  1.00000e-03     no limits
    14 alpha_vw     0.00000e+00  1.00000e-03     no limits
    15 w_vw         1.29000e+01  constant
    16 beta_vw      0.00000e+00  1.00000e-03     no limits
    17 LM           4.28749e-04  constant
    18 zeta_y       0.00000e+00  constant
    19 zeta_vw      0.00000e+00  constant
    20 T_CBO        1.00000e+02  1.00000e+00    0.00000e+00  1.00000e+03
    21 alpha_A0     0.00000e+00  1.00000e-03     no limits
    22 beta_A0      0.00000e+00  1.00000e-03     no limits
    23 alpha_phi    0.00000e+00  1.00000e-03     no limits
    24 beta_phi     0.00000e+00  1.00000e-03     no limits
MINUIT - FIT ONLY WIGGLE
 **********
 **    3 **FIX            5
 **********
 PARAMETER    5  IS CONSTANT.   IGNORED.
 **********
 **    4 **FIX            6
 **********
 **********
 **    5 **FIX            7
 **********
 PARAMETER    7  IS CONSTANT.   IGNORED.
 **********
 **    6 **FIX            8
 **********
 **********
 **    7 **FIX            9
 **********
 **********
 **    8 **FIX           10
 **********
 **********
 **    9 **FIX           11
 **********
 **********
 **   10 **FIX           12
 **********
 PARAMETER   12  IS CONSTANT.   IGNORED.
 **********
 **   11 **FIX           13
 **********
 **********
 **   12 **FIX           14
 **********
 **********
 **   13 **FIX           15
 **********
 PARAMETER   15  IS CONSTANT.   IGNORED.
 **********
 **   14 **FIX           16
 **********
 **********
 **   15 **MIGRAD
 **********
 FIRST CALL TO USER FUNCTION AT NEW START POINT, WITH IFLAG=4.
 START MIGRAD MINIMIZATION.  STRATEGY  1.  CONVERGENCE WHEN EDM .LT. 1.00e-04
 FCN=866.616 FROM MIGRAD    STATUS=INITIATE      437 CALLS         438 TOTAL
                     EDM= unknown      STRATEGY= 1      NO ERROR MATRIX       
  EXT PARAMETER               CURRENT GUESS       STEP         FIRST   
  NO.   NAME      VALUE            ERROR          SIZE      DERIVATIVE 
   1  N0           3.01105e+06   1.00000e+02   0.00000e+00  -7.84596e-03
   2  tau          6.44153e+01   constant   
   3  A0           3.51737e-01   1.00000e-04   0.00000e+00  -3.72822e+04
   4  phi          4.11590e+00   1.00000e-02   0.00000e+00  -2.53857e+04
   5  R           -6.13262e+01   constant   
   6  alpha_CBO    0.00000e+00     fixed    
   7  w_CBO        2.32500e+00   constant   
   8  beta_CBO     0.00000e+00     fixed    
   9  alpha_2CBO   0.00000e+00     fixed    
  10  beta_2CBO    0.00000e+00     fixed    
  11  alpha_y      0.00000e+00     fixed    
  12  w_y          1.44500e+01   constant   
  13  beta_y       0.00000e+00     fixed    
  14  alpha_vw     0.00000e+00     fixed    
  15  w_vw         1.29000e+01   constant   
  16  beta_vw      0.00000e+00     fixed    
  17  LM           4.28749e-04   constant   
  18  zeta_y       0.00000e+00   constant   
  19  zeta_vw      0.00000e+00   constant   
  20  T_CBO        1.00000e+02   1.00000e+00   0.00000e+00   0.00000e+00
  21  alpha_A0     0.00000e+00   1.00000e-03   0.00000e+00   1.22471e+03
  22  beta_A0      0.00000e+00   1.00000e-03   0.00000e+00   4.21807e+01
  23  alpha_phi    0.00000e+00   1.00000e-03   0.00000e+00   3.71442e+03
  24  beta_phi     0.00000e+00   1.00000e-03   0.00000e+00   1.04825e+02
 CALL LIMIT EXCEEDED IN MIGRAD.
 MIGRAD TERMINATED WITHOUT CONVERGENCE.
 FCN=777.197 FROM MIGRAD    STATUS=CALL LIMIT   1327 CALLS        1328 TOTAL
                     EDM=0.00145275    STRATEGY= 1  ERROR MATRIX UNCERTAINTY   0.5 per cent
  EXT PARAMETER                APPROXIMATE        STEP         FIRST   
  NO.   NAME      VALUE            ERROR          SIZE      DERIVATIVE 
   1  N0           3.01105e+06   3.97734e+02   1.02727e+00   9.71414e-06
   2  tau          6.44153e+01   constant   
   3  A0           3.52289e-01   1.72519e-04  -6.06752e-07  -4.93353e+00
   4  phi          4.11950e+00   5.15730e-04   4.32536e-06   3.75683e+01
   5  R           -6.13262e+01   constant   
   6  alpha_CBO    0.00000e+00     fixed    
   7  w_CBO        2.32500e+00   constant   
   8  beta_CBO     0.00000e+00     fixed    
   9  alpha_2CBO   0.00000e+00     fixed    
  10  beta_2CBO    0.00000e+00     fixed    
  11  alpha_y      0.00000e+00     fixed    
  12  w_y          1.44500e+01   constant   
  13  beta_y       0.00000e+00     fixed    
  14  alpha_vw     0.00000e+00     fixed    
  15  w_vw         1.29000e+01   constant   
  16  beta_vw      0.00000e+00     fixed    
  17  LM           4.28749e-04   constant   
  18  zeta_y       0.00000e+00   constant   
  19  zeta_vw      0.00000e+00   constant   
  20  T_CBO        7.60133e+02   5.54602e+02   1.16562e-01  -5.94820e-02
  21  alpha_A0    -1.46090e-03   1.38376e-03   3.04471e-05   2.02299e+01
  22  beta_A0     -4.50893e-04   9.39702e-04   1.74312e-05  -2.27943e-01
  23  alpha_phi   -4.66022e-03   2.57137e-03   7.12875e-05   8.53719e+01
  24  beta_phi     4.70856e-04   1.05947e-03  -3.50325e-06   4.07161e+00
 EXTERNAL ERROR MATRIX.    NDIM=  25    NPAR=  8    ERR DEF=1
  1.582e+05 -7.999e-03 -8.410e-03  6.384e+03  1.190e-01  3.785e-02 -2.463e-02 -1.010e-01 
 -7.999e-03  2.976e-08 -4.496e-09 -1.354e-02 -3.827e-08 -1.593e-09 -9.207e-09  3.136e-08 
 -8.410e-03 -4.496e-09  2.660e-07  5.593e-02  6.503e-08 -2.117e-08 -5.302e-08  5.892e-10 
  6.384e+03 -1.354e-02  5.593e-02  2.911e+06  1.347e+00  3.084e-01  4.283e+00 -2.500e-01 
  1.190e-01 -3.827e-08  6.503e-08  1.347e+00  1.915e-06 -7.787e-09  1.697e-06 -5.718e-07 
  3.785e-02 -1.593e-09 -2.117e-08  3.084e-01 -7.787e-09  8.830e-07  4.298e-07  1.331e-08 
 -2.463e-02 -9.207e-09 -5.302e-08  4.283e+00  1.697e-06  4.298e-07  6.612e-06 -3.432e-07 
 -1.010e-01  3.136e-08  5.892e-10 -2.500e-01 -5.718e-07  1.331e-08 -3.432e-07  1.122e-06 
ERR MATRIX APPROXIMATE
 PARAMETER  CORRELATION COEFFICIENTS  
       NO.  GLOBAL      1      3      4     20     21     22     23     24
        1  0.34781   1.000 -0.117 -0.041  0.009  0.216  0.101 -0.024 -0.240
        3  0.22084  -0.117  1.000 -0.051 -0.046 -0.160 -0.010 -0.021  0.172
        4  0.52266  -0.041 -0.051  1.000  0.064  0.091 -0.044 -0.040  0.001
       20  0.98857   0.009 -0.046  0.064  1.000  0.571  0.192  0.976 -0.138
       21  0.77170   0.216 -0.160  0.091  0.571  1.000 -0.006  0.477 -0.390
       22  0.32130   0.101 -0.010 -0.044  0.192 -0.006  1.000  0.178  0.013
       23  0.98677  -0.024 -0.021 -0.040  0.976  0.477  0.178  1.000 -0.126
       24  0.46921  -0.240  0.172  0.001 -0.138 -0.390  0.013 -0.126  1.000
 ERR MATRIX APPROXIMATE
MINUIT - FIT ONLY 1-CBO + wiggle
 **********
 **   16 **RES 
 **********
                   PARAMETER   16  beta_vw RESTORED TO VARIABLE.
                   PARAMETER   14  alpha_vw RESTORED TO VARIABLE.
                   PARAMETER   13  beta_y RESTORED TO VARIABLE.
                   PARAMETER   11  alpha_y RESTORED TO VARIABLE.
                   PARAMETER   10  beta_2CBO RESTORED TO VARIABLE.
                   PARAMETER    9  alpha_2CBO RESTORED TO VARIABLE.
                   PARAMETER    8  beta_CBO RESTORED TO VARIABLE.
                   PARAMETER    6  alpha_CBO RESTORED TO VARIABLE.
 **********
 **   17 **FIX            8
 **********
 **********
 **   18 **FIX            9
 **********
 **********
 **   19 **FIX           11
 **********
 **********
 **   20 **FIX           12
 **********
 PARAMETER   12  IS CONSTANT.   IGNORED.
 **********
 **   21 **FIX           14
 **********
 **********
 **   22 **FIX           15
 **********
 PARAMETER   15  IS CONSTANT.   IGNORED.
 **********
 **   23 **FIX           16
 **********
 **********
 **   24 **MIGRAD
 **********
 START MIGRAD MINIMIZATION.  STRATEGY  1.  CONVERGENCE WHEN EDM .LT. 1.00e-04
 FCN=777.197 FROM MIGRAD    STATUS=INITIATE       28 CALLS        1356 TOTAL
                     EDM= unknown      STRATEGY= 1      NO ERROR MATRIX       
  EXT PARAMETER               CURRENT GUESS       STEP         FIRST   
  NO.   NAME      VALUE            ERROR          SIZE      DERIVATIVE 
   1  N0           3.01105e+06   3.97734e+02   1.02727e+00   9.71414e-06
   2  tau          6.44153e+01   constant   
   3  A0           3.52289e-01   1.72519e-04  -6.06752e-07  -4.93353e+00
   4  phi          4.11950e+00   5.15730e-04   4.32536e-06   3.75683e+01
   5  R           -6.13262e+01   constant   
   6  alpha_CBO    0.00000e+00   1.00000e-03   1.00000e-03   2.92327e+05
   7  w_CBO        2.32500e+00   constant   
   8  beta_CBO     0.00000e+00     fixed    
   9  alpha_2CBO   0.00000e+00     fixed    
  10  beta_2CBO    0.00000e+00   1.00000e-03   1.00000e-03  -5.26701e+03
  11  alpha_y      0.00000e+00     fixed    
  12  w_y          1.44500e+01   constant   
  13  beta_y       0.00000e+00   1.00000e-03   1.00000e-03   8.38968e+03
  14  alpha_vw     0.00000e+00     fixed    
  15  w_vw         1.29000e+01   constant   
  16  beta_vw      0.00000e+00     fixed    
  17  LM           4.28749e-04   constant   
  18  zeta_y       0.00000e+00   constant   
  19  zeta_vw      0.00000e+00   constant   
  20  T_CBO        7.60133e+02   5.54602e+02   1.16562e-01  -5.95673e-02
  21  alpha_A0    -1.46090e-03   1.38376e-03   3.04471e-05   2.02299e+01
  22  beta_A0     -4.50893e-04   9.39702e-04   1.74312e-05  -2.27950e-01
  23  alpha_phi   -4.66022e-03   2.57137e-03   7.12875e-05   8.53719e+01
  24  beta_phi     4.70856e-04   1.05947e-03  -3.50325e-06   4.07161e+00
 MIGRAD MINIMIZATION HAS CONVERGED.
 FCN=68.6806 FROM MIGRAD    STATUS=CONVERGED     206 CALLS        1534 TOTAL
                     EDM=3.53562e-06    STRATEGY= 1  ERROR MATRIX UNCERTAINTY   3.7 per cent
  EXT PARAMETER                                   STEP         FIRST   
  NO.   NAME      VALUE            ERROR          SIZE      DERIVATIVE 
   1  N0           3.01093e+06   3.77935e+02   9.52108e-01  -5.14613e-06
   2  tau          6.44153e+01   constant   
   3  A0           3.52177e-01   1.68276e-04  -1.58600e-07  -1.25450e+00
   4  phi          4.11619e+00   5.23840e-04   2.62190e-08   3.63374e-01
   5  R           -6.13262e+01   constant   
   6  alpha_CBO   -4.83555e-03   1.81532e-04  -7.93068e-08  -7.29560e-01
   7  w_CBO        2.32500e+00   constant   
   8  beta_CBO     0.00000e+00     fixed    
   9  alpha_2CBO   0.00000e+00     fixed    
  10  beta_2CBO    4.93633e-04   1.78059e-04  -1.05162e-06  -2.24934e+00
  11  alpha_y      0.00000e+00     fixed    
  12  w_y          1.44500e+01   constant   
  13  beta_y      -1.20946e-04   1.75036e-04  -8.12309e-08  -1.49960e+00
  14  alpha_vw     0.00000e+00     fixed    
  15  w_vw         1.29000e+01   constant   
  16  beta_vw      0.00000e+00     fixed    
  17  LM           4.28749e-04   constant   
  18  zeta_y       0.00000e+00   constant   
  19  zeta_vw      0.00000e+00   constant   
  20  T_CBO        9.12718e+02   5.40905e+02  -1.26399e-03   1.29401e-03
  21  alpha_A0    -5.04797e-04   8.70260e-04   1.09150e-06  -6.08949e-01
  22  beta_A0      5.61075e-04   8.26862e-04   1.73790e-06   2.49249e+00
  23  alpha_phi   -2.50305e-03   8.02246e-04   1.63284e-06   1.43252e+00
  24  beta_phi     9.87887e-04   8.62436e-04  -1.86600e-06   1.24858e+00
 EXTERNAL ERROR MATRIX.    NDIM=  25    NPAR= 11    ERR DEF=1
  1.428e+05 
  1.037e-04  2.832e-08 
 -1.282e-02  5.337e-10  2.744e-07 
  1.294e-03  8.330e-10  1.946e-08  3.295e-08 
 -9.275e-03  1.240e-09 -1.926e-09 -2.664e-09  3.170e-08 
 -4.600e-04  1.225e-10 -2.602e-10  1.510e-10  4.784e-11  3.064e-08 
 -5.625e+03 -1.809e-04  1.174e-02  5.051e-03  1.779e-03 -3.796e-05  1.669e+05 
  4.014e-02 -6.056e-09  2.259e-08 -7.860e-09 -3.629e-09 -9.850e-10 -1.441e-03  7.574e-07 
  8.096e-03  9.730e-10 -4.361e-08 -3.551e-09  2.049e-08  3.037e-09 -4.282e-02 -1.267e-08  6.837e-07 
  3.663e-02 -5.513e-09 -5.747e-08 -1.635e-08 -1.612e-08  1.042e-09 -8.606e-02  4.048e-08 -8.934e-09  6.436e-07 
 -6.238e-02  1.015e-08  1.581e-08 -2.559e-09  1.588e-08 -1.469e-10  5.746e-02  1.639e-08  1.284e-08 -6.580e-08  7.438e-07 
 PARAMETER  CORRELATION COEFFICIENTS  
       NO.  GLOBAL      1      3      4      6     10     13     20     21     22     23     24
        1  0.28354   1.000  0.002 -0.065  0.019 -0.138 -0.007 -0.036  0.122  0.026  0.121 -0.191
        3  0.10338   0.002  1.000  0.006  0.027  0.041  0.004 -0.003 -0.041  0.007 -0.041  0.070
        4  0.26964  -0.065  0.006  1.000  0.205 -0.021 -0.003  0.055  0.050 -0.101 -0.137  0.035
        6  0.25312   0.019  0.027  0.205  1.000 -0.082  0.005  0.068 -0.050 -0.024 -0.112 -0.016
       10  0.24881  -0.138  0.041 -0.021 -0.082  1.000  0.002  0.024 -0.023  0.139 -0.113  0.103
       13  0.02618  -0.007  0.004 -0.003  0.005  0.002  1.000 -0.001 -0.006  0.021  0.007 -0.001
       20  0.32950  -0.036 -0.003  0.055  0.068  0.024 -0.001  1.000 -0.004 -0.127 -0.263  0.163
       21  0.16973   0.122 -0.041  0.050 -0.050 -0.023 -0.006 -0.004  1.000 -0.018  0.058  0.022
       22  0.22367   0.026  0.007 -0.101 -0.024  0.139  0.021 -0.127 -0.018  1.000 -0.013  0.018
       23  0.34132   0.121 -0.041 -0.137 -0.112 -0.113  0.007 -0.263  0.058 -0.013  1.000 -0.095
       24  0.27561  -0.191  0.070  0.035 -0.016  0.103 -0.001  0.163  0.022  0.018 -0.095  1.000
MINUIT - FIT ONLY 2-CBO
 **********
 **   25 **RES 
 **********
                   PARAMETER   16  beta_vw RESTORED TO VARIABLE.
                   PARAMETER   14  alpha_vw RESTORED TO VARIABLE.
                   PARAMETER   11  alpha_y RESTORED TO VARIABLE.
                   PARAMETER    9  alpha_2CBO RESTORED TO VARIABLE.
                   PARAMETER    8  beta_CBO RESTORED TO VARIABLE.
 **********
 **   26 **FIX            0
 **********
 PARAMETER    0  IS UNDEFINED. IGNORED.
 **********
 **   27 **FIX            1
 **********
 **********
 **   28 **FIX            2
 **********
 PARAMETER    2  IS CONSTANT.   IGNORED.
 **********
 **   29 **FIX            3
 **********
 **********
 **   30 **FIX            4
 **********
 **********
 **   31 **FIX            5
 **********
 PARAMETER    5  IS CONSTANT.   IGNORED.
 **********
 **   32 **FIX            6
 **********
 **********
 **   33 **FIX            7
 **********
 PARAMETER    7  IS CONSTANT.   IGNORED.
 **********
 **   34 **FIX           10
 **********
 **********
 **   35 **FIX           11
 **********
 **********
 **   36 **FIX           12
 **********
 PARAMETER   12  IS CONSTANT.   IGNORED.
 **********
 **   37 **FIX           13
 **********
 **********
 **   38 **FIX           14
 **********
 **********
 **   39 **FIX           15
 **********
 PARAMETER   15  IS CONSTANT.   IGNORED.
 **********
 **   40 **FIX           16
 **********
 **********
 **   41 **MIGRAD
 **********
 START MIGRAD MINIMIZATION.  STRATEGY  1.  CONVERGENCE WHEN EDM .LT. 1.00e-04
 FCN=68.6806 FROM MIGRAD    STATUS=INITIATE       18 CALLS        1552 TOTAL
                     EDM= unknown      STRATEGY= 1      NO ERROR MATRIX       
  EXT PARAMETER               CURRENT GUESS       STEP         FIRST   
  NO.   NAME      VALUE            ERROR          SIZE      DERIVATIVE 
   1  N0           3.01093e+06     fixed    
   2  tau          6.44153e+01   constant   
   3  A0           3.52177e-01     fixed    
   4  phi          4.11619e+00     fixed    
   5  R           -6.13262e+01   constant   
   6  alpha_CBO   -4.83555e-03     fixed    
   7  w_CBO        2.32500e+00   constant   
   8  beta_CBO     0.00000e+00   1.00000e-03   1.00000e-03  -3.40079e+04
   9  alpha_2CBO   0.00000e+00   1.00000e-03   1.00000e-03   7.31376e+03
  10  beta_2CBO    4.93633e-04     fixed    
  11  alpha_y      0.00000e+00     fixed    
  12  w_y          1.44500e+01   constant   
  13  beta_y      -1.20946e-04     fixed    
  14  alpha_vw     0.00000e+00     fixed    
  15  w_vw         1.29000e+01   constant   
  16  beta_vw      0.00000e+00     fixed    
  17  LM           4.28749e-04   constant   
  18  zeta_y       0.00000e+00   constant   
  19  zeta_vw      0.00000e+00   constant   
  20  T_CBO        9.12718e+02   5.40905e+02  -1.26399e-03  -1.29386e-03
  21  alpha_A0    -5.04797e-04   8.70260e-04   1.09150e-06  -6.08948e-01
  22  beta_A0      5.61075e-04   8.26862e-04   1.73790e-06   2.49248e+00
  23  alpha_phi   -2.50305e-03   8.02246e-04   1.63284e-06   1.43252e+00
  24  beta_phi     9.87887e-04   8.62436e-04  -1.86600e-06   1.24858e+00
 MIGRAD MINIMIZATION HAS CONVERGED.
 MIGRAD WILL VERIFY CONVERGENCE AND ERROR MATRIX.
 COVARIANCE MATRIX CALCULATED SUCCESSFULLY
 FCN=59.2145 FROM MIGRAD    STATUS=CONVERGED     155 CALLS        1689 TOTAL
                     EDM=9.83917e-05    STRATEGY= 1      ERROR MATRIX ACCURATE 
  EXT PARAMETER                                   STEP         FIRST   
  NO.   NAME      VALUE            ERROR          SIZE      DERIVATIVE 
   1  N0           3.01093e+06     fixed    
   2  tau          6.44153e+01   constant   
   3  A0           3.52177e-01     fixed    
   4  phi          4.11619e+00     fixed    
   5  R           -6.13262e+01   constant   
   6  alpha_CBO   -4.83555e-03     fixed    
   7  w_CBO        2.32500e+00   constant   
   8  beta_CBO     5.36791e-04   1.78533e-04   6.70713e-07   5.08954e-01
   9  alpha_2CBO  -9.25047e-05   1.78710e-04   6.61628e-07   2.65808e+00
  10  beta_2CBO    4.93633e-04     fixed    
  11  alpha_y      0.00000e+00     fixed    
  12  w_y          1.44500e+01   constant   
  13  beta_y      -1.20946e-04     fixed    
  14  alpha_vw     0.00000e+00     fixed    
  15  w_vw         1.29000e+01   constant   
  16  beta_vw      0.00000e+00     fixed    
  17  LM           4.28749e-04   constant   
  18  zeta_y       0.00000e+00   constant   
  19  zeta_vw      0.00000e+00   constant   
  20  T_CBO        8.77973e+02   5.95773e+02   1.77693e-02  -3.90066e-04
  21  alpha_A0    -5.86534e-04   1.19506e-03   3.30852e-06   6.13531e-02
  22  beta_A0      3.47676e-04   9.56407e-04   3.13340e-06   7.43215e-01
  23  alpha_phi   -2.57007e-03   3.64167e-03   2.92030e-06  -1.34455e+00
  24  beta_phi     7.73790e-04   1.35208e-03   3.11396e-06  -1.68797e-01
 EXTERNAL ERROR MATRIX.    NDIM=  25    NPAR=  7    ERR DEF=1
  3.187e-08  1.425e-09 -5.419e-03 -1.930e-11 -1.458e-08 -5.440e-09 -8.202e-09 
  1.425e-09  3.194e-08 -6.012e-03  2.351e-08 -9.810e-09 -2.447e-09  1.936e-08 
 -5.419e-03 -6.012e-03  5.782e+07  6.099e+00 -3.548e+00  2.706e+01 -8.107e+00 
 -1.930e-11  2.351e-08  6.099e+00  1.428e-06 -4.154e-07  2.836e-06 -8.753e-07 
 -1.458e-08 -9.810e-09 -3.548e+00 -4.154e-07  9.147e-07 -1.686e-06  4.795e-07 
 -5.440e-09 -2.447e-09  2.706e+01  2.836e-06 -1.686e-06  1.326e-05 -3.800e-06 
 -8.202e-09  1.936e-08 -8.107e+00 -8.753e-07  4.795e-07 -3.800e-06  1.828e-06 
 PARAMETER  CORRELATION COEFFICIENTS  
       NO.  GLOBAL      8      9     20     21     22     23     24
        8  0.13004   1.000  0.045 -0.004 -0.000 -0.085 -0.008 -0.034
        9  0.21272   0.045  1.000 -0.004  0.110 -0.057 -0.004  0.080
       20  0.97973  -0.004 -0.004  1.000  0.671 -0.488  0.977 -0.789
       21  0.68273  -0.000  0.110  0.671  1.000 -0.363  0.652 -0.542
       22  0.50234  -0.085 -0.057 -0.488 -0.363  1.000 -0.484  0.371
       23  0.97735  -0.008 -0.004  0.977  0.652 -0.484  1.000 -0.772
       24  0.79406  -0.034  0.080 -0.789 -0.542  0.371 -0.772  1.000
MINUIT - FIT wiggle + 1-CBO + 2-CBO
 **********
 **   42 **RES 
 **********
                   PARAMETER   16  beta_vw RESTORED TO VARIABLE.
                   PARAMETER   14  alpha_vw RESTORED TO VARIABLE.
                   PARAMETER   13  beta_y RESTORED TO VARIABLE.
                   PARAMETER   11  alpha_y RESTORED TO VARIABLE.
                   PARAMETER   10  beta_2CBO RESTORED TO VARIABLE.
                   PARAMETER    6  alpha_CBO RESTORED TO VARIABLE.
                   PARAMETER    4  phi RESTORED TO VARIABLE.
                   PARAMETER    3  A0 RESTORED TO VARIABLE.
                   PARAMETER    1  N0 RESTORED TO VARIABLE.
 **********
 **   43 **FIX           10
 **********
 **********
 **   44 **FIX           11
 **********
 **********
 **   45 **FIX           12
 **********
 PARAMETER   12  IS CONSTANT.   IGNORED.
 **********
 **   46 **FIX           13
 **********
 **********
 **   47 **FIX           14
 **********
 **********
 **   48 **FIX           15
 **********
 PARAMETER   15  IS CONSTANT.   IGNORED.
 **********
 **   49 **FIX           16
 **********
 **********
 **   50 **MIGRAD
 **********
 START MIGRAD MINIMIZATION.  STRATEGY  1.  CONVERGENCE WHEN EDM .LT. 1.00e-04
 FCN=59.2145 FROM MIGRAD    STATUS=INITIATE       22 CALLS        1711 TOTAL
                     EDM= unknown      STRATEGY= 1      NO ERROR MATRIX       
  EXT PARAMETER               CURRENT GUESS       STEP         FIRST   
  NO.   NAME      VALUE            ERROR          SIZE      DERIVATIVE 
   1  N0           3.01093e+06   3.77935e+02   3.77935e+02   1.37603e-03
   2  tau          6.44153e+01   constant   
   3  A0           3.52177e-01   1.68276e-04   1.68276e-04   7.34217e+03
   4  phi          4.11619e+00   5.23840e-04   5.23840e-04  -9.53851e+02
   5  R           -6.13262e+01   constant   
   6  alpha_CBO   -4.83555e-03   1.81532e-04   1.81532e-04   1.24938e+03
   7  w_CBO        2.32500e+00   constant   
   8  beta_CBO     5.36791e-04   1.78533e-04   6.70713e-07   5.08954e-01
   9  alpha_2CBO  -9.25047e-05   1.78710e-04   6.61628e-07   2.65809e+00
  10  beta_2CBO    4.93633e-04     fixed    
  11  alpha_y      0.00000e+00     fixed    
  12  w_y          1.44500e+01   constant   
  13  beta_y      -1.20946e-04     fixed    
  14  alpha_vw     0.00000e+00     fixed    
  15  w_vw         1.29000e+01   constant   
  16  beta_vw      0.00000e+00     fixed    
  17  LM           4.28749e-04   constant   
  18  zeta_y       0.00000e+00   constant   
  19  zeta_vw      0.00000e+00   constant   
  20  T_CBO        8.77973e+02   5.95773e+02   1.77693e-02  -3.94231e-04
  21  alpha_A0    -5.86534e-04   1.19506e-03   3.30852e-06   6.13071e-02
  22  beta_A0      3.47676e-04   9.56407e-04   3.13340e-06   7.43159e-01
  23  alpha_phi   -2.57007e-03   3.64167e-03   2.92030e-06  -1.34455e+00
  24  beta_phi     7.73790e-04   1.35208e-03   3.11396e-06  -1.68798e-01
 MIGRAD MINIMIZATION HAS CONVERGED.
 FCN=58.6628 FROM MIGRAD    STATUS=CONVERGED     267 CALLS        1956 TOTAL
                     EDM=6.04904e-06    STRATEGY= 1  ERROR MATRIX UNCERTAINTY   1.2 per cent
  EXT PARAMETER                                   STEP         FIRST   
  NO.   NAME      VALUE            ERROR          SIZE      DERIVATIVE 
   1  N0           3.01084e+06   3.93706e+02   6.90481e-02  -4.49042e-06
   2  tau          6.44153e+01   constant   
   3  A0           3.52065e-01   1.74784e-04   1.10391e-08   6.74046e+00
   4  phi          4.11634e+00   5.31854e-04  -1.15623e-06  -1.13945e+00
   5  R           -6.13262e+01   constant   
   6  alpha_CBO   -4.84874e-03   1.78260e-04   1.20498e-07   1.44974e+01
   7  w_CBO        2.32500e+00   constant   
   8  beta_CBO     5.70761e-04   1.84717e-04  -1.36851e-08  -6.78996e-01
   9  alpha_2CBO  -8.51403e-05   1.76593e-04  -1.10878e-07   6.15531e+00
  10  beta_2CBO    4.93633e-04     fixed    
  11  alpha_y      0.00000e+00     fixed    
  12  w_y          1.44500e+01   constant   
  13  beta_y      -1.20946e-04     fixed    
  14  alpha_vw     0.00000e+00     fixed    
  15  w_vw         1.29000e+01   constant   
  16  beta_vw      0.00000e+00     fixed    
  17  LM           4.28749e-04   constant   
  18  zeta_y       0.00000e+00   constant   
  19  zeta_vw      0.00000e+00   constant   
  20  T_CBO        9.99905e+02   5.41219e+02   7.62399e-02  -1.07668e-04
  21  alpha_A0    -5.19967e-04   9.42237e-04  -1.98970e-07   9.91951e-01
  22  beta_A0      2.77902e-04   8.34680e-04   2.24677e-07   2.80649e-01
  23  alpha_phi   -2.54483e-03   9.35556e-04   1.38271e-07   4.34601e+00
  24  beta_phi     7.23009e-04   8.18065e-04  -1.92447e-06  -2.38467e+00
 EXTERNAL ERROR MATRIX.    NDIM=  25    NPAR= 11    ERR DEF=1
  1.550e+05 
 -5.150e-03  3.055e-08 
 -7.262e-03 -5.107e-09  2.829e-07 
  4.546e-03 -2.092e-09  1.306e-08  3.178e-08 
 -4.921e-03 -6.626e-09  1.068e-08 -1.095e-09  3.412e-08 
 -1.506e-03 -1.686e-09  8.139e-09  1.971e-09  1.978e-09  3.119e-08 
  3.697e+03 -2.010e-04  3.460e-03 -3.626e-04  2.155e-04 -1.096e-03  3.592e+04 
  4.789e-02 -1.967e-08  6.958e-08  1.026e-08  1.261e-09  1.838e-08  1.055e-02  8.878e-07 
  2.758e-03  1.032e-08 -5.523e-08 -5.189e-09 -1.874e-08 -7.845e-09 -5.587e-03 -6.112e-08  6.967e-07 
  1.636e-02 -8.701e-10  6.535e-09 -2.146e-08 -2.787e-09  2.385e-09  7.144e-02  2.891e-09 -5.544e-08  8.753e-07 
 -4.967e-02  1.842e-08 -1.822e-08  6.006e-09 -1.154e-08  7.433e-09 -2.024e-02 -8.470e-08 -1.327e-08  1.952e-08  6.692e-07 
 PARAMETER  CORRELATION COEFFICIENTS  
       NO.  GLOBAL      1      3      4      6      8      9     20     21     22     23     24
        1  0.23863   1.000 -0.075 -0.035  0.065 -0.068 -0.022  0.050  0.129  0.008  0.044 -0.154
        3  0.27900  -0.075  1.000 -0.055 -0.067 -0.205 -0.055 -0.006 -0.119  0.071 -0.005  0.129
        4  0.25699  -0.035 -0.055  1.000  0.138  0.109  0.087  0.034  0.139 -0.124  0.013 -0.042
        6  0.24242   0.065 -0.067  0.138  1.000 -0.033  0.063 -0.011  0.061 -0.035 -0.129  0.041
        8  0.27856  -0.068 -0.205  0.109 -0.033  1.000  0.061  0.006  0.007 -0.122 -0.016 -0.076
        9  0.17801  -0.022 -0.055  0.087  0.063  0.061  1.000 -0.033  0.110 -0.053  0.014  0.051
       20  0.43396   0.050 -0.006  0.034 -0.011  0.006 -0.033  1.000  0.059 -0.035  0.403 -0.131
       21  0.26447   0.129 -0.119  0.139  0.061  0.007  0.110  0.059  1.000 -0.078  0.003 -0.110
       22  0.20129   0.008  0.071 -0.124 -0.035 -0.122 -0.053 -0.035 -0.078  1.000 -0.071 -0.019
       23  0.43926   0.044 -0.005  0.013 -0.129 -0.016  0.014  0.403  0.003 -0.071  1.000  0.026
       24  0.28244  -0.154  0.129 -0.042  0.041 -0.076  0.051 -0.131 -0.110 -0.019  0.026  1.000
MINUIT - FIT ONLY 1-y
 **********
 **   51 **RES 
 **********
                   PARAMETER   16  beta_vw RESTORED TO VARIABLE.
                   PARAMETER   14  alpha_vw RESTORED TO VARIABLE.
                   PARAMETER   13  beta_y RESTORED TO VARIABLE.
                   PARAMETER   11  alpha_y RESTORED TO VARIABLE.
                   PARAMETER   10  beta_2CBO RESTORED TO VARIABLE.
 **********
 **   52 **FIX            0
 **********
 PARAMETER    0  IS UNDEFINED. IGNORED.
 **********
 **   53 **FIX            1
 **********
 **********
 **   54 **FIX            2
 **********
 PARAMETER    2  IS CONSTANT.   IGNORED.
 **********
 **   55 **FIX            3
 **********
 **********
 **   56 **FIX            4
 **********
 **********
 **   57 **FIX            5
 **********
 PARAMETER    5  IS CONSTANT.   IGNORED.
 **********
 **   58 **FIX            6
 **********
 **********
 **   59 **FIX            7
 **********
 PARAMETER    7  IS CONSTANT.   IGNORED.
 **********
 **   60 **FIX            8
 **********
 **********
 **   61 **FIX            9
 **********
 **********
 **   62 **FIX           13
 **********
 **********
 **   63 **FIX           14
 **********
 **********
 **   64 **FIX           15
 **********
 PARAMETER   15  IS CONSTANT.   IGNORED.
 **********
 **   65 **FIX           16
 **********
 **********
 **   66 **MIGRAD
 **********
 START MIGRAD MINIMIZATION.  STRATEGY  1.  CONVERGENCE WHEN EDM .LT. 1.00e-04
 FCN=58.6628 FROM MIGRAD    STATUS=INITIATE       16 CALLS        1972 TOTAL
                     EDM= unknown      STRATEGY= 1      NO ERROR MATRIX       
  EXT PARAMETER               CURRENT GUESS       STEP         FIRST   
  NO.   NAME      VALUE            ERROR          SIZE      DERIVATIVE 
   1  N0           3.01084e+06     fixed    
   2  tau          6.44153e+01   constant   
   3  A0           3.52065e-01     fixed    
   4  phi          4.11634e+00     fixed    
   5  R           -6.13262e+01   constant   
   6  alpha_CBO   -4.84874e-03     fixed    
   7  w_CBO        2.32500e+00   constant   
   8  beta_CBO     5.70761e-04     fixed    
   9  alpha_2CBO  -8.51403e-05     fixed    
  10  beta_2CBO    4.93633e-04   1.78059e-04   1.78059e-04  -1.72795e+03
  11  alpha_y      0.00000e+00   1.00000e-03   1.00000e-03   9.69092e+03
  12  w_y          1.44500e+01   constant   
  13  beta_y      -1.20946e-04     fixed    
  14  alpha_vw     0.00000e+00     fixed    
  15  w_vw         1.29000e+01   constant   
  16  beta_vw      0.00000e+00     fixed    
  17  LM           4.28749e-04   constant   
  18  zeta_y       0.00000e+00   constant   
  19  zeta_vw      0.00000e+00   constant   
  20  T_CBO        9.99905e+02   5.41219e+02   7.62399e-02  -1.09080e-04
  21  alpha_A0    -5.19967e-04   9.42237e-04  -1.98970e-07   9.91952e-01
  22  beta_A0      2.77902e-04   8.34680e-04   2.24677e-07   2.80645e-01
  23  alpha_phi   -2.54483e-03   9.35556e-04   1.38271e-07   4.34601e+00
  24  beta_phi     7.23009e-04   8.18065e-04  -1.92447e-06  -2.38467e+00
 MIGRAD MINIMIZATION HAS CONVERGED.
 MIGRAD WILL VERIFY CONVERGENCE AND ERROR MATRIX.
 COVARIANCE MATRIX CALCULATED SUCCESSFULLY
 FCN=57.9045 FROM MIGRAD    STATUS=CONVERGED     117 CALLS        2073 TOTAL
                     EDM=3.3339e-07    STRATEGY= 1      ERROR MATRIX ACCURATE 
  EXT PARAMETER                                   STEP         FIRST   
  NO.   NAME      VALUE            ERROR          SIZE      DERIVATIVE 
   1  N0           3.01084e+06     fixed    
   2  tau          6.44153e+01   constant   
   3  A0           3.52065e-01     fixed    
   4  phi          4.11634e+00     fixed    
   5  R           -6.13262e+01   constant   
   6  alpha_CBO   -4.84874e-03     fixed    
   7  w_CBO        2.32500e+00   constant   
   8  beta_CBO     5.70761e-04     fixed    
   9  alpha_2CBO  -8.51403e-05     fixed    
  10  beta_2CBO    5.19766e-04   1.82498e-04   6.65461e-07  -1.86874e+00
  11  alpha_y     -1.51830e-04   1.77298e-04   6.64112e-07   6.25840e-01
  12  w_y          1.44500e+01   constant   
  13  beta_y      -1.20946e-04     fixed    
  14  alpha_vw     0.00000e+00     fixed    
  15  w_vw         1.29000e+01   constant   
  16  beta_vw      0.00000e+00     fixed    
  17  LM           4.28749e-04   constant   
  18  zeta_y       0.00000e+00   constant   
  19  zeta_vw      0.00000e+00   constant   
  20  T_CBO        1.00000e+03   9.06550e+02   7.73870e-02** at limit **
  21  alpha_A0    -5.24659e-04   8.60426e-04   3.20856e-06  -6.05228e-01
  22  beta_A0      2.89789e-04   8.24464e-04   3.03876e-06  -2.30254e-01
  23  alpha_phi   -2.55171e-03   7.80850e-04   2.83264e-06   3.87716e-01
  24  beta_phi     7.23660e-04   8.08640e-04   3.02054e-06  -3.22251e-01
 EXTERNAL ERROR MATRIX.    NDIM=  25    NPAR=  7    ERR DEF=1
  3.331e-08  5.462e-10  6.691e-09  8.572e-09  2.498e-08 -2.210e-08  3.853e-09 
  5.462e-10  3.143e-08  4.204e-09  2.375e-09  1.977e-09 -2.746e-09  7.019e-10 
  6.691e-09  4.204e-09  9.831e-02 -9.409e-06  5.157e-06 -4.644e-05  1.309e-05 
  8.572e-09  2.375e-09 -9.409e-06  7.403e-07 -2.631e-08 -1.951e-08 -3.324e-08 
  2.498e-08  1.977e-09  5.157e-06 -2.631e-08  6.797e-07 -4.498e-08 -1.244e-08 
 -2.210e-08 -2.746e-09 -4.644e-05 -1.951e-08 -4.498e-08  6.097e-07 -1.480e-08 
  3.853e-09  7.019e-10  1.309e-05 -3.324e-08 -1.244e-08 -1.480e-08  6.539e-07 
 PARAMETER  CORRELATION COEFFICIENTS  
       NO.  GLOBAL     10     11     20     21     22     23     24
       10  0.23073   1.000  0.017  0.000  0.055  0.166 -0.155  0.026
       11  0.03075   0.017  1.000  0.000  0.016  0.014 -0.020  0.005
       20  0.20154   0.000  0.000  1.000 -0.035  0.020 -0.190  0.052
       21  0.09920   0.055  0.016 -0.035  1.000 -0.037 -0.029 -0.048
       22  0.18084   0.166  0.014  0.020 -0.037  1.000 -0.070 -0.019
       23  0.25092  -0.155 -0.020 -0.190 -0.029 -0.070  1.000 -0.023
       24  0.08057   0.026  0.005  0.052 -0.048 -0.019 -0.023  1.000
MINUIT - FIT ONLY 2-y
 **********
 **   67 **RES 
 **********
                   PARAMETER   16  beta_vw RESTORED TO VARIABLE.
                   PARAMETER   14  alpha_vw RESTORED TO VARIABLE.
                   PARAMETER   13  beta_y RESTORED TO VARIABLE.
                   PARAMETER    9  alpha_2CBO RESTORED TO VARIABLE.
                   PARAMETER    8  beta_CBO RESTORED TO VARIABLE.
                   PARAMETER    6  alpha_CBO RESTORED TO VARIABLE.
                   PARAMETER    4  phi RESTORED TO VARIABLE.
                   PARAMETER    3  A0 RESTORED TO VARIABLE.
                   PARAMETER    1  N0 RESTORED TO VARIABLE.
 **********
 **   68 **FIX            0
 **********
 PARAMETER    0  IS UNDEFINED. IGNORED.
 **********
 **   69 **FIX            1
 **********
 **********
 **   70 **FIX            2
 **********
 PARAMETER    2  IS CONSTANT.   IGNORED.
 **********
 **   71 **FIX            3
 **********
 **********
 **   72 **FIX            4
 **********
 **********
 **   73 **FIX            5
 **********
 PARAMETER    5  IS CONSTANT.   IGNORED.
 **********
 **   74 **FIX            6
 **********
 **********
 **   75 **FIX            7
 **********
 PARAMETER    7  IS CONSTANT.   IGNORED.
 **********
 **   76 **FIX            8
 **********
 **********
 **   77 **FIX            9
 **********
 **********
 **   78 **FIX           10
 **********
 **********
 **   79 **FIX           11
 **********
 **********
 **   80 **FIX           12
 **********
 PARAMETER   12  IS CONSTANT.   IGNORED.
 **********
 **   81 **FIX           16
 **********
 **********
 **   82 **MIGRAD
 **********
 START MIGRAD MINIMIZATION.  STRATEGY  1.  CONVERGENCE WHEN EDM .LT. 1.00e-04
 FCN=57.9045 FROM MIGRAD    STATUS=INITIATE       16 CALLS        2089 TOTAL
                     EDM= unknown      STRATEGY= 1      NO ERROR MATRIX       
  EXT PARAMETER               CURRENT GUESS       STEP         FIRST   
  NO.   NAME      VALUE            ERROR          SIZE      DERIVATIVE 
   1  N0           3.01084e+06     fixed    
   2  tau          6.44153e+01   constant   
   3  A0           3.52065e-01     fixed    
   4  phi          4.11634e+00     fixed    
   5  R           -6.13262e+01   constant   
   6  alpha_CBO   -4.84874e-03     fixed    
   7  w_CBO        2.32500e+00   constant   
   8  beta_CBO     5.70761e-04     fixed    
   9  alpha_2CBO  -8.51403e-05     fixed    
  10  beta_2CBO    5.19766e-04     fixed    
  11  alpha_y     -1.51830e-04     fixed    
  12  w_y          1.44500e+01   constant   
  13  beta_y      -1.20946e-04   1.75036e-04   1.75036e-04   4.33645e+01
  14  alpha_vw     0.00000e+00   1.00000e-03   1.00000e-03   3.90524e+03
  15  w_vw         1.29000e+01   constant   
  16  beta_vw      0.00000e+00     fixed    
  17  LM           4.28749e-04   constant   
  18  zeta_y       0.00000e+00   constant   
  19  zeta_vw      0.00000e+00   constant   
  20  T_CBO        9.99999e+02   9.06550e+02   7.73870e-02  -8.88819e-06
  21  alpha_A0    -5.24659e-04   8.60426e-04   3.20856e-06  -6.05017e-01
  22  beta_A0      2.89789e-04   8.24464e-04   3.03876e-06  -2.30299e-01
  23  alpha_phi   -2.55171e-03   7.80850e-04   2.83264e-06   3.88928e-01
  24  beta_phi     7.23660e-04   8.08640e-04   3.02054e-06  -3.22530e-01
 MIGRAD MINIMIZATION HAS CONVERGED.
 MIGRAD WILL VERIFY CONVERGENCE AND ERROR MATRIX.
 COVARIANCE MATRIX CALCULATED SUCCESSFULLY
 FCN=57.7797 FROM MIGRAD    STATUS=CONVERGED      99 CALLS        2172 TOTAL
                     EDM=7.34119e-06    STRATEGY= 1      ERROR MATRIX ACCURATE 
  EXT PARAMETER                                   STEP         FIRST   
  NO.   NAME      VALUE            ERROR          SIZE      DERIVATIVE 
   1  N0           3.01084e+06     fixed    
   2  tau          6.44153e+01   constant   
   3  A0           3.52065e-01     fixed    
   4  phi          4.11634e+00     fixed    
   5  R           -6.13262e+01   constant   
   6  alpha_CBO   -4.84874e-03     fixed    
   7  w_CBO        2.32500e+00   constant   
   8  beta_CBO     5.70761e-04     fixed    
   9  alpha_2CBO  -8.51403e-05     fixed    
  10  beta_2CBO    5.19766e-04     fixed    
  11  alpha_y     -1.51830e-04     fixed    
  12  w_y          1.44500e+01   constant   
  13  beta_y      -1.07670e-04   1.79321e-04   6.54772e-07   2.99361e+00
  14  alpha_vw    -6.40287e-05   1.81351e-04   6.61995e-07   2.01700e+00
  15  w_vw         1.29000e+01   constant   
  16  beta_vw      0.00000e+00     fixed    
  17  LM           4.28749e-04   constant   
  18  zeta_y       0.00000e+00   constant   
  19  zeta_vw      0.00000e+00   constant   
  20  T_CBO        1.00000e+03   8.22140e+02   1.07782e-01** at limit **
  21  alpha_A0    -5.29470e-04   8.59732e-04   3.20516e-06   2.57780e+00
  22  beta_A0      2.95718e-04   8.13531e-04   3.03554e-06  -3.58222e+00
  23  alpha_phi   -2.54688e-03   7.83759e-04   2.82964e-06  -1.78857e-01
  24  beta_phi     7.22649e-04   8.09320e-04   3.01734e-06   7.86984e-01
 EXTERNAL ERROR MATRIX.    NDIM=  25    NPAR=  7    ERR DEF=1
  3.216e-08 -7.140e-09 -2.213e-08 -2.022e-09  3.485e-09  8.809e-10 -7.583e-10 
 -7.140e-09  3.289e-08  4.143e-08  3.106e-09 -3.669e-09 -2.573e-09  7.031e-10 
 -2.213e-08  4.143e-08  1.125e+00 -4.399e-05  2.429e-05 -2.151e-04  6.069e-05 
 -2.022e-09  3.106e-09 -4.399e-05  7.391e-07 -3.378e-08 -9.945e-09 -3.530e-08 
  3.485e-09 -3.669e-09  2.429e-05 -3.378e-08  6.618e-07 -3.018e-08 -1.487e-08 
  8.809e-10 -2.573e-09 -2.151e-04 -9.945e-09 -3.018e-08  6.143e-07 -1.768e-08 
 -7.583e-10  7.031e-10  6.069e-05 -3.530e-08 -1.487e-08 -1.768e-08  6.550e-07 
 PARAMETER  CORRELATION COEFFICIENTS  
       NO.  GLOBAL     13     14     20     21     22     23     24
       13  0.22052   1.000 -0.220 -0.000 -0.013  0.024  0.006 -0.005
       14  0.22176  -0.220  1.000  0.000  0.020 -0.025 -0.018  0.005
       20  0.27131  -0.000  0.000  1.000 -0.048  0.028 -0.259  0.071
       21  0.09079  -0.013  0.020 -0.048  1.000 -0.048 -0.015 -0.051
       22  0.08079   0.024 -0.025  0.028 -0.048  1.000 -0.047 -0.023
       23  0.26439   0.006 -0.018 -0.259 -0.015 -0.047  1.000 -0.028
       24  0.09033  -0.005  0.005  0.071 -0.051 -0.023 -0.028  1.000
MINUIT - FIT ALTOGETHER
 **********
 **   83 **RES 
 **********
