 + ++++++++++++++++++++++++++++++++++++++++++++++++++++++++++++++++++++ +
 +                                                                      +
 +           You have chose to blind your fitting according to          +
 +                omega_ref * (1 + (R +/- deltaR) *10^{-6})             +
 +                                                                      +
 + ++++++++++++++++++++++++++++++++++++++++++++++++++++++++++++++++++++ +
In main()...
reading format from /gm2data/zkhechad/run45/envelope/formats/formatB_sBin_constraintOn.txt
pBinTau 	= 0  
pBinPhi 	= 0  
constraintau 	= 1 
includeMopTerm 	= 0    
constrainMop    = 0   
Parameters after format file: pBinTau 0 pBinPhi 0 constraintau 1 includeMopTerm 0 constrainMop 0 c_e_scale 0.000000 
Opening file /gm2data/tbarrett/gm2fr/studies/run23_bunch_corrections/CorrectedFourier_Run3b.root.
reading full fit data from /gm2data/zkhechad/cboTemplates/Run4CBOTemplates/templateFits0_v2.0/noRF/sBin_constraintOn_cE0.0_seed0_noRF_calo6.root
windowBins = 17
fitting sliding window 396 from bin 532 at 79.225200 to bin 549 at 81.910800 (17 bins)

Reading data from /gm2data/cornell/histograms/aMethod/histogram_a_noRF.root
 **********
 **    1 **SET PRINTOUT            1
 **********
 **********
 **    2 **SET NOWARNINGS 
 **********
 PARAMETER DEFINITIONS:
    NO.   NAME         VALUE      STEP SIZE      LIMITS
     1 N0           2.90949e+06  1.00000e+02     no limits
     2 tau          6.43983e+01  constant
     3 A0           3.53683e-01  1.00000e-04     no limits
     4 phi          4.11541e+00  1.00000e-02     no limits
     5 R           -6.16270e+01  constant
     6 alpha_CBO    0.00000e+00  1.00000e-03     no limits
     7 w_CBO        2.32500e+00  constant
     8 beta_CBO     0.00000e+00  1.00000e-03     no limits
     9 alpha_2CBO   0.00000e+00  1.00000e-03     no limits
    10 beta_2CBO    0.00000e+00  1.00000e-03     no limits
    11 alpha_y      0.00000e+00  1.00000e-03     no limits
    12 w_y          1.44500e+01  constant
    13 beta_y       0.00000e+00  1.00000e-03     no limits
    14 alpha_vw     0.00000e+00  1.00000e-03     no limits
    15 w_vw         1.29000e+01  constant
    16 beta_vw      0.00000e+00  1.00000e-03     no limits
    17 LM          -2.35969e-04  constant
    18 zeta_y       0.00000e+00  constant
    19 zeta_vw      0.00000e+00  constant
    20 T_CBO        1.00000e+02  1.00000e+00    0.00000e+00  1.00000e+03
    21 alpha_A0     0.00000e+00  1.00000e-03     no limits
    22 beta_A0      0.00000e+00  1.00000e-03     no limits
    23 alpha_phi    0.00000e+00  1.00000e-03     no limits
    24 beta_phi     0.00000e+00  1.00000e-03     no limits
MINUIT - FIT ONLY WIGGLE
 **********
 **    3 **FIX            5
 **********
 PARAMETER    5  IS CONSTANT.   IGNORED.
 **********
 **    4 **FIX            6
 **********
 **********
 **    5 **FIX            7
 **********
 PARAMETER    7  IS CONSTANT.   IGNORED.
 **********
 **    6 **FIX            8
 **********
 **********
 **    7 **FIX            9
 **********
 **********
 **    8 **FIX           10
 **********
 **********
 **    9 **FIX           11
 **********
 **********
 **   10 **FIX           12
 **********
 PARAMETER   12  IS CONSTANT.   IGNORED.
 **********
 **   11 **FIX           13
 **********
 **********
 **   12 **FIX           14
 **********
 **********
 **   13 **FIX           15
 **********
 PARAMETER   15  IS CONSTANT.   IGNORED.
 **********
 **   14 **FIX           16
 **********
 **********
 **   15 **MIGRAD
 **********
 FIRST CALL TO USER FUNCTION AT NEW START POINT, WITH IFLAG=4.
 START MIGRAD MINIMIZATION.  STRATEGY  1.  CONVERGENCE WHEN EDM .LT. 1.00e-04
 FCN=1016.1 FROM MIGRAD    STATUS=INITIATE      437 CALLS         438 TOTAL
                     EDM= unknown      STRATEGY= 1      NO ERROR MATRIX       
  EXT PARAMETER               CURRENT GUESS       STEP         FIRST   
  NO.   NAME      VALUE            ERROR          SIZE      DERIVATIVE 
   1  N0           2.90949e+06   1.00000e+02   0.00000e+00  -2.20607e-02
   2  tau          6.43983e+01   constant   
   3  A0           3.53683e-01   1.00000e-04   0.00000e+00  -9.86835e+03
   4  phi          4.11541e+00   1.00000e-02   0.00000e+00   5.97732e+04
   5  R           -6.16270e+01   constant   
   6  alpha_CBO    0.00000e+00     fixed    
   7  w_CBO        2.32500e+00   constant   
   8  beta_CBO     0.00000e+00     fixed    
   9  alpha_2CBO   0.00000e+00     fixed    
  10  beta_2CBO    0.00000e+00     fixed    
  11  alpha_y      0.00000e+00     fixed    
  12  w_y          1.44500e+01   constant   
  13  beta_y       0.00000e+00     fixed    
  14  alpha_vw     0.00000e+00     fixed    
  15  w_vw         1.29000e+01   constant   
  16  beta_vw      0.00000e+00     fixed    
  17  LM          -2.35969e-04   constant   
  18  zeta_y       0.00000e+00   constant   
  19  zeta_vw      0.00000e+00   constant   
  20  T_CBO        1.00000e+02   1.00000e+00   0.00000e+00   0.00000e+00
  21  alpha_A0     0.00000e+00   1.00000e-03   0.00000e+00   3.82519e+03
  22  beta_A0      0.00000e+00   1.00000e-03   0.00000e+00  -2.03412e+04
  23  alpha_phi    0.00000e+00   1.00000e-03   0.00000e+00   3.31910e+03
  24  beta_phi     0.00000e+00   1.00000e-03   0.00000e+00   6.86915e+03
 CALL LIMIT EXCEEDED IN MIGRAD.
 MIGRAD TERMINATED WITHOUT CONVERGENCE.
 FCN=138.962 FROM MIGRAD    STATUS=CALL LIMIT   1329 CALLS        1330 TOTAL
                     EDM=0.0226253    STRATEGY= 1  ERROR MATRIX UNCERTAINTY   4.7 per cent
  EXT PARAMETER                APPROXIMATE        STEP         FIRST   
  NO.   NAME      VALUE            ERROR          SIZE      DERIVATIVE 
   1  N0           2.93230e+06   2.62213e+04   9.54202e+02   3.03050e-04
   2  tau          6.43983e+01   constant   
   3  A0           3.56362e-01   2.18629e-03   1.71019e-04   6.93121e+02
   4  phi          4.06073e+00   1.84117e-02  -4.51505e-04   3.49610e+01
   5  R           -6.16270e+01   constant   
   6  alpha_CBO    0.00000e+00     fixed    
   7  w_CBO        2.32500e+00   constant   
   8  beta_CBO     0.00000e+00     fixed    
   9  alpha_2CBO   0.00000e+00     fixed    
  10  beta_2CBO    0.00000e+00     fixed    
  11  alpha_y      0.00000e+00     fixed    
  12  w_y          1.44500e+01   constant   
  13  beta_y       0.00000e+00     fixed    
  14  alpha_vw     0.00000e+00     fixed    
  15  w_vw         1.29000e+01   constant   
  16  beta_vw      0.00000e+00     fixed    
  17  LM          -2.35969e-04   constant   
  18  zeta_y       0.00000e+00   constant   
  19  zeta_vw      0.00000e+00   constant   
  20  T_CBO        4.35910e+02   2.78657e+02   1.88352e-02  -2.28524e+00
  21  alpha_A0     2.70514e-04   1.32699e-02   9.80405e-04  -7.67333e+01
  22  beta_A0     -7.05676e-02   4.51893e-02  -1.46474e-03   5.78546e+01
  23  alpha_phi   -7.52634e-02   4.55127e-02  -1.62933e-03   7.01993e+01
  24  beta_phi    -9.45276e-03   6.31673e-03  -5.85264e-04   1.30380e+02
 EXTERNAL ERROR MATRIX.    NDIM=  25    NPAR=  8    ERR DEF=1
  6.876e+08  4.949e+01 -4.788e+02  7.746e+06  3.199e+02 -1.183e+03 -1.193e+03 -1.101e+02 
  4.949e+01  4.780e-06 -3.290e-05  5.420e-01  2.856e-05 -8.431e-05 -8.606e-05 -1.284e-05 
 -4.788e+02 -3.290e-05  3.390e-04 -5.419e+00 -2.137e-04  8.290e-04  8.321e-04  6.793e-05 
  7.746e+06  5.420e-01 -5.419e+00  8.756e+04  3.532e+00 -1.334e+01 -1.344e+01 -1.173e+00 
  3.199e+02  2.856e-05 -2.137e-04  3.532e+00  1.761e-04 -5.443e-04 -5.552e-04 -7.462e-05 
 -1.183e+03 -8.431e-05  8.290e-04 -1.334e+01 -5.443e-04  2.042e-03  2.054e-03  1.827e-04 
 -1.193e+03 -8.606e-05  8.321e-04 -1.344e+01 -5.552e-04  2.054e-03  2.071e-03  1.906e-04 
 -1.101e+02 -1.284e-05  6.793e-05 -1.173e+00 -7.462e-05  1.827e-04  1.906e-04  3.990e-05 
ERR MATRIX APPROXIMATE
 PARAMETER  CORRELATION COEFFICIENTS  
       NO.  GLOBAL      1      3      4     20     21     22     23     24
        1  0.99994   1.000  0.863 -0.992  0.998  0.919 -0.998 -1.000 -0.664
        3  0.99821   0.863  1.000 -0.817  0.838  0.985 -0.853 -0.865 -0.929
        4  0.99947  -0.992 -0.817  1.000 -0.995 -0.875  0.996  0.993  0.584
       20  0.99957   0.998  0.838 -0.995  1.000  0.899 -0.998 -0.998 -0.628
       21  0.99776   0.919  0.985 -0.875  0.899  1.000 -0.908 -0.919 -0.890
       22  0.99979  -0.998 -0.853  0.996 -0.998 -0.908  1.000  0.999  0.640
       23  0.99986  -1.000 -0.865  0.993 -0.998 -0.919  0.999  1.000  0.663
       24  0.99367  -0.664 -0.929  0.584 -0.628 -0.890  0.640  0.663  1.000
 ERR MATRIX APPROXIMATE
MINUIT - FIT ONLY 1-CBO + wiggle
 **********
 **   16 **RES 
 **********
                   PARAMETER   16  beta_vw RESTORED TO VARIABLE.
                   PARAMETER   14  alpha_vw RESTORED TO VARIABLE.
                   PARAMETER   13  beta_y RESTORED TO VARIABLE.
                   PARAMETER   11  alpha_y RESTORED TO VARIABLE.
                   PARAMETER   10  beta_2CBO RESTORED TO VARIABLE.
                   PARAMETER    9  alpha_2CBO RESTORED TO VARIABLE.
                   PARAMETER    8  beta_CBO RESTORED TO VARIABLE.
                   PARAMETER    6  alpha_CBO RESTORED TO VARIABLE.
 **********
 **   17 **FIX            8
 **********
 **********
 **   18 **FIX            9
 **********
 **********
 **   19 **FIX           11
 **********
 **********
 **   20 **FIX           12
 **********
 PARAMETER   12  IS CONSTANT.   IGNORED.
 **********
 **   21 **FIX           14
 **********
 **********
 **   22 **FIX           15
 **********
 PARAMETER   15  IS CONSTANT.   IGNORED.
 **********
 **   23 **FIX           16
 **********
 **********
 **   24 **MIGRAD
 **********
 START MIGRAD MINIMIZATION.  STRATEGY  1.  CONVERGENCE WHEN EDM .LT. 1.00e-04
 FCN=138.962 FROM MIGRAD    STATUS=INITIATE       28 CALLS        1358 TOTAL
                     EDM= unknown      STRATEGY= 1      NO ERROR MATRIX       
  EXT PARAMETER               CURRENT GUESS       STEP         FIRST   
  NO.   NAME      VALUE            ERROR          SIZE      DERIVATIVE 
   1  N0           2.93230e+06   2.62213e+04   9.54202e+02   3.03050e-04
   2  tau          6.43983e+01   constant   
   3  A0           3.56362e-01   2.18629e-03   1.71019e-04   6.93121e+02
   4  phi          4.06073e+00   1.84117e-02  -4.51505e-04   3.49610e+01
   5  R           -6.16270e+01   constant   
   6  alpha_CBO    0.00000e+00   1.00000e-03   1.00000e-03   8.09273e+02
   7  w_CBO        2.32500e+00   constant   
   8  beta_CBO     0.00000e+00     fixed    
   9  alpha_2CBO   0.00000e+00     fixed    
  10  beta_2CBO    0.00000e+00   1.00000e-03   1.00000e-03   3.16848e+03
  11  alpha_y      0.00000e+00     fixed    
  12  w_y          1.44500e+01   constant   
  13  beta_y       0.00000e+00   1.00000e-03   1.00000e-03   4.73605e+04
  14  alpha_vw     0.00000e+00     fixed    
  15  w_vw         1.29000e+01   constant   
  16  beta_vw      0.00000e+00     fixed    
  17  LM          -2.35969e-04   constant   
  18  zeta_y       0.00000e+00   constant   
  19  zeta_vw      0.00000e+00   constant   
  20  T_CBO        4.35910e+02   2.78657e+02   1.88352e-02  -2.28524e+00
  21  alpha_A0     2.70514e-04   1.32699e-02   9.80405e-04  -7.67333e+01
  22  beta_A0     -7.05676e-02   4.51893e-02  -1.46474e-03   5.78546e+01
  23  alpha_phi   -7.52634e-02   4.55127e-02  -1.62933e-03   7.01993e+01
  24  beta_phi    -9.45276e-03   6.31673e-03  -5.85264e-04   1.30380e+02
 MIGRAD MINIMIZATION HAS CONVERGED.
 MIGRAD WILL VERIFY CONVERGENCE AND ERROR MATRIX.
 FCN=96.1905 FROM HESSE     STATUS=NOT POSDEF    100 CALLS        2225 TOTAL
                     EDM=0.000502961    STRATEGY= 1      ERR MATRIX NOT POS-DEF
  EXT PARAMETER                APPROXIMATE        STEP         FIRST   
  NO.   NAME      VALUE            ERROR          SIZE      DERIVATIVE 
   1  N0           2.91899e+06   4.12634e+03   2.18059e+00   1.62095e-06
   2  tau          6.43983e+01   constant   
   3  A0           3.71137e-01   2.86905e-03   1.05711e-06   1.33411e+01
   4  phi          4.09317e+00   3.74305e-03   2.68008e-06   3.15814e-02
   5  R           -6.16270e+01   constant   
   6  alpha_CBO    1.57899e-02   2.50578e-03   1.04013e-06   4.81163e+00
   7  w_CBO        2.32500e+00   constant   
   8  beta_CBO     0.00000e+00     fixed    
   9  alpha_2CBO   0.00000e+00     fixed    
  10  beta_2CBO   -5.09265e-03   6.90792e-04   1.04659e-06   1.12926e+00
  11  alpha_y      0.00000e+00     fixed    
  12  w_y          1.44500e+01   constant   
  13  beta_y      -1.39045e-03   2.28355e-04   1.06119e-06   3.21035e-01
  14  alpha_vw     0.00000e+00     fixed    
  15  w_vw         1.29000e+01   constant   
  16  beta_vw      0.00000e+00     fixed    
  17  LM          -2.35969e-04   constant   
  18  zeta_y       0.00000e+00   constant   
  19  zeta_vw      0.00000e+00   constant   
  20  T_CBO        5.01221e+02   2.33167e+02   1.82569e-04   8.49408e-03
  21  alpha_A0     1.46564e-01   1.13966e-02   4.44870e-06  -1.50331e+00
  22  beta_A0     -2.84493e-02   7.81674e-03   4.44829e-06  -2.74203e-01
  23  alpha_phi   -6.84665e-02   9.00621e-03   4.23727e-06  -2.82148e+00
  24  beta_phi    -8.63646e-02   8.41328e-03   5.16651e-06   1.36632e-01
 CALL LIMIT EXCEEDED IN MIGRAD.
 MIGRAD TERMINATED WITHOUT CONVERGENCE.
 FCN=96.0236 FROM MIGRAD    STATUS=CALL LIMIT   1923 CALLS        3253 TOTAL
                     EDM=0.0101811    STRATEGY= 1      ERR MATRIX NOT POS-DEF
  EXT PARAMETER                APPROXIMATE        STEP         FIRST   
  NO.   NAME      VALUE            ERROR          SIZE      DERIVATIVE 
   1  N0           2.88498e+06   1.83707e+04  -8.89201e+02  -3.78411e-04
   2  tau          6.43983e+01   constant   
   3  A0           3.95262e-01   2.58802e-02   1.36946e-03  -2.16925e+02
   4  phi          4.13125e+00   2.22155e-02   1.12385e-03   3.19075e+02
   5  R           -6.16270e+01   constant   
   6  alpha_CBO    1.79941e-02   8.28695e-03  -2.78736e-05  -3.35085e+02
   7  w_CBO        2.32500e+00   constant   
   8  beta_CBO     0.00000e+00     fixed    
   9  alpha_2CBO   0.00000e+00     fixed    
  10  beta_2CBO   -8.46248e-03   3.27246e-03  -1.39016e-04  -4.47466e+00
  11  alpha_y      0.00000e+00     fixed    
  12  w_y          1.44500e+01   constant   
  13  beta_y      -1.40078e-03   2.37980e-04  -6.66996e-08   3.14336e+01
  14  alpha_vw     0.00000e+00     fixed    
  15  w_vw         1.29000e+01   constant   
  16  beta_vw      0.00000e+00     fixed    
  17  LM          -2.35969e-04   constant   
  18  zeta_y       0.00000e+00   constant   
  19  zeta_vw      0.00000e+00   constant   
  20  T_CBO        3.47010e+02   7.84456e+01  -9.15943e-03   8.94656e-02
  21  alpha_A0     2.48445e-01   9.22971e-02   4.71980e-03   3.19027e+01
  22  beta_A0      4.09227e-02   3.71752e-02   1.67961e-03  -1.44316e+02
  23  alpha_phi    8.98980e-03   4.64258e-02   2.31421e-03  -1.26386e+02
  24  beta_phi    -1.62063e-01   7.62207e-02  -4.05968e-03   5.65881e+00
 EXTERNAL ERROR MATRIX.    NDIM=  25    NPAR= 11    ERR DEF=1
  3.375e+08 
 -3.686e+02  6.698e-04 
 -3.873e+02  4.842e-04  4.935e-04 
 -1.869e+01 -4.415e-05  4.664e-05  6.867e-05 
  4.752e+01 -6.282e-05 -6.736e-05 -1.332e-05  1.071e-05 
  7.506e-02  4.626e-07 -2.903e-07 -6.166e-07  9.539e-08  5.663e-08 
  1.205e+06 -2.005e+00 -1.577e+00  5.426e-02  2.101e-01 -7.813e-04  6.210e+03 
 -1.386e+03  2.168e-03  1.935e-03  1.710e-04 -2.868e-04 -1.277e-06 -6.864e+00  8.519e-03 
 -6.675e+02  6.673e-04  7.924e-04  9.689e-05 -1.031e-04 -6.261e-07 -2.266e+00  2.809e-03  1.382e-03 
 -8.457e+02  9.913e-04  9.696e-04  3.472e-06 -1.150e-04  2.513e-07 -3.172e+00  3.508e-03  1.639e-03  2.155e-03 
  1.081e+03 -1.961e-03 -1.464e-03  7.229e-05  1.980e-04 -7.417e-07  5.926e+00 -6.625e-03 -2.007e-03 -2.877e-03  5.810e-03 
ERR MATRIX NOT POS-DEF
 PARAMETER  CORRELATION COEFFICIENTS  
       NO.  GLOBAL      1      3      4      6     10     13     20     21     22     23     24
        1  0.99998   1.000 -0.775 -0.949 -0.123  0.790  0.017  0.832 -0.817 -0.977 -0.992  0.772
        3  0.99999  -0.775  1.000  0.842 -0.206 -0.742  0.075 -0.983  0.908  0.694  0.825 -0.994
        4  0.99998  -0.949  0.842  1.000  0.253 -0.927 -0.055 -0.901  0.944  0.959  0.940 -0.864
        6  0.99995  -0.123 -0.206  0.253  1.000 -0.491 -0.313  0.083  0.224  0.315  0.009  0.114
       10  0.99793   0.790 -0.742 -0.927 -0.491  1.000  0.122  0.815 -0.949 -0.848 -0.757  0.794
       13  0.40728   0.017  0.075 -0.055 -0.313  0.122  1.000 -0.042 -0.058 -0.071  0.023 -0.041
       20  0.99854   0.832 -0.983 -0.901  0.083  0.815 -0.042  1.000 -0.944 -0.774 -0.867  0.987
       21  0.99999  -0.817  0.908  0.944  0.224 -0.949 -0.058 -0.944  1.000  0.819  0.819 -0.942
       22  0.99996  -0.977  0.694  0.959  0.315 -0.848 -0.071 -0.774  0.819  1.000  0.950 -0.708
       23  0.99997  -0.992  0.825  0.940  0.009 -0.757  0.023 -0.867  0.819  0.950  1.000 -0.813
       24  0.99993   0.772 -0.994 -0.864  0.114  0.794 -0.041  0.987 -0.942 -0.708 -0.813  1.000
 ERR MATRIX NOT POS-DEF
MINUIT - FIT ONLY 2-CBO
 **********
 **   25 **RES 
 **********
                   PARAMETER   16  beta_vw RESTORED TO VARIABLE.
                   PARAMETER   14  alpha_vw RESTORED TO VARIABLE.
                   PARAMETER   11  alpha_y RESTORED TO VARIABLE.
                   PARAMETER    9  alpha_2CBO RESTORED TO VARIABLE.
                   PARAMETER    8  beta_CBO RESTORED TO VARIABLE.
 **********
 **   26 **FIX            0
 **********
 PARAMETER    0  IS UNDEFINED. IGNORED.
 **********
 **   27 **FIX            1
 **********
 **********
 **   28 **FIX            2
 **********
 PARAMETER    2  IS CONSTANT.   IGNORED.
 **********
 **   29 **FIX            3
 **********
 **********
 **   30 **FIX            4
 **********
 **********
 **   31 **FIX            5
 **********
 PARAMETER    5  IS CONSTANT.   IGNORED.
 **********
 **   32 **FIX            6
 **********
 **********
 **   33 **FIX            7
 **********
 PARAMETER    7  IS CONSTANT.   IGNORED.
 **********
 **   34 **FIX           10
 **********
 **********
 **   35 **FIX           11
 **********
 **********
 **   36 **FIX           12
 **********
 PARAMETER   12  IS CONSTANT.   IGNORED.
 **********
 **   37 **FIX           13
 **********
 **********
 **   38 **FIX           14
 **********
 **********
 **   39 **FIX           15
 **********
 PARAMETER   15  IS CONSTANT.   IGNORED.
 **********
 **   40 **FIX           16
 **********
 **********
 **   41 **MIGRAD
 **********
 START MIGRAD MINIMIZATION.  STRATEGY  1.  CONVERGENCE WHEN EDM .LT. 1.00e-04
 FCN=96.0236 FROM MIGRAD    STATUS=INITIATE       18 CALLS        3271 TOTAL
                     EDM= unknown      STRATEGY= 1      NO ERROR MATRIX       
  EXT PARAMETER               CURRENT GUESS       STEP         FIRST   
  NO.   NAME      VALUE            ERROR          SIZE      DERIVATIVE 
   1  N0           2.88498e+06     fixed    
   2  tau          6.43983e+01   constant   
   3  A0           3.95262e-01     fixed    
   4  phi          4.13125e+00     fixed    
   5  R           -6.16270e+01   constant   
   6  alpha_CBO    1.79941e-02     fixed    
   7  w_CBO        2.32500e+00   constant   
   8  beta_CBO     0.00000e+00   1.00000e-03   1.00000e-03   4.98791e+02
   9  alpha_2CBO   0.00000e+00   1.00000e-03   1.00000e-03  -4.58625e+02
  10  beta_2CBO   -8.46248e-03     fixed    
  11  alpha_y      0.00000e+00     fixed    
  12  w_y          1.44500e+01   constant   
  13  beta_y      -1.40078e-03     fixed    
  14  alpha_vw     0.00000e+00     fixed    
  15  w_vw         1.29000e+01   constant   
  16  beta_vw      0.00000e+00     fixed    
  17  LM          -2.35969e-04   constant   
  18  zeta_y       0.00000e+00   constant   
  19  zeta_vw      0.00000e+00   constant   
  20  T_CBO        3.47010e+02   7.84456e+01  -9.15943e-03   8.94701e-02
  21  alpha_A0     2.48445e-01   9.22971e-02   4.71980e-03   3.19027e+01
  22  beta_A0      4.09227e-02   3.71752e-02   1.67961e-03  -1.44316e+02
  23  alpha_phi    8.98980e-03   4.64258e-02   2.31421e-03  -1.26386e+02
  24  beta_phi    -1.62063e-01   7.62207e-02  -4.05968e-03   5.65881e+00
 MIGRAD MINIMIZATION HAS CONVERGED.
 MIGRAD WILL VERIFY CONVERGENCE AND ERROR MATRIX.
 COVARIANCE MATRIX CALCULATED SUCCESSFULLY
 FCN=96.0093 FROM HESSE     STATUS=OK             50 CALLS        3420 TOTAL
                     EDM=0.000272292    STRATEGY= 1      ERROR MATRIX ACCURATE 
  EXT PARAMETER                                   STEP         FIRST   
  NO.   NAME      VALUE            ERROR          SIZE      DERIVATIVE 
   1  N0           2.88498e+06     fixed    
   2  tau          6.43983e+01   constant   
   3  A0           3.95262e-01     fixed    
   4  phi          4.13125e+00     fixed    
   5  R           -6.16270e+01   constant   
   6  alpha_CBO    1.79941e-02     fixed    
   7  w_CBO        2.32500e+00   constant   
   8  beta_CBO     3.66351e-05   1.19980e-03   1.08285e-06   1.25469e-01
   9  alpha_2CBO   4.15568e-05   7.53363e-04   1.07589e-06   2.69119e-03
  10  beta_2CBO   -8.46248e-03     fixed    
  11  alpha_y      0.00000e+00     fixed    
  12  w_y          1.44500e+01   constant   
  13  beta_y      -1.40078e-03     fixed    
  14  alpha_vw     0.00000e+00     fixed    
  15  w_vw         1.29000e+01   constant   
  16  beta_vw      0.00000e+00     fixed    
  17  LM          -2.35969e-04   constant   
  18  zeta_y       0.00000e+00   constant   
  19  zeta_vw      0.00000e+00   constant   
  20  T_CBO        3.47056e+02   6.48648e+02   4.86932e-05   1.04101e-02
  21  alpha_A0     2.48410e-01   1.34738e-01   4.41457e-06  -8.58913e-02
  22  beta_A0      4.11706e-02   2.16856e-02   4.37601e-06  -4.53846e-02
  23  alpha_phi    8.91540e-03   5.26302e-03   4.46941e-06  -1.51230e-03
  24  beta_phi    -1.62105e-01   8.76707e-02   5.27229e-06   2.99218e-02
 CALL LIMIT EXCEEDED IN MIGRAD.
 MIGRAD TERMINATED WITHOUT CONVERGENCE.
 FCN=96.0045 FROM MIGRAD    STATUS=CALL LIMIT   1156 CALLS        4409 TOTAL
                     EDM=8.01098e-05    STRATEGY= 1  ERROR MATRIX UNCERTAINTY  58.3 per cent
  EXT PARAMETER                APPROXIMATE        STEP         FIRST   
  NO.   NAME      VALUE            ERROR          SIZE      DERIVATIVE 
   1  N0           2.88498e+06     fixed    
   2  tau          6.43983e+01   constant   
   3  A0           3.95262e-01     fixed    
   4  phi          4.13125e+00     fixed    
   5  R           -6.16270e+01   constant   
   6  alpha_CBO    1.79941e-02     fixed    
   7  w_CBO        2.32500e+00   constant   
   8  beta_CBO    -1.26967e-05   1.03446e-03  -1.72880e-07   4.37054e+00
   9  alpha_2CBO   2.90665e-05   6.79211e-04   7.99228e-08  -1.06737e+01
  10  beta_2CBO   -8.46248e-03     fixed    
  11  alpha_y      0.00000e+00     fixed    
  12  w_y          1.44500e+01   constant   
  13  beta_y      -1.40078e-03     fixed    
  14  alpha_vw     0.00000e+00     fixed    
  15  w_vw         1.29000e+01   constant   
  16  beta_vw      0.00000e+00     fixed    
  17  LM          -2.35969e-04   constant   
  18  zeta_y       0.00000e+00   constant   
  19  zeta_vw      0.00000e+00   constant   
  20  T_CBO        2.56601e+02   1.97766e+02  -1.57114e-03  -2.16305e+00
  21  alpha_A0     2.69505e-01   6.68632e-02   2.22780e-04  -1.19670e+01
  22  beta_A0      4.44777e-02   1.20157e-02   3.62140e-05  -6.71155e-02
  23  alpha_phi    9.55281e-03   3.43112e-03   5.81428e-06  -5.74745e+00
  24  beta_phi    -1.75829e-01   4.37844e-02  -1.45597e-04   4.82256e+00
 EXTERNAL ERROR MATRIX.    NDIM=  25    NPAR=  7    ERR DEF=1
  1.070e-06  6.319e-07  3.361e-03 -7.619e-07  4.502e-06 -2.929e-06 -1.158e-06 
  6.319e-07  4.613e-07 -9.461e-03  3.285e-06  3.440e-06 -1.817e-06 -3.120e-06 
  3.361e-03 -9.461e-03  4.212e+04 -1.372e+01 -2.274e+00 -3.305e-01  8.975e+00 
 -7.619e-07  3.285e-06 -1.372e+01  4.471e-03  7.422e-04  1.065e-04 -2.924e-03 
  4.502e-06  3.440e-06 -2.274e+00  7.422e-04  1.444e-04  4.803e-06 -4.927e-04 
 -2.929e-06 -1.817e-06 -3.305e-01  1.065e-04  4.803e-06  1.177e-05 -6.509e-05 
 -1.158e-06 -3.120e-06  8.975e+00 -2.924e-03 -4.927e-04 -6.509e-05  1.917e-03 
ERR MATRIX APPROXIMATE
 PARAMETER  CORRELATION COEFFICIENTS  
       NO.  GLOBAL      8      9     20     21     22     23     24
        8  0.97969   1.000  0.899  0.016 -0.011  0.362 -0.825 -0.026
        9  0.94780   0.899  1.000 -0.068  0.072  0.421 -0.780 -0.105
       20  0.99997   0.016 -0.068  1.000 -1.000 -0.922 -0.469  0.999
       21  0.99996  -0.011  0.072 -1.000  1.000  0.924  0.464 -0.999
       22  0.99729   0.362  0.421 -0.922  0.924  1.000  0.117 -0.937
       23  0.96933  -0.825 -0.780 -0.469  0.464  0.117  1.000 -0.433
       24  0.99973  -0.026 -0.105  0.999 -0.999 -0.937 -0.433  1.000
 ERR MATRIX APPROXIMATE
MINUIT - FIT wiggle + 1-CBO + 2-CBO
 **********
 **   42 **RES 
 **********
                   PARAMETER   16  beta_vw RESTORED TO VARIABLE.
                   PARAMETER   14  alpha_vw RESTORED TO VARIABLE.
                   PARAMETER   13  beta_y RESTORED TO VARIABLE.
                   PARAMETER   11  alpha_y RESTORED TO VARIABLE.
                   PARAMETER   10  beta_2CBO RESTORED TO VARIABLE.
                   PARAMETER    6  alpha_CBO RESTORED TO VARIABLE.
                   PARAMETER    4  phi RESTORED TO VARIABLE.
                   PARAMETER    3  A0 RESTORED TO VARIABLE.
                   PARAMETER    1  N0 RESTORED TO VARIABLE.
 **********
 **   43 **FIX           10
 **********
 **********
 **   44 **FIX           11
 **********
 **********
 **   45 **FIX           12
 **********
 PARAMETER   12  IS CONSTANT.   IGNORED.
 **********
 **   46 **FIX           13
 **********
 **********
 **   47 **FIX           14
 **********
 **********
 **   48 **FIX           15
 **********
 PARAMETER   15  IS CONSTANT.   IGNORED.
 **********
 **   49 **FIX           16
 **********
 **********
 **   50 **MIGRAD
 **********
 START MIGRAD MINIMIZATION.  STRATEGY  1.  CONVERGENCE WHEN EDM .LT. 1.00e-04
 FCN=96.0045 FROM MIGRAD    STATUS=INITIATE       22 CALLS        4431 TOTAL
                     EDM= unknown      STRATEGY= 1      NO ERROR MATRIX       
  EXT PARAMETER               CURRENT GUESS       STEP         FIRST   
  NO.   NAME      VALUE            ERROR          SIZE      DERIVATIVE 
   1  N0           2.88498e+06   1.83707e+04   1.83707e+04  -1.53185e-05
   2  tau          6.43983e+01   constant   
   3  A0           3.95262e-01   2.58802e-02   2.58802e-02   6.75538e+01
   4  phi          4.13125e+00   2.22155e-02   2.22155e-02  -3.01979e+01
   5  R           -6.16270e+01   constant   
   6  alpha_CBO    1.79941e-02   8.28695e-03   8.28695e-03   7.48080e+01
   7  w_CBO        2.32500e+00   constant   
   8  beta_CBO    -1.26967e-05   1.03446e-03  -1.72880e-07   4.37055e+00
   9  alpha_2CBO   2.90665e-05   6.79211e-04   7.99228e-08  -1.06737e+01
  10  beta_2CBO   -8.46248e-03     fixed    
  11  alpha_y      0.00000e+00     fixed    
  12  w_y          1.44500e+01   constant   
  13  beta_y      -1.40078e-03     fixed    
  14  alpha_vw     0.00000e+00     fixed    
  15  w_vw         1.29000e+01   constant   
  16  beta_vw      0.00000e+00     fixed    
  17  LM          -2.35969e-04   constant   
  18  zeta_y       0.00000e+00   constant   
  19  zeta_vw      0.00000e+00   constant   
  20  T_CBO        2.56601e+02   1.97766e+02  -1.57114e-03  -2.16305e+00
  21  alpha_A0     2.69505e-01   6.68632e-02   2.22780e-04  -1.19670e+01
  22  beta_A0      4.44777e-02   1.20157e-02   3.62140e-05  -6.71239e-02
  23  alpha_phi    9.55281e-03   3.43112e-03   5.81428e-06  -5.74745e+00
  24  beta_phi    -1.75829e-01   4.37844e-02  -1.45597e-04   4.82256e+00
 CALL LIMIT EXCEEDED IN MIGRAD.
 MIGRAD TERMINATED WITHOUT CONVERGENCE.
 FCN=86.1037 FROM MIGRAD    STATUS=CALL LIMIT   1926 CALLS        6335 TOTAL
                     EDM=0.0663742    STRATEGY= 1  ERROR MATRIX UNCERTAINTY  34.2 per cent
  EXT PARAMETER                APPROXIMATE        STEP         FIRST   
  NO.   NAME      VALUE            ERROR          SIZE      DERIVATIVE 
   1  N0           3.05068e+06   2.72002e+04   1.38921e+03  -5.04743e-05
   2  tau          6.43983e+01   constant   
   3  A0           4.00022e-01   7.77104e-03  -9.06157e-05   5.09409e+02
   4  phi          4.49609e+00   5.06684e-02   3.20010e-03   9.52471e+01
   5  R           -6.16270e+01   constant   
   6  alpha_CBO    3.04708e-02   3.95678e-03   2.96627e-04   2.22873e+02
   7  w_CBO        2.32500e+00   constant   
   8  beta_CBO    -9.38647e-02   1.44496e-02  -7.71289e-04   3.40007e+02
   9  alpha_2CBO  -2.06369e-03   1.94855e-03  -8.43026e-05  -6.42086e+02
  10  beta_2CBO   -8.46248e-03     fixed    
  11  alpha_y      0.00000e+00     fixed    
  12  w_y          1.44500e+01   constant   
  13  beta_y      -1.40078e-03     fixed    
  14  alpha_vw     0.00000e+00     fixed    
  15  w_vw         1.29000e+01   constant   
  16  beta_vw      0.00000e+00     fixed    
  17  LM          -2.35969e-04   constant   
  18  zeta_y       0.00000e+00   constant   
  19  zeta_vw      0.00000e+00   constant   
  20  T_CBO        2.21997e+02   2.70411e+01  -4.48419e-03  -2.34510e+01
  21  alpha_A0     2.95418e-01   7.82311e-03  -3.42003e-04   2.21517e+01
  22  beta_A0      9.32066e-02   7.81630e-03   5.96347e-04  -4.49996e+01
  23  alpha_phi    2.66558e-01   4.54262e-02   2.85283e-03  -1.03012e+02
  24  beta_phi    -9.52936e-02   2.48723e-02   1.63581e-03   1.04165e+02
 EXTERNAL ERROR MATRIX.    NDIM=  25    NPAR= 11    ERR DEF=1
  7.399e+08 
  1.316e+02  6.039e-05 
  1.322e+03  1.491e-04  2.567e-03 
  4.880e+01 -1.064e-05  1.329e-04  1.566e-05 
 -3.858e+02 -5.648e-05 -7.213e-04 -3.147e-05  2.088e-04 
 -3.838e+01 -2.896e-06 -7.977e-05 -4.324e-06  2.346e-05  3.797e-06 
 -4.461e+05  4.013e-02 -1.082e+00 -8.133e-02  2.831e-01  4.291e-02  7.323e+02 
 -6.949e+00  4.029e-05 -1.107e-04 -1.707e-05  2.093e-05  7.177e-06  1.691e-01  6.120e-05 
  5.647e+01 -2.073e-05  1.638e-04  2.233e-05 -2.942e-05  1.084e-07 -9.510e-02 -2.136e-05  6.109e-05 
  1.088e+03  7.556e-05  2.236e-03  1.304e-04 -6.236e-04 -7.960e-05 -1.099e+00 -1.640e-04  1.313e-04  2.064e-03 
  1.934e+02 -1.098e-04  6.832e-04  8.568e-05 -1.508e-04 -2.686e-05 -5.997e-01 -1.710e-04  1.263e-04  7.589e-04  6.186e-04 
ERR MATRIX APPROXIMATE
 PARAMETER  CORRELATION COEFFICIENTS  
       NO.  GLOBAL      1      3      4      6      8      9     20     21     22     23     24
        1  0.99993   1.000  0.622  0.959  0.453 -0.982 -0.724 -0.606 -0.033  0.266  0.881  0.286
        3  0.99965   0.622  1.000  0.379 -0.346 -0.503 -0.191  0.191  0.663 -0.341  0.214 -0.568
        4  0.99998   0.959  0.379  1.000  0.663 -0.985 -0.808 -0.789 -0.279  0.414  0.972  0.542
        6  0.99845   0.453 -0.346  0.663  1.000 -0.550 -0.561 -0.760 -0.551  0.722  0.725  0.871
        8  0.99989  -0.982 -0.503 -0.985 -0.550  1.000  0.833  0.724  0.185 -0.260 -0.950 -0.420
        9  0.99396  -0.724 -0.191 -0.808 -0.561  0.833  1.000  0.814  0.471  0.007 -0.899 -0.554
       20  0.99869  -0.606  0.191 -0.789 -0.760  0.724  0.814  1.000  0.799 -0.450 -0.894 -0.891
       21  0.99450  -0.033  0.663 -0.279 -0.551  0.185  0.471  0.799  1.000 -0.349 -0.462 -0.879
       22  0.99546   0.266 -0.341  0.414  0.722 -0.260  0.007 -0.450 -0.349  1.000  0.370  0.650
       23  0.99987   0.881  0.214  0.972  0.725 -0.950 -0.899 -0.894 -0.462  0.370  1.000  0.672
       24  0.99919   0.286 -0.568  0.542  0.871 -0.420 -0.554 -0.891 -0.879  0.650  0.672  1.000
 ERR MATRIX APPROXIMATE
MINUIT - FIT ONLY 1-y
 **********
 **   51 **RES 
 **********
                   PARAMETER   16  beta_vw RESTORED TO VARIABLE.
                   PARAMETER   14  alpha_vw RESTORED TO VARIABLE.
                   PARAMETER   13  beta_y RESTORED TO VARIABLE.
                   PARAMETER   11  alpha_y RESTORED TO VARIABLE.
                   PARAMETER   10  beta_2CBO RESTORED TO VARIABLE.
 **********
 **   52 **FIX            0
 **********
 PARAMETER    0  IS UNDEFINED. IGNORED.
 **********
 **   53 **FIX            1
 **********
 **********
 **   54 **FIX            2
 **********
 PARAMETER    2  IS CONSTANT.   IGNORED.
 **********
 **   55 **FIX            3
 **********
 **********
 **   56 **FIX            4
 **********
 **********
 **   57 **FIX            5
 **********
 PARAMETER    5  IS CONSTANT.   IGNORED.
 **********
 **   58 **FIX            6
 **********
 **********
 **   59 **FIX            7
 **********
 PARAMETER    7  IS CONSTANT.   IGNORED.
 **********
 **   60 **FIX            8
 **********
 **********
 **   61 **FIX            9
 **********
 **********
 **   62 **FIX           13
 **********
 **********
 **   63 **FIX           14
 **********
 **********
 **   64 **FIX           15
 **********
 PARAMETER   15  IS CONSTANT.   IGNORED.
 **********
 **   65 **FIX           16
 **********
 **********
 **   66 **MIGRAD
 **********
 START MIGRAD MINIMIZATION.  STRATEGY  1.  CONVERGENCE WHEN EDM .LT. 1.00e-04
 FCN=86.1037 FROM MIGRAD    STATUS=INITIATE       16 CALLS        6351 TOTAL
                     EDM= unknown      STRATEGY= 1      NO ERROR MATRIX       
  EXT PARAMETER               CURRENT GUESS       STEP         FIRST   
  NO.   NAME      VALUE            ERROR          SIZE      DERIVATIVE 
   1  N0           3.05068e+06     fixed    
   2  tau          6.43983e+01   constant   
   3  A0           4.00022e-01     fixed    
   4  phi          4.49609e+00     fixed    
   5  R           -6.16270e+01   constant   
   6  alpha_CBO    3.04708e-02     fixed    
   7  w_CBO        2.32500e+00   constant   
   8  beta_CBO    -9.38647e-02     fixed    
   9  alpha_2CBO  -2.06369e-03     fixed    
  10  beta_2CBO   -8.46248e-03   3.27246e-03   3.27246e-03   8.74260e+02
  11  alpha_y      0.00000e+00   1.00000e-03   1.00000e-03   7.30130e+04
  12  w_y          1.44500e+01   constant   
  13  beta_y      -1.40078e-03     fixed    
  14  alpha_vw     0.00000e+00     fixed    
  15  w_vw         1.29000e+01   constant   
  16  beta_vw      0.00000e+00     fixed    
  17  LM          -2.35969e-04   constant   
  18  zeta_y       0.00000e+00   constant   
  19  zeta_vw      0.00000e+00   constant   
  20  T_CBO        2.21997e+02   2.70411e+01  -4.48419e-03  -2.34510e+01
  21  alpha_A0     2.95418e-01   7.82311e-03  -3.42003e-04   2.21517e+01
  22  beta_A0      9.32066e-02   7.81630e-03   5.96347e-04  -4.49996e+01
  23  alpha_phi    2.66558e-01   4.54262e-02   2.85283e-03  -1.03012e+02
  24  beta_phi    -9.52936e-02   2.48723e-02   1.63581e-03   1.04165e+02
 MIGRAD MINIMIZATION HAS CONVERGED.
 MIGRAD WILL VERIFY CONVERGENCE AND ERROR MATRIX.
 FCN=19.1502 FROM MIGRAD    STATUS=CONVERGED     161 CALLS        6496 TOTAL
                     EDM=1.07957e-05    STRATEGY= 1      ERR MATRIX NOT POS-DEF
  EXT PARAMETER                APPROXIMATE        STEP         FIRST   
  NO.   NAME      VALUE            ERROR          SIZE      DERIVATIVE 
   1  N0           3.05068e+06     fixed    
   2  tau          6.43983e+01   constant   
   3  A0           4.00022e-01     fixed    
   4  phi          4.49609e+00     fixed    
   5  R           -6.16270e+01   constant   
   6  alpha_CBO    3.04708e-02     fixed    
   7  w_CBO        2.32500e+00   constant   
   8  beta_CBO    -9.38647e-02     fixed    
   9  alpha_2CBO  -2.06369e-03     fixed    
  10  beta_2CBO   -9.07999e-03   4.65071e-04   4.75187e-07  -6.92945e-01
  11  alpha_y     -1.83284e-03   2.23680e-04   4.81898e-07  -1.08103e+01
  12  w_y          1.44500e+01   constant   
  13  beta_y      -1.40078e-03     fixed    
  14  alpha_vw     0.00000e+00     fixed    
  15  w_vw         1.29000e+01   constant   
  16  beta_vw      0.00000e+00     fixed    
  17  LM          -2.35969e-04   constant   
  18  zeta_y       0.00000e+00   constant   
  19  zeta_vw      0.00000e+00   constant   
  20  T_CBO        2.21810e+02   2.19381e+01   7.40841e-06   3.68660e-02
  21  alpha_A0     2.96076e-01   1.06490e-02   2.18911e-06  -1.84068e-01
  22  beta_A0      9.21564e-02   3.50166e-03   2.10454e-06   2.49497e-01
  23  alpha_phi    2.66932e-01   9.48726e-03   2.09801e-06  -1.45782e-01
  24  beta_phi    -9.14483e-02   4.09488e-03   2.63880e-06  -1.44370e-01
 EXTERNAL ERROR MATRIX.    NDIM=  25    NPAR=  7    ERR DEF=1
  2.163e-07  1.541e-08 -1.356e-04 -1.353e-07  3.308e-07 -9.506e-08 -1.008e-06 
  1.541e-08  5.003e-08  7.843e-06 -1.818e-08  2.693e-08 -9.115e-09 -9.960e-08 
 -1.356e-04  7.843e-06  4.817e+02 -2.325e-01 -7.232e-02 -2.070e-01  7.179e-02 
 -1.353e-07 -1.818e-08 -2.325e-01  1.134e-04  3.472e-05  9.993e-05 -3.391e-05 
  3.308e-07  2.693e-08 -7.232e-02  3.472e-05  1.226e-05  3.074e-05 -1.239e-05 
 -9.506e-08 -9.115e-09 -2.070e-01  9.993e-05  3.074e-05  9.001e-05 -2.996e-05 
 -1.008e-06 -9.960e-08  7.179e-02 -3.391e-05 -1.239e-05 -2.996e-05  1.677e-05 
ERR MATRIX NOT POS-DEF
 PARAMETER  CORRELATION COEFFICIENTS  
       NO.  GLOBAL     10     11     20     21     22     23     24
       10  0.88496   1.000  0.148 -0.013 -0.027  0.203 -0.022 -0.530
       11  0.18953   0.148  1.000  0.002 -0.008  0.034 -0.004 -0.109
       20  0.99796  -0.013  0.002  1.000 -0.995 -0.941 -0.994  0.799
       21  0.99560  -0.027 -0.008 -0.995  1.000  0.931  0.989 -0.778
       22  0.96175   0.203  0.034 -0.941  0.931  1.000  0.925 -0.864
       23  0.99491  -0.022 -0.004 -0.994  0.989  0.925  1.000 -0.771
       24  0.95590  -0.530 -0.109  0.799 -0.778 -0.864 -0.771  1.000
 ERR MATRIX NOT POS-DEF
MINUIT - FIT ONLY 2-y
 **********
 **   67 **RES 
 **********
                   PARAMETER   16  beta_vw RESTORED TO VARIABLE.
                   PARAMETER   14  alpha_vw RESTORED TO VARIABLE.
                   PARAMETER   13  beta_y RESTORED TO VARIABLE.
                   PARAMETER    9  alpha_2CBO RESTORED TO VARIABLE.
                   PARAMETER    8  beta_CBO RESTORED TO VARIABLE.
                   PARAMETER    6  alpha_CBO RESTORED TO VARIABLE.
                   PARAMETER    4  phi RESTORED TO VARIABLE.
                   PARAMETER    3  A0 RESTORED TO VARIABLE.
                   PARAMETER    1  N0 RESTORED TO VARIABLE.
 **********
 **   68 **FIX            0
 **********
 PARAMETER    0  IS UNDEFINED. IGNORED.
 **********
 **   69 **FIX            1
 **********
 **********
 **   70 **FIX            2
 **********
 PARAMETER    2  IS CONSTANT.   IGNORED.
 **********
 **   71 **FIX            3
 **********
 **********
 **   72 **FIX            4
 **********
 **********
 **   73 **FIX            5
 **********
 PARAMETER    5  IS CONSTANT.   IGNORED.
 **********
 **   74 **FIX            6
 **********
 **********
 **   75 **FIX            7
 **********
 PARAMETER    7  IS CONSTANT.   IGNORED.
 **********
 **   76 **FIX            8
 **********
 **********
 **   77 **FIX            9
 **********
 **********
 **   78 **FIX           10
 **********
 **********
 **   79 **FIX           11
 **********
 **********
 **   80 **FIX           12
 **********
 PARAMETER   12  IS CONSTANT.   IGNORED.
 **********
 **   81 **FIX           16
 **********
 **********
 **   82 **MIGRAD
 **********
 START MIGRAD MINIMIZATION.  STRATEGY  1.  CONVERGENCE WHEN EDM .LT. 1.00e-04
 FCN=19.1502 FROM MIGRAD    STATUS=INITIATE       16 CALLS        6512 TOTAL
                     EDM= unknown      STRATEGY= 1      NO ERROR MATRIX       
  EXT PARAMETER               CURRENT GUESS       STEP         FIRST   
  NO.   NAME      VALUE            ERROR          SIZE      DERIVATIVE 
   1  N0           3.05068e+06     fixed    
   2  tau          6.43983e+01   constant   
   3  A0           4.00022e-01     fixed    
   4  phi          4.49609e+00     fixed    
   5  R           -6.16270e+01   constant   
   6  alpha_CBO    3.04708e-02     fixed    
   7  w_CBO        2.32500e+00   constant   
   8  beta_CBO    -9.38647e-02     fixed    
   9  alpha_2CBO  -2.06369e-03     fixed    
  10  beta_2CBO   -9.07999e-03     fixed    
  11  alpha_y     -1.83284e-03     fixed    
  12  w_y          1.44500e+01   constant   
  13  beta_y      -1.40078e-03   2.37980e-04   2.37980e-04   2.26127e+03
