 + ++++++++++++++++++++++++++++++++++++++++++++++++++++++++++++++++++++ +
 +                                                                      +
 +           You have chose to blind your fitting according to          +
 +                omega_ref * (1 + (R +/- deltaR) *10^{-6})             +
 +                                                                      +
 + ++++++++++++++++++++++++++++++++++++++++++++++++++++++++++++++++++++ +
In main()...
reading format from /gm2data/zkhechad/run45/envelope/formats/formatB_sBin_constraintOn.txt
pBinTau 	= 0  
pBinPhi 	= 0  
constraintau 	= 1 
includeMopTerm 	= 0    
constrainMop    = 0   
Parameters after format file: pBinTau 0 pBinPhi 0 constraintau 1 includeMopTerm 0 constrainMop 0 c_e_scale 0.000000 
Opening file /gm2data/tbarrett/gm2fr/studies/run23_bunch_corrections/CorrectedFourier_Run3b.root.
reading full fit data from /gm2data/zkhechad/cboTemplates/Run4CBOTemplates/fullFits/noRF/sBin_constraintOn_cE0.0_seed0_noRF_calo4.root
windowBins = 69
fitting sliding window 630 from bin 766 at 114.138000 to bin 835 at 124.582000 (69 bins)

Reading data from /gm2data/cornell/histograms/aMethod/histogram_a_noRF.root
 **********
 **    1 **SET PRINTOUT            1
 **********
 **********
 **    2 **SET NOWARNINGS 
 **********
 PARAMETER DEFINITIONS:
    NO.   NAME         VALUE      STEP SIZE      LIMITS
     1 N0           2.96874e+06  1.00000e+02     no limits
     2 tau          6.44041e+01  constant
     3 A0           3.53299e-01  1.00000e-04     no limits
     4 phi          4.11736e+00  1.00000e-02     no limits
     5 R           -5.92716e+01  constant
     6 alpha_CBO    0.00000e+00  1.00000e-03     no limits
     7 w_CBO        2.32500e+00  constant
     8 beta_CBO     0.00000e+00  1.00000e-03     no limits
     9 alpha_2CBO   0.00000e+00  1.00000e-03     no limits
    10 beta_2CBO    0.00000e+00  1.00000e-03     no limits
    11 alpha_y      0.00000e+00  1.00000e-03     no limits
    12 w_y          1.38860e+01  constant
    13 beta_y       0.00000e+00  1.00000e-03     no limits
    14 alpha_vw     0.00000e+00  1.00000e-03     no limits
    15 w_vw         1.43404e+01  constant
    16 beta_vw      0.00000e+00  1.00000e-03     no limits
    17 LM           4.68092e-05  constant
    18 zeta_y       0.00000e+00  constant
    19 zeta_vw      0.00000e+00  constant
    20 T_CBO        1.00000e+02  1.00000e+00    0.00000e+00  1.00000e+03
    21 alpha_A0     0.00000e+00  1.00000e-04   -1.00000e-02  1.00000e-02
    22 beta_A0      0.00000e+00  1.00000e-04   -1.00000e-02  1.00000e-02
    23 alpha_phi    0.00000e+00  1.00000e-04   -1.00000e-02  1.00000e-02
    24 beta_phi     0.00000e+00  1.00000e-04   -1.00000e-02  1.00000e-02
MINUIT - FIT ONLY WIGGLE
 **********
 **    3 **FIX            5
 **********
 PARAMETER    5  IS CONSTANT.   IGNORED.
 **********
 **    4 **FIX            6
 **********
 **********
 **    5 **FIX            7
 **********
 PARAMETER    7  IS CONSTANT.   IGNORED.
 **********
 **    6 **FIX            8
 **********
 **********
 **    7 **FIX            9
 **********
 **********
 **    8 **FIX           10
 **********
 **********
 **    9 **FIX           11
 **********
 **********
 **   10 **FIX           12
 **********
 PARAMETER   12  IS CONSTANT.   IGNORED.
 **********
 **   11 **FIX           13
 **********
 **********
 **   12 **FIX           14
 **********
 **********
 **   13 **FIX           15
 **********
 PARAMETER   15  IS CONSTANT.   IGNORED.
 **********
 **   14 **FIX           16
 **********
 **********
 **   15 **MIGRAD
 **********
 FIRST CALL TO USER FUNCTION AT NEW START POINT, WITH IFLAG=4.
 START MIGRAD MINIMIZATION.  STRATEGY  1.  CONVERGENCE WHEN EDM .LT. 1.00e-04
 FCN=1207.03 FROM MIGRAD    STATUS=INITIATE      435 CALLS         436 TOTAL
                     EDM= unknown      STRATEGY= 1      NO ERROR MATRIX       
  EXT PARAMETER               CURRENT GUESS       STEP         FIRST   
  NO.   NAME      VALUE            ERROR          SIZE      DERIVATIVE 
   1  N0           2.96874e+06   1.00000e+02   0.00000e+00  -6.65568e-03
   2  tau          6.44041e+01   constant   
   3  A0           3.53299e-01   1.00000e-04   0.00000e+00  -1.77559e+04
   4  phi          4.11736e+00   1.00000e-02   0.00000e+00   3.19303e+04
   5  R           -5.92716e+01   constant   
   6  alpha_CBO    0.00000e+00     fixed    
   7  w_CBO        2.32500e+00   constant   
   8  beta_CBO     0.00000e+00     fixed    
   9  alpha_2CBO   0.00000e+00     fixed    
  10  beta_2CBO    0.00000e+00     fixed    
  11  alpha_y      0.00000e+00     fixed    
  12  w_y          1.38860e+01   constant   
  13  beta_y       0.00000e+00     fixed    
  14  alpha_vw     0.00000e+00     fixed    
  15  w_vw         1.43404e+01   constant   
  16  beta_vw      0.00000e+00     fixed    
  17  LM           4.68092e-05   constant   
  18  zeta_y       0.00000e+00   constant   
  19  zeta_vw      0.00000e+00   constant   
  20  T_CBO        1.00000e+02   1.00000e+00   0.00000e+00   0.00000e+00
  21  alpha_A0     0.00000e+00   1.00000e-04   0.00000e+00  -2.10994e+01
  22  beta_A0      0.00000e+00   1.00000e-04   0.00000e+00  -2.55686e+01
  23  alpha_phi    0.00000e+00   1.00000e-04   0.00000e+00   8.35431e+00
  24  beta_phi     0.00000e+00   1.00000e-04   0.00000e+00  -9.33155e+00
 MIGRAD MINIMIZATION HAS CONVERGED.
 FCN=1152.97 FROM MIGRAD    STATUS=CONVERGED     817 CALLS         818 TOTAL
                     EDM=5.08609e-06    STRATEGY= 1  ERROR MATRIX UNCERTAINTY   0.4 per cent
  EXT PARAMETER                                   STEP         FIRST   
  NO.   NAME      VALUE            ERROR          SIZE      DERIVATIVE 
   1  N0           2.96872e+06   3.28810e+02  -3.96369e-01  -2.36678e-07
   2  tau          6.44041e+01   constant   
   3  A0           3.53507e-01   1.34942e-04   9.56709e-08   4.82763e+00
   4  phi          4.11467e+00   4.23287e-04   7.26546e-07   1.09254e+00
   5  R           -5.92716e+01   constant   
   6  alpha_CBO    0.00000e+00     fixed    
   7  w_CBO        2.32500e+00   constant   
   8  beta_CBO     0.00000e+00     fixed    
   9  alpha_2CBO   0.00000e+00     fixed    
  10  beta_2CBO    0.00000e+00     fixed    
  11  alpha_y      0.00000e+00     fixed    
  12  w_y          1.38860e+01   constant   
  13  beta_y       0.00000e+00     fixed    
  14  alpha_vw     0.00000e+00     fixed    
  15  w_vw         1.43404e+01   constant   
  16  beta_vw      0.00000e+00     fixed    
  17  LM           4.68092e-05   constant   
  18  zeta_y       0.00000e+00   constant   
  19  zeta_vw      0.00000e+00   constant   
  20  T_CBO        6.03461e+01   1.22799e+01  -1.96370e-04  -4.00179e-02
  21  alpha_A0     4.22568e-03   4.02504e-03   1.29255e-03   7.90430e-04
  22  beta_A0      9.99999e-03   1.79102e-02   6.07560e-03  -4.52538e-04
  23  alpha_phi   -1.16976e-03   2.93328e-03  -4.00375e-04   1.78484e-02
  24  beta_phi     4.91628e-03   3.78062e-03  -2.04538e-04   6.08307e-03
 EXTERNAL ERROR MATRIX.    NDIM=  25    NPAR=  8    ERR DEF=1
  1.081e+05  3.619e-03  2.502e-02 -1.035e+03  1.205e-01 -9.583e-04 -2.295e-01  2.037e-01 
  3.619e-03  1.821e-08 -3.706e-09 -5.000e-05 -2.956e-08 -1.039e-10  1.802e-09  1.101e-08 
  2.502e-02 -3.706e-09  1.792e-07 -3.076e-04  2.973e-07 -1.581e-10 -2.275e-07 -9.368e-08 
 -1.035e+03 -5.000e-05 -3.076e-04  1.509e+02 -2.630e-02 -7.461e-05  1.821e-02 -2.312e-02 
  1.205e-01 -2.956e-08  2.973e-07 -2.630e-02  1.739e-05 -2.553e-08 -5.205e-06  7.212e-07 
 -9.583e-04 -1.039e-10 -1.581e-10 -7.461e-05 -2.553e-08  1.100e-09  8.844e-09 -8.714e-09 
 -2.295e-01  1.802e-09 -2.275e-07  1.821e-02 -5.205e-06  8.844e-09  8.867e-06 -5.313e-06 
  2.037e-01  1.101e-08 -9.368e-08 -2.312e-02  7.212e-07 -8.714e-09 -5.313e-06  1.529e-05 
 PARAMETER  CORRELATION COEFFICIENTS  
       NO.  GLOBAL      1      3      4     20     21     22     23     24
        1  0.37717   1.000  0.082  0.180 -0.256  0.088 -0.088 -0.234  0.158
        3  0.14229   0.082  1.000 -0.065 -0.030 -0.053 -0.023  0.004  0.021
        4  0.30754   0.180 -0.065  1.000 -0.059  0.168 -0.011 -0.180 -0.057
       20  0.77842  -0.256 -0.030 -0.059  1.000 -0.513 -0.183  0.498 -0.481
       21  0.70070   0.088 -0.053  0.168 -0.513  1.000 -0.185 -0.419  0.044
       22  0.49132  -0.088 -0.023 -0.011 -0.183 -0.185  1.000  0.090 -0.067
       23  0.63893  -0.234  0.004 -0.180  0.498 -0.419  0.090  1.000 -0.456
       24  0.65887   0.158  0.021 -0.057 -0.481  0.044 -0.067 -0.456  1.000
MINUIT - FIT ONLY 1-CBO + wiggle
 **********
 **   16 **RES 
 **********
                   PARAMETER   16  beta_vw RESTORED TO VARIABLE.
                   PARAMETER   14  alpha_vw RESTORED TO VARIABLE.
                   PARAMETER   13  beta_y RESTORED TO VARIABLE.
                   PARAMETER   11  alpha_y RESTORED TO VARIABLE.
                   PARAMETER   10  beta_2CBO RESTORED TO VARIABLE.
                   PARAMETER    9  alpha_2CBO RESTORED TO VARIABLE.
                   PARAMETER    8  beta_CBO RESTORED TO VARIABLE.
                   PARAMETER    6  alpha_CBO RESTORED TO VARIABLE.
 **********
 **   17 **FIX            8
 **********
 **********
 **   18 **FIX            9
 **********
 **********
 **   19 **FIX           11
 **********
 **********
 **   20 **FIX           12
 **********
 PARAMETER   12  IS CONSTANT.   IGNORED.
 **********
 **   21 **FIX           14
 **********
 **********
 **   22 **FIX           15
 **********
 PARAMETER   15  IS CONSTANT.   IGNORED.
 **********
 **   23 **FIX           16
 **********
 **********
 **   24 **MIGRAD
 **********
 START MIGRAD MINIMIZATION.  STRATEGY  1.  CONVERGENCE WHEN EDM .LT. 1.00e-04
 FCN=1152.97 FROM MIGRAD    STATUS=INITIATE       28 CALLS         846 TOTAL
                     EDM= unknown      STRATEGY= 1      NO ERROR MATRIX       
  EXT PARAMETER               CURRENT GUESS       STEP         FIRST   
  NO.   NAME      VALUE            ERROR          SIZE      DERIVATIVE 
   1  N0           2.96872e+06   3.28810e+02  -3.96369e-01  -2.36680e-07
   2  tau          6.44041e+01   constant   
   3  A0           3.53507e-01   1.34942e-04   9.56709e-08   4.82763e+00
   4  phi          4.11467e+00   4.23287e-04   7.26546e-07   1.09254e+00
   5  R           -5.92716e+01   constant   
   6  alpha_CBO    0.00000e+00   1.00000e-03   1.00000e-03   3.11775e+04
   7  w_CBO        2.32500e+00   constant   
   8  beta_CBO     0.00000e+00     fixed    
   9  alpha_2CBO   0.00000e+00     fixed    
  10  beta_2CBO    0.00000e+00   1.00000e-03   1.00000e-03   1.35994e+04
  11  alpha_y      0.00000e+00     fixed    
  12  w_y          1.38860e+01   constant   
  13  beta_y       0.00000e+00   1.00000e-03   1.00000e-03  -1.86972e+04
  14  alpha_vw     0.00000e+00     fixed    
  15  w_vw         1.43404e+01   constant   
  16  beta_vw      0.00000e+00     fixed    
  17  LM           4.68092e-05   constant   
  18  zeta_y       0.00000e+00   constant   
  19  zeta_vw      0.00000e+00   constant   
  20  T_CBO        6.03461e+01   1.22799e+01  -1.96370e-04  -4.00178e-02
  21  alpha_A0     4.22568e-03   4.02504e-03   1.29255e-03   7.89838e-04
  22  beta_A0      9.99999e-03   1.79102e-02   6.07560e-03  -4.51458e-04
  23  alpha_phi   -1.16976e-03   2.93328e-03  -4.00375e-04   1.78485e-02
  24  beta_phi     4.91628e-03   3.78062e-03  -2.04538e-04   6.08271e-03
 MIGRAD MINIMIZATION HAS CONVERGED.
 FCN=1143.68 FROM MIGRAD    STATUS=CONVERGED     170 CALLS         988 TOTAL
                     EDM=5.90799e-06    STRATEGY= 1  ERROR MATRIX UNCERTAINTY   2.2 per cent
  EXT PARAMETER                                   STEP         FIRST   
  NO.   NAME      VALUE            ERROR          SIZE      DERIVATIVE 
   1  N0           2.96874e+06   3.11348e+02   2.52220e-01  -3.60778e-06
   2  tau          6.44041e+01   constant   
   3  A0           3.53597e-01   1.47291e-04   9.99088e-08   2.72234e+00
   4  phi          4.11466e+00   3.89783e-04  -1.22691e-06  -8.09400e+00
   5  R           -5.92716e+01   constant   
   6  alpha_CBO   -3.92345e-04   1.57346e-04   2.44791e-07   4.57628e+00
   7  w_CBO        2.32500e+00   constant   
   8  beta_CBO     0.00000e+00     fixed    
   9  alpha_2CBO   0.00000e+00     fixed    
  10  beta_2CBO   -1.82498e-04   1.54770e-04  -5.84763e-07  -1.94266e+00
  11  alpha_y      0.00000e+00     fixed    
  12  w_y          1.38860e+01   constant   
  13  beta_y       2.06509e-04   1.48540e-04   2.07943e-07   9.71968e+00
  14  alpha_vw     0.00000e+00     fixed    
  15  w_vw         1.43404e+01   constant   
  16  beta_vw      0.00000e+00     fixed    
  17  LM           4.68092e-05   constant   
  18  zeta_y       0.00000e+00   constant   
  19  zeta_vw      0.00000e+00   constant   
  20  T_CBO        6.06191e+01   1.17180e+01  -1.65542e-04   3.74482e-02
  21  alpha_A0     2.77595e-03   4.34710e-03   1.78425e-03  -1.81905e-03
  22  beta_A0      1.00000e-02   1.93184e-02   3.77563e-06** at limit **
  23  alpha_phi   -1.82351e-03   3.73736e-03  -2.82117e-04   3.73446e-03
  24  beta_phi     6.11786e-03   4.42510e-03   2.83643e-03  -2.01006e-03
 EXTERNAL ERROR MATRIX.    NDIM=  25    NPAR= 11    ERR DEF=1
  9.694e+04 
  4.956e-03  2.169e-08 
  3.901e-03 -4.073e-09  1.519e-07 
 -4.425e-04 -5.261e-09  2.192e-09  2.476e-08 
 -2.500e-03 -9.739e-10 -4.050e-09  1.415e-09  2.395e-08 
  1.058e-03  2.268e-10  1.443e-09  1.565e-10  9.305e-11  2.206e-08 
 -1.012e+02 -1.413e-04  5.186e-04 -5.620e-05  5.201e-05 -7.344e-05  1.374e+02 
 -7.230e-02 -3.890e-08  1.590e-07  1.257e-07 -8.297e-08  4.361e-09 -1.214e-02  2.035e-05 
  3.076e-11 -5.530e-19  3.754e-16  1.188e-17 -3.438e-17 -3.440e-17 -2.011e-12  1.117e-15  3.282e-16 
 -1.148e-01  5.646e-08  3.872e-08  1.919e-08  6.334e-08 -3.749e-09  2.119e-03 -1.958e-06 -3.162e-15  1.470e-05 
  1.189e-01  7.346e-08 -2.248e-07 -1.946e-08 -1.197e-07  2.197e-08 -2.790e-02  1.284e-06  3.773e-16  1.362e-06  2.205e-05 
 PARAMETER  CORRELATION COEFFICIENTS  
       NO.  GLOBAL      1      3      4      6     10     13     20     21     22     23     24
        1  0.19768   1.000  0.108  0.032 -0.009 -0.052  0.023 -0.028 -0.051  0.000 -0.096  0.081
        3  0.30208   0.108  1.000 -0.071 -0.227 -0.043  0.010 -0.082 -0.059 -0.000  0.100  0.106
        4  0.21570   0.032 -0.071  1.000  0.036 -0.067  0.025  0.113  0.090  0.000  0.026 -0.123
        6  0.29902  -0.009 -0.227  0.036  1.000  0.058  0.007 -0.030  0.177  0.000  0.032 -0.026
       10  0.26991  -0.052 -0.043 -0.067  0.058  1.000  0.004  0.029 -0.119 -0.000  0.107 -0.165
       13  0.05938   0.023  0.010  0.025  0.007  0.004  1.000 -0.042  0.007 -0.000 -0.007  0.031
       20  0.56109  -0.028 -0.082  0.113 -0.030  0.029 -0.042  1.000 -0.230 -0.000  0.047 -0.507
       21  0.35392  -0.051 -0.059  0.090  0.177 -0.119  0.007 -0.230  1.000  0.000 -0.113  0.061
       22  0.00007   0.000 -0.000  0.000  0.000 -0.000 -0.000 -0.000  0.000  1.000 -0.000  0.000
       23  0.26299  -0.096  0.100  0.026  0.032  0.107 -0.007  0.047 -0.113 -0.000  1.000  0.076
       24  0.55543   0.081  0.106 -0.123 -0.026 -0.165  0.031 -0.507  0.061  0.000  0.076  1.000
MINUIT - FIT ONLY 2-CBO
 **********
 **   25 **RES 
 **********
                   PARAMETER   16  beta_vw RESTORED TO VARIABLE.
                   PARAMETER   14  alpha_vw RESTORED TO VARIABLE.
                   PARAMETER   11  alpha_y RESTORED TO VARIABLE.
                   PARAMETER    9  alpha_2CBO RESTORED TO VARIABLE.
                   PARAMETER    8  beta_CBO RESTORED TO VARIABLE.
 **********
 **   26 **FIX            0
 **********
 PARAMETER    0  IS UNDEFINED. IGNORED.
 **********
 **   27 **FIX            1
 **********
 **********
 **   28 **FIX            2
 **********
 PARAMETER    2  IS CONSTANT.   IGNORED.
 **********
 **   29 **FIX            3
 **********
 **********
 **   30 **FIX            4
 **********
 **********
 **   31 **FIX            5
 **********
 PARAMETER    5  IS CONSTANT.   IGNORED.
 **********
 **   32 **FIX            6
 **********
 **********
 **   33 **FIX            7
 **********
 PARAMETER    7  IS CONSTANT.   IGNORED.
 **********
 **   34 **FIX           10
 **********
 **********
 **   35 **FIX           11
 **********
 **********
 **   36 **FIX           12
 **********
 PARAMETER   12  IS CONSTANT.   IGNORED.
 **********
 **   37 **FIX           13
 **********
 **********
 **   38 **FIX           14
 **********
 **********
 **   39 **FIX           15
 **********
 PARAMETER   15  IS CONSTANT.   IGNORED.
 **********
 **   40 **FIX           16
 **********
 **********
 **   41 **MIGRAD
 **********
 START MIGRAD MINIMIZATION.  STRATEGY  1.  CONVERGENCE WHEN EDM .LT. 1.00e-04
 FCN=1143.68 FROM MIGRAD    STATUS=INITIATE       18 CALLS        1006 TOTAL
                     EDM= unknown      STRATEGY= 1      NO ERROR MATRIX       
  EXT PARAMETER               CURRENT GUESS       STEP         FIRST   
  NO.   NAME      VALUE            ERROR          SIZE      DERIVATIVE 
   1  N0           2.96874e+06     fixed    
   2  tau          6.44041e+01   constant   
   3  A0           3.53597e-01     fixed    
   4  phi          4.11466e+00     fixed    
   5  R           -5.92716e+01   constant   
   6  alpha_CBO   -3.92345e-04     fixed    
   7  w_CBO        2.32500e+00   constant   
   8  beta_CBO     0.00000e+00   1.00000e-03   1.00000e-03   4.09801e+05
   9  alpha_2CBO   0.00000e+00   1.00000e-03   1.00000e-03  -1.00456e+04
  10  beta_2CBO   -1.82498e-04     fixed    
  11  alpha_y      0.00000e+00     fixed    
  12  w_y          1.38860e+01   constant   
  13  beta_y       2.06509e-04     fixed    
  14  alpha_vw     0.00000e+00     fixed    
  15  w_vw         1.43404e+01   constant   
  16  beta_vw      0.00000e+00     fixed    
  17  LM           4.68092e-05   constant   
  18  zeta_y       0.00000e+00   constant   
  19  zeta_vw      0.00000e+00   constant   
  20  T_CBO        6.06191e+01   1.17180e+01  -1.65542e-04   3.72703e-02
  21  alpha_A0     2.77595e-03   4.34710e-03   1.78425e-03  -1.82026e-03
  22  beta_A0      9.99998e-03   1.93184e-02   3.77563e-06  -6.19374e-04
  23  alpha_phi   -1.82351e-03   3.73736e-03  -2.82117e-04   3.73439e-03
  24  beta_phi     6.11786e-03   4.42510e-03   2.83643e-03  -2.01191e-03
 MIGRAD MINIMIZATION HAS CONVERGED.
 MIGRAD WILL VERIFY CONVERGENCE AND ERROR MATRIX.
 COVARIANCE MATRIX CALCULATED SUCCESSFULLY
 FCN=131.473 FROM MIGRAD    STATUS=CONVERGED     863 CALLS        1851 TOTAL
                     EDM=1.76198e-07    STRATEGY= 1      ERROR MATRIX ACCURATE 
  EXT PARAMETER                                   STEP         FIRST   
  NO.   NAME      VALUE            ERROR          SIZE      DERIVATIVE 
   1  N0           2.96874e+06     fixed    
   2  tau          6.44041e+01   constant   
   3  A0           3.53597e-01     fixed    
   4  phi          4.11466e+00     fixed    
   5  R           -5.92716e+01   constant   
   6  alpha_CBO   -3.92345e-04     fixed    
   7  w_CBO        2.32500e+00   constant   
   8  beta_CBO    -4.93648e-03   1.55192e-04   8.52556e-07   4.92037e-01
   9  alpha_2CBO   1.82560e-04   1.52894e-04   8.41959e-07  -1.31038e+00
  10  beta_2CBO   -1.82498e-04     fixed    
  11  alpha_y      0.00000e+00     fixed    
  12  w_y          1.38860e+01   constant   
  13  beta_y       2.06509e-04     fixed    
  14  alpha_vw     0.00000e+00     fixed    
  15  w_vw         1.43404e+01   constant   
  16  beta_vw      0.00000e+00     fixed    
  17  LM           4.68092e-05   constant   
  18  zeta_y       0.00000e+00   constant   
  19  zeta_vw      0.00000e+00   constant   
  20  T_CBO        1.00000e+03   5.21522e+02   3.27398e-02** at limit **
  21  alpha_A0     1.11648e-03   6.56777e-04   3.67477e-04   5.47264e-03
  22  beta_A0     -1.11693e-03   6.57611e-04   3.65462e-04  -1.90121e-03
  23  alpha_phi   -1.52511e-04   6.38140e-04   3.47778e-04  -8.15043e-04
  24  beta_phi    -2.30523e-03   6.37677e-04   3.58998e-04  -5.17618e-03
 EXTERNAL ERROR MATRIX.    NDIM=  25    NPAR=  7    ERR DEF=1
  2.408e-08 -3.227e-10  3.833e-08 -3.032e-09 -1.351e-08 -6.104e-10 -1.586e-08 
 -3.227e-10  2.338e-08 -1.542e-09  1.510e-09 -1.276e-08 -1.459e-08  6.503e-09 
  3.833e-08 -1.542e-09  3.397e+00  1.071e-05  1.148e-05 -1.788e-06  2.264e-05 
 -3.032e-09  1.510e-09  1.071e-05  4.320e-07  1.621e-08 -5.887e-08  1.884e-08 
 -1.351e-08 -1.276e-08  1.148e-05  1.621e-08  4.331e-07  1.452e-08  3.816e-09 
 -6.104e-10 -1.459e-08 -1.788e-06 -5.887e-08  1.452e-08  4.078e-07 -6.132e-08 
 -1.586e-08  6.503e-09  2.264e-05  1.884e-08  3.816e-09 -6.132e-08  4.072e-07 
 PARAMETER  CORRELATION COEFFICIENTS  
       NO.  GLOBAL      8      9     20     21     22     23     24
        8  0.21092   1.000 -0.014  0.000 -0.030 -0.132 -0.006 -0.160
        9  0.19967  -0.014  1.000 -0.000  0.015 -0.127 -0.149  0.067
       20  0.02329   0.000 -0.000  1.000  0.009  0.009 -0.002  0.019
       21  0.15019  -0.030  0.015  0.009  1.000  0.037 -0.140  0.045
       22  0.18914  -0.132 -0.127  0.009  0.037  1.000  0.035  0.009
       23  0.24722  -0.006 -0.149 -0.002 -0.140  0.035  1.000 -0.150
       24  0.22612  -0.160  0.067  0.019  0.045  0.009 -0.150  1.000
MINUIT - FIT wiggle + 1-CBO + 2-CBO
 **********
 **   42 **RES 
 **********
                   PARAMETER   16  beta_vw RESTORED TO VARIABLE.
                   PARAMETER   14  alpha_vw RESTORED TO VARIABLE.
                   PARAMETER   13  beta_y RESTORED TO VARIABLE.
                   PARAMETER   11  alpha_y RESTORED TO VARIABLE.
                   PARAMETER   10  beta_2CBO RESTORED TO VARIABLE.
                   PARAMETER    6  alpha_CBO RESTORED TO VARIABLE.
                   PARAMETER    4  phi RESTORED TO VARIABLE.
                   PARAMETER    3  A0 RESTORED TO VARIABLE.
                   PARAMETER    1  N0 RESTORED TO VARIABLE.
 **********
 **   43 **FIX           10
 **********
 **********
 **   44 **FIX           11
 **********
 **********
 **   45 **FIX           12
 **********
 PARAMETER   12  IS CONSTANT.   IGNORED.
 **********
 **   46 **FIX           13
 **********
 **********
 **   47 **FIX           14
 **********
 **********
 **   48 **FIX           15
 **********
 PARAMETER   15  IS CONSTANT.   IGNORED.
 **********
 **   49 **FIX           16
 **********
 **********
 **   50 **MIGRAD
 **********
 START MIGRAD MINIMIZATION.  STRATEGY  1.  CONVERGENCE WHEN EDM .LT. 1.00e-04
 FCN=131.473 FROM MIGRAD    STATUS=INITIATE       22 CALLS        1873 TOTAL
                     EDM= unknown      STRATEGY= 1      NO ERROR MATRIX       
  EXT PARAMETER               CURRENT GUESS       STEP         FIRST   
  NO.   NAME      VALUE            ERROR          SIZE      DERIVATIVE 
   1  N0           2.96874e+06   3.11348e+02   3.11348e+02   8.66825e-03
   2  tau          6.44041e+01   constant   
   3  A0           3.53597e-01   1.47291e-04   1.47291e-04   2.97791e+04
   4  phi          4.11466e+00   3.89783e-04   3.89783e-04  -3.26609e+04
   5  R           -5.92716e+01   constant   
   6  alpha_CBO   -3.92345e-04   1.57346e-04   1.57346e-04   9.57001e+03
   7  w_CBO        2.32500e+00   constant   
   8  beta_CBO    -4.93648e-03   1.55192e-04   8.52556e-07   4.92036e-01
   9  alpha_2CBO   1.82560e-04   1.52894e-04   8.41959e-07  -1.31038e+00
  10  beta_2CBO   -1.82498e-04     fixed    
  11  alpha_y      0.00000e+00     fixed    
  12  w_y          1.38860e+01   constant   
  13  beta_y       2.06509e-04     fixed    
  14  alpha_vw     0.00000e+00     fixed    
  15  w_vw         1.43404e+01   constant   
  16  beta_vw      0.00000e+00     fixed    
  17  LM           4.68092e-05   constant   
  18  zeta_y       0.00000e+00   constant   
  19  zeta_vw      0.00000e+00   constant   
  20  T_CBO        1.00000e+03   5.21522e+02   3.27398e-02** at limit **
  21  alpha_A0     1.11648e-03   6.56777e-04   3.67477e-04   5.46921e-03
  22  beta_A0     -1.11693e-03   6.57611e-04   3.65462e-04   1.90516e-03
  23  alpha_phi   -1.52511e-04   6.38140e-04   3.47778e-04  -8.14572e-04
  24  beta_phi    -2.30523e-03   6.37677e-04   3.58998e-04   5.18335e-03
 MIGRAD MINIMIZATION HAS CONVERGED.
 FCN=75.6117 FROM MIGRAD    STATUS=CONVERGED     162 CALLS        2013 TOTAL
                     EDM=1.96828e-07    STRATEGY= 1  ERROR MATRIX UNCERTAINTY   2.7 per cent
  EXT PARAMETER                                   STEP         FIRST   
  NO.   NAME      VALUE            ERROR          SIZE      DERIVATIVE 
   1  N0           2.96854e+06   3.14870e+02   4.94837e-01  -1.26090e-06
   2  tau          6.44041e+01   constant   
   3  A0           3.53184e-01   1.42184e-04   1.33964e-07  -2.77051e+00
   4  phi          4.11765e+00   4.25180e-04  -7.82019e-09  -1.76348e-01
   5  R           -5.92716e+01   constant   
   6  alpha_CBO   -4.16117e-04   1.47216e-04  -2.65694e-08   3.53109e+00
   7  w_CBO        2.32500e+00   constant   
   8  beta_CBO    -5.20717e-03   1.59141e-04   1.91587e-07   1.60474e-01
   9  alpha_2CBO   2.66513e-04   1.48320e-04   4.40732e-07   8.71958e-01
  10  beta_2CBO   -1.82498e-04     fixed    
  11  alpha_y      0.00000e+00     fixed    
  12  w_y          1.38860e+01   constant   
  13  beta_y       2.06509e-04     fixed    
  14  alpha_vw     0.00000e+00     fixed    
  15  w_vw         1.43404e+01   constant   
  16  beta_vw      0.00000e+00     fixed    
  17  LM           4.68092e-05   constant   
  18  zeta_y       0.00000e+00   constant   
  19  zeta_vw      0.00000e+00   constant   
  20  T_CBO        1.00000e+03   5.21751e+02  -5.30596e-06** at limit **
  21  alpha_A0     1.84845e-03   6.73833e-04   7.10329e-05   3.02062e-03
  22  beta_A0     -1.10376e-03   6.25190e-04   2.78958e-05  -1.21502e-03
  23  alpha_phi   -7.55919e-04   6.50863e-04   3.09318e-06   2.51534e-03
  24  beta_phi    -2.97431e-03   6.45984e-04   1.83695e-04   1.79479e-03
 EXTERNAL ERROR MATRIX.    NDIM=  25    NPAR= 11    ERR DEF=1
  9.914e+04 
  1.001e-03  2.022e-08 
  1.520e-02 -7.779e-09  1.808e-07 
  3.473e-03 -2.776e-09  3.675e-09  2.167e-08 
  3.459e-03  2.983e-09 -1.305e-08 -1.971e-10  2.533e-08 
  3.228e-03 -8.379e-10  5.462e-09  4.877e-10 -1.071e-09  2.200e-08 
 -4.075e-04  1.979e-11  7.356e-11  1.631e-10 -1.032e-10 -1.545e-10  3.681e-04 
  7.277e-03 -7.285e-09  4.351e-08  9.362e-09 -7.267e-09  4.053e-09 -3.672e-10  4.548e-07 
 -1.136e-02  4.621e-09  8.873e-10 -2.298e-09  1.120e-08  2.920e-09 -3.692e-10 -1.410e-08  3.914e-07 
 -3.621e-02  1.738e-08 -3.010e-08 -2.699e-10  2.047e-09 -1.251e-08 -7.662e-10 -9.093e-08  8.480e-09  4.242e-07 
  1.702e-03  1.022e-08 -3.430e-08 -1.095e-08  1.817e-08 -4.254e-09 -6.916e-10 -4.184e-08  9.545e-09  4.844e-08  4.179e-07 
 PARAMETER  CORRELATION COEFFICIENTS  
       NO.  GLOBAL      1      3      4      6      8      9     20     21     22     23     24
        1  0.25596   1.000  0.022  0.114  0.075  0.069  0.069 -0.000  0.034 -0.058 -0.177  0.008
        3  0.28788   0.022  1.000 -0.129 -0.133  0.132 -0.040  0.000 -0.076  0.052  0.188  0.111
        4  0.30342   0.114 -0.129  1.000  0.059 -0.193  0.087  0.000  0.152  0.003 -0.109 -0.125
        6  0.21094   0.075 -0.133  0.059  1.000 -0.008  0.022  0.000  0.094 -0.025 -0.003 -0.115
        8  0.30295   0.069  0.132 -0.193 -0.008  1.000 -0.045 -0.000 -0.068  0.112  0.020  0.177
        9  0.16436   0.069 -0.040  0.087  0.022 -0.045  1.000 -0.000  0.041  0.031 -0.130 -0.044
       20  0.00016  -0.000  0.000  0.000  0.000 -0.000 -0.000  1.000 -0.000 -0.000 -0.000 -0.000
       21  0.26742   0.034 -0.076  0.152  0.094 -0.068  0.041 -0.000  1.000 -0.033 -0.207 -0.096
       22  0.14989  -0.058  0.052  0.003 -0.025  0.112  0.031 -0.000 -0.033  1.000  0.021  0.024
       23  0.35252  -0.177  0.188 -0.109 -0.003  0.020 -0.130 -0.000 -0.207  0.021  1.000  0.115
       24  0.25949   0.008  0.111 -0.125 -0.115  0.177 -0.044 -0.000 -0.096  0.024  0.115  1.000
MINUIT - FIT ONLY 1-y
 **********
 **   51 **RES 
 **********
                   PARAMETER   16  beta_vw RESTORED TO VARIABLE.
                   PARAMETER   14  alpha_vw RESTORED TO VARIABLE.
                   PARAMETER   13  beta_y RESTORED TO VARIABLE.
                   PARAMETER   11  alpha_y RESTORED TO VARIABLE.
                   PARAMETER   10  beta_2CBO RESTORED TO VARIABLE.
 **********
 **   52 **FIX            0
 **********
 PARAMETER    0  IS UNDEFINED. IGNORED.
 **********
 **   53 **FIX            1
 **********
 **********
 **   54 **FIX            2
 **********
 PARAMETER    2  IS CONSTANT.   IGNORED.
 **********
 **   55 **FIX            3
 **********
 **********
 **   56 **FIX            4
 **********
 **********
 **   57 **FIX            5
 **********
 PARAMETER    5  IS CONSTANT.   IGNORED.
 **********
 **   58 **FIX            6
 **********
 **********
 **   59 **FIX            7
 **********
 PARAMETER    7  IS CONSTANT.   IGNORED.
 **********
 **   60 **FIX            8
 **********
 **********
 **   61 **FIX            9
 **********
 **********
 **   62 **FIX           13
 **********
 **********
 **   63 **FIX           14
 **********
 **********
 **   64 **FIX           15
 **********
 PARAMETER   15  IS CONSTANT.   IGNORED.
 **********
 **   65 **FIX           16
 **********
 **********
 **   66 **MIGRAD
 **********
 START MIGRAD MINIMIZATION.  STRATEGY  1.  CONVERGENCE WHEN EDM .LT. 1.00e-04
 FCN=75.6117 FROM MIGRAD    STATUS=INITIATE       16 CALLS        2029 TOTAL
                     EDM= unknown      STRATEGY= 1      NO ERROR MATRIX       
  EXT PARAMETER               CURRENT GUESS       STEP         FIRST   
  NO.   NAME      VALUE            ERROR          SIZE      DERIVATIVE 
   1  N0           2.96854e+06     fixed    
   2  tau          6.44041e+01   constant   
   3  A0           3.53184e-01     fixed    
   4  phi          4.11765e+00     fixed    
   5  R           -5.92716e+01   constant   
   6  alpha_CBO   -4.16117e-04     fixed    
   7  w_CBO        2.32500e+00   constant   
   8  beta_CBO    -5.20717e-03     fixed    
   9  alpha_2CBO   2.66513e-04     fixed    
  10  beta_2CBO   -1.82498e-04   1.54770e-04   1.54770e-04   4.22172e+03
  11  alpha_y      0.00000e+00   1.00000e-03   1.00000e-03  -5.37032e+03
  12  w_y          1.38860e+01   constant   
  13  beta_y       2.06509e-04     fixed    
  14  alpha_vw     0.00000e+00     fixed    
  15  w_vw         1.43404e+01   constant   
  16  beta_vw      0.00000e+00     fixed    
  17  LM           4.68092e-05   constant   
  18  zeta_y       0.00000e+00   constant   
  19  zeta_vw      0.00000e+00   constant   
  20  T_CBO        9.99999e+02   5.21751e+02  -5.30596e-06  -5.43515e-05
  21  alpha_A0     1.84845e-03   6.73833e-04   7.10329e-05   3.01190e-03
  22  beta_A0     -1.10376e-03   6.25190e-04   2.78958e-05  -1.20912e-03
  23  alpha_phi   -7.55919e-04   6.50863e-04   3.09318e-06   2.51619e-03
  24  beta_phi    -2.97431e-03   6.45984e-04   1.83695e-04   1.81043e-03
 MIGRAD MINIMIZATION HAS CONVERGED.
 MIGRAD WILL VERIFY CONVERGENCE AND ERROR MATRIX.
 COVARIANCE MATRIX CALCULATED SUCCESSFULLY
 FCN=75.34 FROM MIGRAD    STATUS=CONVERGED     112 CALLS        2125 TOTAL
                     EDM=3.03131e-07    STRATEGY= 1      ERROR MATRIX ACCURATE 
  EXT PARAMETER                                   STEP         FIRST   
  NO.   NAME      VALUE            ERROR          SIZE      DERIVATIVE 
   1  N0           2.96854e+06     fixed    
   2  tau          6.44041e+01   constant   
   3  A0           3.53184e-01     fixed    
   4  phi          4.11765e+00     fixed    
   5  R           -5.92716e+01   constant   
   6  alpha_CBO   -4.16117e-04     fixed    
   7  w_CBO        2.32500e+00   constant   
   8  beta_CBO    -5.20717e-03     fixed    
   9  alpha_2CBO   2.66513e-04     fixed    
  10  beta_2CBO   -2.33600e-04   1.55960e-04   6.48730e-07  -4.50075e-01
  11  alpha_y      6.10408e-05   1.51001e-04   6.43893e-07   6.92136e-01
  12  w_y          1.38860e+01   constant   
  13  beta_y       2.06509e-04     fixed    
  14  alpha_vw     0.00000e+00     fixed    
  15  w_vw         1.43404e+01   constant   
  16  beta_vw      0.00000e+00     fixed    
  17  LM           4.68092e-05   constant   
  18  zeta_y       0.00000e+00   constant   
  19  zeta_vw      0.00000e+00   constant   
  20  T_CBO        1.00000e+03   8.95354e+02   3.49086e-02** at limit **
  21  alpha_A0     1.87914e-03   6.64337e-04   2.82581e-04   4.89772e-03
  22  beta_A0     -1.09908e-03   6.46995e-04   2.77587e-04   6.17031e-03
  23  alpha_phi   -7.65281e-04   6.32097e-04   2.64948e-04   9.98701e-03
  24  beta_phi    -2.94821e-03   6.38023e-04   2.77867e-04  -1.60030e-03
 EXTERNAL ERROR MATRIX.    NDIM=  25    NPAR=  7    ERR DEF=1
  2.432e-08  9.128e-11  9.424e-11 -1.474e-08 -1.755e-09  3.608e-09 -1.616e-08 
  9.128e-11  2.280e-08  4.152e-11 -1.618e-10  3.063e-10 -6.994e-10 -2.968e-09 
  9.424e-11  4.152e-11  7.410e-05  1.422e-07 -8.318e-08 -5.942e-08 -2.204e-07 
 -1.474e-08 -1.618e-10  1.422e-07  4.420e-07 -1.416e-08 -6.137e-08 -7.370e-09 
 -1.755e-09  3.063e-10 -8.318e-08 -1.416e-08  4.192e-07 -6.684e-09 -1.318e-09 
  3.608e-09 -6.994e-10 -5.942e-08 -6.137e-08 -6.684e-09  4.001e-07  5.579e-08 
 -1.616e-08 -2.968e-09 -2.204e-07 -7.370e-09 -1.318e-09  5.579e-08  4.077e-07 
 PARAMETER  CORRELATION COEFFICIENTS  
       NO.  GLOBAL     10     11     20     21     22     23     24
       10  0.22220   1.000  0.004  0.000 -0.142 -0.017  0.037 -0.162
       11  0.03123   0.004  1.000  0.000 -0.002  0.003 -0.007 -0.031
       20  0.04911   0.000  0.000  1.000  0.025 -0.015 -0.011 -0.040
       21  0.20584  -0.142 -0.002  0.025  1.000 -0.033 -0.146 -0.017
       22  0.04749  -0.017  0.003 -0.015 -0.033  1.000 -0.016 -0.003
       23  0.20403   0.037 -0.007 -0.011 -0.146 -0.016  1.000  0.138
       24  0.22333  -0.162 -0.031 -0.040 -0.017 -0.003  0.138  1.000
MINUIT - FIT ONLY 2-y
 **********
 **   67 **RES 
 **********
                   PARAMETER   16  beta_vw RESTORED TO VARIABLE.
                   PARAMETER   14  alpha_vw RESTORED TO VARIABLE.
                   PARAMETER   13  beta_y RESTORED TO VARIABLE.
                   PARAMETER    9  alpha_2CBO RESTORED TO VARIABLE.
                   PARAMETER    8  beta_CBO RESTORED TO VARIABLE.
                   PARAMETER    6  alpha_CBO RESTORED TO VARIABLE.
                   PARAMETER    4  phi RESTORED TO VARIABLE.
                   PARAMETER    3  A0 RESTORED TO VARIABLE.
                   PARAMETER    1  N0 RESTORED TO VARIABLE.
 **********
 **   68 **FIX            0
 **********
 PARAMETER    0  IS UNDEFINED. IGNORED.
 **********
 **   69 **FIX            1
 **********
 **********
 **   70 **FIX            2
 **********
 PARAMETER    2  IS CONSTANT.   IGNORED.
 **********
 **   71 **FIX            3
 **********
 **********
 **   72 **FIX            4
 **********
 **********
 **   73 **FIX            5
 **********
 PARAMETER    5  IS CONSTANT.   IGNORED.
 **********
 **   74 **FIX            6
 **********
 **********
 **   75 **FIX            7
 **********
 PARAMETER    7  IS CONSTANT.   IGNORED.
 **********
 **   76 **FIX            8
 **********
 **********
 **   77 **FIX            9
 **********
 **********
 **   78 **FIX           10
 **********
 **********
 **   79 **FIX           11
 **********
 **********
 **   80 **FIX           12
 **********
 PARAMETER   12  IS CONSTANT.   IGNORED.
 **********
 **   81 **FIX           16
 **********
 **********
 **   82 **MIGRAD
 **********
 START MIGRAD MINIMIZATION.  STRATEGY  1.  CONVERGENCE WHEN EDM .LT. 1.00e-04
 FCN=75.34 FROM MIGRAD    STATUS=INITIATE       16 CALLS        2141 TOTAL
                     EDM= unknown      STRATEGY= 1      NO ERROR MATRIX       
  EXT PARAMETER               CURRENT GUESS       STEP         FIRST   
  NO.   NAME      VALUE            ERROR          SIZE      DERIVATIVE 
   1  N0           2.96854e+06     fixed    
   2  tau          6.44041e+01   constant   
   3  A0           3.53184e-01     fixed    
   4  phi          4.11765e+00     fixed    
   5  R           -5.92716e+01   constant   
   6  alpha_CBO   -4.16117e-04     fixed    
   7  w_CBO        2.32500e+00   constant   
   8  beta_CBO    -5.20717e-03     fixed    
   9  alpha_2CBO   2.66513e-04     fixed    
  10  beta_2CBO   -2.33600e-04     fixed    
  11  alpha_y      6.10408e-05     fixed    
  12  w_y          1.38860e+01   constant   
  13  beta_y       2.06509e-04   1.48540e-04   1.48540e-04   3.88846e+03
  14  alpha_vw     0.00000e+00   1.00000e-03   1.00000e-03   1.64622e+04
  15  w_vw         1.43404e+01   constant   
  16  beta_vw      0.00000e+00     fixed    
  17  LM           4.68092e-05   constant   
  18  zeta_y       0.00000e+00   constant   
  19  zeta_vw      0.00000e+00   constant   
  20  T_CBO        9.99999e+02   8.95354e+02   3.49086e-02  -5.46889e-05
  21  alpha_A0     1.87914e-03   6.64337e-04   2.82581e-04   4.88484e-03
  22  beta_A0     -1.09908e-03   6.46995e-04   2.77587e-04   6.17740e-03
  23  alpha_phi   -7.65281e-04   6.32097e-04   2.64948e-04   9.98924e-03
  24  beta_phi    -2.94821e-03   6.38023e-04   2.77867e-04  -1.57938e-03
 MIGRAD MINIMIZATION HAS CONVERGED.
 MIGRAD WILL VERIFY CONVERGENCE AND ERROR MATRIX.
 COVARIANCE MATRIX CALCULATED SUCCESSFULLY
 FCN=73.7925 FROM MIGRAD    STATUS=CONVERGED     114 CALLS        2239 TOTAL
                     EDM=1.12209e-06    STRATEGY= 1      ERROR MATRIX ACCURATE 
  EXT PARAMETER                                   STEP         FIRST   
  NO.   NAME      VALUE            ERROR          SIZE      DERIVATIVE 
   1  N0           2.96854e+06     fixed    
   2  tau          6.44041e+01   constant   
   3  A0           3.53184e-01     fixed    
   4  phi          4.11765e+00     fixed    
   5  R           -5.92716e+01   constant   
   6  alpha_CBO   -4.16117e-04     fixed    
   7  w_CBO        2.32500e+00   constant   
   8  beta_CBO    -5.20717e-03     fixed    
   9  alpha_2CBO   2.66513e-04     fixed    
  10  beta_2CBO   -2.33600e-04     fixed    
  11  alpha_y      6.10408e-05     fixed    
  12  w_y          1.38860e+01   constant   
  13  beta_y       1.97194e-04   1.53682e-04   6.37150e-07   6.34465e-03
  14  alpha_vw    -1.85808e-04   1.53703e-04   6.37439e-07   3.79884e-04
  15  w_vw         1.43404e+01   constant   
  16  beta_vw      0.00000e+00     fixed    
  17  LM           4.68092e-05   constant   
  18  zeta_y       0.00000e+00   constant   
  19  zeta_vw      0.00000e+00   constant   
  20  T_CBO        1.00000e+03   9.05608e+02   3.68218e-02** at limit **
  21  alpha_A0     1.87992e-03   6.57752e-04   2.79748e-04  -4.63956e-03
  22  beta_A0     -1.10179e-03   6.46933e-04   2.74765e-04  -1.04773e-02
  23  alpha_phi   -7.63907e-04   6.31777e-04   2.62253e-04  -1.31373e-02
  24  beta_phi    -2.94788e-03   6.29359e-04   2.75040e-04  -1.43683e-02
 EXTERNAL ERROR MATRIX.    NDIM=  25    NPAR=  7    ERR DEF=1
  2.362e-08 -4.447e-09  8.405e-11 -1.970e-09 -8.021e-10  1.831e-09  5.567e-10 
 -4.447e-09  2.362e-08 -1.877e-11  3.568e-10  4.805e-10 -6.540e-10 -2.115e-10 
  8.405e-11 -1.877e-11  4.684e-04  3.795e-07 -2.226e-07 -1.583e-07 -5.878e-07 
 -1.970e-09  3.568e-10  3.795e-07  4.333e-07 -1.518e-08 -5.936e-08 -1.728e-08 
 -8.021e-10  4.805e-10 -2.226e-07 -1.518e-08  4.191e-07 -6.472e-09 -2.433e-09 
  1.831e-09 -6.540e-10 -1.583e-07 -5.936e-08 -6.472e-09  3.997e-07  5.816e-08 
  5.567e-10 -2.115e-10 -5.878e-07 -1.728e-08 -2.433e-09  5.816e-08  3.967e-07 
 PARAMETER  CORRELATION COEFFICIENTS  
       NO.  GLOBAL     13     14     20     21     22     23     24
       13  0.18997   1.000 -0.188  0.000 -0.019 -0.008  0.019  0.006
       14  0.18833  -0.188  1.000 -0.000  0.004  0.005 -0.007 -0.002
       20  0.05212   0.000 -0.000  1.000  0.027 -0.016 -0.012 -0.043
       21  0.15190  -0.019  0.004  0.027  1.000 -0.036 -0.143 -0.042
       22  0.04528  -0.008  0.005 -0.016 -0.036  1.000 -0.016 -0.006
       23  0.20163   0.019 -0.007 -0.012 -0.143 -0.016  1.000  0.146
       24  0.15326   0.006 -0.002 -0.043 -0.042 -0.006  0.146  1.000
MINUIT - FIT ALTOGETHER
 **********
 **   83 **RES 
 **********
                   PARAMETER   16  beta_vw RESTORED TO VARIABLE.
