 + ++++++++++++++++++++++++++++++++++++++++++++++++++++++++++++++++++++ +
 +                                                                      +
 +           You have chose to blind your fitting according to          +
 +                omega_ref * (1 + (R +/- deltaR) *10^{-6})             +
 +                                                                      +
 + ++++++++++++++++++++++++++++++++++++++++++++++++++++++++++++++++++++ +
In main()...
reading format from /gm2data/zkhechad/run45/envelope/formats/formatB_sBin_constraintOn.txt
pBinTau 	= 0  
pBinPhi 	= 0  
constraintau 	= 1 
includeMopTerm 	= 0    
constrainMop    = 0   
Parameters after format file: pBinTau 0 pBinPhi 0 constraintau 1 includeMopTerm 0 constrainMop 0 c_e_scale 0.000000 
Opening file /gm2data/tbarrett/gm2fr/studies/run23_bunch_corrections/CorrectedFourier_Run3b.root.
reading full fit data from /gm2data/zkhechad/cboTemplates/Run4CBOTemplates/fullFits/noRF/sBin_constraintOn_cE0.0_seed0_noRF_calo5.root
windowBins = 69
fitting sliding window 2100 from bin 2236 at 333.462000 to bin 2305 at 343.906000 (69 bins)

Reading data from /gm2data/cornell/histograms/aMethod/histogram_a_noRF.root
 **********
 **    1 **SET PRINTOUT            1
 **********
 **********
 **    2 **SET NOWARNINGS 
 **********
 PARAMETER DEFINITIONS:
    NO.   NAME         VALUE      STEP SIZE      LIMITS
     1 N0           2.79633e+06  1.00000e+02     no limits
     2 tau          6.44140e+01  constant
     3 A0           3.58434e-01  1.00000e-04     no limits
     4 phi          4.11632e+00  1.00000e-02     no limits
     5 R           -6.26390e+01  constant
     6 alpha_CBO    0.00000e+00  1.00000e-03     no limits
     7 w_CBO        2.32500e+00  constant
     8 beta_CBO     0.00000e+00  1.00000e-03     no limits
     9 alpha_2CBO   0.00000e+00  1.00000e-03     no limits
    10 beta_2CBO    0.00000e+00  1.00000e-03     no limits
    11 alpha_y      0.00000e+00  1.00000e-03     no limits
    12 w_y          1.38860e+01  constant
    13 beta_y       0.00000e+00  1.00000e-03     no limits
    14 alpha_vw     0.00000e+00  1.00000e-03     no limits
    15 w_vw         1.43404e+01  constant
    16 beta_vw      0.00000e+00  1.00000e-03     no limits
    17 LM           3.79801e-04  constant
    18 zeta_y       0.00000e+00  constant
    19 zeta_vw      0.00000e+00  constant
    20 T_CBO        1.00000e+02  1.00000e+00    0.00000e+00  1.00000e+03
    21 alpha_A0     0.00000e+00  1.00000e-03     no limits
    22 beta_A0      0.00000e+00  1.00000e-03     no limits
    23 alpha_phi    0.00000e+00  1.00000e-03     no limits
    24 beta_phi     0.00000e+00  1.00000e-03     no limits
MINUIT - FIT ONLY WIGGLE
 **********
 **    3 **FIX            5
 **********
 PARAMETER    5  IS CONSTANT.   IGNORED.
 **********
 **    4 **FIX            6
 **********
 **********
 **    5 **FIX            7
 **********
 PARAMETER    7  IS CONSTANT.   IGNORED.
 **********
 **    6 **FIX            8
 **********
 **********
 **    7 **FIX            9
 **********
 **********
 **    8 **FIX           10
 **********
 **********
 **    9 **FIX           11
 **********
 **********
 **   10 **FIX           12
 **********
 PARAMETER   12  IS CONSTANT.   IGNORED.
 **********
 **   11 **FIX           13
 **********
 **********
 **   12 **FIX           14
 **********
 **********
 **   13 **FIX           15
 **********
 PARAMETER   15  IS CONSTANT.   IGNORED.
 **********
 **   14 **FIX           16
 **********
 **********
 **   15 **MIGRAD
 **********
 FIRST CALL TO USER FUNCTION AT NEW START POINT, WITH IFLAG=4.
 START MIGRAD MINIMIZATION.  STRATEGY  1.  CONVERGENCE WHEN EDM .LT. 1.00e-04
 FCN=78.3281 FROM MIGRAD    STATUS=INITIATE      437 CALLS         438 TOTAL
                     EDM= unknown      STRATEGY= 1      NO ERROR MATRIX       
  EXT PARAMETER               CURRENT GUESS       STEP         FIRST   
  NO.   NAME      VALUE            ERROR          SIZE      DERIVATIVE 
   1  N0           2.79633e+06   1.00000e+02   0.00000e+00  -7.51048e-05
   2  tau          6.44140e+01   constant   
   3  A0           3.58434e-01   1.00000e-04   0.00000e+00   2.34803e+03
   4  phi          4.11632e+00   1.00000e-02   0.00000e+00   1.28264e+03
   5  R           -6.26390e+01   constant   
   6  alpha_CBO    0.00000e+00     fixed    
   7  w_CBO        2.32500e+00   constant   
   8  beta_CBO     0.00000e+00     fixed    
   9  alpha_2CBO   0.00000e+00     fixed    
  10  beta_2CBO    0.00000e+00     fixed    
  11  alpha_y      0.00000e+00     fixed    
  12  w_y          1.38860e+01   constant   
  13  beta_y       0.00000e+00     fixed    
  14  alpha_vw     0.00000e+00     fixed    
  15  w_vw         1.43404e+01   constant   
  16  beta_vw      0.00000e+00     fixed    
  17  LM           3.79801e-04   constant   
  18  zeta_y       0.00000e+00   constant   
  19  zeta_vw      0.00000e+00   constant   
  20  T_CBO        1.00000e+02   1.00000e+00   0.00000e+00   0.00000e+00
  21  alpha_A0     0.00000e+00   1.00000e-03   0.00000e+00   1.90047e+01
  22  beta_A0      0.00000e+00   1.00000e-03   0.00000e+00   3.74533e+01
  23  alpha_phi    0.00000e+00   1.00000e-03   0.00000e+00  -1.44154e+01
  24  beta_phi     0.00000e+00   1.00000e-03   0.00000e+00   2.51949e+01
 MIGRAD MINIMIZATION HAS CONVERGED.
 MIGRAD WILL VERIFY CONVERGENCE AND ERROR MATRIX.
 COVARIANCE MATRIX CALCULATED SUCCESSFULLY
 FCN=67.4571 FROM HESSE     STATUS=OK             61 CALLS         612 TOTAL
                     EDM=5.37523e-05    STRATEGY= 1      ERROR MATRIX ACCURATE 
  EXT PARAMETER                                   STEP         FIRST   
  NO.   NAME      VALUE            ERROR          SIZE      DERIVATIVE 
   1  N0           2.79690e+06   1.75046e+03   6.34777e+00   8.61830e-07
   2  tau          6.44140e+01   constant   
   3  A0           3.57426e-01   8.17588e-04   3.19674e-06  -1.97557e-01
   4  phi          4.11213e+00   2.38668e-03   9.47372e-06  -1.19564e-01
   5  R           -6.26390e+01   constant   
   6  alpha_CBO    0.00000e+00     fixed    
   7  w_CBO        2.32500e+00   constant   
   8  beta_CBO     0.00000e+00     fixed    
   9  alpha_2CBO   0.00000e+00     fixed    
  10  beta_2CBO    0.00000e+00     fixed    
  11  alpha_y      0.00000e+00     fixed    
  12  w_y          1.38860e+01   constant   
  13  beta_y       0.00000e+00     fixed    
  14  alpha_vw     0.00000e+00     fixed    
  15  w_vw         1.43404e+01   constant   
  16  beta_vw      0.00000e+00     fixed    
  17  LM           3.79801e-04   constant   
  18  zeta_y       0.00000e+00   constant   
  19  zeta_vw      0.00000e+00   constant   
  20  T_CBO        9.89380e+01   2.48365e+02   1.39338e-04  -5.40465e-02
  21  alpha_A0    -8.92936e-02   9.08712e-01   3.92472e-04   2.03973e-02
  22  beta_A0     -2.38595e-01   2.41642e+00   4.28090e-04   1.81913e-02
  23  alpha_phi    3.66840e-02   3.89522e-01   3.93236e-04  -8.01018e-03
  24  beta_phi    -1.33222e-01   1.36103e+00   3.82378e-04   1.54179e-03
 MIGRAD MINIMIZATION HAS CONVERGED.
 FCN=67.4558 FROM MIGRAD    STATUS=CONVERGED    1327 CALLS        1328 TOTAL
                     EDM=8.02705e-06    STRATEGY= 1  ERROR MATRIX UNCERTAINTY   0.9 per cent
  EXT PARAMETER                                   STEP         FIRST   
  NO.   NAME      VALUE            ERROR          SIZE      DERIVATIVE 
   1  N0           2.79690e+06   1.74505e+03  -2.32787e+00  -4.06311e-07
   2  tau          6.44140e+01   constant   
   3  A0           3.57423e-01   8.16876e-04   9.15841e-08  -2.95474e-01
   4  phi          4.11214e+00   2.39442e-03   2.27644e-07  -9.21046e-02
   5  R           -6.26390e+01   constant   
   6  alpha_CBO    0.00000e+00     fixed    
   7  w_CBO        2.32500e+00   constant   
   8  beta_CBO     0.00000e+00     fixed    
   9  alpha_2CBO   0.00000e+00     fixed    
  10  beta_2CBO    0.00000e+00     fixed    
  11  alpha_y      0.00000e+00     fixed    
  12  w_y          1.38860e+01   constant   
  13  beta_y       0.00000e+00     fixed    
  14  alpha_vw     0.00000e+00     fixed    
  15  w_vw         1.43404e+01   constant   
  16  beta_vw      0.00000e+00     fixed    
  17  LM           3.79801e-04   constant   
  18  zeta_y       0.00000e+00   constant   
  19  zeta_vw      0.00000e+00   constant   
  20  T_CBO        7.57047e+01   1.72791e+02  -2.14662e-03  -2.21984e-01
  21  alpha_A0    -2.55116e-01   2.71892e+00  -8.08075e-03   1.90294e-02
  22  beta_A0     -6.80103e-01   7.31334e+00  -2.16731e-02   1.27847e-02
  23  alpha_phi    1.04282e-01   1.11385e+00   3.31875e-03  -9.92116e-03
  24  beta_phi    -3.82865e-01   4.17038e+00  -1.23426e-02   1.92690e-03
 EXTERNAL ERROR MATRIX.    NDIM=  25    NPAR=  8    ERR DEF=1
  3.045e+06 -1.675e-01  3.072e-01  3.749e+04  5.501e+02  1.460e+03 -2.729e+02  8.586e+02 
 -1.675e-01  6.673e-07  7.211e-08  4.359e-03  6.093e-05  1.927e-04 -9.906e-06  1.050e-04 
  3.072e-01  7.211e-08  5.733e-06 -1.160e-02 -1.906e-04 -4.030e-04  6.227e-05 -1.889e-04 
  3.749e+04  4.359e-03 -1.160e-02  3.545e+04  5.109e+02  1.376e+03 -2.087e+02  7.845e+02 
  5.501e+02  6.093e-05 -1.906e-04  5.109e+02  7.392e+00  1.984e+01 -3.013e+00  1.130e+01 
  1.460e+03  1.927e-04 -4.030e-04  1.376e+03  1.984e+01  5.348e+01 -8.104e+00  3.048e+01 
 -2.729e+02 -9.906e-06  6.227e-05 -2.087e+02 -3.013e+00 -8.104e+00  1.241e+00 -4.617e+00 
  8.586e+02  1.050e-04 -1.889e-04  7.845e+02  1.130e+01  3.048e+01 -4.617e+00  1.739e+01 
 PARAMETER  CORRELATION COEFFICIENTS  
       NO.  GLOBAL      1      3      4     20     21     22     23     24
        1  0.33354   1.000 -0.117  0.074  0.114  0.116  0.114 -0.140  0.118
        3  0.24949  -0.117  1.000  0.037  0.028  0.027  0.032 -0.011  0.031
        4  0.18029   0.074  0.037  1.000 -0.026 -0.029 -0.023  0.023 -0.019
       20  0.99964   0.114  0.028 -0.026  1.000  0.998  1.000 -0.995  0.999
       21  0.99856   0.116  0.027 -0.029  0.998  1.000  0.998 -0.995  0.997
       22  0.99978   0.114  0.032 -0.023  1.000  0.998  1.000 -0.995  0.999
       23  0.99579  -0.140 -0.011  0.023 -0.995 -0.995 -0.995  1.000 -0.994
       24  0.99953   0.118  0.031 -0.019  0.999  0.997  0.999 -0.994  1.000
MINUIT - FIT ONLY 1-CBO + wiggle
 **********
 **   16 **RES 
 **********
                   PARAMETER   16  beta_vw RESTORED TO VARIABLE.
                   PARAMETER   14  alpha_vw RESTORED TO VARIABLE.
                   PARAMETER   13  beta_y RESTORED TO VARIABLE.
                   PARAMETER   11  alpha_y RESTORED TO VARIABLE.
                   PARAMETER   10  beta_2CBO RESTORED TO VARIABLE.
                   PARAMETER    9  alpha_2CBO RESTORED TO VARIABLE.
                   PARAMETER    8  beta_CBO RESTORED TO VARIABLE.
                   PARAMETER    6  alpha_CBO RESTORED TO VARIABLE.
 **********
 **   17 **FIX            8
 **********
 **********
 **   18 **FIX            9
 **********
 **********
 **   19 **FIX           11
 **********
 **********
 **   20 **FIX           12
 **********
 PARAMETER   12  IS CONSTANT.   IGNORED.
 **********
 **   21 **FIX           14
 **********
 **********
 **   22 **FIX           15
 **********
 PARAMETER   15  IS CONSTANT.   IGNORED.
 **********
 **   23 **FIX           16
 **********
 **********
 **   24 **MIGRAD
 **********
 START MIGRAD MINIMIZATION.  STRATEGY  1.  CONVERGENCE WHEN EDM .LT. 1.00e-04
 FCN=67.4558 FROM MIGRAD    STATUS=INITIATE       28 CALLS        1356 TOTAL
                     EDM= unknown      STRATEGY= 1      NO ERROR MATRIX       
  EXT PARAMETER               CURRENT GUESS       STEP         FIRST   
  NO.   NAME      VALUE            ERROR          SIZE      DERIVATIVE 
   1  N0           2.79690e+06   1.74505e+03  -2.32787e+00  -4.06311e-07
   2  tau          6.44140e+01   constant   
   3  A0           3.57423e-01   8.16876e-04   9.15841e-08  -2.95474e-01
   4  phi          4.11214e+00   2.39442e-03   2.27644e-07  -9.21046e-02
   5  R           -6.26390e+01   constant   
   6  alpha_CBO    0.00000e+00   1.00000e-03   1.00000e-03   4.71921e+03
   7  w_CBO        2.32500e+00   constant   
   8  beta_CBO     0.00000e+00     fixed    
   9  alpha_2CBO   0.00000e+00     fixed    
  10  beta_2CBO    0.00000e+00   1.00000e-03   1.00000e-03   2.50521e+03
  11  alpha_y      0.00000e+00     fixed    
  12  w_y          1.38860e+01   constant   
  13  beta_y       0.00000e+00   1.00000e-03   1.00000e-03  -1.14309e+03
  14  alpha_vw     0.00000e+00     fixed    
  15  w_vw         1.43404e+01   constant   
  16  beta_vw      0.00000e+00     fixed    
  17  LM           3.79801e-04   constant   
  18  zeta_y       0.00000e+00   constant   
  19  zeta_vw      0.00000e+00   constant   
  20  T_CBO        7.57047e+01   1.72791e+02  -2.14662e-03  -2.21987e-01
  21  alpha_A0    -2.55116e-01   2.71892e+00  -8.08075e-03   1.90294e-02
  22  beta_A0     -6.80103e-01   7.31334e+00  -2.16731e-02   1.27847e-02
  23  alpha_phi    1.04282e-01   1.11385e+00   3.31875e-03  -9.92116e-03
  24  beta_phi    -3.82865e-01   4.17038e+00  -1.23426e-02   1.92690e-03
 MIGRAD MINIMIZATION HAS CONVERGED.
 MIGRAD WILL VERIFY CONVERGENCE AND ERROR MATRIX.
 COVARIANCE MATRIX CALCULATED SUCCESSFULLY
 FCN=61.9481 FROM HESSE     STATUS=OK            100 CALLS        1573 TOTAL
                     EDM=0.00259036    STRATEGY= 1      ERROR MATRIX ACCURATE 
  EXT PARAMETER                                   STEP         FIRST   
  NO.   NAME      VALUE            ERROR          SIZE      DERIVATIVE 
   1  N0           2.79709e+06   1.75342e+03   6.08737e+00   8.90654e-07
   2  tau          6.44140e+01   constant   
   3  A0           3.57763e-01   8.32676e-04   3.06535e-06  -4.25783e-01
   4  phi          4.11323e+00   2.43452e-03   9.07464e-06   1.30360e-01
   5  R           -6.26390e+01   constant   
   6  alpha_CBO   -1.73475e-03   8.48894e-04   3.14288e-06   1.69474e-01
   7  w_CBO        2.32500e+00   constant   
   8  beta_CBO     0.00000e+00     fixed    
   9  alpha_2CBO   0.00000e+00     fixed    
  10  beta_2CBO   -9.59182e-04   8.43774e-04   3.18623e-06   8.74988e-02
  11  alpha_y      0.00000e+00     fixed    
  12  w_y          1.38860e+01   constant   
  13  beta_y       3.70920e-04   8.29780e-04   3.21246e-06  -3.93408e-01
  14  alpha_vw     0.00000e+00     fixed    
  15  w_vw         1.43404e+01   constant   
  16  beta_vw      0.00000e+00     fixed    
  17  LM           3.79801e-04   constant   
  18  zeta_y       0.00000e+00   constant   
  19  zeta_vw      0.00000e+00   constant   
  20  T_CBO        7.49352e+01   5.06526e+02   9.44647e-05   5.23619e-02
  21  alpha_A0    -3.02010e-01   5.54727e+00   1.12288e-03   1.78575e-03
  22  beta_A0     -6.39285e-01   1.17246e+01   1.22692e-03   9.66181e-04
  23  alpha_phi    1.49286e-01   2.77901e+00   1.12740e-03  -5.84709e-04
  24  beta_phi    -3.31936e-01   6.12199e+00   1.09652e-03   3.00945e-03
 CALL LIMIT EXCEEDED IN MIGRAD.
 MIGRAD TERMINATED WITHOUT CONVERGENCE.
 FCN=61.9336 FROM MIGRAD    STATUS=CALL LIMIT   1907 CALLS        3235 TOTAL
                     EDM=0.000240543    STRATEGY= 1  ERROR MATRIX UNCERTAINTY   1.0 per cent
  EXT PARAMETER                APPROXIMATE        STEP         FIRST   
  NO.   NAME      VALUE            ERROR          SIZE      DERIVATIVE 
   1  N0           2.79710e+06   1.69846e+03   1.73738e+00   2.89162e-06
   2  tau          6.44140e+01   constant   
   3  A0           3.57761e-01   8.16874e-04   9.59409e-07   9.30067e+00
   4  phi          4.11324e+00   2.41975e-03  -1.72017e-06  -1.46886e+00
   5  R           -6.26390e+01   constant   
   6  alpha_CBO   -1.73729e-03   8.47824e-04   1.39479e-07   1.58388e+00
   7  w_CBO        2.32500e+00   constant   
   8  beta_CBO     0.00000e+00     fixed    
   9  alpha_2CBO   0.00000e+00     fixed    
  10  beta_2CBO   -9.54177e-04   8.16525e-04   1.87282e-06   1.20986e+01
  11  alpha_y      0.00000e+00     fixed    
  12  w_y          1.38860e+01   constant   
  13  beta_y       3.66295e-04   8.06243e-04  -1.95381e-06  -1.29268e+01
  14  alpha_vw     0.00000e+00     fixed    
  15  w_vw         1.43404e+01   constant   
  16  beta_vw      0.00000e+00     fixed    
  17  LM           3.79801e-04   constant   
  18  zeta_y       0.00000e+00   constant   
  19  zeta_vw      0.00000e+00   constant   
  20  T_CBO        4.50777e+01   2.61323e+01  -5.16241e-04   3.76081e-01
  21  alpha_A0    -6.06520e+00   2.61009e+01  -1.29868e-01  -1.09020e-03
  22  beta_A0     -1.26710e+01   5.48158e+01  -2.89116e-01   1.10900e-03
  23  alpha_phi    2.93533e+00   1.35221e+01   7.08386e-02  -9.06446e-04
  24  beta_phi    -6.75326e+00   3.01918e+01  -1.45050e-01  -2.46173e-03
 EXTERNAL ERROR MATRIX.    NDIM=  25    NPAR= 11    ERR DEF=1
  2.885e+06 
 -1.588e-01  6.673e-07 
  4.431e-01  1.752e-07  5.855e-06 
 -7.018e-02 -1.288e-07 -4.008e-07  7.188e-07 
 -7.787e-02 -5.408e-08 -5.161e-08  2.766e-08  6.667e-07 
  1.812e-02  2.193e-08 -1.829e-08  8.723e-09  5.017e-08  6.500e-07 
 -4.172e+03 -5.412e-03  9.791e-03 -5.540e-04 -8.922e-03  8.861e-03  6.865e+02 
 -4.444e+03 -5.083e-03  9.913e-03 -4.861e-04 -9.052e-03  8.572e-03  6.816e+02  6.813e+02 
 -1.002e+04 -1.066e-02  2.090e-02 -1.121e-03 -1.919e-02  1.834e-02  1.429e+03  1.429e+03  3.005e+03 
  2.222e+03  2.681e-03 -5.156e-03  2.434e-04  4.703e-03 -4.471e-03 -3.525e+02 -3.527e+02 -7.407e+02  1.828e+02 
 -4.601e+03 -5.852e-03  1.164e-02 -5.898e-04 -1.036e-02  9.754e-03  7.878e+02  7.873e+02  1.648e+03 -4.073e+02  9.115e+02 
ERR MATRIX APPROXIMATE
 PARAMETER  CORRELATION COEFFICIENTS  
       NO.  GLOBAL      1      3      4      6     10     13     20     21     22     23     24
        1  0.48458   1.000 -0.114  0.108 -0.049 -0.056  0.013 -0.094 -0.100 -0.108  0.097 -0.090
        3  0.57209  -0.114  1.000  0.089 -0.186 -0.081  0.033 -0.253 -0.238 -0.238  0.243 -0.237
        4  0.35817   0.108  0.089  1.000 -0.195 -0.026 -0.009  0.154  0.157  0.158 -0.158  0.159
        6  0.30941  -0.049 -0.186 -0.195  1.000  0.040  0.013 -0.025 -0.022 -0.024  0.021 -0.023
       10  0.62530  -0.056 -0.081 -0.026  0.040  1.000  0.076 -0.417 -0.425 -0.429  0.426 -0.420
       13  0.63685   0.013  0.033 -0.009  0.013  0.076  1.000  0.419  0.407  0.415 -0.410  0.401
       20  0.99732  -0.094 -0.253  0.154 -0.025 -0.417  0.419  1.000  0.997  0.995 -0.995  0.996
       21  0.99992  -0.100 -0.238  0.157 -0.022 -0.425  0.407  0.997  1.000  0.999 -0.999  0.999
       22  0.99980  -0.108 -0.238  0.158 -0.024 -0.429  0.415  0.995  0.999  1.000 -0.999  0.996
       23  0.99973   0.097  0.243 -0.158  0.021  0.426 -0.410 -0.995 -0.999 -0.999  1.000 -0.998
       24  0.99978  -0.090 -0.237  0.159 -0.023 -0.420  0.401  0.996  0.999  0.996 -0.998  1.000
 ERR MATRIX APPROXIMATE
MINUIT - FIT ONLY 2-CBO
 **********
 **   25 **RES 
 **********
                   PARAMETER   16  beta_vw RESTORED TO VARIABLE.
                   PARAMETER   14  alpha_vw RESTORED TO VARIABLE.
                   PARAMETER   11  alpha_y RESTORED TO VARIABLE.
                   PARAMETER    9  alpha_2CBO RESTORED TO VARIABLE.
                   PARAMETER    8  beta_CBO RESTORED TO VARIABLE.
 **********
 **   26 **FIX            0
 **********
 PARAMETER    0  IS UNDEFINED. IGNORED.
 **********
 **   27 **FIX            1
 **********
 **********
 **   28 **FIX            2
 **********
 PARAMETER    2  IS CONSTANT.   IGNORED.
 **********
 **   29 **FIX            3
 **********
 **********
 **   30 **FIX            4
 **********
 **********
 **   31 **FIX            5
 **********
 PARAMETER    5  IS CONSTANT.   IGNORED.
 **********
 **   32 **FIX            6
 **********
 **********
 **   33 **FIX            7
 **********
 PARAMETER    7  IS CONSTANT.   IGNORED.
 **********
 **   34 **FIX           10
 **********
 **********
 **   35 **FIX           11
 **********
 **********
 **   36 **FIX           12
 **********
 PARAMETER   12  IS CONSTANT.   IGNORED.
 **********
 **   37 **FIX           13
 **********
 **********
 **   38 **FIX           14
 **********
 **********
 **   39 **FIX           15
 **********
 PARAMETER   15  IS CONSTANT.   IGNORED.
 **********
 **   40 **FIX           16
 **********
 **********
 **   41 **MIGRAD
 **********
 START MIGRAD MINIMIZATION.  STRATEGY  1.  CONVERGENCE WHEN EDM .LT. 1.00e-04
 FCN=61.9336 FROM MIGRAD    STATUS=INITIATE       18 CALLS        3253 TOTAL
                     EDM= unknown      STRATEGY= 1      NO ERROR MATRIX       
  EXT PARAMETER               CURRENT GUESS       STEP         FIRST   
  NO.   NAME      VALUE            ERROR          SIZE      DERIVATIVE 
   1  N0           2.79710e+06     fixed    
   2  tau          6.44140e+01   constant   
   3  A0           3.57761e-01     fixed    
   4  phi          4.11324e+00     fixed    
   5  R           -6.26390e+01   constant   
   6  alpha_CBO   -1.73729e-03     fixed    
   7  w_CBO        2.32500e+00   constant   
   8  beta_CBO     0.00000e+00   1.00000e-03   1.00000e-03   4.32488e+03
   9  alpha_2CBO   0.00000e+00   1.00000e-03   1.00000e-03  -8.62243e+02
  10  beta_2CBO   -9.54177e-04     fixed    
  11  alpha_y      0.00000e+00     fixed    
  12  w_y          1.38860e+01   constant   
  13  beta_y       3.66295e-04     fixed    
  14  alpha_vw     0.00000e+00     fixed    
  15  w_vw         1.43404e+01   constant   
  16  beta_vw      0.00000e+00     fixed    
  17  LM           3.79801e-04   constant   
  18  zeta_y       0.00000e+00   constant   
  19  zeta_vw      0.00000e+00   constant   
  20  T_CBO        4.50777e+01   2.61323e+01  -5.16241e-04   3.76072e-01
  21  alpha_A0    -6.06520e+00   2.61009e+01  -1.29868e-01  -1.09020e-03
  22  beta_A0     -1.26710e+01   5.48158e+01  -2.89116e-01   1.10900e-03
  23  alpha_phi    2.93533e+00   1.35221e+01   7.08386e-02  -9.06446e-04
  24  beta_phi    -6.75326e+00   3.01918e+01  -1.45050e-01  -2.46173e-03
 MIGRAD MINIMIZATION HAS CONVERGED.
 MIGRAD WILL VERIFY CONVERGENCE AND ERROR MATRIX.
 FCN=58.3661 FROM HESSE     STATUS=NOT POSDEF     50 CALLS        3366 TOTAL
                     EDM=0.00107918    STRATEGY= 1      ERR MATRIX NOT POS-DEF
  EXT PARAMETER                APPROXIMATE        STEP         FIRST   
  NO.   NAME      VALUE            ERROR          SIZE      DERIVATIVE 
   1  N0           2.79710e+06     fixed    
   2  tau          6.44140e+01   constant   
   3  A0           3.57761e-01     fixed    
   4  phi          4.11324e+00     fixed    
   5  R           -6.26390e+01   constant   
   6  alpha_CBO   -1.73729e-03     fixed    
   7  w_CBO        2.32500e+00   constant   
   8  beta_CBO    -1.56723e-03   8.44444e-04   3.16104e-06  -2.86007e+00
   9  alpha_2CBO   4.17141e-04   8.51907e-04   3.11620e-06  -2.21085e+00
  10  beta_2CBO   -9.54177e-04     fixed    
  11  alpha_y      0.00000e+00     fixed    
  12  w_y          1.38860e+01   constant   
  13  beta_y       3.66295e-04     fixed    
  14  alpha_vw     0.00000e+00     fixed    
  15  w_vw         1.43404e+01   constant   
  16  beta_vw      0.00000e+00     fixed    
  17  LM           3.79801e-04   constant   
  18  zeta_y       0.00000e+00   constant   
  19  zeta_vw      0.00000e+00   constant   
  20  T_CBO        4.50725e+01   3.64986e+01   4.22811e-05  -3.29308e-02
  21  alpha_A0    -6.34949e+00   3.91611e+01   2.16592e-02  -4.05535e-04
  22  beta_A0     -1.28378e+01   7.83786e+01   2.37656e-02  -5.33257e-04
  23  alpha_phi    2.79840e+00   1.81813e+01   2.18531e-02   8.52445e-05
  24  beta_phi    -6.23028e+00   3.85048e+01   2.12653e-02  -2.32986e-05
 CALL LIMIT EXCEEDED IN MIGRAD.
 MIGRAD TERMINATED WITHOUT CONVERGENCE.
 FCN=58.337 FROM MIGRAD    STATUS=CALL LIMIT   1157 CALLS        4392 TOTAL
                     EDM=0.00118526    STRATEGY= 1      ERR MATRIX NOT POS-DEF
  EXT PARAMETER                APPROXIMATE        STEP         FIRST   
  NO.   NAME      VALUE            ERROR          SIZE      DERIVATIVE 
   1  N0           2.79710e+06     fixed    
   2  tau          6.44140e+01   constant   
   3  A0           3.57761e-01     fixed    
   4  phi          4.11324e+00     fixed    
   5  R           -6.26390e+01   constant   
   6  alpha_CBO   -1.73729e-03     fixed    
   7  w_CBO        2.32500e+00   constant   
   8  beta_CBO    -1.57526e-03   8.67676e-04   1.82559e-06   3.66224e+00
   9  alpha_2CBO   4.14904e-04   8.38877e-04  -2.26640e-06  -4.39131e+00
  10  beta_2CBO   -9.54177e-04     fixed    
  11  alpha_y      0.00000e+00     fixed    
  12  w_y          1.38860e+01   constant   
  13  beta_y       3.66295e-04     fixed    
  14  alpha_vw     0.00000e+00     fixed    
  15  w_vw         1.43404e+01   constant   
  16  beta_vw      0.00000e+00     fixed    
  17  LM           3.79801e-04   constant   
  18  zeta_y       0.00000e+00   constant   
  19  zeta_vw      0.00000e+00   constant   
  20  T_CBO        7.38175e+01   6.78559e+01   2.42301e-03  -9.04452e-01
  21  alpha_A0    -3.35690e-01   1.65464e+00   1.39368e-02   7.29778e-02
  22  beta_A0     -6.96007e-01   3.13976e+00   2.24126e-02  -1.69083e-02
  23  alpha_phi    1.48638e-01   8.33525e-01  -5.89134e-03  -6.23028e-02
  24  beta_phi    -3.27051e-01   1.65041e+00   1.56362e-02   7.36994e-02
 EXTERNAL ERROR MATRIX.    NDIM=  25    NPAR=  7    ERR DEF=1
  7.529e-07 -7.189e-08  1.493e-03  3.835e-05  7.862e-05 -7.249e-06 -2.062e-06 
 -7.189e-08  7.037e-07 -5.676e-03 -1.651e-04 -2.251e-04 -1.490e-05 -1.229e-04 
  1.493e-03 -5.676e-03  4.712e+03  1.105e+02  2.138e+02 -5.044e+01  1.114e+02 
  3.835e-05 -1.651e-04  1.105e+02  2.738e+00  5.024e+00 -1.099e+00  2.562e+00 
  7.862e-05 -2.251e-04  2.138e+02  5.024e+00  9.858e+00 -2.287e+00  5.083e+00 
 -7.249e-06 -1.490e-05 -5.044e+01 -1.099e+00 -2.287e+00  6.948e-01 -1.181e+00 
 -2.062e-06 -1.229e-04  1.114e+02  2.562e+00  5.083e+00 -1.181e+00  2.724e+00 
ERR MATRIX NOT POS-DEF
 PARAMETER  CORRELATION COEFFICIENTS  
       NO.  GLOBAL      8      9     20     21     22     23     24
        8  0.23921   1.000 -0.099  0.025  0.027  0.029 -0.010 -0.001
        9  0.29497  -0.099  1.000 -0.099 -0.119 -0.085 -0.021 -0.089
       20  0.99780   0.025 -0.099  1.000  0.973  0.992 -0.882  0.984
       21  0.99033   0.027 -0.119  0.973  1.000  0.967 -0.797  0.938
       22  0.99309   0.029 -0.085  0.992  0.967  1.000 -0.874  0.981
       23  0.94755  -0.010 -0.021 -0.882 -0.797 -0.874  1.000 -0.859
       24  0.99204  -0.001 -0.089  0.984  0.938  0.981 -0.859  1.000
 ERR MATRIX NOT POS-DEF
MINUIT - FIT wiggle + 1-CBO + 2-CBO
 **********
 **   42 **RES 
 **********
                   PARAMETER   16  beta_vw RESTORED TO VARIABLE.
                   PARAMETER   14  alpha_vw RESTORED TO VARIABLE.
                   PARAMETER   13  beta_y RESTORED TO VARIABLE.
                   PARAMETER   11  alpha_y RESTORED TO VARIABLE.
                   PARAMETER   10  beta_2CBO RESTORED TO VARIABLE.
                   PARAMETER    6  alpha_CBO RESTORED TO VARIABLE.
                   PARAMETER    4  phi RESTORED TO VARIABLE.
                   PARAMETER    3  A0 RESTORED TO VARIABLE.
                   PARAMETER    1  N0 RESTORED TO VARIABLE.
 **********
 **   43 **FIX           10
 **********
 **********
 **   44 **FIX           11
 **********
 **********
 **   45 **FIX           12
 **********
 PARAMETER   12  IS CONSTANT.   IGNORED.
 **********
 **   46 **FIX           13
 **********
 **********
 **   47 **FIX           14
 **********
 **********
 **   48 **FIX           15
 **********
 PARAMETER   15  IS CONSTANT.   IGNORED.
 **********
 **   49 **FIX           16
 **********
 **********
 **   50 **MIGRAD
 **********
 START MIGRAD MINIMIZATION.  STRATEGY  1.  CONVERGENCE WHEN EDM .LT. 1.00e-04
 FCN=58.337 FROM MIGRAD    STATUS=INITIATE       22 CALLS        4414 TOTAL
                     EDM= unknown      STRATEGY= 1      NO ERROR MATRIX       
  EXT PARAMETER               CURRENT GUESS       STEP         FIRST   
  NO.   NAME      VALUE            ERROR          SIZE      DERIVATIVE 
   1  N0           2.79710e+06   1.69846e+03   1.69846e+03   2.01128e-04
   2  tau          6.44140e+01   constant   
   3  A0           3.57761e-01   8.16874e-04   8.16874e-04   5.88491e+02
   4  phi          4.11324e+00   2.41975e-03   2.41975e-03  -2.88765e+02
   5  R           -6.26390e+01   constant   
   6  alpha_CBO   -1.73729e-03   8.47824e-04   8.47824e-04  -1.17684e+02
   7  w_CBO        2.32500e+00   constant   
   8  beta_CBO    -1.57526e-03   8.67676e-04   1.82559e-06   3.66224e+00
   9  alpha_2CBO   4.14904e-04   8.38877e-04  -2.26640e-06  -4.39131e+00
  10  beta_2CBO   -9.54177e-04     fixed    
  11  alpha_y      0.00000e+00     fixed    
  12  w_y          1.38860e+01   constant   
  13  beta_y       3.66295e-04     fixed    
  14  alpha_vw     0.00000e+00     fixed    
  15  w_vw         1.43404e+01   constant   
  16  beta_vw      0.00000e+00     fixed    
  17  LM           3.79801e-04   constant   
  18  zeta_y       0.00000e+00   constant   
  19  zeta_vw      0.00000e+00   constant   
  20  T_CBO        7.38175e+01   6.78559e+01   2.42301e-03  -9.04449e-01
  21  alpha_A0    -3.35690e-01   1.65464e+00   1.39368e-02   7.29778e-02
  22  beta_A0     -6.96007e-01   3.13976e+00   2.24126e-02  -1.69083e-02
  23  alpha_phi    1.48638e-01   8.33525e-01  -5.89134e-03  -6.23028e-02
  24  beta_phi    -3.27051e-01   1.65041e+00   1.56362e-02   7.36994e-02
 MIGRAD MINIMIZATION HAS CONVERGED.
 MIGRAD WILL VERIFY CONVERGENCE AND ERROR MATRIX.
 COVARIANCE MATRIX CALCULATED SUCCESSFULLY
 FCN=58.1481 FROM HESSE     STATUS=OK            100 CALLS        4634 TOTAL
                     EDM=0.0150829    STRATEGY= 1      ERROR MATRIX ACCURATE 
  EXT PARAMETER                                   STEP         FIRST   
  NO.   NAME      VALUE            ERROR          SIZE      DERIVATIVE 
   1  N0           2.79689e+06   1.75753e+03   5.90038e+00   4.12152e-07
   2  tau          6.44140e+01   constant   
   3  A0           3.57580e-01   8.37405e-04   2.97168e-06   3.62519e-01
   4  phi          4.11403e+00   2.47163e-03   8.80051e-06   2.26462e-01
   5  R           -6.26390e+01   constant   
   6  alpha_CBO   -1.70947e-03   8.49078e-04   3.04690e-06  -1.31398e-01
   7  w_CBO        2.32500e+00   constant   
   8  beta_CBO    -1.65792e-03   8.70591e-04   3.15553e-06   1.08170e-01
   9  alpha_2CBO   4.44280e-04   8.55408e-04   3.11079e-06  -1.05363e-01
  10  beta_2CBO   -9.54177e-04     fixed    
  11  alpha_y      0.00000e+00     fixed    
  12  w_y          1.38860e+01   constant   
  13  beta_y       3.66295e-04     fixed    
  14  alpha_vw     0.00000e+00     fixed    
  15  w_vw         1.43404e+01   constant   
  16  beta_vw      0.00000e+00     fixed    
  17  LM           3.79801e-04   constant   
  18  zeta_y       0.00000e+00   constant   
  19  zeta_vw      0.00000e+00   constant   
  20  T_CBO        7.37914e+01   6.46007e+02   9.02598e-05  -6.27133e-02
  21  alpha_A0    -3.37159e-01   1.01366e+01   1.16803e-03  -2.97621e-03
  22  beta_A0     -6.94009e-01   2.08196e+01   1.27722e-03  -3.05876e-03
  23  alpha_phi    1.43609e-01   4.34252e+00   1.17319e-03  -6.70502e-04
  24  beta_phi    -3.22054e-01   9.71415e+00   1.14142e-03  -3.97836e-03
 CALL LIMIT EXCEEDED IN MIGRAD.
 MIGRAD TERMINATED WITHOUT CONVERGENCE.
 FCN=58.1282 FROM MIGRAD    STATUS=CALL LIMIT   1921 CALLS        6313 TOTAL
                     EDM=0.000168079    STRATEGY= 1  ERROR MATRIX UNCERTAINTY   1.0 per cent
  EXT PARAMETER                APPROXIMATE        STEP         FIRST   
  NO.   NAME      VALUE            ERROR          SIZE      DERIVATIVE 
   1  N0           2.79688e+06   1.65816e+03  -1.52654e+00   1.12165e-06
   2  tau          6.44140e+01   constant   
   3  A0           3.57581e-01   8.05443e-04   5.90241e-07  -1.00048e+01
   4  phi          4.11400e+00   2.43349e-03  -1.54510e-06  -2.43329e+00
   5  R           -6.26390e+01   constant   
   6  alpha_CBO   -1.70563e-03   8.40146e-04   1.10801e-06   6.07562e-01
   7  w_CBO        2.32500e+00   constant   
   8  beta_CBO    -1.66684e-03   8.62841e-04   8.17018e-07  -2.72497e+00
   9  alpha_2CBO   4.44514e-04   8.30527e-04  -8.01265e-07   1.16794e+00
  10  beta_2CBO   -9.54177e-04     fixed    
  11  alpha_y      0.00000e+00     fixed    
  12  w_y          1.38860e+01   constant   
  13  beta_y       3.66295e-04     fixed    
  14  alpha_vw     0.00000e+00     fixed    
  15  w_vw         1.43404e+01   constant   
  16  beta_vw      0.00000e+00     fixed    
  17  LM           3.79801e-04   constant   
  18  zeta_y       0.00000e+00   constant   
  19  zeta_vw      0.00000e+00   constant   
  20  T_CBO        1.74205e+02   3.00850e+02   8.59663e-03  -1.80879e-01
  21  alpha_A0    -2.37086e-02   1.02579e-01   1.09214e-03   3.15355e-01
  22  beta_A0     -4.93740e-02   2.11296e-01   1.97245e-03   6.05887e-01
  23  alpha_phi    1.05593e-02   4.22412e-02  -1.93739e-04   4.72033e-01
  24  beta_phi    -2.26051e-02   1.01247e-01   7.81508e-04   1.47445e-01
 EXTERNAL ERROR MATRIX.    NDIM=  25    NPAR= 11    ERR DEF=1
  2.749e+06 
 -8.111e-02  6.487e-07 
  2.442e-01  8.977e-08  5.922e-06 
 -7.728e-02 -1.076e-07 -3.736e-07  7.058e-07 
  1.019e-01  7.049e-08 -3.371e-07 -9.579e-09  7.445e-07 
 -7.599e-02 -1.208e-08  1.133e-07 -4.058e-09 -6.826e-08  6.898e-07 
 -4.271e+04 -1.697e-02 -8.530e-02  1.743e-02 -7.312e-03 -1.762e-03  1.207e+05 
 -1.874e+01 -4.679e-06 -2.787e-05  6.972e-06 -2.316e-06 -3.105e-06  3.472e+01  1.052e-02 
 -3.132e+01 -5.696e-06 -4.328e-05  8.753e-06 -3.295e-06  1.911e-06  7.297e+01  2.088e-02  4.465e-02 
 -1.021e+00  6.280e-06  1.298e-05 -4.857e-06  5.675e-07 -2.216e-06 -1.193e+01 -3.418e-03 -7.366e-03  1.784e-03 
 -3.710e+00 -3.609e-06 -8.506e-06  2.110e-06 -4.212e-06 -3.144e-06  3.284e+01  9.422e-03  1.974e-02 -3.016e-03  1.025e-02 
ERR MATRIX APPROXIMATE
 PARAMETER  CORRELATION COEFFICIENTS  
       NO.  GLOBAL      1      3      4      6      8      9     20     21     22     23     24
        1  0.38082   1.000 -0.061  0.061 -0.055  0.071 -0.055 -0.074 -0.110 -0.089 -0.015 -0.022
        3  0.42765  -0.061  1.000  0.046 -0.159  0.101 -0.018 -0.061 -0.057 -0.033  0.185 -0.044
        4  0.35630   0.061  0.046  1.000 -0.183 -0.161  0.056 -0.101 -0.112 -0.084  0.126 -0.035
        6  0.29358  -0.055 -0.159 -0.183  1.000 -0.013 -0.006  0.060  0.081  0.049 -0.137  0.025
        8  0.25171   0.071  0.101 -0.161 -0.013  1.000 -0.095 -0.024 -0.026 -0.018  0.016 -0.048
        9  0.24786  -0.055 -0.018  0.056 -0.006 -0.095  1.000 -0.006 -0.036  0.011 -0.063 -0.037
       20  0.99700  -0.074 -0.061 -0.101  0.060 -0.024 -0.006  1.000  0.974  0.994 -0.813  0.933
       21  0.97713  -0.110 -0.057 -0.112  0.081 -0.026 -0.036  0.974  1.000  0.963 -0.789  0.907
       22  0.99584  -0.089 -0.033 -0.084  0.049 -0.018  0.011  0.994  0.963  1.000 -0.825  0.923
       23  0.86873  -0.015  0.185  0.126 -0.137  0.016 -0.063 -0.813 -0.789 -0.825  1.000 -0.705
       24  0.94182  -0.022 -0.044 -0.035  0.025 -0.048 -0.037  0.933  0.907  0.923 -0.705  1.000
 ERR MATRIX APPROXIMATE
MINUIT - FIT ONLY 1-y
 **********
 **   51 **RES 
 **********
                   PARAMETER   16  beta_vw RESTORED TO VARIABLE.
                   PARAMETER   14  alpha_vw RESTORED TO VARIABLE.
                   PARAMETER   13  beta_y RESTORED TO VARIABLE.
                   PARAMETER   11  alpha_y RESTORED TO VARIABLE.
                   PARAMETER   10  beta_2CBO RESTORED TO VARIABLE.
 **********
 **   52 **FIX            0
 **********
 PARAMETER    0  IS UNDEFINED. IGNORED.
 **********
 **   53 **FIX            1
 **********
 **********
 **   54 **FIX            2
 **********
 PARAMETER    2  IS CONSTANT.   IGNORED.
 **********
 **   55 **FIX            3
 **********
 **********
 **   56 **FIX            4
 **********
 **********
 **   57 **FIX            5
 **********
 PARAMETER    5  IS CONSTANT.   IGNORED.
 **********
 **   58 **FIX            6
 **********
 **********
 **   59 **FIX            7
 **********
 PARAMETER    7  IS CONSTANT.   IGNORED.
 **********
 **   60 **FIX            8
 **********
 **********
 **   61 **FIX            9
 **********
 **********
 **   62 **FIX           13
 **********
 **********
 **   63 **FIX           14
 **********
 **********
 **   64 **FIX           15
 **********
 PARAMETER   15  IS CONSTANT.   IGNORED.
 **********
 **   65 **FIX           16
 **********
 **********
 **   66 **MIGRAD
 **********
 START MIGRAD MINIMIZATION.  STRATEGY  1.  CONVERGENCE WHEN EDM .LT. 1.00e-04
 FCN=58.1282 FROM MIGRAD    STATUS=INITIATE       16 CALLS        6329 TOTAL
                     EDM= unknown      STRATEGY= 1      NO ERROR MATRIX       
  EXT PARAMETER               CURRENT GUESS       STEP         FIRST   
  NO.   NAME      VALUE            ERROR          SIZE      DERIVATIVE 
   1  N0           2.79688e+06     fixed    
   2  tau          6.44140e+01   constant   
   3  A0           3.57581e-01     fixed    
   4  phi          4.11400e+00     fixed    
   5  R           -6.26390e+01   constant   
   6  alpha_CBO   -1.70563e-03     fixed    
   7  w_CBO        2.32500e+00   constant   
   8  beta_CBO    -1.66684e-03     fixed    
   9  alpha_2CBO   4.44514e-04     fixed    
  10  beta_2CBO   -9.54177e-04   8.16525e-04   8.16525e-04  -2.53224e+02
  11  alpha_y      0.00000e+00   1.00000e-03   1.00000e-03   1.08066e+03
  12  w_y          1.38860e+01   constant   
  13  beta_y       3.66295e-04     fixed    
  14  alpha_vw     0.00000e+00     fixed    
  15  w_vw         1.43404e+01   constant   
  16  beta_vw      0.00000e+00     fixed    
  17  LM           3.79801e-04   constant   
  18  zeta_y       0.00000e+00   constant   
  19  zeta_vw      0.00000e+00   constant   
  20  T_CBO        1.74205e+02   3.00850e+02   8.59663e-03  -1.80878e-01
  21  alpha_A0    -2.37086e-02   1.02579e-01   1.09214e-03   3.15355e-01
  22  beta_A0     -4.93740e-02   2.11296e-01   1.97245e-03   6.05886e-01
  23  alpha_phi    1.05593e-02   4.22412e-02  -1.93739e-04   4.72033e-01
  24  beta_phi    -2.26051e-02   1.01247e-01   7.81508e-04   1.47445e-01
 MIGRAD MINIMIZATION HAS CONVERGED.
 MIGRAD WILL VERIFY CONVERGENCE AND ERROR MATRIX.
 COVARIANCE MATRIX CALCULATED SUCCESSFULLY
 FCN=57.9201 FROM HESSE     STATUS=OK             50 CALLS        6426 TOTAL
                     EDM=0.00194097    STRATEGY= 1      ERROR MATRIX ACCURATE 
  EXT PARAMETER                                   STEP         FIRST   
  NO.   NAME      VALUE            ERROR          SIZE      DERIVATIVE 
   1  N0           2.79688e+06     fixed    
   2  tau          6.44140e+01   constant   
   3  A0           3.57581e-01     fixed    
   4  phi          4.11400e+00     fixed    
   5  R           -6.26390e+01   constant   
   6  alpha_CBO   -1.70563e-03     fixed    
   7  w_CBO        2.32500e+00   constant   
   8  beta_CBO    -1.66684e-03     fixed    
   9  alpha_2CBO   4.44514e-04     fixed    
  10  beta_2CBO   -8.68034e-04   8.41823e-04   3.08296e-06  -6.58477e-01
  11  alpha_y     -3.64243e-04   8.22016e-04   3.07965e-06   2.44089e-03
  12  w_y          1.38860e+01   constant   
  13  beta_y       3.66295e-04     fixed    
  14  alpha_vw     0.00000e+00     fixed    
  15  w_vw         1.43404e+01   constant   
  16  beta_vw      0.00000e+00     fixed    
  17  LM           3.79801e-04   constant   
  18  zeta_y       0.00000e+00   constant   
  19  zeta_vw      0.00000e+00   constant   
  20  T_CBO        1.74960e+02   7.56662e+02   3.43586e-04  -1.63179e-02
  21  alpha_A0    -2.39080e-02   2.83970e-01   8.24434e-05  -1.54050e-02
  22  beta_A0     -4.96572e-02   5.87605e-01   8.98822e-05  -4.21027e-02
  23  alpha_phi    1.04662e-02   1.26360e-01   8.24436e-05  -2.46240e-02
  24  beta_phi    -2.28954e-02   2.73027e-01   8.02062e-05  -5.89990e-02
 CALL LIMIT EXCEEDED IN MIGRAD.
 MIGRAD TERMINATED WITHOUT CONVERGENCE.
 FCN=57.9091 FROM MIGRAD    STATUS=CALL LIMIT   1157 CALLS        7470 TOTAL
                     EDM=6.10317e-05    STRATEGY= 1  ERROR MATRIX UNCERTAINTY  13.2 per cent
  EXT PARAMETER                APPROXIMATE        STEP         FIRST   
  NO.   NAME      VALUE            ERROR          SIZE      DERIVATIVE 
