 + ++++++++++++++++++++++++++++++++++++++++++++++++++++++++++++++++++++ +
 +                                                                      +
 +           You have chose to blind your fitting according to          +
 +                omega_ref * (1 + (R +/- deltaR) *10^{-6})             +
 +                                                                      +
 + ++++++++++++++++++++++++++++++++++++++++++++++++++++++++++++++++++++ +
In main()...
reading format from /gm2data/zkhechad/run45/envelope/formats/formatB_sBin_constraintOn.txt
pBinTau 	= 0  
pBinPhi 	= 0  
constraintau 	= 1 
includeMopTerm 	= 0    
constrainMop    = 0   
Parameters after format file: pBinTau 0 pBinPhi 0 constraintau 1 includeMopTerm 0 constrainMop 0 c_e_scale 0.000000 
Opening file /gm2data/tbarrett/gm2fr/studies/run23_bunch_corrections/CorrectedFourier_Run3b.root.
reading full fit data from /gm2data/zkhechad/cboTemplates/Run4CBOTemplates/fullFits/noRF/sBin_constraintOn_cE0.0_seed0_noRF_calo13.root
windowBins = 34
fitting sliding window 105 from bin 241 at 35.808000 to bin 275 at 41.030000 (34 bins)

Reading data from /gm2data/cornell/histograms/aMethod/histogram_a_noRF.root
 **********
 **    1 **SET PRINTOUT            1
 **********
 **********
 **    2 **SET NOWARNINGS 
 **********
 PARAMETER DEFINITIONS:
    NO.   NAME         VALUE      STEP SIZE      LIMITS
     1 N0           3.45227e+06  1.00000e+02     no limits
     2 tau          6.44025e+01  constant
     3 A0           3.52708e-01  1.00000e-04     no limits
     4 phi          4.13064e+00  1.00000e-02     no limits
     5 R           -6.08848e+01  constant
     6 alpha_CBO    0.00000e+00  1.00000e-03     no limits
     7 w_CBO        2.32500e+00  constant
     8 beta_CBO     0.00000e+00  1.00000e-03     no limits
     9 alpha_2CBO   0.00000e+00  1.00000e-03     no limits
    10 beta_2CBO    0.00000e+00  1.00000e-03     no limits
    11 alpha_y      0.00000e+00  1.00000e-03     no limits
    12 w_y          1.38860e+01  constant
    13 beta_y       0.00000e+00  1.00000e-03     no limits
    14 alpha_vw     0.00000e+00  1.00000e-03     no limits
    15 w_vw         1.43404e+01  constant
    16 beta_vw      0.00000e+00  1.00000e-03     no limits
    17 LM          -3.36503e-05  constant
    18 zeta_y       0.00000e+00  constant
    19 zeta_vw      0.00000e+00  constant
    20 T_CBO        1.00000e+02  1.00000e+00    0.00000e+00  1.00000e+03
    21 alpha_A0     0.00000e+00  1.00000e-04   -1.00000e-02  1.00000e-02
    22 beta_A0      0.00000e+00  1.00000e-04   -1.00000e-02  1.00000e-02
    23 alpha_phi    0.00000e+00  1.00000e-04   -1.00000e-02  1.00000e-02
    24 beta_phi     0.00000e+00  1.00000e-04   -1.00000e-02  1.00000e-02
MINUIT - FIT ONLY WIGGLE
 **********
 **    3 **FIX            5
 **********
 PARAMETER    5  IS CONSTANT.   IGNORED.
 **********
 **    4 **FIX            6
 **********
 **********
 **    5 **FIX            7
 **********
 PARAMETER    7  IS CONSTANT.   IGNORED.
 **********
 **    6 **FIX            8
 **********
 **********
 **    7 **FIX            9
 **********
 **********
 **    8 **FIX           10
 **********
 **********
 **    9 **FIX           11
 **********
 **********
 **   10 **FIX           12
 **********
 PARAMETER   12  IS CONSTANT.   IGNORED.
 **********
 **   11 **FIX           13
 **********
 **********
 **   12 **FIX           14
 **********
 **********
 **   13 **FIX           15
 **********
 PARAMETER   15  IS CONSTANT.   IGNORED.
 **********
 **   14 **FIX           16
 **********
 **********
 **   15 **MIGRAD
 **********
 FIRST CALL TO USER FUNCTION AT NEW START POINT, WITH IFLAG=4.
 START MIGRAD MINIMIZATION.  STRATEGY  1.  CONVERGENCE WHEN EDM .LT. 1.00e-04
 FCN=10981.5 FROM MIGRAD    STATUS=INITIATE      435 CALLS         436 TOTAL
                     EDM= unknown      STRATEGY= 1      NO ERROR MATRIX       
  EXT PARAMETER               CURRENT GUESS       STEP         FIRST   
  NO.   NAME      VALUE            ERROR          SIZE      DERIVATIVE 
   1  N0           3.45227e+06   1.00000e+02   0.00000e+00  -5.40724e-02
   2  tau          6.44025e+01   constant   
   3  A0           3.52708e-01   1.00000e-04   0.00000e+00  -2.70888e+05
   4  phi          4.13064e+00   1.00000e-02   0.00000e+00   1.63328e+05
   5  R           -6.08848e+01   constant   
   6  alpha_CBO    0.00000e+00     fixed    
   7  w_CBO        2.32500e+00   constant   
   8  beta_CBO     0.00000e+00     fixed    
   9  alpha_2CBO   0.00000e+00     fixed    
  10  beta_2CBO    0.00000e+00     fixed    
  11  alpha_y      0.00000e+00     fixed    
  12  w_y          1.38860e+01   constant   
  13  beta_y       0.00000e+00     fixed    
  14  alpha_vw     0.00000e+00     fixed    
  15  w_vw         1.43404e+01   constant   
  16  beta_vw      0.00000e+00     fixed    
  17  LM          -3.36503e-05   constant   
  18  zeta_y       0.00000e+00   constant   
  19  zeta_vw      0.00000e+00   constant   
  20  T_CBO        1.00000e+02   1.00000e+00   0.00000e+00   0.00000e+00
  21  alpha_A0     0.00000e+00   1.00000e-04   0.00000e+00   4.56495e+02
  22  beta_A0      0.00000e+00   1.00000e-04   0.00000e+00  -3.26790e+02
  23  alpha_phi    0.00000e+00   1.00000e-04   0.00000e+00   4.64376e+02
  24  beta_phi     0.00000e+00   1.00000e-04   0.00000e+00  -8.41998e+02
 MIGRAD MINIMIZATION HAS CONVERGED.
 MIGRAD WILL VERIFY CONVERGENCE AND ERROR MATRIX.
 COVARIANCE MATRIX CALCULATED SUCCESSFULLY
 FCN=7208.19 FROM MIGRAD    STATUS=CONVERGED    1133 CALLS        1134 TOTAL
                     EDM=1.35611e-06    STRATEGY= 1      ERROR MATRIX ACCURATE 
  EXT PARAMETER                                   STEP         FIRST   
  NO.   NAME      VALUE            ERROR          SIZE      DERIVATIVE 
   1  N0           3.45607e+06   5.60032e+02   1.14279e+01  -3.25635e-06
   2  tau          6.44025e+01   constant   
   3  A0           3.57700e-01   2.11384e-04   4.25174e-06   7.99025e+00
   4  phi          4.11700e+00   3.82990e-04   1.22205e-05  -7.59798e-02
   5  R           -6.08848e+01   constant   
   6  alpha_CBO    0.00000e+00     fixed    
   7  w_CBO        2.32500e+00   constant   
   8  beta_CBO     0.00000e+00     fixed    
   9  alpha_2CBO   0.00000e+00     fixed    
  10  beta_2CBO    0.00000e+00     fixed    
  11  alpha_y      0.00000e+00     fixed    
  12  w_y          1.38860e+01   constant   
  13  beta_y       0.00000e+00     fixed    
  14  alpha_vw     0.00000e+00     fixed    
  15  w_vw         1.43404e+01   constant   
  16  beta_vw      0.00000e+00     fixed    
  17  LM          -3.36503e-05   constant   
  18  zeta_y       0.00000e+00   constant   
  19  zeta_vw      0.00000e+00   constant   
  20  T_CBO        1.00000e+03   1.40654e+01   9.85493e-03** at limit **
  21  alpha_A0    -1.00000e-02   2.10967e-05   2.69287e-03** at limit **
  22  beta_A0     -8.08546e-03   1.11720e-03   3.43782e-03  -8.75878e-05
  23  alpha_phi   -6.37813e-03   9.23949e-04   2.44210e-03  -5.56042e-03
  24  beta_phi     1.00000e-02   7.31158e-06   1.58527e-03** at limit **
 EXTERNAL ERROR MATRIX.    NDIM=  25    NPAR=  8    ERR DEF=1
  3.136e+05  9.315e-02  1.239e-01  6.353e-04  1.689e-08 -5.221e-01 -4.233e-01  1.680e-12 
  9.315e-02  4.468e-08  3.824e-08  5.313e-11  4.084e-15 -2.025e-07 -1.546e-07 -1.185e-18 
  1.239e-01  3.824e-08  1.467e-07  7.441e-10  1.504e-14 -2.451e-07 -2.153e-07  5.330e-18 
  6.353e-04  5.313e-11  7.441e-10  8.643e-06  3.808e-17 -1.377e-09 -1.588e-09  4.717e-20 
  1.689e-08  4.084e-15  1.504e-14  3.808e-17  4.857e-16 -3.003e-14 -3.037e-14  4.096e-25 
 -5.221e-01 -2.025e-07 -2.451e-07 -1.377e-09 -3.003e-14  1.263e-06  8.523e-07  1.128e-18 
 -4.233e-01 -1.546e-07 -2.153e-07 -1.588e-09 -3.037e-14  8.523e-07  8.578e-07 -4.023e-18 
  1.680e-12 -1.185e-18  5.330e-18  4.717e-20  4.096e-25  1.128e-18 -4.023e-18  1.811e-21 
 PARAMETER  CORRELATION COEFFICIENTS  
       NO.  GLOBAL      1      3      4     20     21     22     23     24
        1  0.87017   1.000  0.787  0.578  0.000  0.001 -0.829 -0.816  0.000
        3  0.87443   0.787  1.000  0.472  0.000  0.001 -0.852 -0.789 -0.000
        4  0.63848   0.578  0.472  1.000  0.001  0.002 -0.569 -0.607  0.000
       20  0.00096   0.000  0.000  0.001  1.000  0.000 -0.000 -0.001  0.000
       21  0.00193   0.001  0.001  0.002  0.000  1.000 -0.001 -0.001  0.000
       22  0.90109  -0.829 -0.852 -0.569 -0.000 -0.001  1.000  0.819  0.000
       23  0.87177  -0.816 -0.789 -0.607 -0.001 -0.001  0.819  1.000 -0.000
       24  0.00050   0.000 -0.000  0.000  0.000  0.000  0.000 -0.000  1.000
MINUIT - FIT ONLY 1-CBO + wiggle
 **********
 **   16 **RES 
 **********
                   PARAMETER   16  beta_vw RESTORED TO VARIABLE.
                   PARAMETER   14  alpha_vw RESTORED TO VARIABLE.
                   PARAMETER   13  beta_y RESTORED TO VARIABLE.
                   PARAMETER   11  alpha_y RESTORED TO VARIABLE.
                   PARAMETER   10  beta_2CBO RESTORED TO VARIABLE.
                   PARAMETER    9  alpha_2CBO RESTORED TO VARIABLE.
                   PARAMETER    8  beta_CBO RESTORED TO VARIABLE.
                   PARAMETER    6  alpha_CBO RESTORED TO VARIABLE.
 **********
 **   17 **FIX            8
 **********
 **********
 **   18 **FIX            9
 **********
 **********
 **   19 **FIX           11
 **********
 **********
 **   20 **FIX           12
 **********
 PARAMETER   12  IS CONSTANT.   IGNORED.
 **********
 **   21 **FIX           14
 **********
 **********
 **   22 **FIX           15
 **********
 PARAMETER   15  IS CONSTANT.   IGNORED.
 **********
 **   23 **FIX           16
 **********
 **********
 **   24 **MIGRAD
 **********
 START MIGRAD MINIMIZATION.  STRATEGY  1.  CONVERGENCE WHEN EDM .LT. 1.00e-04
 FCN=7208.19 FROM MIGRAD    STATUS=INITIATE       34 CALLS        1168 TOTAL
                     EDM= unknown      STRATEGY= 1      NO ERROR MATRIX       
  EXT PARAMETER               CURRENT GUESS       STEP         FIRST   
  NO.   NAME      VALUE            ERROR          SIZE      DERIVATIVE 
   1  N0           3.45607e+06   5.60032e+02   1.14279e+01  -3.33416e-06
   2  tau          6.44025e+01   constant   
   3  A0           3.57700e-01   2.11384e-04   4.25174e-06   8.52559e+00
   4  phi          4.11700e+00   3.82990e-04   1.22205e-05  -3.59699e-01
   5  R           -6.08848e+01   constant   
   6  alpha_CBO    0.00000e+00   1.00000e-03   1.00000e-03  -6.21849e+05
   7  w_CBO        2.32500e+00   constant   
   8  beta_CBO     0.00000e+00     fixed    
   9  alpha_2CBO   0.00000e+00     fixed    
  10  beta_2CBO    0.00000e+00   1.00000e-03   1.00000e-03   4.87309e+04
  11  alpha_y      0.00000e+00     fixed    
  12  w_y          1.38860e+01   constant   
  13  beta_y       0.00000e+00   1.00000e-03   1.00000e-03   4.31183e+05
  14  alpha_vw     0.00000e+00     fixed    
  15  w_vw         1.43404e+01   constant   
  16  beta_vw      0.00000e+00     fixed    
  17  LM          -3.36503e-05   constant   
  18  zeta_y       0.00000e+00   constant   
  19  zeta_vw      0.00000e+00   constant   
  20  T_CBO        9.99999e+02   1.40654e+01   9.85493e-03  -6.91035e-02
  21  alpha_A0    -9.99998e-03   2.10967e-05   2.69287e-03   9.25478e-01
  22  beta_A0     -8.08546e-03   1.11720e-03   3.43782e-03   1.98912e-04
  23  alpha_phi   -6.37813e-03   9.23949e-04   2.44210e-03  -4.67360e-03
  24  beta_phi     9.99998e-03   7.31158e-06   1.58527e-03  -2.67096e+00
 MIGRAD MINIMIZATION HAS CONVERGED.
 FCN=4347.44 FROM MIGRAD    STATUS=CONVERGED     437 CALLS        1571 TOTAL
                     EDM=2.99271e-06    STRATEGY= 1  ERROR MATRIX UNCERTAINTY   0.9 per cent
  EXT PARAMETER                                   STEP         FIRST   
  NO.   NAME      VALUE            ERROR          SIZE      DERIVATIVE 
   1  N0           3.44704e+06   2.81640e+02  -1.59056e-01   1.34407e-06
   2  tau          6.44025e+01   constant   
   3  A0           3.52681e-01   1.08909e-04   4.16534e-07   5.65033e+00
   4  phi          4.11548e+00   3.13002e-04  -1.26143e-06  -1.81088e+00
   5  R           -6.08848e+01   constant   
   6  alpha_CBO    6.09018e-03   1.16864e-04   7.52234e-08   6.38201e-01
   7  w_CBO        2.32500e+00   constant   
   8  beta_CBO     0.00000e+00     fixed    
   9  alpha_2CBO   0.00000e+00     fixed    
  10  beta_2CBO    3.65108e-04   1.13555e-04  -1.69370e-07  -7.72920e-01
  11  alpha_y      0.00000e+00     fixed    
  12  w_y          1.38860e+01   constant   
  13  beta_y      -2.66281e-03   1.09905e-04   1.30329e-07   1.86988e+00
  14  alpha_vw     0.00000e+00     fixed    
  15  w_vw         1.43404e+01   constant   
  16  beta_vw      0.00000e+00     fixed    
  17  LM          -3.36503e-05   constant   
  18  zeta_y       0.00000e+00   constant   
  19  zeta_vw      0.00000e+00   constant   
  20  T_CBO        1.00000e+03   1.90581e+00   2.06744e-05** at limit **
  21  alpha_A0    -1.00000e-02   2.85259e-06  -2.54317e-06** at limit **
  22  beta_A0      1.00000e-02   5.54182e-05  -3.96933e-04** at limit **
  23  alpha_phi    1.00000e-02   3.61441e-05   8.22165e-05** at limit **
  24  beta_phi     1.00000e-02   1.06501e-06   2.73263e-05** at limit **
 EXTERNAL ERROR MATRIX.    NDIM=  25    NPAR= 11    ERR DEF=1
  7.932e+04 
  4.439e-03  1.186e-08 
  1.226e-02 -5.697e-09  9.797e-08 
 -1.730e-03 -4.031e-09  6.361e-09  1.366e-08 
  1.487e-04 -2.072e-09  5.379e-10  9.470e-10  1.289e-08 
 -2.019e-04  3.276e-10  2.260e-10 -4.817e-11 -4.313e-10  1.208e-08 
 -1.173e-02  1.141e-08 -4.842e-08  2.372e-09 -4.517e-09  4.310e-09  6.401e-05 
  1.267e-07 -6.784e-14  3.294e-13 -5.302e-14  4.227e-14 -5.086e-14 -1.879e-13  2.163e-15 
 -6.178e-07 -3.376e-13  4.832e-13  1.513e-13 -2.234e-13  6.424e-14 -9.333e-12 -3.348e-17  3.550e-15 
  5.026e-09  3.290e-15 -2.313e-15 -2.388e-15  1.206e-15 -5.559e-16  6.909e-14  2.997e-18  1.706e-18  3.004e-18 
 -4.390e-07  5.799e-13 -2.253e-12  8.474e-14 -2.220e-13  1.912e-13  3.603e-12 -5.016e-18 -4.780e-16  5.738e-18  2.367e-15 
 PARAMETER  CORRELATION COEFFICIENTS  
       NO.  GLOBAL      1      3      4      6     10     13     20     21     22     23     24
        1  0.22867   1.000  0.145  0.139 -0.053  0.005 -0.007 -0.005  0.010 -0.037  0.010 -0.032
        3  0.40796   0.145  1.000 -0.167 -0.317 -0.168  0.027  0.013 -0.013 -0.052  0.017  0.109
        4  0.30002   0.139 -0.167  1.000  0.174  0.015  0.007 -0.019  0.023  0.026 -0.004 -0.148
        6  0.34880  -0.053 -0.317  0.174  1.000  0.071 -0.004  0.003 -0.010  0.022 -0.012  0.015
       10  0.18261   0.005 -0.168  0.015  0.071  1.000 -0.035 -0.005  0.008 -0.033  0.006 -0.040
       13  0.05862  -0.007  0.027  0.007 -0.004 -0.035  1.000  0.005 -0.010  0.010 -0.003  0.036
       20  0.03159  -0.005  0.013 -0.019  0.003 -0.005  0.005  1.000 -0.001 -0.020  0.005  0.009
       21  0.05162   0.010 -0.013  0.023 -0.010  0.008 -0.010 -0.001  1.000 -0.012  0.037 -0.002
       22  0.18324  -0.037 -0.052  0.026  0.022 -0.033  0.010 -0.020 -0.012  1.000  0.017 -0.165
       23  0.08631   0.010  0.017 -0.004 -0.012  0.006 -0.003  0.005  0.037  0.017  1.000  0.068
       24  0.25858  -0.032  0.109 -0.148  0.015 -0.040  0.036  0.009 -0.002 -0.165  0.068  1.000
MINUIT - FIT ONLY 2-CBO
 **********
 **   25 **RES 
 **********
                   PARAMETER   16  beta_vw RESTORED TO VARIABLE.
                   PARAMETER   14  alpha_vw RESTORED TO VARIABLE.
                   PARAMETER   11  alpha_y RESTORED TO VARIABLE.
                   PARAMETER    9  alpha_2CBO RESTORED TO VARIABLE.
                   PARAMETER    8  beta_CBO RESTORED TO VARIABLE.
 **********
 **   26 **FIX            0
 **********
 PARAMETER    0  IS UNDEFINED. IGNORED.
 **********
 **   27 **FIX            1
 **********
 **********
 **   28 **FIX            2
 **********
 PARAMETER    2  IS CONSTANT.   IGNORED.
 **********
 **   29 **FIX            3
 **********
 **********
 **   30 **FIX            4
 **********
 **********
 **   31 **FIX            5
 **********
 PARAMETER    5  IS CONSTANT.   IGNORED.
 **********
 **   32 **FIX            6
 **********
 **********
 **   33 **FIX            7
 **********
 PARAMETER    7  IS CONSTANT.   IGNORED.
 **********
 **   34 **FIX           10
 **********
 **********
 **   35 **FIX           11
 **********
 **********
 **   36 **FIX           12
 **********
 PARAMETER   12  IS CONSTANT.   IGNORED.
 **********
 **   37 **FIX           13
 **********
 **********
 **   38 **FIX           14
 **********
 **********
 **   39 **FIX           15
 **********
 PARAMETER   15  IS CONSTANT.   IGNORED.
 **********
 **   40 **FIX           16
 **********
 **********
 **   41 **MIGRAD
 **********
 START MIGRAD MINIMIZATION.  STRATEGY  1.  CONVERGENCE WHEN EDM .LT. 1.00e-04
 FCN=4347.44 FROM MIGRAD    STATUS=INITIATE       26 CALLS        1597 TOTAL
                     EDM= unknown      STRATEGY= 1      NO ERROR MATRIX       
  EXT PARAMETER               CURRENT GUESS       STEP         FIRST   
  NO.   NAME      VALUE            ERROR          SIZE      DERIVATIVE 
   1  N0           3.44704e+06     fixed    
   2  tau          6.44025e+01   constant   
   3  A0           3.52681e-01     fixed    
   4  phi          4.11548e+00     fixed    
   5  R           -6.08848e+01   constant   
   6  alpha_CBO    6.09018e-03     fixed    
   7  w_CBO        2.32500e+00   constant   
   8  beta_CBO     0.00000e+00   1.00000e-03   1.00000e-03   9.79391e+05
   9  alpha_2CBO   0.00000e+00   1.00000e-03   1.00000e-03   1.61562e+05
  10  beta_2CBO    3.65108e-04     fixed    
  11  alpha_y      0.00000e+00     fixed    
  12  w_y          1.38860e+01   constant   
  13  beta_y      -2.66281e-03     fixed    
  14  alpha_vw     0.00000e+00     fixed    
  15  w_vw         1.43404e+01   constant   
  16  beta_vw      0.00000e+00     fixed    
  17  LM          -3.36503e-05   constant   
  18  zeta_y       0.00000e+00   constant   
  19  zeta_vw      0.00000e+00   constant   
  20  T_CBO        9.99999e+02   1.90581e+00   2.06744e-05  -4.49858e-02
  21  alpha_A0    -9.99998e-03   2.85259e-06  -2.54317e-06   2.47454e-01
  22  beta_A0      9.99998e-03   5.54182e-05  -3.96933e-04  -3.36387e-01
  23  alpha_phi    9.99998e-03   3.61441e-05   8.22165e-05  -5.49813e-01
  24  beta_phi     1.00000e-02   1.06501e-06   2.73263e-05** at limit **
 MIGRAD MINIMIZATION HAS CONVERGED.
 MIGRAD WILL VERIFY CONVERGENCE AND ERROR MATRIX.
 COVARIANCE MATRIX CALCULATED SUCCESSFULLY
 FCN=1132.92 FROM HESSE     STATUS=OK             50 CALLS        1707 TOTAL
                     EDM=0.00155036    STRATEGY= 1      ERROR MATRIX ACCURATE 
  EXT PARAMETER                                   STEP         FIRST   
  NO.   NAME      VALUE            ERROR          SIZE      DERIVATIVE 
   1  N0           3.44704e+06     fixed    
   2  tau          6.44025e+01   constant   
   3  A0           3.52681e-01     fixed    
   4  phi          4.11548e+00     fixed    
   5  R           -6.08848e+01   constant   
   6  alpha_CBO    6.09018e-03     fixed    
   7  w_CBO        2.32500e+00   constant   
   8  beta_CBO    -6.46378e-03   1.15515e-04   1.89509e-06   1.96375e+00
   9  alpha_2CBO  -6.09309e-04   1.13306e-04   1.85884e-06   6.78098e-01
  10  beta_2CBO    3.65108e-04     fixed    
  11  alpha_y      0.00000e+00     fixed    
  12  w_y          1.38860e+01   constant   
  13  beta_y      -2.66281e-03     fixed    
  14  alpha_vw     0.00000e+00     fixed    
  15  w_vw         1.43404e+01   constant   
  16  beta_vw      0.00000e+00     fixed    
  17  LM          -3.36503e-05   constant   
  18  zeta_y       0.00000e+00   constant   
  19  zeta_vw      0.00000e+00   constant   
  20  T_CBO        1.00000e+03   7.77254e+00   6.17931e-03** at limit **
  21  alpha_A0    -1.00000e-02   6.84964e-05   2.37541e-03** at limit **
  22  beta_A0      9.99999e-03   1.42259e-02   3.32169e-03   5.56502e-02
  23  alpha_phi    1.00000e-02   1.63174e-05   9.80274e-04** at limit **
  24  beta_phi     1.00000e-02   5.39383e-05   1.99961e-03** at limit **
 MIGRAD MINIMIZATION HAS CONVERGED.
 MIGRAD WILL VERIFY CONVERGENCE AND ERROR MATRIX.
 COVARIANCE MATRIX CALCULATED SUCCESSFULLY
 FCN=1131.29 FROM MIGRAD    STATUS=CONVERGED     349 CALLS        1920 TOTAL
                     EDM=5.25801e-06    STRATEGY= 1      ERROR MATRIX ACCURATE 
  EXT PARAMETER                                   STEP         FIRST   
  NO.   NAME      VALUE            ERROR          SIZE      DERIVATIVE 
   1  N0           3.44704e+06     fixed    
   2  tau          6.44025e+01   constant   
   3  A0           3.52681e-01     fixed    
   4  phi          4.11548e+00     fixed    
   5  R           -6.08848e+01   constant   
   6  alpha_CBO    6.09018e-03     fixed    
   7  w_CBO        2.32500e+00   constant   
   8  beta_CBO    -6.47266e-03   1.15728e-04   1.89383e-06   1.37054e+00
   9  alpha_2CBO  -6.48980e-04   1.17446e-04   1.85756e-06   4.81964e+00
  10  beta_2CBO    3.65108e-04     fixed    
  11  alpha_y      0.00000e+00     fixed    
  12  w_y          1.38860e+01   constant   
  13  beta_y      -2.66281e-03     fixed    
  14  alpha_vw     0.00000e+00     fixed    
  15  w_vw         1.43404e+01   constant   
  16  beta_vw      0.00000e+00     fixed    
  17  LM          -3.36503e-05   constant   
  18  zeta_y       0.00000e+00   constant   
  19  zeta_vw      0.00000e+00   constant   
  20  T_CBO        1.00000e+03   3.29912e+01   6.00196e-03** at limit **
  21  alpha_A0    -1.00000e-02   1.03099e-04   2.36138e-03** at limit **
  22  beta_A0      9.33256e-03   5.19322e-04   2.29293e-03  -2.13800e-02
  23  alpha_phi    1.00000e-02   1.80776e-05   9.88099e-04** at limit **
  24  beta_phi     1.00000e-02   7.16735e-05   1.96835e-03** at limit **
 EXTERNAL ERROR MATRIX.    NDIM=  25    NPAR=  7    ERR DEF=1
  1.339e-08 -6.602e-10 -1.729e-10 -8.159e-16  3.602e-09  9.114e-17 -1.496e-16 
 -6.602e-10  1.379e-08  2.237e-10  3.388e-15  1.610e-08  1.278e-16 -4.254e-17 
 -1.729e-10  2.237e-10  4.751e-04 -2.673e-15  3.860e-09  2.048e-17 -8.511e-17 
 -8.159e-16  3.388e-15 -2.673e-15  2.791e-15  1.862e-15  5.459e-22 -2.728e-22 
  3.602e-09  1.610e-08  3.860e-09  1.862e-15  2.716e-07 -9.175e-16  2.636e-16 
  9.114e-17  1.278e-16  2.048e-17  5.459e-22 -9.175e-16  2.787e-16  1.187e-23 
 -1.496e-16 -4.254e-17 -8.511e-17 -2.728e-22  2.636e-16  1.187e-23  7.208e-18 
 PARAMETER  CORRELATION COEFFICIENTS  
       NO.  GLOBAL      8      9     20     21     22     23     24
        8  0.08948   1.000 -0.049 -0.000 -0.000  0.060  0.000 -0.000
        9  0.27084  -0.049  1.000  0.000  0.001  0.263  0.000 -0.000
       20  0.00035  -0.000  0.000  1.000 -0.000  0.000  0.000 -0.000
       21  0.00056  -0.000  0.001 -0.000  1.000  0.000  0.000 -0.000
       22  0.27290   0.060  0.263  0.000  0.000  1.000 -0.000  0.000
       23  0.00015   0.000  0.000  0.000  0.000 -0.000  1.000  0.000
       24  0.00057  -0.000 -0.000 -0.000 -0.000  0.000  0.000  1.000
MINUIT - FIT wiggle + 1-CBO + 2-CBO
 **********
 **   42 **RES 
 **********
                   PARAMETER   16  beta_vw RESTORED TO VARIABLE.
                   PARAMETER   14  alpha_vw RESTORED TO VARIABLE.
                   PARAMETER   13  beta_y RESTORED TO VARIABLE.
                   PARAMETER   11  alpha_y RESTORED TO VARIABLE.
                   PARAMETER   10  beta_2CBO RESTORED TO VARIABLE.
                   PARAMETER    6  alpha_CBO RESTORED TO VARIABLE.
                   PARAMETER    4  phi RESTORED TO VARIABLE.
                   PARAMETER    3  A0 RESTORED TO VARIABLE.
                   PARAMETER    1  N0 RESTORED TO VARIABLE.
 **********
 **   43 **FIX           10
 **********
 **********
 **   44 **FIX           11
 **********
 **********
 **   45 **FIX           12
 **********
 PARAMETER   12  IS CONSTANT.   IGNORED.
 **********
 **   46 **FIX           13
 **********
 **********
 **   47 **FIX           14
 **********
 **********
 **   48 **FIX           15
 **********
 PARAMETER   15  IS CONSTANT.   IGNORED.
 **********
 **   49 **FIX           16
 **********
 **********
 **   50 **MIGRAD
 **********
 START MIGRAD MINIMIZATION.  STRATEGY  1.  CONVERGENCE WHEN EDM .LT. 1.00e-04
 FCN=1131.29 FROM MIGRAD    STATUS=INITIATE       38 CALLS        1958 TOTAL
                     EDM= unknown      STRATEGY= 1      NO ERROR MATRIX       
  EXT PARAMETER               CURRENT GUESS       STEP         FIRST   
  NO.   NAME      VALUE            ERROR          SIZE      DERIVATIVE 
   1  N0           3.44704e+06   2.81640e+02   2.81640e+02   2.04652e-02
   2  tau          6.44025e+01   constant   
   3  A0           3.52681e-01   1.08909e-04   1.08909e-04  -1.42061e+05
   4  phi          4.11548e+00   3.13002e-04   3.13002e-04  -1.02367e+05
   5  R           -6.08848e+01   constant   
   6  alpha_CBO    6.09018e-03   1.16864e-04   1.16864e-04   2.35376e+04
   7  w_CBO        2.32500e+00   constant   
   8  beta_CBO    -6.47266e-03   1.15728e-04   1.89383e-06   1.46413e+00
   9  alpha_2CBO  -6.48980e-04   1.17446e-04   1.85756e-06   4.65987e+00
  10  beta_2CBO    3.65108e-04     fixed    
  11  alpha_y      0.00000e+00     fixed    
  12  w_y          1.38860e+01   constant   
  13  beta_y      -2.66281e-03     fixed    
  14  alpha_vw     0.00000e+00     fixed    
  15  w_vw         1.43404e+01   constant   
  16  beta_vw      0.00000e+00     fixed    
  17  LM          -3.36503e-05   constant   
  18  zeta_y       0.00000e+00   constant   
  19  zeta_vw      0.00000e+00   constant   
  20  T_CBO        9.99999e+02   3.29912e+01   6.00196e-03  -2.92730e-02
  21  alpha_A0    -9.99998e-03   1.03099e-04   2.36138e-03   1.89117e-01
  22  beta_A0      9.33256e-03   5.19322e-04   2.29293e-03  -2.19851e-02
  23  alpha_phi    9.99998e-03   1.80776e-05   9.88099e-04  -1.08009e+00
  24  beta_phi     9.99998e-03   7.16735e-05   1.96835e-03  -2.72181e-01
 MIGRAD MINIMIZATION HAS CONVERGED.
 MIGRAD WILL VERIFY CONVERGENCE AND ERROR MATRIX.
 COVARIANCE MATRIX CALCULATED SUCCESSFULLY
 FCN=741.801 FROM MIGRAD    STATUS=CONVERGED    1342 CALLS        3262 TOTAL
                     EDM=7.27678e-06    STRATEGY= 1      ERROR MATRIX ACCURATE 
  EXT PARAMETER                                   STEP         FIRST   
  NO.   NAME      VALUE            ERROR          SIZE      DERIVATIVE 
   1  N0           3.44823e+06   3.44911e+02   3.65989e+00  -6.00615e-06
   2  tau          6.44025e+01   constant   
   3  A0           3.52439e-01   2.53337e-04   1.35015e-06  -2.35429e+01
   4  phi          4.12497e+00   7.19869e-04   4.05346e-06  -4.30443e+00
   5  R           -6.08848e+01   constant   
   6  alpha_CBO    6.82717e-03   1.87672e-04   1.47437e-06  -5.83404e-01
   7  w_CBO        2.32500e+00   constant   
   8  beta_CBO    -7.72292e-03   1.43334e-04   1.53408e-06  -3.25219e+00
   9  alpha_2CBO  -2.26298e-04   1.38204e-04   1.50496e-06  -1.07553e+00
  10  beta_2CBO    3.65108e-04     fixed    
  11  alpha_y      0.00000e+00     fixed    
  12  w_y          1.38860e+01   constant   
  13  beta_y      -2.66281e-03     fixed    
  14  alpha_vw     0.00000e+00     fixed    
  15  w_vw         1.43404e+01   constant   
  16  beta_vw      0.00000e+00     fixed    
  17  LM          -3.36503e-05   constant   
  18  zeta_y       0.00000e+00   constant   
  19  zeta_vw      0.00000e+00   constant   
  20  T_CBO        1.00000e+03   9.85420e+02   1.26265e-01** at limit **
  21  alpha_A0    -4.88732e-03   7.55034e-04   6.21307e-04  -4.01188e-03
  22  beta_A0      7.61191e-03   8.75799e-04   1.03179e-03  -2.49285e-02
  23  alpha_phi    1.00000e-02   1.31779e-02   1.52233e-02** at limit **
  24  beta_phi     5.60384e-03   7.81353e-04   6.36303e-04  -1.37115e-02
 EXTERNAL ERROR MATRIX.    NDIM=  25    NPAR= 11    ERR DEF=1
  1.190e+05 
  2.462e-02  6.418e-08 
  1.761e-02 -1.329e-07  5.182e-07 
 -6.953e-03 -3.610e-08  9.660e-08  3.522e-08 
 -3.303e-03  1.196e-08 -5.792e-08 -9.496e-09  2.054e-08 
 -9.149e-03 -1.676e-08  4.318e-08  9.586e-09 -4.903e-09  1.910e-08 
  1.293e+02  2.580e-05  1.419e-04 -5.186e-06 -1.776e-05  3.326e-06  3.965e+00 
  4.337e-03 -1.370e-07  4.358e-07  1.004e-07 -4.620e-08  4.654e-08  5.872e-06  5.715e-07 
 -1.410e-01 -1.671e-07  2.699e-07  8.425e-08 -1.864e-08  6.034e-08 -3.849e-05  2.964e-07  7.717e-07 
  5.355e-04  1.174e-10  5.689e-10 -2.214e-11 -7.283e-11  1.505e-11 -3.083e-09  4.889e-10 -9.211e-10  9.821e-11 
 -1.392e-02 -1.540e-07  4.508e-07  1.011e-07 -5.433e-08  4.067e-08 -5.931e-05  3.900e-07  3.625e-07  2.868e-10  6.123e-07 
 PARAMETER  CORRELATION COEFFICIENTS  
       NO.  GLOBAL      1      3      4      6      8      9     20     21     22     23     24
        1  0.60231   1.000  0.282  0.071 -0.107 -0.067 -0.192  0.188  0.017 -0.465  0.157 -0.052
        3  0.91631   0.282  1.000 -0.729 -0.759  0.329 -0.479  0.051 -0.716 -0.751  0.047 -0.777
        4  0.90607   0.071 -0.729  1.000  0.715 -0.561  0.434  0.099  0.801  0.427  0.080  0.800
        6  0.80716  -0.107 -0.759  0.715  1.000 -0.353  0.370 -0.014  0.708  0.511 -0.012  0.688
        8  0.59429  -0.067  0.329 -0.561 -0.353  1.000 -0.248 -0.062 -0.426 -0.148 -0.051 -0.484
        9  0.57483  -0.192 -0.479  0.434  0.370 -0.248  1.000  0.012  0.445  0.497  0.011  0.376
       20  0.31475   0.188  0.051  0.099 -0.014 -0.062  0.012  1.000  0.004 -0.022 -0.000 -0.038
       21  0.84242   0.017 -0.716  0.801  0.708 -0.426  0.445  0.004  1.000  0.446  0.065  0.659
       22  0.82010  -0.465 -0.751  0.427  0.511 -0.148  0.497 -0.022  0.446  1.000 -0.106  0.527
       23  0.21550   0.157  0.047  0.080 -0.012 -0.051  0.011 -0.000  0.065 -0.106  1.000  0.037
       24  0.86251  -0.052 -0.777  0.800  0.688 -0.484  0.376 -0.038  0.659  0.527  0.037  1.000
MINUIT - FIT ONLY 1-y
 **********
 **   51 **RES 
 **********
                   PARAMETER   16  beta_vw RESTORED TO VARIABLE.
                   PARAMETER   14  alpha_vw RESTORED TO VARIABLE.
                   PARAMETER   13  beta_y RESTORED TO VARIABLE.
                   PARAMETER   11  alpha_y RESTORED TO VARIABLE.
                   PARAMETER   10  beta_2CBO RESTORED TO VARIABLE.
 **********
 **   52 **FIX            0
 **********
 PARAMETER    0  IS UNDEFINED. IGNORED.
 **********
 **   53 **FIX            1
 **********
 **********
 **   54 **FIX            2
 **********
 PARAMETER    2  IS CONSTANT.   IGNORED.
 **********
 **   55 **FIX            3
 **********
 **********
 **   56 **FIX            4
 **********
 **********
 **   57 **FIX            5
 **********
 PARAMETER    5  IS CONSTANT.   IGNORED.
 **********
 **   58 **FIX            6
 **********
 **********
 **   59 **FIX            7
 **********
 PARAMETER    7  IS CONSTANT.   IGNORED.
 **********
 **   60 **FIX            8
 **********
 **********
 **   61 **FIX            9
 **********
 **********
 **   62 **FIX           13
 **********
 **********
 **   63 **FIX           14
 **********
 **********
 **   64 **FIX           15
 **********
 PARAMETER   15  IS CONSTANT.   IGNORED.
 **********
 **   65 **FIX           16
 **********
 **********
 **   66 **MIGRAD
 **********
 START MIGRAD MINIMIZATION.  STRATEGY  1.  CONVERGENCE WHEN EDM .LT. 1.00e-04
 FCN=741.801 FROM MIGRAD    STATUS=INITIATE       16 CALLS        3278 TOTAL
                     EDM= unknown      STRATEGY= 1      NO ERROR MATRIX       
  EXT PARAMETER               CURRENT GUESS       STEP         FIRST   
  NO.   NAME      VALUE            ERROR          SIZE      DERIVATIVE 
   1  N0           3.44823e+06     fixed    
   2  tau          6.44025e+01   constant   
   3  A0           3.52439e-01     fixed    
   4  phi          4.12497e+00     fixed    
   5  R           -6.08848e+01   constant   
   6  alpha_CBO    6.82717e-03     fixed    
   7  w_CBO        2.32500e+00   constant   
   8  beta_CBO    -7.72292e-03     fixed    
   9  alpha_2CBO  -2.26298e-04     fixed    
  10  beta_2CBO    3.65108e-04   1.13555e-04   1.13555e-04   3.08043e+04
  11  alpha_y      0.00000e+00   1.00000e-03   1.00000e-03   3.02347e+05
  12  w_y          1.38860e+01   constant   
  13  beta_y      -2.66281e-03     fixed    
  14  alpha_vw     0.00000e+00     fixed    
  15  w_vw         1.43404e+01   constant   
  16  beta_vw      0.00000e+00     fixed    
  17  LM          -3.36503e-05   constant   
  18  zeta_y       0.00000e+00   constant   
  19  zeta_vw      0.00000e+00   constant   
  20  T_CBO        1.00000e+03   9.85420e+02   1.26265e-01** at limit **
  21  alpha_A0    -4.88732e-03   7.55034e-04   6.21307e-04  -3.91666e-03
  22  beta_A0      7.61191e-03   8.75799e-04   1.03179e-03  -2.51285e-02
  23  alpha_phi    1.00000e-02   1.31779e-02   1.52233e-02** at limit **
  24  beta_phi     5.60384e-03   7.81353e-04   6.36303e-04   1.35965e-02
 MIGRAD MINIMIZATION HAS CONVERGED.
 MIGRAD WILL VERIFY CONVERGENCE AND ERROR MATRIX.
 COVARIANCE MATRIX CALCULATED SUCCESSFULLY
 FCN=439.553 FROM MIGRAD    STATUS=CONVERGED     131 CALLS        3393 TOTAL
                     EDM=1.83963e-06    STRATEGY= 1      ERROR MATRIX ACCURATE 
  EXT PARAMETER                                   STEP         FIRST   
  NO.   NAME      VALUE            ERROR          SIZE      DERIVATIVE 
   1  N0           3.44823e+06     fixed    
   2  tau          6.44025e+01   constant   
   3  A0           3.52439e-01     fixed    
   4  phi          4.12497e+00     fixed    
   5  R           -6.08848e+01   constant   
   6  alpha_CBO    6.82717e-03     fixed    
   7  w_CBO        2.32500e+00   constant   
   8  beta_CBO    -7.72292e-03     fixed    
   9  alpha_2CBO  -2.26298e-04     fixed    
  10  beta_2CBO    2.08540e-04   1.19215e-04   1.15660e-06  -8.45143e-01
  11  alpha_y     -1.98330e-03   1.14725e-04   1.17432e-06   1.05330e+01
  12  w_y          1.38860e+01   constant   
  13  beta_y      -2.66281e-03     fixed    
  14  alpha_vw     0.00000e+00     fixed    
  15  w_vw         1.43404e+01   constant   
  16  beta_vw      0.00000e+00     fixed    
  17  LM          -3.36503e-05   constant   
  18  zeta_y       0.00000e+00   constant   
  19  zeta_vw      0.00000e+00   constant   
  20  T_CBO        1.00000e+03   7.11339e+02   1.16320e-01** at limit **
  21  alpha_A0    -4.94365e-03   4.19765e-04   4.80796e-04   1.43020e-02
  22  beta_A0      7.44147e-03   5.05834e-04   7.69250e-04   7.83057e-03
  23  alpha_phi    1.00000e-02   2.99639e-03   1.00712e-02** at limit **
  24  beta_phi     5.94739e-03   4.18635e-04   5.04211e-04  -2.37043e-02
 EXTERNAL ERROR MATRIX.    NDIM=  25    NPAR=  7    ERR DEF=1
  1.421e-08 -4.134e-10  1.440e-07 -9.672e-09  5.728e-09  5.560e-14 -1.406e-08 
 -4.134e-10  1.316e-08 -2.174e-08  1.353e-09  5.711e-10 -5.432e-15 -8.309e-10 
  1.440e-07 -2.174e-08  2.360e-01 -2.372e-06  3.925e-06 -8.441e-11  3.629e-06 
 -9.672e-09  1.353e-09 -2.372e-06  1.763e-07 -1.115e-08  4.569e-13  3.413e-08 
  5.728e-09  5.711e-10  3.925e-06 -1.115e-08  2.564e-07 -5.614e-13 -2.354e-08 
  5.560e-14 -5.432e-15 -8.441e-11  4.569e-13 -5.614e-13  4.215e-15 -3.292e-13 
 -1.406e-08 -8.309e-10  3.629e-06  3.413e-08 -2.354e-08 -3.292e-13  1.754e-07 
 PARAMETER  CORRELATION COEFFICIENTS  
       NO.  GLOBAL     10     11     20     21     22     23     24
       10  0.32229   1.000 -0.030  0.002 -0.193  0.095  0.007 -0.282
       11  0.04987  -0.030  1.000 -0.000  0.028  0.010 -0.001 -0.017
       20  0.02980   0.002 -0.000  1.000 -0.012  0.016 -0.003  0.018
       21  0.24538  -0.193  0.028 -0.012  1.000 -0.052  0.017  0.194
       22  0.13397   0.095  0.010  0.016 -0.052  1.000 -0.017 -0.111
       23  0.03027   0.007 -0.001 -0.003  0.017 -0.017  1.000 -0.012
       24  0.32770  -0.282 -0.017  0.018  0.194 -0.111 -0.012  1.000
MINUIT - FIT ONLY 2-y
 **********
 **   67 **RES 
 **********
                   PARAMETER   16  beta_vw RESTORED TO VARIABLE.
                   PARAMETER   14  alpha_vw RESTORED TO VARIABLE.
                   PARAMETER   13  beta_y RESTORED TO VARIABLE.
                   PARAMETER    9  alpha_2CBO RESTORED TO VARIABLE.
                   PARAMETER    8  beta_CBO RESTORED TO VARIABLE.
                   PARAMETER    6  alpha_CBO RESTORED TO VARIABLE.
                   PARAMETER    4  phi RESTORED TO VARIABLE.
                   PARAMETER    3  A0 RESTORED TO VARIABLE.
                   PARAMETER    1  N0 RESTORED TO VARIABLE.
 **********
 **   68 **FIX            0
 **********
 PARAMETER    0  IS UNDEFINED. IGNORED.
 **********
 **   69 **FIX            1
 **********
 **********
 **   70 **FIX            2
 **********
 PARAMETER    2  IS CONSTANT.   IGNORED.
 **********
 **   71 **FIX            3
 **********
 **********
 **   72 **FIX            4
 **********
 **********
 **   73 **FIX            5
 **********
 PARAMETER    5  IS CONSTANT.   IGNORED.
 **********
 **   74 **FIX            6
 **********
 **********
 **   75 **FIX            7
 **********
 PARAMETER    7  IS CONSTANT.   IGNORED.
 **********
 **   76 **FIX            8
 **********
 **********
 **   77 **FIX            9
 **********
 **********
 **   78 **FIX           10
 **********
 **********
 **   79 **FIX           11
 **********
 **********
 **   80 **FIX           12
 **********
 PARAMETER   12  IS CONSTANT.   IGNORED.
 **********
 **   81 **FIX           16
 **********
 **********
 **   82 **MIGRAD
 **********
 START MIGRAD MINIMIZATION.  STRATEGY  1.  CONVERGENCE WHEN EDM .LT. 1.00e-04
 FCN=439.553 FROM MIGRAD    STATUS=INITIATE       35 CALLS        3428 TOTAL
                     EDM= unknown      STRATEGY= 1      NO ERROR MATRIX       
  EXT PARAMETER               CURRENT GUESS       STEP         FIRST   
  NO.   NAME      VALUE            ERROR          SIZE      DERIVATIVE 
   1  N0           3.44823e+06     fixed    
   2  tau          6.44025e+01   constant   
   3  A0           3.52439e-01     fixed    
   4  phi          4.12497e+00     fixed    
   5  R           -6.08848e+01   constant   
   6  alpha_CBO    6.82717e-03     fixed    
   7  w_CBO        2.32500e+00   constant   
   8  beta_CBO    -7.72292e-03     fixed    
   9  alpha_2CBO  -2.26298e-04     fixed    
  10  beta_2CBO    2.08540e-04     fixed    
  11  alpha_y     -1.98330e-03     fixed    
  12  w_y          1.38860e+01   constant   
  13  beta_y      -2.66281e-03   1.09905e-04   0.00000e+00  -4.34496e+04
  14  alpha_vw     0.00000e+00   1.00000e-03   0.00000e+00   8.40505e+04
  15  w_vw         1.43404e+01   constant   
  16  beta_vw      0.00000e+00     fixed    
  17  LM          -3.36503e-05   constant   
  18  zeta_y       0.00000e+00   constant   
  19  zeta_vw      0.00000e+00   constant   
  20  T_CBO        9.86451e+02   7.11339e+02  -2.32641e-01   8.00193e-04
  21  alpha_A0    -4.94365e-03   4.19765e-04   0.00000e+00   2.15233e-01
  22  beta_A0      7.44147e-03   5.05834e-04   0.00000e+00  -1.46453e-01
  23  alpha_phi    9.99998e-03   2.99639e-03   0.00000e+00  -4.85639e-03
  24  beta_phi     5.94739e-03   4.18635e-04   0.00000e+00  -3.32667e-01
 MIGRAD MINIMIZATION HAS CONVERGED.
 MIGRAD WILL VERIFY CONVERGENCE AND ERROR MATRIX.
 COVARIANCE MATRIX CALCULATED SUCCESSFULLY
 FCN=287.105 FROM MIGRAD    STATUS=CONVERGED     271 CALLS        3664 TOTAL
                     EDM=5.91256e-07    STRATEGY= 1      ERROR MATRIX ACCURATE 
  EXT PARAMETER                                   STEP         FIRST   
  NO.   NAME      VALUE            ERROR          SIZE      DERIVATIVE 
   1  N0           3.44823e+06     fixed    
   2  tau          6.44025e+01   constant   
   3  A0           3.52439e-01     fixed    
   4  phi          4.12497e+00     fixed    
   5  R           -6.08848e+01   constant   
   6  alpha_CBO    6.82717e-03     fixed    
   7  w_CBO        2.32500e+00   constant   
   8  beta_CBO    -7.72292e-03     fixed    
   9  alpha_2CBO  -2.26298e-04     fixed    
  10  beta_2CBO    2.08540e-04     fixed    
  11  alpha_y     -1.98330e-03     fixed    
  12  w_y          1.38860e+01   constant   
  13  beta_y      -4.03374e-04   1.98566e-04   9.22593e-07  -5.14632e-01
  14  alpha_vw    -2.45950e-03   2.03146e-04   9.41929e-07   1.11375e+00
  15  w_vw         1.43404e+01   constant   
