 + ++++++++++++++++++++++++++++++++++++++++++++++++++++++++++++++++++++ +
 +                                                                      +
 +           You have chose to blind your fitting according to          +
 +                omega_ref * (1 + (R +/- deltaR) *10^{-6})             +
 +                                                                      +
 + ++++++++++++++++++++++++++++++++++++++++++++++++++++++++++++++++++++ +
In main()...
reading format from /gm2data/zkhechad/run45/envelope/formats/formatB_sBin_constraintOn.txt
pBinTau 	= 0  
pBinPhi 	= 0  
constraintau 	= 1 
includeMopTerm 	= 0    
constrainMop    = 0   
Parameters after format file: pBinTau 0 pBinPhi 0 constraintau 1 includeMopTerm 0 constrainMop 0 c_e_scale 0.000000 
Opening file /gm2data/tbarrett/gm2fr/studies/run23_bunch_corrections/CorrectedFourier_Run3b.root.
reading full fit data from /gm2data/zkhechad/cboTemplates/Run4CBOTemplates/templateFits0_v2.0/noRF/sBin_constraintOn_cE0.0_seed0_noRF_calo8.root
windowBins = 17
fitting sliding window 468 from bin 604 at 89.967600 to bin 621 at 92.653200 (17 bins)

Reading data from /gm2data/cornell/histograms/aMethod/histogram_a_noRF.root
 **********
 **    1 **SET PRINTOUT            1
 **********
 **********
 **    2 **SET NOWARNINGS 
 **********
 PARAMETER DEFINITIONS:
    NO.   NAME         VALUE      STEP SIZE      LIMITS
     1 N0           2.93665e+06  1.00000e+02     no limits
     2 tau          6.43896e+01  constant
     3 A0           3.52922e-01  1.00000e-04     no limits
     4 phi          4.11506e+00  1.00000e-02     no limits
     5 R           -6.12649e+01  constant
     6 alpha_CBO    0.00000e+00  1.00000e-03     no limits
     7 w_CBO        2.32500e+00  constant
     8 beta_CBO     0.00000e+00  1.00000e-03     no limits
     9 alpha_2CBO   0.00000e+00  1.00000e-03     no limits
    10 beta_2CBO    0.00000e+00  1.00000e-03     no limits
    11 alpha_y      0.00000e+00  1.00000e-03     no limits
    12 w_y          1.44500e+01  constant
    13 beta_y       0.00000e+00  1.00000e-03     no limits
    14 alpha_vw     0.00000e+00  1.00000e-03     no limits
    15 w_vw         1.29000e+01  constant
    16 beta_vw      0.00000e+00  1.00000e-03     no limits
    17 LM          -3.89610e-04  constant
    18 zeta_y       0.00000e+00  constant
    19 zeta_vw      0.00000e+00  constant
    20 T_CBO        1.00000e+02  1.00000e+00    0.00000e+00  1.00000e+03
    21 alpha_A0     0.00000e+00  1.00000e-03     no limits
    22 beta_A0      0.00000e+00  1.00000e-03     no limits
    23 alpha_phi    0.00000e+00  1.00000e-03     no limits
    24 beta_phi     0.00000e+00  1.00000e-03     no limits
MINUIT - FIT ONLY WIGGLE
 **********
 **    3 **FIX            5
 **********
 PARAMETER    5  IS CONSTANT.   IGNORED.
 **********
 **    4 **FIX            6
 **********
 **********
 **    5 **FIX            7
 **********
 PARAMETER    7  IS CONSTANT.   IGNORED.
 **********
 **    6 **FIX            8
 **********
 **********
 **    7 **FIX            9
 **********
 **********
 **    8 **FIX           10
 **********
 **********
 **    9 **FIX           11
 **********
 **********
 **   10 **FIX           12
 **********
 PARAMETER   12  IS CONSTANT.   IGNORED.
 **********
 **   11 **FIX           13
 **********
 **********
 **   12 **FIX           14
 **********
 **********
 **   13 **FIX           15
 **********
 PARAMETER   15  IS CONSTANT.   IGNORED.
 **********
 **   14 **FIX           16
 **********
 **********
 **   15 **MIGRAD
 **********
 FIRST CALL TO USER FUNCTION AT NEW START POINT, WITH IFLAG=4.
 START MIGRAD MINIMIZATION.  STRATEGY  1.  CONVERGENCE WHEN EDM .LT. 1.00e-04
 FCN=1141.51 FROM MIGRAD    STATUS=INITIATE      437 CALLS         438 TOTAL
                     EDM= unknown      STRATEGY= 1      NO ERROR MATRIX       
  EXT PARAMETER               CURRENT GUESS       STEP         FIRST   
  NO.   NAME      VALUE            ERROR          SIZE      DERIVATIVE 
   1  N0           2.93665e+06   1.00000e+02   0.00000e+00   3.46570e-02
   2  tau          6.43896e+01   constant   
   3  A0           3.52922e-01   1.00000e-04   0.00000e+00   2.18673e+05
   4  phi          4.11506e+00   1.00000e-02   0.00000e+00  -2.33777e+04
   5  R           -6.12649e+01   constant   
   6  alpha_CBO    0.00000e+00     fixed    
   7  w_CBO        2.32500e+00   constant   
   8  beta_CBO     0.00000e+00     fixed    
   9  alpha_2CBO   0.00000e+00     fixed    
  10  beta_2CBO    0.00000e+00     fixed    
  11  alpha_y      0.00000e+00     fixed    
  12  w_y          1.44500e+01   constant   
  13  beta_y       0.00000e+00     fixed    
  14  alpha_vw     0.00000e+00     fixed    
  15  w_vw         1.29000e+01   constant   
  16  beta_vw      0.00000e+00     fixed    
  17  LM          -3.89610e-04   constant   
  18  zeta_y       0.00000e+00   constant   
  19  zeta_vw      0.00000e+00   constant   
  20  T_CBO        1.00000e+02   1.00000e+00   0.00000e+00   0.00000e+00
  21  alpha_A0     0.00000e+00   1.00000e-03   0.00000e+00  -1.68104e+04
  22  beta_A0      0.00000e+00   1.00000e-03   0.00000e+00   7.00022e+03
  23  alpha_phi    0.00000e+00   1.00000e-03   0.00000e+00  -7.48650e+03
  24  beta_phi     0.00000e+00   1.00000e-03   0.00000e+00   5.99017e+03
 CALL LIMIT EXCEEDED IN MIGRAD.
 MIGRAD TERMINATED WITHOUT CONVERGENCE.
 FCN=27.5119 FROM MIGRAD    STATUS=CALL LIMIT   1334 CALLS        1335 TOTAL
                     EDM=0.0452507    STRATEGY= 1  ERROR MATRIX UNCERTAINTY   9.1 per cent
  EXT PARAMETER                APPROXIMATE        STEP         FIRST   
  NO.   NAME      VALUE            ERROR          SIZE      DERIVATIVE 
   1  N0           2.92204e+06   1.15046e+03  -1.92879e+02   3.79704e-05
   2  tau          6.43896e+01   constant   
   3  A0           3.46053e-01   1.14657e-03  -6.99805e-05   7.14763e+01
   4  phi          4.13350e+00   1.57029e-03   2.92049e-04   2.26745e+02
   5  R           -6.12649e+01   constant   
   6  alpha_CBO    0.00000e+00     fixed    
   7  w_CBO        2.32500e+00   constant   
   8  beta_CBO     0.00000e+00     fixed    
   9  alpha_2CBO   0.00000e+00     fixed    
  10  beta_2CBO    0.00000e+00     fixed    
  11  alpha_y      0.00000e+00     fixed    
  12  w_y          1.44500e+01   constant   
  13  beta_y       0.00000e+00     fixed    
  14  alpha_vw     0.00000e+00     fixed    
  15  w_vw         1.29000e+01   constant   
  16  beta_vw      0.00000e+00     fixed    
  17  LM          -3.89610e-04   constant   
  18  zeta_y       0.00000e+00   constant   
  19  zeta_vw      0.00000e+00   constant   
  20  T_CBO        2.74014e+01   8.62965e+00   6.22680e-03  -1.08243e+01
  21  alpha_A0    -1.61050e-01   2.62386e-01  -3.08487e-02  -4.45077e+00
  22  beta_A0     -2.29948e-01   2.30133e-01  -2.64794e-02  -9.42884e+00
  23  alpha_phi    9.07484e-02   6.24084e-02   7.00450e-03   5.34478e+00
  24  beta_phi     3.09355e-01   3.64726e-01   4.33277e-02  -9.42829e+00
 EXTERNAL ERROR MATRIX.    NDIM=  25    NPAR=  8    ERR DEF=1
  1.324e+06  6.099e-01 -1.543e+00 -6.810e+03  1.941e+02  1.689e+02 -4.543e+01 -2.704e+02 
  6.099e-01  1.315e-06 -4.423e-07 -8.844e-03  2.810e-04  2.471e-04 -6.734e-05 -3.901e-04 
 -1.543e+00 -4.423e-07  2.466e-06  6.865e-03 -1.861e-04 -1.605e-04  4.342e-05  2.601e-04 
 -6.810e+03 -8.844e-03  6.865e-03  7.454e+01 -2.244e+00 -1.969e+00  5.334e-01  3.119e+00 
  1.941e+02  2.810e-04 -1.861e-04 -2.244e+00  6.885e-02  6.038e-02 -1.636e-02 -9.566e-02 
  1.689e+02  2.471e-04 -1.605e-04 -1.969e+00  6.038e-02  5.296e-02 -1.435e-02 -8.390e-02 
 -4.543e+01 -6.734e-05  4.342e-05  5.334e-01 -1.636e-02 -1.435e-02  3.895e-03  2.273e-02 
 -2.704e+02 -3.901e-04  2.601e-04  3.119e+00 -9.566e-02 -8.390e-02  2.273e-02  1.330e-01 
ERR MATRIX APPROXIMATE
 PARAMETER  CORRELATION COEFFICIENTS  
       NO.  GLOBAL      1      3      4     20     21     22     23     24
        1  0.91501   1.000  0.462 -0.854 -0.686  0.643  0.638 -0.633 -0.644
        3  0.98463   0.462  1.000 -0.246 -0.893  0.934  0.936 -0.941 -0.933
        4  0.91685  -0.854 -0.246  1.000  0.506 -0.452 -0.444  0.443  0.454
       20  0.99744  -0.686 -0.893  0.506  1.000 -0.991 -0.991  0.990  0.990
       21  0.99993   0.643  0.934 -0.452 -0.991  1.000  1.000 -0.999 -1.000
       22  0.99995   0.638  0.936 -0.444 -0.991  1.000  1.000 -0.999 -1.000
       23  0.99965  -0.633 -0.941  0.443  0.990 -0.999 -0.999  1.000  0.998
       24  0.99972  -0.644 -0.933  0.454  0.990 -1.000 -1.000  0.998  1.000
 ERR MATRIX APPROXIMATE
MINUIT - FIT ONLY 1-CBO + wiggle
 **********
 **   16 **RES 
 **********
                   PARAMETER   16  beta_vw RESTORED TO VARIABLE.
                   PARAMETER   14  alpha_vw RESTORED TO VARIABLE.
                   PARAMETER   13  beta_y RESTORED TO VARIABLE.
                   PARAMETER   11  alpha_y RESTORED TO VARIABLE.
                   PARAMETER   10  beta_2CBO RESTORED TO VARIABLE.
                   PARAMETER    9  alpha_2CBO RESTORED TO VARIABLE.
                   PARAMETER    8  beta_CBO RESTORED TO VARIABLE.
                   PARAMETER    6  alpha_CBO RESTORED TO VARIABLE.
 **********
 **   17 **FIX            8
 **********
 **********
 **   18 **FIX            9
 **********
 **********
 **   19 **FIX           11
 **********
 **********
 **   20 **FIX           12
 **********
 PARAMETER   12  IS CONSTANT.   IGNORED.
 **********
 **   21 **FIX           14
 **********
 **********
 **   22 **FIX           15
 **********
 PARAMETER   15  IS CONSTANT.   IGNORED.
 **********
 **   23 **FIX           16
 **********
 **********
 **   24 **MIGRAD
 **********
 START MIGRAD MINIMIZATION.  STRATEGY  1.  CONVERGENCE WHEN EDM .LT. 1.00e-04
 FCN=27.5119 FROM MIGRAD    STATUS=INITIATE       28 CALLS        1363 TOTAL
                     EDM= unknown      STRATEGY= 1      NO ERROR MATRIX       
  EXT PARAMETER               CURRENT GUESS       STEP         FIRST   
  NO.   NAME      VALUE            ERROR          SIZE      DERIVATIVE 
   1  N0           2.92204e+06   1.15046e+03  -1.92879e+02   3.79704e-05
   2  tau          6.43896e+01   constant   
   3  A0           3.46053e-01   1.14657e-03  -6.99805e-05   7.14763e+01
   4  phi          4.13350e+00   1.57029e-03   2.92049e-04   2.26745e+02
   5  R           -6.12649e+01   constant   
   6  alpha_CBO    0.00000e+00   1.00000e-03   1.00000e-03  -1.34611e+03
   7  w_CBO        2.32500e+00   constant   
   8  beta_CBO     0.00000e+00     fixed    
   9  alpha_2CBO   0.00000e+00     fixed    
  10  beta_2CBO    0.00000e+00   1.00000e-03   1.00000e-03  -4.85978e+03
  11  alpha_y      0.00000e+00     fixed    
  12  w_y          1.44500e+01   constant   
  13  beta_y       0.00000e+00   1.00000e-03   1.00000e-03  -1.26556e+04
  14  alpha_vw     0.00000e+00     fixed    
  15  w_vw         1.29000e+01   constant   
  16  beta_vw      0.00000e+00     fixed    
  17  LM          -3.89610e-04   constant   
  18  zeta_y       0.00000e+00   constant   
  19  zeta_vw      0.00000e+00   constant   
  20  T_CBO        2.74014e+01   8.62965e+00   6.22680e-03   1.08242e+01
  21  alpha_A0    -1.61050e-01   2.62386e-01  -3.08487e-02  -4.45077e+00
  22  beta_A0     -2.29948e-01   2.30133e-01  -2.64794e-02  -9.42884e+00
  23  alpha_phi    9.07484e-02   6.24084e-02   7.00450e-03   5.34478e+00
  24  beta_phi     3.09355e-01   3.64726e-01   4.33277e-02  -9.42829e+00
 MIGRAD MINIMIZATION HAS CONVERGED.
 FCN=20.9495 FROM MIGRAD    STATUS=CONVERGED     418 CALLS        1753 TOTAL
                     EDM=5.80955e-06    STRATEGY= 1  ERROR MATRIX UNCERTAINTY   1.8 per cent
  EXT PARAMETER                                   STEP         FIRST   
  NO.   NAME      VALUE            ERROR          SIZE      DERIVATIVE 
   1  N0           2.92302e+06   1.23662e+03   1.35890e+00  -4.72759e-06
   2  tau          6.43896e+01   constant   
   3  A0           3.45462e-01   6.19149e-04  -1.18838e-06  -1.16496e+01
   4  phi          4.12956e+00   2.65771e-03  -4.67904e-06  -2.35110e+00
   5  R           -6.12649e+01   constant   
   6  alpha_CBO   -4.58174e-03   3.96557e-03  -6.56028e-06   4.76913e-02
   7  w_CBO        2.32500e+00   constant   
   8  beta_CBO     0.00000e+00     fixed    
   9  alpha_2CBO   0.00000e+00     fixed    
  10  beta_2CBO    2.39165e-03   1.29717e-03   2.47831e-06   9.40601e-01
  11  alpha_y      0.00000e+00     fixed    
  12  w_y          1.44500e+01   constant   
  13  beta_y       3.57138e-04   2.53546e-04  -4.23190e-08  -3.88321e-01
  14  alpha_vw     0.00000e+00     fixed    
  15  w_vw         1.29000e+01   constant   
  16  beta_vw      0.00000e+00     fixed    
  17  LM          -3.89610e-04   constant   
  18  zeta_y       0.00000e+00   constant   
  19  zeta_vw      0.00000e+00   constant   
  20  T_CBO        2.72037e+01   6.22304e-01  -2.75297e-06   5.34749e-02
  21  alpha_A0     5.09519e-01   5.38636e-01   1.02685e-03   3.06294e-03
  22  beta_A0     -3.00831e-01   5.88160e-02   2.21419e-06  -1.96697e-02
  23  alpha_phi    2.19036e-01   1.15544e-01   1.91833e-04  -1.22328e-01
  24  beta_phi     3.42749e-01   5.10332e-02  -3.06327e-05  -1.46523e-03
 EXTERNAL ERROR MATRIX.    NDIM=  25    NPAR= 11    ERR DEF=1
  1.529e+06 
  7.105e-02  3.833e-07 
 -2.404e+00  7.898e-07  7.063e-06 
  5.693e-01  2.332e-06  5.144e-06  1.573e-05 
  3.086e-01 -6.415e-07 -2.372e-06 -4.552e-06  1.683e-06 
 -5.928e-02 -1.578e-08  6.978e-08 -9.690e-08  6.606e-09  6.429e-08 
  3.114e+02  2.569e-04  7.508e-05  1.722e-03 -3.572e-04 -2.214e-05  3.873e-01 
 -4.635e+01 -3.121e-04 -7.500e-04 -2.128e-03  6.346e-04  1.186e-05 -2.299e-01  2.901e-01 
 -1.917e+01  2.610e-05  1.197e-04  1.681e-04 -5.655e-05 -2.175e-08  1.441e-02 -2.299e-02  3.459e-03 
 -8.088e+00 -6.731e-05 -1.566e-04 -4.498e-04  1.309e-04  2.726e-06 -5.008e-02  6.112e-02 -4.928e-03  1.335e-02 
  3.148e+01  1.757e-05 -1.497e-05  1.105e-04 -1.085e-05 -2.230e-06  1.770e-02 -1.401e-02  7.414e-04 -3.214e-03  2.604e-03 
 PARAMETER  CORRELATION COEFFICIENTS  
       NO.  GLOBAL      1      3      4      6     10     13     20     21     22     23     24
        1  0.93779   1.000  0.093 -0.732  0.116  0.192 -0.189  0.405 -0.070 -0.264 -0.057  0.499
        3  0.96725   0.093  1.000  0.480  0.950 -0.799 -0.101  0.667 -0.936  0.717 -0.941  0.556
        4  0.96622  -0.732  0.480  1.000  0.488 -0.688  0.104  0.045 -0.524  0.766 -0.510 -0.110
        6  0.99877   0.116  0.950  0.488  1.000 -0.885 -0.096  0.698 -0.996  0.721 -0.982  0.546
       10  0.98562   0.192 -0.799 -0.688 -0.885  1.000  0.020 -0.442  0.908 -0.741  0.873 -0.164
       13  0.21950  -0.189 -0.101  0.104 -0.096  0.020  1.000 -0.140  0.087 -0.001  0.093 -0.172
       20  0.87260   0.405  0.667  0.045  0.698 -0.442 -0.140  1.000 -0.686  0.394 -0.697  0.557
       21  0.99890  -0.070 -0.936 -0.524 -0.996  0.908  0.087 -0.686  1.000 -0.726  0.982 -0.510
       22  0.90565  -0.264  0.717  0.766  0.721 -0.741 -0.001  0.394 -0.726  1.000 -0.725  0.247
       23  0.98729  -0.057 -0.941 -0.510 -0.982  0.873  0.093 -0.697  0.982 -0.725  1.000 -0.545
       24  0.90732   0.499  0.556 -0.110  0.546 -0.164 -0.172  0.557 -0.510  0.247 -0.545  1.000
MINUIT - FIT ONLY 2-CBO
 **********
 **   25 **RES 
 **********
                   PARAMETER   16  beta_vw RESTORED TO VARIABLE.
                   PARAMETER   14  alpha_vw RESTORED TO VARIABLE.
                   PARAMETER   11  alpha_y RESTORED TO VARIABLE.
                   PARAMETER    9  alpha_2CBO RESTORED TO VARIABLE.
                   PARAMETER    8  beta_CBO RESTORED TO VARIABLE.
 **********
 **   26 **FIX            0
 **********
 PARAMETER    0  IS UNDEFINED. IGNORED.
 **********
 **   27 **FIX            1
 **********
 **********
 **   28 **FIX            2
 **********
 PARAMETER    2  IS CONSTANT.   IGNORED.
 **********
 **   29 **FIX            3
 **********
 **********
 **   30 **FIX            4
 **********
 **********
 **   31 **FIX            5
 **********
 PARAMETER    5  IS CONSTANT.   IGNORED.
 **********
 **   32 **FIX            6
 **********
 **********
 **   33 **FIX            7
 **********
 PARAMETER    7  IS CONSTANT.   IGNORED.
 **********
 **   34 **FIX           10
 **********
 **********
 **   35 **FIX           11
 **********
 **********
 **   36 **FIX           12
 **********
 PARAMETER   12  IS CONSTANT.   IGNORED.
 **********
 **   37 **FIX           13
 **********
 **********
 **   38 **FIX           14
 **********
 **********
 **   39 **FIX           15
 **********
 PARAMETER   15  IS CONSTANT.   IGNORED.
 **********
 **   40 **FIX           16
 **********
 **********
 **   41 **MIGRAD
 **********
 START MIGRAD MINIMIZATION.  STRATEGY  1.  CONVERGENCE WHEN EDM .LT. 1.00e-04
 FCN=20.9495 FROM MIGRAD    STATUS=INITIATE       18 CALLS        1771 TOTAL
                     EDM= unknown      STRATEGY= 1      NO ERROR MATRIX       
  EXT PARAMETER               CURRENT GUESS       STEP         FIRST   
  NO.   NAME      VALUE            ERROR          SIZE      DERIVATIVE 
   1  N0           2.92302e+06     fixed    
   2  tau          6.43896e+01   constant   
   3  A0           3.45462e-01     fixed    
   4  phi          4.12956e+00     fixed    
   5  R           -6.12649e+01   constant   
   6  alpha_CBO   -4.58174e-03     fixed    
   7  w_CBO        2.32500e+00   constant   
   8  beta_CBO     0.00000e+00   1.00000e-03   1.00000e-03   1.54117e+01
   9  alpha_2CBO   0.00000e+00   1.00000e-03   1.00000e-03   1.25970e+03
  10  beta_2CBO    2.39165e-03     fixed    
  11  alpha_y      0.00000e+00     fixed    
  12  w_y          1.44500e+01   constant   
  13  beta_y       3.57138e-04     fixed    
  14  alpha_vw     0.00000e+00     fixed    
  15  w_vw         1.29000e+01   constant   
  16  beta_vw      0.00000e+00     fixed    
  17  LM          -3.89610e-04   constant   
  18  zeta_y       0.00000e+00   constant   
  19  zeta_vw      0.00000e+00   constant   
  20  T_CBO        2.72037e+01   6.22304e-01  -2.75297e-06   5.34766e-02
  21  alpha_A0     5.09519e-01   5.38636e-01   1.02685e-03   3.06299e-03
  22  beta_A0     -3.00831e-01   5.88160e-02   2.21419e-06  -1.96694e-02
  23  alpha_phi    2.19036e-01   1.15544e-01   1.91833e-04  -1.22328e-01
  24  beta_phi     3.42749e-01   5.10332e-02  -3.06327e-05  -1.46523e-03
 MIGRAD MINIMIZATION HAS CONVERGED.
 MIGRAD WILL VERIFY CONVERGENCE AND ERROR MATRIX.
 FCN=20.7086 FROM HESSE     STATUS=NOT POSDEF     50 CALLS        1934 TOTAL
                     EDM=7.33076e-05    STRATEGY= 1      ERR MATRIX NOT POS-DEF
  EXT PARAMETER                APPROXIMATE        STEP         FIRST   
  NO.   NAME      VALUE            ERROR          SIZE      DERIVATIVE 
   1  N0           2.92302e+06     fixed    
   2  tau          6.43896e+01   constant   
   3  A0           3.45462e-01     fixed    
   4  phi          4.12956e+00     fixed    
   5  R           -6.12649e+01   constant   
   6  alpha_CBO   -4.58174e-03     fixed    
   7  w_CBO        2.32500e+00   constant   
   8  beta_CBO    -3.86302e-04   8.48463e-04   5.71158e-07   8.89783e-01
   9  alpha_2CBO  -3.80717e-04   7.38068e-04   5.69901e-07   1.25737e+00
  10  beta_2CBO    2.39165e-03     fixed    
  11  alpha_y      0.00000e+00     fixed    
  12  w_y          1.44500e+01   constant   
  13  beta_y       3.57138e-04     fixed    
  14  alpha_vw     0.00000e+00     fixed    
  15  w_vw         1.29000e+01   constant   
  16  beta_vw      0.00000e+00     fixed    
  17  LM          -3.89610e-04   constant   
  18  zeta_y       0.00000e+00   constant   
  19  zeta_vw      0.00000e+00   constant   
  20  T_CBO        2.70198e+01   4.69663e+00   4.49430e-06  -3.39503e-01
  21  alpha_A0     5.18797e-01   3.04955e-01   7.16875e-05   1.67646e-02
  22  beta_A0     -2.48652e-01   1.84309e-01   6.82522e-05  -9.20202e-05
  23  alpha_phi    1.89817e-01   1.28530e-01   5.48363e-05   1.63674e-03
  24  beta_phi     3.62896e-01   2.18918e-01   6.41993e-05   9.47520e-03
 CALL LIMIT EXCEEDED IN MIGRAD.
 MIGRAD TERMINATED WITHOUT CONVERGENCE.
 FCN=20.6835 FROM MIGRAD    STATUS=CALL LIMIT   1161 CALLS        2914 TOTAL
                     EDM=0.000889775    STRATEGY= 1      ERR MATRIX NOT POS-DEF
  EXT PARAMETER                APPROXIMATE        STEP         FIRST   
  NO.   NAME      VALUE            ERROR          SIZE      DERIVATIVE 
   1  N0           2.92302e+06     fixed    
   2  tau          6.43896e+01   constant   
   3  A0           3.45462e-01     fixed    
   4  phi          4.12956e+00     fixed    
   5  R           -6.12649e+01   constant   
   6  alpha_CBO   -4.58174e-03     fixed    
   7  w_CBO        2.32500e+00   constant   
   8  beta_CBO    -3.58085e-04   5.49177e-04  -8.10173e-08   1.79713e+01
   9  alpha_2CBO  -4.09716e-04   4.93191e-04  -7.52992e-07   1.42485e+01
  10  beta_2CBO    2.39165e-03     fixed    
  11  alpha_y      0.00000e+00     fixed    
  12  w_y          1.44500e+01   constant   
  13  beta_y       3.57138e-04     fixed    
  14  alpha_vw     0.00000e+00     fixed    
  15  w_vw         1.29000e+01   constant   
  16  beta_vw      0.00000e+00     fixed    
  17  LM          -3.89610e-04   constant   
  18  zeta_y       0.00000e+00   constant   
  19  zeta_vw      0.00000e+00   constant   
  20  T_CBO        3.64978e+01   1.74148e+01   1.17725e-03  -1.04510e+01
  21  alpha_A0     2.15893e-01   2.66215e-01  -3.35537e-03  -1.87646e+00
  22  beta_A0     -1.03420e-01   1.29525e-01   1.64170e-03  -1.73873e-01
  23  alpha_phi    7.86640e-02   1.00019e-01  -1.23437e-03  -1.42319e+00
  24  beta_phi     1.50102e-01   1.86080e-01  -2.38551e-03  -1.89316e+00
 EXTERNAL ERROR MATRIX.    NDIM=  25    NPAR=  7    ERR DEF=1
  3.016e-07  1.867e-07  8.670e-04 -1.222e-05 -1.219e-05  5.644e-06 -1.264e-05 
  1.867e-07  2.432e-07 -6.482e-04  1.092e-05 -1.980e-05  1.372e-05  3.001e-06 
  8.670e-04 -6.482e-04  3.041e+02 -4.638e+00  2.164e+00 -1.695e+00 -3.236e+00 
 -1.222e-05  1.092e-05 -4.638e+00  7.087e-02 -3.308e-02  2.589e-02  4.922e-02 
 -1.219e-05 -1.980e-05  2.164e+00 -3.308e-02  1.678e-02 -1.281e-02 -2.276e-02 
  5.644e-06  1.372e-05 -1.695e+00  2.589e-02 -1.281e-02  1.000e-02  1.781e-02 
 -1.264e-05  3.001e-06 -3.236e+00  4.922e-02 -2.276e-02  1.781e-02  3.463e-02 
ERR MATRIX NOT POS-DEF
 PARAMETER  CORRELATION COEFFICIENTS  
       NO.  GLOBAL      8      9     20     21     22     23     24
        8  0.92346   1.000  0.689  0.091 -0.084 -0.171  0.103 -0.124
        9  0.90241   0.689  1.000 -0.075  0.083 -0.310  0.278  0.033
       20  0.99992   0.091 -0.075  1.000 -0.999  0.958 -0.972 -0.997
       21  0.99970  -0.084  0.083 -0.999  1.000 -0.959  0.972  0.994
       22  0.99575  -0.171 -0.310  0.958 -0.959  1.000 -0.989 -0.944
       23  0.99738   0.103  0.278 -0.972  0.972 -0.989  1.000  0.957
       24  0.99949  -0.124  0.033 -0.997  0.994 -0.944  0.957  1.000
 ERR MATRIX NOT POS-DEF
MINUIT - FIT wiggle + 1-CBO + 2-CBO
 **********
 **   42 **RES 
 **********
                   PARAMETER   16  beta_vw RESTORED TO VARIABLE.
                   PARAMETER   14  alpha_vw RESTORED TO VARIABLE.
                   PARAMETER   13  beta_y RESTORED TO VARIABLE.
                   PARAMETER   11  alpha_y RESTORED TO VARIABLE.
                   PARAMETER   10  beta_2CBO RESTORED TO VARIABLE.
                   PARAMETER    6  alpha_CBO RESTORED TO VARIABLE.
                   PARAMETER    4  phi RESTORED TO VARIABLE.
                   PARAMETER    3  A0 RESTORED TO VARIABLE.
                   PARAMETER    1  N0 RESTORED TO VARIABLE.
 **********
 **   43 **FIX           10
 **********
 **********
 **   44 **FIX           11
 **********
 **********
 **   45 **FIX           12
 **********
 PARAMETER   12  IS CONSTANT.   IGNORED.
 **********
 **   46 **FIX           13
 **********
 **********
 **   47 **FIX           14
 **********
 **********
 **   48 **FIX           15
 **********
 PARAMETER   15  IS CONSTANT.   IGNORED.
 **********
 **   49 **FIX           16
 **********
 **********
 **   50 **MIGRAD
 **********
 START MIGRAD MINIMIZATION.  STRATEGY  1.  CONVERGENCE WHEN EDM .LT. 1.00e-04
 FCN=20.6835 FROM MIGRAD    STATUS=INITIATE       22 CALLS        2936 TOTAL
                     EDM= unknown      STRATEGY= 1      NO ERROR MATRIX       
  EXT PARAMETER               CURRENT GUESS       STEP         FIRST   
  NO.   NAME      VALUE            ERROR          SIZE      DERIVATIVE 
   1  N0           2.92302e+06   1.23662e+03   1.23662e+03  -3.99427e-06
   2  tau          6.43896e+01   constant   
   3  A0           3.45462e-01   6.19149e-04   6.19149e-04  -1.20022e+02
   4  phi          4.12956e+00   2.65771e-03   2.65771e-03   2.27047e+01
   5  R           -6.12649e+01   constant   
   6  alpha_CBO   -4.58174e-03   3.96557e-03   3.96557e-03   3.76269e+02
   7  w_CBO        2.32500e+00   constant   
   8  beta_CBO    -3.58085e-04   5.49177e-04  -8.10173e-08   1.79713e+01
   9  alpha_2CBO  -4.09716e-04   4.93191e-04  -7.52992e-07   1.42485e+01
  10  beta_2CBO    2.39165e-03     fixed    
  11  alpha_y      0.00000e+00     fixed    
  12  w_y          1.44500e+01   constant   
  13  beta_y       3.57138e-04     fixed    
  14  alpha_vw     0.00000e+00     fixed    
  15  w_vw         1.29000e+01   constant   
  16  beta_vw      0.00000e+00     fixed    
  17  LM          -3.89610e-04   constant   
  18  zeta_y       0.00000e+00   constant   
  19  zeta_vw      0.00000e+00   constant   
  20  T_CBO        3.64978e+01   1.74148e+01   1.17725e-03  -1.04510e+01
  21  alpha_A0     2.15893e-01   2.66215e-01  -3.35537e-03  -1.87646e+00
  22  beta_A0     -1.03420e-01   1.29525e-01   1.64170e-03  -1.73874e-01
  23  alpha_phi    7.86640e-02   1.00019e-01  -1.23437e-03  -1.42319e+00
  24  beta_phi     1.50102e-01   1.86080e-01  -2.38551e-03  -1.89316e+00
 MIGRAD MINIMIZATION HAS CONVERGED.
 FCN=15.5112 FROM MIGRAD    STATUS=CONVERGED    1644 CALLS        4558 TOTAL
                     EDM=2.8676e-06    STRATEGY= 1  ERROR MATRIX UNCERTAINTY   1.7 per cent
  EXT PARAMETER                                   STEP         FIRST   
  NO.   NAME      VALUE            ERROR          SIZE      DERIVATIVE 
   1  N0           3.12529e+06   4.42375e+04  -3.96605e+01  -2.49451e-06
   2  tau          6.43896e+01   constant   
   3  A0           3.58550e-01   4.14959e-03  -4.19262e-06  -1.10965e+01
   4  phi          3.82694e+00   5.91551e-02   5.81944e-05  -2.77733e+00
   5  R           -6.12649e+01   constant   
   6  alpha_CBO   -1.20923e-04   2.64857e-03  -5.47600e-06  -6.24285e-01
   7  w_CBO        2.32500e+00   constant   
   8  beta_CBO    -9.39439e-02   2.07781e-02   1.44660e-05   3.86713e+00
   9  alpha_2CBO  -1.41044e-02   4.81762e-03  -8.35854e-07   3.25637e-01
  10  beta_2CBO    2.39165e-03     fixed    
  11  alpha_y      0.00000e+00     fixed    
  12  w_y          1.44500e+01   constant   
  13  beta_y       3.57138e-04     fixed    
  14  alpha_vw     0.00000e+00     fixed    
  15  w_vw         1.29000e+01   constant   
  16  beta_vw      0.00000e+00     fixed    
  17  LM          -3.89610e-04   constant   
  18  zeta_y       0.00000e+00   constant   
  19  zeta_vw      0.00000e+00   constant   
  20  T_CBO        3.38946e+01   1.42277e+00   8.71334e-06   8.95022e-01
  21  alpha_A0     1.13692e+00   8.27019e-02   6.36235e-05  -9.79119e-02
  22  beta_A0      2.12056e+00   6.96879e-01  -3.46510e-04   1.26812e-01
  23  alpha_phi   -6.87538e-01   3.19356e-01   1.14453e-04   1.59893e-03
  24  beta_phi    -1.40454e-01   7.43937e-02  -2.90869e-05   2.48513e-02
 EXTERNAL ERROR MATRIX.    NDIM=  25    NPAR= 11    ERR DEF=1
  1.957e+09 
  1.818e+02  1.722e-05 
 -2.616e+03 -2.429e-04  3.499e-03 
  8.029e+01  8.306e-06 -1.080e-04  7.015e-06 
 -9.153e+02 -8.496e-05  1.222e-03 -3.521e-05  4.317e-04 
 -2.004e+02 -1.868e-05  2.662e-04 -6.541e-06  9.674e-05  2.321e-05 
 -6.256e+04 -5.873e-03  8.367e-02 -2.793e-03  2.916e-02  6.338e-03  2.024e+00 
  2.180e+03  1.714e-04 -2.902e-03 -3.565e-05 -1.085e-03 -2.665e-04 -6.197e-02  6.840e-03 
  3.043e+04  2.839e-03 -4.056e-02  1.156e-03 -1.444e-02 -3.295e-03 -9.702e-01  3.601e-02  4.856e-01 
 -1.387e+04 -1.296e-03  1.848e-02 -5.225e-04  6.595e-03  1.517e-03  4.422e-01 -1.646e-02 -2.223e-01  1.020e-01 
 -2.808e+03 -2.534e-04  3.724e-03 -5.463e-05  1.378e-03  3.394e-04  8.650e-02 -4.995e-03 -4.694e-02  2.163e-02  5.534e-03 
 PARAMETER  CORRELATION COEFFICIENTS  
       NO.  GLOBAL      1      3      4      6      8      9     20     21     22     23     24
        1  0.99995   1.000  0.990 -1.000  0.685 -0.996 -0.940 -0.994  0.596  0.987 -0.982 -0.853
        3  0.99949   0.990  1.000 -0.989  0.756 -0.985 -0.935 -0.995  0.500  0.982 -0.978 -0.821
        4  0.99997  -1.000 -0.989  1.000 -0.689  0.994  0.934  0.994 -0.593 -0.984  0.978  0.846
        6  0.99827   0.685  0.756 -0.689  1.000 -0.640 -0.513 -0.741 -0.163  0.626 -0.618 -0.277
        8  0.99998  -0.996 -0.985  0.994 -0.640  1.000  0.966  0.986 -0.631 -0.997  0.994  0.891
        9  0.99928  -0.940 -0.935  0.934 -0.513  0.966  1.000  0.925 -0.669 -0.982  0.986  0.947
       20  0.99914  -0.994 -0.995  0.994 -0.741  0.986  0.925  1.000 -0.527 -0.978  0.973  0.817
       21  0.99607   0.596  0.500 -0.593 -0.163 -0.631 -0.669 -0.527  1.000  0.625 -0.623 -0.812
       22  0.99996   0.987  0.982 -0.984  0.626 -0.997 -0.982 -0.978  0.625  1.000 -0.999 -0.905
       23  0.99970  -0.982 -0.978  0.978 -0.618  0.994  0.986  0.973 -0.623 -0.999  1.000  0.910
       24  0.98773  -0.853 -0.821  0.846 -0.277  0.891  0.947  0.817 -0.812 -0.905  0.910  1.000
MINUIT - FIT ONLY 1-y
 **********
 **   51 **RES 
 **********
                   PARAMETER   16  beta_vw RESTORED TO VARIABLE.
                   PARAMETER   14  alpha_vw RESTORED TO VARIABLE.
                   PARAMETER   13  beta_y RESTORED TO VARIABLE.
                   PARAMETER   11  alpha_y RESTORED TO VARIABLE.
                   PARAMETER   10  beta_2CBO RESTORED TO VARIABLE.
 **********
 **   52 **FIX            0
 **********
 PARAMETER    0  IS UNDEFINED. IGNORED.
 **********
 **   53 **FIX            1
 **********
 **********
 **   54 **FIX            2
 **********
 PARAMETER    2  IS CONSTANT.   IGNORED.
 **********
 **   55 **FIX            3
 **********
 **********
 **   56 **FIX            4
 **********
 **********
 **   57 **FIX            5
 **********
 PARAMETER    5  IS CONSTANT.   IGNORED.
 **********
 **   58 **FIX            6
 **********
 **********
 **   59 **FIX            7
 **********
 PARAMETER    7  IS CONSTANT.   IGNORED.
 **********
 **   60 **FIX            8
 **********
 **********
 **   61 **FIX            9
 **********
 **********
 **   62 **FIX           13
 **********
 **********
 **   63 **FIX           14
 **********
 **********
 **   64 **FIX           15
 **********
 PARAMETER   15  IS CONSTANT.   IGNORED.
 **********
 **   65 **FIX           16
 **********
 **********
 **   66 **MIGRAD
 **********
 START MIGRAD MINIMIZATION.  STRATEGY  1.  CONVERGENCE WHEN EDM .LT. 1.00e-04
 FCN=15.5112 FROM MIGRAD    STATUS=INITIATE       16 CALLS        4574 TOTAL
                     EDM= unknown      STRATEGY= 1      NO ERROR MATRIX       
  EXT PARAMETER               CURRENT GUESS       STEP         FIRST   
  NO.   NAME      VALUE            ERROR          SIZE      DERIVATIVE 
   1  N0           3.12529e+06     fixed    
   2  tau          6.43896e+01   constant   
   3  A0           3.58550e-01     fixed    
   4  phi          3.82694e+00     fixed    
   5  R           -6.12649e+01   constant   
   6  alpha_CBO   -1.20923e-04     fixed    
   7  w_CBO        2.32500e+00   constant   
   8  beta_CBO    -9.39439e-02     fixed    
   9  alpha_2CBO  -1.41044e-02     fixed    
  10  beta_2CBO    2.39165e-03   1.29717e-03   1.29717e-03  -5.02997e+02
  11  alpha_y      0.00000e+00   1.00000e-03   1.00000e-03   2.06812e+04
  12  w_y          1.44500e+01   constant   
  13  beta_y       3.57138e-04     fixed    
  14  alpha_vw     0.00000e+00     fixed    
  15  w_vw         1.29000e+01   constant   
  16  beta_vw      0.00000e+00     fixed    
  17  LM          -3.89610e-04   constant   
  18  zeta_y       0.00000e+00   constant   
  19  zeta_vw      0.00000e+00   constant   
  20  T_CBO        3.38946e+01   1.42277e+00   8.71334e-06   8.95017e-01
  21  alpha_A0     1.13692e+00   8.27019e-02   6.36235e-05  -9.79117e-02
  22  beta_A0      2.12056e+00   6.96879e-01  -3.46510e-04   1.26812e-01
  23  alpha_phi   -6.87538e-01   3.19356e-01   1.14453e-04   1.59893e-03
  24  beta_phi    -1.40454e-01   7.43937e-02  -2.90869e-05   2.48513e-02
 MIGRAD MINIMIZATION HAS CONVERGED.
 MIGRAD WILL VERIFY CONVERGENCE AND ERROR MATRIX.
 FCN=8.98476 FROM MIGRAD    STATUS=CONVERGED     162 CALLS        4720 TOTAL
                     EDM=2.43355e-05    STRATEGY= 1      ERR MATRIX NOT POS-DEF
  EXT PARAMETER                APPROXIMATE        STEP         FIRST   
  NO.   NAME      VALUE            ERROR          SIZE      DERIVATIVE 
   1  N0           3.12529e+06     fixed    
   2  tau          6.43896e+01   constant   
   3  A0           3.58550e-01     fixed    
   4  phi          3.82694e+00     fixed    
   5  R           -6.12649e+01   constant   
   6  alpha_CBO   -1.20923e-04     fixed    
   7  w_CBO        2.32500e+00   constant   
   8  beta_CBO    -9.39439e-02     fixed    
   9  alpha_2CBO  -1.41044e-02     fixed    
  10  beta_2CBO    2.71811e-03   5.06677e-04   3.59098e-07   1.16725e+00
  11  alpha_y     -6.23310e-04   2.43817e-04   3.65220e-07  -2.56163e+00
  12  w_y          1.44500e+01   constant   
  13  beta_y       3.57138e-04     fixed    
  14  alpha_vw     0.00000e+00     fixed    
  15  w_vw         1.29000e+01   constant   
  16  beta_vw      0.00000e+00     fixed    
  17  LM          -3.89610e-04   constant   
  18  zeta_y       0.00000e+00   constant   
  19  zeta_vw      0.00000e+00   constant   
  20  T_CBO        3.39157e+01   9.61684e-01   5.72375e-07   4.07431e-01
  21  alpha_A0     1.13807e+00   8.81344e-02   2.19704e-05  -1.56230e-02
  22  beta_A0      2.12556e+00   1.62587e-01   1.99940e-05  -2.00508e-02
  23  alpha_phi   -6.89396e-01   5.42497e-02   1.69141e-05   7.87459e-03
  24  beta_phi    -1.20180e-01   2.86799e-02   1.97132e-05  -2.62424e-02
 EXTERNAL ERROR MATRIX.    NDIM=  25    NPAR=  7    ERR DEF=1
  2.567e-07 -2.457e-08 -1.039e-05  3.954e-06  6.862e-06 -2.535e-06  1.182e-05 
 -2.457e-08  5.945e-08 -1.615e-06 -6.803e-08 -4.146e-07  1.479e-07 -1.621e-06 
 -1.039e-05 -1.615e-06  9.248e-01 -8.335e-02 -1.555e-01  5.088e-02  8.698e-03 
  3.954e-06 -6.803e-08 -8.335e-02  7.768e-03  1.404e-02 -4.575e-03 -6.878e-04 
  6.862e-06 -4.146e-07 -1.555e-01  1.404e-02  2.643e-02 -8.622e-03 -1.171e-03 
 -2.535e-06  1.479e-07  5.088e-02 -4.575e-03 -8.622e-03  2.943e-03  3.658e-04 
  1.182e-05 -1.621e-06  8.698e-03 -6.878e-04 -1.171e-03  3.658e-04  8.225e-04 
ERR MATRIX NOT POS-DEF
 PARAMETER  CORRELATION COEFFICIENTS  
       NO.  GLOBAL     10     11     20     21     22     23     24
       10  0.88852   1.000 -0.199 -0.021  0.089  0.083 -0.092  0.813
       11  0.24407  -0.199  1.000 -0.007 -0.003 -0.010  0.011 -0.232
       20  0.99781  -0.021 -0.007  1.000 -0.983 -0.994  0.975  0.315
       21  0.98689   0.089 -0.003 -0.983  1.000  0.980 -0.957 -0.272
       22  0.99683   0.083 -0.010 -0.994  0.980  1.000 -0.978 -0.251
       23  0.97942  -0.092  0.011  0.975 -0.957 -0.978  1.000  0.235
       24  0.89554   0.813 -0.232  0.315 -0.272 -0.251  0.235  1.000
 ERR MATRIX NOT POS-DEF
MINUIT - FIT ONLY 2-y
 **********
 **   67 **RES 
 **********
                   PARAMETER   16  beta_vw RESTORED TO VARIABLE.
                   PARAMETER   14  alpha_vw RESTORED TO VARIABLE.
                   PARAMETER   13  beta_y RESTORED TO VARIABLE.
                   PARAMETER    9  alpha_2CBO RESTORED TO VARIABLE.
                   PARAMETER    8  beta_CBO RESTORED TO VARIABLE.
                   PARAMETER    6  alpha_CBO RESTORED TO VARIABLE.
                   PARAMETER    4  phi RESTORED TO VARIABLE.
                   PARAMETER    3  A0 RESTORED TO VARIABLE.
                   PARAMETER    1  N0 RESTORED TO VARIABLE.
 **********
 **   68 **FIX            0
 **********
 PARAMETER    0  IS UNDEFINED. IGNORED.
 **********
 **   69 **FIX            1
 **********
 **********
 **   70 **FIX            2
 **********
 PARAMETER    2  IS CONSTANT.   IGNORED.
 **********
 **   71 **FIX            3
 **********
 **********
 **   72 **FIX            4
 **********
 **********
 **   73 **FIX            5
 **********
 PARAMETER    5  IS CONSTANT.   IGNORED.
 **********
 **   74 **FIX            6
 **********
 **********
 **   75 **FIX            7
 **********
 PARAMETER    7  IS CONSTANT.   IGNORED.
 **********
 **   76 **FIX            8
 **********
 **********
 **   77 **FIX            9
 **********
 **********
 **   78 **FIX           10
 **********
 **********
 **   79 **FIX           11
 **********
 **********
 **   80 **FIX           12
 **********
 PARAMETER   12  IS CONSTANT.   IGNORED.
 **********
 **   81 **FIX           16
 **********
 **********
 **   82 **MIGRAD
 **********
 START MIGRAD MINIMIZATION.  STRATEGY  1.  CONVERGENCE WHEN EDM .LT. 1.00e-04
 FCN=8.98476 FROM MIGRAD    STATUS=INITIATE       16 CALLS        4736 TOTAL
                     EDM= unknown      STRATEGY= 1      NO ERROR MATRIX       
  EXT PARAMETER               CURRENT GUESS       STEP         FIRST   
  NO.   NAME      VALUE            ERROR          SIZE      DERIVATIVE 
   1  N0           3.12529e+06     fixed    
   2  tau          6.43896e+01   constant   
   3  A0           3.58550e-01     fixed    
   4  phi          3.82694e+00     fixed    
   5  R           -6.12649e+01   constant   
   6  alpha_CBO   -1.20923e-04     fixed    
   7  w_CBO        2.32500e+00   constant   
   8  beta_CBO    -9.39439e-02     fixed    
   9  alpha_2CBO  -1.41044e-02     fixed    
  10  beta_2CBO    2.71811e-03     fixed    
  11  alpha_y     -6.23310e-04     fixed    
  12  w_y          1.44500e+01   constant   
  13  beta_y       3.57138e-04   2.53546e-04   2.53546e-04  -3.13467e+03
  14  alpha_vw     0.00000e+00   1.00000e-03   1.00000e-03  -1.49153e+04
  15  w_vw         1.29000e+01   constant   
  16  beta_vw      0.00000e+00     fixed    
  17  LM          -3.89610e-04   constant   
  18  zeta_y       0.00000e+00   constant   
  19  zeta_vw      0.00000e+00   constant   
  20  T_CBO        3.39157e+01   9.61684e-01   5.72375e-07   4.07401e-01
  21  alpha_A0     1.13807e+00   8.81344e-02   2.19704e-05  -1.56234e-02
  22  beta_A0      2.12556e+00   1.62587e-01   1.99940e-05  -2.00484e-02
  23  alpha_phi   -6.89396e-01   5.42497e-02   1.69141e-05   7.87423e-03
  24  beta_phi    -1.20180e-01   2.86799e-02   1.97132e-05  -2.62422e-02
 MIGRAD MINIMIZATION HAS CONVERGED.
 MIGRAD WILL VERIFY CONVERGENCE AND ERROR MATRIX.
 FCN=5.50187 FROM HESSE     STATUS=NOT POSDEF     50 CALLS        4863 TOTAL
                     EDM=9.80182e-05    STRATEGY= 1      ERR MATRIX NOT POS-DEF
  EXT PARAMETER                APPROXIMATE        STEP         FIRST   
  NO.   NAME      VALUE            ERROR          SIZE      DERIVATIVE 
   1  N0           3.12529e+06     fixed    
   2  tau          6.43896e+01   constant   
   3  A0           3.58550e-01     fixed    
   4  phi          3.82694e+00     fixed    
   5  R           -6.12649e+01   constant   
   6  alpha_CBO   -1.20923e-04     fixed    
   7  w_CBO        2.32500e+00   constant   
   8  beta_CBO    -9.39439e-02     fixed    
   9  alpha_2CBO  -1.41044e-02     fixed    
  10  beta_2CBO    2.71811e-03     fixed    
  11  alpha_y     -6.23310e-04     fixed    
  12  w_y          1.44500e+01   constant   
  13  beta_y       3.99817e-04   2.49557e-04   3.08024e-07  -5.30952e+00
  14  alpha_vw     4.58169e-04   2.50652e-04   3.06974e-07   3.69118e+00
  15  w_vw         1.29000e+01   constant   
  16  beta_vw      0.00000e+00     fixed    
  17  LM          -3.89610e-04   constant   
  18  zeta_y       0.00000e+00   constant   
  19  zeta_vw      0.00000e+00   constant   
