 + ++++++++++++++++++++++++++++++++++++++++++++++++++++++++++++++++++++ +
 +                                                                      +
 +           You have chose to blind your fitting according to          +
 +                omega_ref * (1 + (R +/- deltaR) *10^{-6})             +
 +                                                                      +
 + ++++++++++++++++++++++++++++++++++++++++++++++++++++++++++++++++++++ +
In main()...
reading format from /gm2data/zkhechad/run45/envelope/formats/formatB_sBin_constraintOn.txt
pBinTau 	= 0  
pBinPhi 	= 0  
constraintau 	= 1 
includeMopTerm 	= 0    
constrainMop    = 0   
Parameters after format file: pBinTau 0 pBinPhi 0 constraintau 1 includeMopTerm 0 constrainMop 0 c_e_scale 0.000000 
Opening file /gm2data/tbarrett/gm2fr/studies/run23_bunch_corrections/CorrectedFourier_Run3b.root.
reading full fit data from /gm2data/zkhechad/cboTemplates/Run4CBOTemplates/templateFits0_v2.0/noRF/sBin_constraintOn_cE0.0_seed0_noRF_calo6.root
windowBins = 17
fitting sliding window 18 from bin 154 at 22.827600 to bin 171 at 25.513200 (17 bins)

Reading data from /gm2data/cornell/histograms/aMethod/histogram_a_noRF.root
 **********
 **    1 **SET PRINTOUT            1
 **********
 **********
 **    2 **SET NOWARNINGS 
 **********
 PARAMETER DEFINITIONS:
    NO.   NAME         VALUE      STEP SIZE      LIMITS
     1 N0           2.90949e+06  1.00000e+02     no limits
     2 tau          6.43983e+01  constant
     3 A0           3.53683e-01  1.00000e-04     no limits
     4 phi          4.11541e+00  1.00000e-02     no limits
     5 R           -6.16270e+01  constant
     6 alpha_CBO    0.00000e+00  1.00000e-03     no limits
     7 w_CBO        2.32500e+00  constant
     8 beta_CBO     0.00000e+00  1.00000e-03     no limits
     9 alpha_2CBO   0.00000e+00  1.00000e-03     no limits
    10 beta_2CBO    0.00000e+00  1.00000e-03     no limits
    11 alpha_y      0.00000e+00  1.00000e-03     no limits
    12 w_y          1.44500e+01  constant
    13 beta_y       0.00000e+00  1.00000e-03     no limits
    14 alpha_vw     0.00000e+00  1.00000e-03     no limits
    15 w_vw         1.29000e+01  constant
    16 beta_vw      0.00000e+00  1.00000e-03     no limits
    17 LM          -2.35969e-04  constant
    18 zeta_y       0.00000e+00  constant
    19 zeta_vw      0.00000e+00  constant
    20 T_CBO        1.00000e+02  1.00000e+00    0.00000e+00  1.00000e+03
    21 alpha_A0     0.00000e+00  1.00000e-03     no limits
    22 beta_A0      0.00000e+00  1.00000e-03     no limits
    23 alpha_phi    0.00000e+00  1.00000e-03     no limits
    24 beta_phi     0.00000e+00  1.00000e-03     no limits
MINUIT - FIT ONLY WIGGLE
 **********
 **    3 **FIX            5
 **********
 PARAMETER    5  IS CONSTANT.   IGNORED.
 **********
 **    4 **FIX            6
 **********
 **********
 **    5 **FIX            7
 **********
 PARAMETER    7  IS CONSTANT.   IGNORED.
 **********
 **    6 **FIX            8
 **********
 **********
 **    7 **FIX            9
 **********
 **********
 **    8 **FIX           10
 **********
 **********
 **    9 **FIX           11
 **********
 **********
 **   10 **FIX           12
 **********
 PARAMETER   12  IS CONSTANT.   IGNORED.
 **********
 **   11 **FIX           13
 **********
 **********
 **   12 **FIX           14
 **********
 **********
 **   13 **FIX           15
 **********
 PARAMETER   15  IS CONSTANT.   IGNORED.
 **********
 **   14 **FIX           16
 **********
 **********
 **   15 **MIGRAD
 **********
 FIRST CALL TO USER FUNCTION AT NEW START POINT, WITH IFLAG=4.
 START MIGRAD MINIMIZATION.  STRATEGY  1.  CONVERGENCE WHEN EDM .LT. 1.00e-04
 FCN=9571.74 FROM MIGRAD    STATUS=INITIATE      433 CALLS         434 TOTAL
                     EDM= unknown      STRATEGY= 1      NO ERROR MATRIX       
  EXT PARAMETER               CURRENT GUESS       STEP         FIRST   
  NO.   NAME      VALUE            ERROR          SIZE      DERIVATIVE 
   1  N0           2.90949e+06   1.00000e+02   0.00000e+00   8.29324e-02
   2  tau          6.43983e+01   constant   
   3  A0           3.53683e-01   1.00000e-04   0.00000e+00   4.67179e+05
   4  phi          4.11541e+00   1.00000e-02   0.00000e+00   2.77987e+05
   5  R           -6.16270e+01   constant   
   6  alpha_CBO    0.00000e+00     fixed    
   7  w_CBO        2.32500e+00   constant   
   8  beta_CBO     0.00000e+00     fixed    
   9  alpha_2CBO   0.00000e+00     fixed    
  10  beta_2CBO    0.00000e+00     fixed    
  11  alpha_y      0.00000e+00     fixed    
  12  w_y          1.44500e+01   constant   
  13  beta_y       0.00000e+00     fixed    
  14  alpha_vw     0.00000e+00     fixed    
  15  w_vw         1.29000e+01   constant   
  16  beta_vw      0.00000e+00     fixed    
  17  LM          -2.35969e-04   constant   
  18  zeta_y       0.00000e+00   constant   
  19  zeta_vw      0.00000e+00   constant   
  20  T_CBO        1.00000e+02   1.00000e+00   0.00000e+00   0.00000e+00
  21  alpha_A0     0.00000e+00   1.00000e-03   0.00000e+00  -2.21901e+04
  22  beta_A0      0.00000e+00   1.00000e-03   0.00000e+00  -5.26174e+04
  23  alpha_phi    0.00000e+00   1.00000e-03   0.00000e+00  -2.61240e+04
  24  beta_phi     0.00000e+00   1.00000e-03   0.00000e+00   1.39429e+05
 MIGRAD MINIMIZATION HAS CONVERGED.
 FCN=2679.06 FROM MIGRAD    STATUS=CONVERGED    1321 CALLS        1322 TOTAL
                     EDM=1.55028e-06    STRATEGY= 1  ERROR MATRIX UNCERTAINTY   2.8 per cent
  EXT PARAMETER                                   STEP         FIRST   
  NO.   NAME      VALUE            ERROR          SIZE      DERIVATIVE 
   1  N0           2.95291e+06   3.99183e+03  -1.96225e+01  -6.82467e-07
   2  tau          6.43983e+01   constant   
   3  A0           4.14603e-01   2.56316e-03   4.72912e-07   1.22557e+01
   4  phi          4.12223e+00   4.49999e-03   9.55982e-07   7.78479e+00
   5  R           -6.16270e+01   constant   
   6  alpha_CBO    0.00000e+00     fixed    
   7  w_CBO        2.32500e+00   constant   
   8  beta_CBO     0.00000e+00     fixed    
   9  alpha_2CBO   0.00000e+00     fixed    
  10  beta_2CBO    0.00000e+00     fixed    
  11  alpha_y      0.00000e+00     fixed    
  12  w_y          1.44500e+01   constant   
  13  beta_y       0.00000e+00     fixed    
  14  alpha_vw     0.00000e+00     fixed    
  15  w_vw         1.29000e+01   constant   
  16  beta_vw      0.00000e+00     fixed    
  17  LM          -2.35969e-04   constant   
  18  zeta_y       0.00000e+00   constant   
  19  zeta_vw      0.00000e+00   constant   
  20  T_CBO        1.31133e+02   5.35137e+00  -6.79004e-05   6.14805e-02
  21  alpha_A0     2.33609e-01   8.70862e-03  -1.09208e-05  -2.08130e+00
  22  beta_A0     -3.50481e-02   8.18596e-03   2.26476e-05  -3.19292e+00
  23  alpha_phi   -8.14481e-02   1.03490e-02   2.90153e-05  -1.20571e+00
  24  beta_phi    -2.76402e-01   1.07303e-02   2.21180e-05   2.79125e+00
 EXTERNAL ERROR MATRIX.    NDIM=  25    NPAR=  8    ERR DEF=1
  1.593e+07  4.085e+00 -1.060e+01  1.892e+04  1.895e+01 -2.881e+01 -3.849e+01 -2.188e+01 
  4.085e+00  6.570e-06  4.667e-06  8.379e-03  2.196e-05  4.967e-08 -3.384e-06 -2.698e-05 
 -1.060e+01  4.667e-06  2.025e-05 -9.486e-03  1.086e-05  3.304e-05  3.873e-05 -1.666e-05 
  1.892e+04  8.379e-03 -9.486e-03  2.864e+01  3.363e-02 -3.164e-02 -4.412e-02 -3.857e-02 
  1.895e+01  2.196e-05  1.086e-05  3.363e-02  7.584e-05 -1.061e-05 -2.504e-05 -9.253e-05 
 -2.881e+01  4.967e-08  3.304e-05 -3.164e-02 -1.061e-05  6.701e-05  8.363e-05  7.640e-06 
 -3.849e+01 -3.384e-06  3.873e-05 -4.412e-02 -2.504e-05  8.363e-05  1.071e-04  2.415e-05 
 -2.188e+01 -2.698e-05 -1.666e-05 -3.857e-02 -9.253e-05  7.640e-06  2.415e-05  1.151e-04 
 PARAMETER  CORRELATION COEFFICIENTS  
       NO.  GLOBAL      1      3      4     20     21     22     23     24
        1  0.99878   1.000  0.399 -0.590  0.886  0.545 -0.882 -0.932 -0.511
        3  0.99966   0.399  1.000  0.405  0.611  0.984  0.002 -0.128 -0.981
        4  0.99875  -0.590  0.405  1.000 -0.394  0.277  0.897  0.832 -0.345
       20  0.97788   0.886  0.611 -0.394  1.000  0.722 -0.722 -0.797 -0.672
       21  0.99946   0.545  0.984  0.277  0.722  1.000 -0.149 -0.278 -0.990
       22  0.99837  -0.882  0.002  0.897 -0.722 -0.149  1.000  0.987  0.087
       23  0.99798  -0.932 -0.128  0.832 -0.797 -0.278  0.987  1.000  0.217
       24  0.99935  -0.511 -0.981 -0.345 -0.672 -0.990  0.087  0.217  1.000
MINUIT - FIT ONLY 1-CBO + wiggle
 **********
 **   16 **RES 
 **********
                   PARAMETER   16  beta_vw RESTORED TO VARIABLE.
                   PARAMETER   14  alpha_vw RESTORED TO VARIABLE.
                   PARAMETER   13  beta_y RESTORED TO VARIABLE.
                   PARAMETER   11  alpha_y RESTORED TO VARIABLE.
                   PARAMETER   10  beta_2CBO RESTORED TO VARIABLE.
                   PARAMETER    9  alpha_2CBO RESTORED TO VARIABLE.
                   PARAMETER    8  beta_CBO RESTORED TO VARIABLE.
                   PARAMETER    6  alpha_CBO RESTORED TO VARIABLE.
 **********
 **   17 **FIX            8
 **********
 **********
 **   18 **FIX            9
 **********
 **********
 **   19 **FIX           11
 **********
 **********
 **   20 **FIX           12
 **********
 PARAMETER   12  IS CONSTANT.   IGNORED.
 **********
 **   21 **FIX           14
 **********
 **********
 **   22 **FIX           15
 **********
 PARAMETER   15  IS CONSTANT.   IGNORED.
 **********
 **   23 **FIX           16
 **********
 **********
 **   24 **MIGRAD
 **********
 START MIGRAD MINIMIZATION.  STRATEGY  1.  CONVERGENCE WHEN EDM .LT. 1.00e-04
 FCN=2679.06 FROM MIGRAD    STATUS=INITIATE       28 CALLS        1350 TOTAL
                     EDM= unknown      STRATEGY= 1      NO ERROR MATRIX       
  EXT PARAMETER               CURRENT GUESS       STEP         FIRST   
  NO.   NAME      VALUE            ERROR          SIZE      DERIVATIVE 
   1  N0           2.95291e+06   3.99183e+03  -1.96225e+01  -6.82466e-07
   2  tau          6.43983e+01   constant   
   3  A0           4.14603e-01   2.56316e-03   4.72912e-07   1.22557e+01
   4  phi          4.12223e+00   4.49999e-03   9.55982e-07   7.78479e+00
   5  R           -6.16270e+01   constant   
   6  alpha_CBO    0.00000e+00   1.00000e-03   1.00000e-03  -3.10835e+03
   7  w_CBO        2.32500e+00   constant   
   8  beta_CBO     0.00000e+00     fixed    
   9  alpha_2CBO   0.00000e+00     fixed    
  10  beta_2CBO    0.00000e+00   1.00000e-03   1.00000e-03   7.81132e+03
  11  alpha_y      0.00000e+00     fixed    
  12  w_y          1.44500e+01   constant   
  13  beta_y       0.00000e+00   1.00000e-03   1.00000e-03   8.76087e+04
  14  alpha_vw     0.00000e+00     fixed    
  15  w_vw         1.29000e+01   constant   
  16  beta_vw      0.00000e+00     fixed    
  17  LM          -2.35969e-04   constant   
  18  zeta_y       0.00000e+00   constant   
  19  zeta_vw      0.00000e+00   constant   
  20  T_CBO        1.31133e+02   5.35137e+00  -6.79004e-05  -6.14822e-02
  21  alpha_A0     2.33609e-01   8.70862e-03  -1.09208e-05  -2.08131e+00
  22  beta_A0     -3.50481e-02   8.18596e-03   2.26476e-05  -3.19292e+00
  23  alpha_phi   -8.14481e-02   1.03490e-02   2.90153e-05  -1.20571e+00
  24  beta_phi    -2.76402e-01   1.07303e-02   2.21180e-05   2.79125e+00
 MIGRAD MINIMIZATION HAS CONVERGED.
 MIGRAD WILL VERIFY CONVERGENCE AND ERROR MATRIX.
 COVARIANCE MATRIX CALCULATED SUCCESSFULLY
 FCN=2587.25 FROM HESSE     STATUS=OK            100 CALLS        2882 TOTAL
                     EDM=0.00373764    STRATEGY= 1      ERROR MATRIX ACCURATE 
  EXT PARAMETER                                   STEP         FIRST   
  NO.   NAME      VALUE            ERROR          SIZE      DERIVATIVE 
   1  N0           2.89969e+06   2.49514e+04   7.02549e+00   2.17767e-06
   2  tau          6.43983e+01   constant   
   3  A0           5.04521e-01   2.79732e-02   5.58915e-06   4.80456e+00
   4  phi          4.18832e+00   8.48161e-03   5.49676e-06  -6.58840e-01
   5  R           -6.16270e+01   constant   
   6  alpha_CBO    2.85250e-03   9.37549e-03   3.52599e-06   5.14769e+00
   7  w_CBO        2.32500e+00   constant   
   8  beta_CBO     0.00000e+00     fixed    
   9  alpha_2CBO   0.00000e+00     fixed    
  10  beta_2CBO   -1.68977e-02   3.43214e-03   3.46515e-06  -4.30153e-03
  11  alpha_y      0.00000e+00     fixed    
  12  w_y          1.44500e+01   constant   
  13  beta_y      -3.38298e-04   1.50799e-04   3.37963e-06   5.12932e-02
  14  alpha_vw     0.00000e+00     fixed    
  15  w_vw         1.29000e+01   constant   
  16  beta_vw      0.00000e+00     fixed    
  17  LM          -2.35969e-04   constant   
  18  zeta_y       0.00000e+00   constant   
  19  zeta_vw      0.00000e+00   constant   
  20  T_CBO        5.11132e+02   2.85199e+02   4.25819e-04  -2.21887e-01
  21  alpha_A0     3.73833e-01   2.31786e-02   8.44451e-06  -1.06737e+00
  22  beta_A0      5.75713e-02   5.61203e-03   7.86911e-06   7.31892e-01
  23  alpha_phi    6.15567e-02   2.90591e-02   1.37412e-05   1.98900e-01
  24  beta_phi    -3.71350e-01   2.10428e-02   1.39294e-05   8.98613e-01
 CALL LIMIT EXCEEDED IN MIGRAD.
 MIGRAD TERMINATED WITHOUT CONVERGENCE.
 FCN=2587.21 FROM MIGRAD    STATUS=CALL LIMIT   1905 CALLS        3227 TOTAL
                     EDM=0.00317801    STRATEGY= 1  ERROR MATRIX UNCERTAINTY   2.9 per cent
  EXT PARAMETER                APPROXIMATE        STEP         FIRST   
  NO.   NAME      VALUE            ERROR          SIZE      DERIVATIVE 
   1  N0           2.90001e+06   2.44323e+04  -2.46309e+02   5.00495e-05
   2  tau          6.43983e+01   constant   
   3  A0           5.04293e-01   2.78741e-02   2.67440e-04   3.58116e+02
   4  phi          4.18837e+00   8.20718e-03  -6.74296e-05   1.59280e+02
   5  R           -6.16270e+01   constant   
   6  alpha_CBO    2.89922e-03   9.14158e-03  -9.59811e-05   4.16072e+02
   7  w_CBO        2.32500e+00   constant   
   8  beta_CBO     0.00000e+00     fixed    
   9  alpha_2CBO   0.00000e+00     fixed    
  10  beta_2CBO   -1.68758e-02   3.49454e-03  -2.76131e-05  -1.98929e+02
  11  alpha_y      0.00000e+00     fixed    
  12  w_y          1.44500e+01   constant   
  13  beta_y      -3.38514e-04   1.51403e-04  -7.43125e-08   6.02051e+01
  14  alpha_vw     0.00000e+00     fixed    
  15  w_vw         1.29000e+01   constant   
  16  beta_vw      0.00000e+00     fixed    
  17  LM          -2.35969e-04   constant   
  18  zeta_y       0.00000e+00   constant   
  19  zeta_vw      0.00000e+00   constant   
  20  T_CBO        6.15492e+02   2.49344e+02   1.79919e-02  -3.58882e+00
  21  alpha_A0     3.70774e-01   2.04531e-02  -1.22849e-04  -2.19060e+02
  22  beta_A0      5.70390e-02   5.31093e-03  -3.89391e-06  -4.55752e+01
  23  alpha_phi    6.08398e-02   2.85417e-02   2.57193e-04  -3.36085e+01
  24  beta_phi    -3.68287e-01   1.78968e-02   1.12007e-04   7.32065e+01
 EXTERNAL ERROR MATRIX.    NDIM=  25    NPAR= 11    ERR DEF=1
  5.969e+08 
 -6.419e+02  7.770e-04 
  1.546e+02 -1.240e-04  6.736e-05 
  2.177e+02 -2.188e-04  6.595e-05  8.357e-05 
  6.784e+01 -9.213e-05  7.630e-06  2.080e-05  1.221e-05 
  6.813e-02  4.428e-07  3.242e-07  1.503e-07 -1.213e-07  2.292e-08 
 -7.011e+05  1.012e+00 -8.498e-02 -2.552e-01 -1.321e-01  1.083e-03  6.854e+04 
 -2.250e+02  3.977e-04  2.397e-05 -4.961e-05 -6.164e-05  1.006e-06 -9.812e-01  4.183e-04 
 -7.670e+01  1.105e-04  1.240e-06 -2.061e-05 -1.554e-05  2.169e-07 -9.863e-02  9.213e-05  2.821e-05 
 -6.811e+02  7.810e-04 -1.451e-04 -2.381e-04 -8.851e-05  2.701e-07  7.321e-01  3.537e-04  1.124e-04  8.146e-04 
  2.422e+02 -3.845e-04 -1.607e-06  6.465e-05  5.516e-05 -7.398e-07  1.036e+00 -3.588e-04 -8.141e-05 -3.549e-04  3.203e-04 
ERR MATRIX APPROXIMATE
 PARAMETER  CORRELATION COEFFICIENTS  
       NO.  GLOBAL      1      3      4      6     10     13     20     21     22     23     24
        1  0.99994   1.000 -0.943  0.771  0.975  0.795  0.018 -0.110 -0.450 -0.591 -0.977  0.554
        3  0.99999  -0.943  1.000 -0.542 -0.859 -0.946  0.105  0.139  0.698  0.746  0.982 -0.771
        4  0.99972   0.771 -0.542  1.000  0.879  0.266  0.261 -0.040  0.143  0.028 -0.620 -0.011
        6  0.99993   0.975 -0.859  0.879  1.000  0.651  0.109 -0.107 -0.265 -0.424 -0.913  0.395
       10  0.99931   0.795 -0.946  0.266  0.651  1.000 -0.229 -0.144 -0.862 -0.837 -0.887  0.882
       13  0.45106   0.018  0.105  0.261  0.109 -0.229  1.000  0.027  0.325  0.270  0.063 -0.273
       20  0.99961  -0.110  0.139 -0.040 -0.107 -0.144  0.027  1.000 -0.183 -0.071  0.098  0.221
       21  0.99994  -0.450  0.698  0.143 -0.265 -0.862  0.325 -0.183  1.000  0.848  0.606 -0.980
       22  0.99832  -0.591  0.746  0.028 -0.424 -0.837  0.270 -0.071  0.848  1.000  0.742 -0.856
       23  0.99984  -0.977  0.982 -0.620 -0.913 -0.887  0.063  0.098  0.606  0.742  1.000 -0.695
       24  0.99965   0.554 -0.771 -0.011  0.395  0.882 -0.273  0.221 -0.980 -0.856 -0.695  1.000
 ERR MATRIX APPROXIMATE
MINUIT - FIT ONLY 2-CBO
 **********
 **   25 **RES 
 **********
                   PARAMETER   16  beta_vw RESTORED TO VARIABLE.
                   PARAMETER   14  alpha_vw RESTORED TO VARIABLE.
                   PARAMETER   11  alpha_y RESTORED TO VARIABLE.
                   PARAMETER    9  alpha_2CBO RESTORED TO VARIABLE.
                   PARAMETER    8  beta_CBO RESTORED TO VARIABLE.
 **********
 **   26 **FIX            0
 **********
 PARAMETER    0  IS UNDEFINED. IGNORED.
 **********
 **   27 **FIX            1
 **********
 **********
 **   28 **FIX            2
 **********
 PARAMETER    2  IS CONSTANT.   IGNORED.
 **********
 **   29 **FIX            3
 **********
 **********
 **   30 **FIX            4
 **********
 **********
 **   31 **FIX            5
 **********
 PARAMETER    5  IS CONSTANT.   IGNORED.
 **********
 **   32 **FIX            6
 **********
 **********
 **   33 **FIX            7
 **********
 PARAMETER    7  IS CONSTANT.   IGNORED.
 **********
 **   34 **FIX           10
 **********
 **********
 **   35 **FIX           11
 **********
 **********
 **   36 **FIX           12
 **********
 PARAMETER   12  IS CONSTANT.   IGNORED.
 **********
 **   37 **FIX           13
 **********
 **********
 **   38 **FIX           14
 **********
 **********
 **   39 **FIX           15
 **********
 PARAMETER   15  IS CONSTANT.   IGNORED.
 **********
 **   40 **FIX           16
 **********
 **********
 **   41 **MIGRAD
 **********
 START MIGRAD MINIMIZATION.  STRATEGY  1.  CONVERGENCE WHEN EDM .LT. 1.00e-04
 FCN=2587.21 FROM MIGRAD    STATUS=INITIATE       18 CALLS        3245 TOTAL
                     EDM= unknown      STRATEGY= 1      NO ERROR MATRIX       
  EXT PARAMETER               CURRENT GUESS       STEP         FIRST   
  NO.   NAME      VALUE            ERROR          SIZE      DERIVATIVE 
   1  N0           2.90001e+06     fixed    
   2  tau          6.43983e+01   constant   
   3  A0           5.04293e-01     fixed    
   4  phi          4.18837e+00     fixed    
   5  R           -6.16270e+01   constant   
   6  alpha_CBO    2.89922e-03     fixed    
   7  w_CBO        2.32500e+00   constant   
   8  beta_CBO     0.00000e+00   1.00000e-03   1.00000e-03   1.47311e+02
   9  alpha_2CBO   0.00000e+00   1.00000e-03   1.00000e-03  -2.64526e+03
  10  beta_2CBO   -1.68758e-02     fixed    
  11  alpha_y      0.00000e+00     fixed    
  12  w_y          1.44500e+01   constant   
  13  beta_y      -3.38514e-04     fixed    
  14  alpha_vw     0.00000e+00     fixed    
  15  w_vw         1.29000e+01   constant   
  16  beta_vw      0.00000e+00     fixed    
  17  LM          -2.35969e-04   constant   
  18  zeta_y       0.00000e+00   constant   
  19  zeta_vw      0.00000e+00   constant   
  20  T_CBO        6.15492e+02   2.49344e+02   1.79919e-02  -3.58888e+00
  21  alpha_A0     3.70774e-01   2.04531e-02  -1.22849e-04  -2.19060e+02
  22  beta_A0      5.70390e-02   5.31093e-03  -3.89391e-06  -4.55752e+01
  23  alpha_phi    6.08398e-02   2.85417e-02   2.57193e-04  -3.36085e+01
  24  beta_phi    -3.68287e-01   1.78968e-02   1.12007e-04   7.32065e+01
 MIGRAD MINIMIZATION HAS CONVERGED.
 FCN=2586.93 FROM MIGRAD    STATUS=CONVERGED     948 CALLS        4175 TOTAL
                     EDM=1.6224e-06    STRATEGY= 1  ERROR MATRIX UNCERTAINTY   4.2 per cent
  EXT PARAMETER                                   STEP         FIRST   
  NO.   NAME      VALUE            ERROR          SIZE      DERIVATIVE 
   1  N0           2.90001e+06     fixed    
   2  tau          6.43983e+01   constant   
   3  A0           5.04293e-01     fixed    
   4  phi          4.18837e+00     fixed    
   5  R           -6.16270e+01   constant   
   6  alpha_CBO    2.89922e-03     fixed    
   7  w_CBO        2.32500e+00   constant   
   8  beta_CBO     1.76809e-04   6.03098e-04   1.47774e-07   3.36778e+00
   9  alpha_2CBO   1.21136e-04   2.66107e-04   8.04110e-08   9.79067e-01
  10  beta_2CBO   -1.68758e-02     fixed    
  11  alpha_y      0.00000e+00     fixed    
  12  w_y          1.44500e+01   constant   
  13  beta_y      -3.38514e-04     fixed    
  14  alpha_vw     0.00000e+00     fixed    
  15  w_vw         1.29000e+01   constant   
  16  beta_vw      0.00000e+00     fixed    
  17  LM          -2.35969e-04   constant   
  18  zeta_y       0.00000e+00   constant   
  19  zeta_vw      0.00000e+00   constant   
  20  T_CBO        1.00000e+03   8.40425e+02   3.64418e-03** at limit **
  21  alpha_A0     3.65386e-01   3.77941e-04   1.16090e-06   3.63417e+00
  22  beta_A0      5.66204e-02   9.40488e-04   1.12424e-06  -4.92586e+00
  23  alpha_phi    5.98242e-02   9.13084e-04   7.65009e-07  -1.82118e+00
  24  beta_phi    -3.62930e-01   2.09012e-03  -1.69723e-06  -1.07451e+00
 EXTERNAL ERROR MATRIX.    NDIM=  25    NPAR=  7    ERR DEF=1
  3.637e-07 -1.547e-08  5.714e-06  7.698e-08  5.150e-07  1.334e-07 -1.168e-06 
 -1.547e-08  7.081e-08  1.276e-06 -7.694e-10  4.694e-08 -1.897e-07  1.922e-07 
  5.714e-06  1.276e-06  2.681e-02 -1.403e-05  1.798e-05  8.881e-06 -2.417e-06 
  7.698e-08 -7.694e-10 -1.403e-05  1.428e-07  1.074e-07  5.736e-10 -2.630e-07 
  5.150e-07  4.694e-08  1.798e-05  1.074e-07  8.845e-07 -1.140e-08 -1.513e-06 
  1.334e-07 -1.897e-07  8.881e-06  5.736e-10 -1.140e-08  8.337e-07 -8.456e-07 
 -1.168e-06  1.922e-07 -2.417e-06 -2.630e-07 -1.513e-06 -8.456e-07  4.369e-06 
 PARAMETER  CORRELATION COEFFICIENTS  
       NO.  GLOBAL      8      9     20     21     22     23     24
        8  0.97553   1.000 -0.096  0.058  0.338  0.908  0.242 -0.926
        9  0.85756  -0.096  1.000  0.029 -0.008  0.188 -0.781  0.346
       20  0.35994   0.058  0.029  1.000 -0.227  0.117  0.059 -0.007
       21  0.43248   0.338 -0.008 -0.227  1.000  0.302  0.002 -0.333
       22  0.95180   0.908  0.188  0.117  0.302  1.000 -0.013 -0.770
       23  0.81398   0.242 -0.781  0.059  0.002 -0.013  1.000 -0.443
       24  0.96342  -0.926  0.346 -0.007 -0.333 -0.770 -0.443  1.000
MINUIT - FIT wiggle + 1-CBO + 2-CBO
 **********
 **   42 **RES 
 **********
                   PARAMETER   16  beta_vw RESTORED TO VARIABLE.
                   PARAMETER   14  alpha_vw RESTORED TO VARIABLE.
                   PARAMETER   13  beta_y RESTORED TO VARIABLE.
                   PARAMETER   11  alpha_y RESTORED TO VARIABLE.
                   PARAMETER   10  beta_2CBO RESTORED TO VARIABLE.
                   PARAMETER    6  alpha_CBO RESTORED TO VARIABLE.
                   PARAMETER    4  phi RESTORED TO VARIABLE.
                   PARAMETER    3  A0 RESTORED TO VARIABLE.
                   PARAMETER    1  N0 RESTORED TO VARIABLE.
 **********
 **   43 **FIX           10
 **********
 **********
 **   44 **FIX           11
 **********
 **********
 **   45 **FIX           12
 **********
 PARAMETER   12  IS CONSTANT.   IGNORED.
 **********
 **   46 **FIX           13
 **********
 **********
 **   47 **FIX           14
 **********
 **********
 **   48 **FIX           15
 **********
 PARAMETER   15  IS CONSTANT.   IGNORED.
 **********
 **   49 **FIX           16
 **********
 **********
 **   50 **MIGRAD
 **********
 START MIGRAD MINIMIZATION.  STRATEGY  1.  CONVERGENCE WHEN EDM .LT. 1.00e-04
 FCN=2586.93 FROM MIGRAD    STATUS=INITIATE       22 CALLS        4197 TOTAL
                     EDM= unknown      STRATEGY= 1      NO ERROR MATRIX       
  EXT PARAMETER               CURRENT GUESS       STEP         FIRST   
  NO.   NAME      VALUE            ERROR          SIZE      DERIVATIVE 
   1  N0           2.90001e+06   2.44323e+04   2.44323e+04   3.36893e-04
   2  tau          6.43983e+01   constant   
   3  A0           5.04293e-01   2.78741e-02   2.78741e-02   3.70206e+01
   4  phi          4.18837e+00   8.20718e-03   8.20718e-03  -4.48549e+01
   5  R           -6.16270e+01   constant   
   6  alpha_CBO    2.89922e-03   9.14158e-03   9.14158e-03  -6.54078e+02
   7  w_CBO        2.32500e+00   constant   
   8  beta_CBO     1.76809e-04   6.03098e-04   1.47774e-07   3.60852e+00
   9  alpha_2CBO   1.21136e-04   2.66107e-04   8.04110e-08   8.91210e-01
  10  beta_2CBO   -1.68758e-02     fixed    
  11  alpha_y      0.00000e+00     fixed    
  12  w_y          1.44500e+01   constant   
  13  beta_y      -3.38514e-04     fixed    
  14  alpha_vw     0.00000e+00     fixed    
  15  w_vw         1.29000e+01   constant   
  16  beta_vw      0.00000e+00     fixed    
  17  LM          -2.35969e-04   constant   
  18  zeta_y       0.00000e+00   constant   
  19  zeta_vw      0.00000e+00   constant   
  20  T_CBO        9.99999e+02   8.40425e+02   3.64418e-03  -1.59260e-03
  21  alpha_A0     3.65386e-01   3.77941e-04   1.16090e-06   3.48879e+00
  22  beta_A0      5.66204e-02   9.40488e-04   1.12424e-06  -4.95662e+00
  23  alpha_phi    5.98242e-02   9.13084e-04   7.65009e-07  -1.83056e+00
  24  beta_phi    -3.62930e-01   2.09012e-03  -1.69723e-06  -1.02454e+00
 CALL LIMIT EXCEEDED IN MIGRAD.
 MIGRAD TERMINATED WITHOUT CONVERGENCE.
 FCN=2467.46 FROM MIGRAD    STATUS=CALL LIMIT   1916 CALLS        6091 TOTAL
                     EDM=0.773676    STRATEGY= 1  ERROR MATRIX UNCERTAINTY  10.9 per cent
  EXT PARAMETER                APPROXIMATE        STEP         FIRST   
  NO.   NAME      VALUE            ERROR          SIZE      DERIVATIVE 
   1  N0           2.83527e+06   7.42816e+03   2.14711e+03   2.37920e-03
   2  tau          6.43983e+01   constant   
   3  A0           4.44821e-01   4.65351e-03  -1.41857e-03   1.80333e+03
   4  phi          4.20995e+00   2.36008e-03   3.42292e-04  -8.93332e+02
   5  R           -6.16270e+01   constant   
   6  alpha_CBO    9.71314e-02   4.89257e-03   1.08844e-03  -6.12279e+03
   7  w_CBO        2.32500e+00   constant   
   8  beta_CBO     1.26234e-01   5.02360e-03   1.93831e-04   3.31227e+03
   9  alpha_2CBO   2.22795e-02   5.90395e-04  -9.69742e-05  -7.10259e+03
  10  beta_2CBO   -1.68758e-02     fixed    
  11  alpha_y      0.00000e+00     fixed    
  12  w_y          1.44500e+01   constant   
  13  beta_y      -3.38514e-04     fixed    
  14  alpha_vw     0.00000e+00     fixed    
  15  w_vw         1.29000e+01   constant   
  16  beta_vw      0.00000e+00     fixed    
  17  LM          -2.35969e-04   constant   
  18  zeta_y       0.00000e+00   constant   
  19  zeta_vw      0.00000e+00   constant   
  20  T_CBO        8.45480e+02   9.52688e+01   8.03289e-02   3.38505e+00
  21  alpha_A0     5.19705e-01   8.41832e-03   9.01915e-04   1.78589e+03
  22  beta_A0      4.01983e-01   1.08621e-02  -3.70937e-04   1.24642e+03
  23  alpha_phi    3.00634e-02   1.11317e-02  -3.15549e-03  -8.30172e+02
  24  beta_phi    -5.38994e-01   1.16463e-02  -4.61472e-04   1.93682e+03
 EXTERNAL ERROR MATRIX.    NDIM=  25    NPAR= 11    ERR DEF=1
  5.518e+07 
 -3.258e+01  2.166e-05 
  1.008e+01 -5.855e-06  5.570e-06 
  2.486e+01 -1.867e-05  4.567e-06  2.394e-05 
  2.567e+00 -6.207e-06 -8.230e-07  1.848e-05  2.524e-05 
 -2.609e+00  1.175e-06  5.474e-08  8.841e-09  1.260e-06  3.486e-07 
  6.698e+05 -4.355e-01  1.318e-01  3.209e-01  2.602e-02 -2.793e-02  9.294e+03 
  2.170e+01 -1.946e-05  4.349e-06  3.718e-05  3.962e-05  1.534e-06  2.466e-01  7.087e-05 
 -1.549e+01 -1.938e-06  3.757e-07  3.027e-05  5.013e-05  4.635e-06 -1.479e-01  7.542e-05  1.180e-04 
 -7.604e+01  4.917e-05 -9.534e-06 -4.722e-05 -2.244e-05  2.897e-06 -9.342e-01 -5.713e-05 -1.258e-05  1.239e-04 
 -1.356e+01  1.512e-05  2.772e-06 -4.226e-05 -5.638e-05 -1.755e-06 -6.008e-02 -9.048e-05 -1.022e-04  6.064e-05  1.356e-04 
ERR MATRIX APPROXIMATE
 PARAMETER  CORRELATION COEFFICIENTS  
       NO.  GLOBAL      1      3      4      6      8      9     20     21     22     23     24
        1  0.99998   1.000 -0.943  0.575  0.684  0.069 -0.595  0.935  0.347 -0.192 -0.920 -0.157
        3  0.99993  -0.943  1.000 -0.533 -0.820 -0.265  0.428 -0.971 -0.497 -0.038  0.949  0.279
        4  0.99946   0.575 -0.533  1.000  0.396 -0.069  0.039  0.579  0.219  0.015 -0.363  0.101
        6  1.00000   0.684 -0.820  0.396  1.000  0.752  0.003  0.680  0.903  0.570 -0.867 -0.742
        8  0.99997   0.069 -0.265 -0.069  0.752  1.000  0.425  0.054  0.937  0.919 -0.401 -0.964
        9  0.99973  -0.595  0.428  0.039  0.003  0.425  1.000 -0.491  0.309  0.723  0.441 -0.255
       20  0.99936   0.935 -0.971  0.579  0.680  0.054 -0.491  1.000  0.304 -0.141 -0.871 -0.054
       21  0.99998   0.347 -0.497  0.219  0.903  0.937  0.309  0.304  1.000  0.825 -0.610 -0.923
       22  0.99998  -0.192 -0.038  0.015  0.570  0.919  0.723 -0.141  0.825  1.000 -0.104 -0.808
       23  0.99995  -0.920  0.949 -0.363 -0.867 -0.401  0.441 -0.871 -0.610 -0.104  1.000  0.468
       24  0.99999  -0.157  0.279  0.101 -0.742 -0.964 -0.255 -0.054 -0.923 -0.808  0.468  1.000
 ERR MATRIX APPROXIMATE
MINUIT - FIT ONLY 1-y
 **********
 **   51 **RES 
 **********
                   PARAMETER   16  beta_vw RESTORED TO VARIABLE.
                   PARAMETER   14  alpha_vw RESTORED TO VARIABLE.
                   PARAMETER   13  beta_y RESTORED TO VARIABLE.
                   PARAMETER   11  alpha_y RESTORED TO VARIABLE.
                   PARAMETER   10  beta_2CBO RESTORED TO VARIABLE.
 **********
 **   52 **FIX            0
 **********
 PARAMETER    0  IS UNDEFINED. IGNORED.
 **********
 **   53 **FIX            1
 **********
 **********
 **   54 **FIX            2
 **********
 PARAMETER    2  IS CONSTANT.   IGNORED.
 **********
 **   55 **FIX            3
 **********
 **********
 **   56 **FIX            4
 **********
 **********
 **   57 **FIX            5
 **********
 PARAMETER    5  IS CONSTANT.   IGNORED.
 **********
 **   58 **FIX            6
 **********
 **********
 **   59 **FIX            7
 **********
 PARAMETER    7  IS CONSTANT.   IGNORED.
 **********
 **   60 **FIX            8
 **********
 **********
 **   61 **FIX            9
 **********
 **********
 **   62 **FIX           13
 **********
 **********
 **   63 **FIX           14
 **********
 **********
 **   64 **FIX           15
 **********
 PARAMETER   15  IS CONSTANT.   IGNORED.
 **********
 **   65 **FIX           16
 **********
 **********
 **   66 **MIGRAD
 **********
 START MIGRAD MINIMIZATION.  STRATEGY  1.  CONVERGENCE WHEN EDM .LT. 1.00e-04
 FCN=2467.46 FROM MIGRAD    STATUS=INITIATE       16 CALLS        6107 TOTAL
                     EDM= unknown      STRATEGY= 1      NO ERROR MATRIX       
  EXT PARAMETER               CURRENT GUESS       STEP         FIRST   
  NO.   NAME      VALUE            ERROR          SIZE      DERIVATIVE 
   1  N0           2.83527e+06     fixed    
   2  tau          6.43983e+01   constant   
   3  A0           4.44821e-01     fixed    
   4  phi          4.20995e+00     fixed    
   5  R           -6.16270e+01   constant   
   6  alpha_CBO    9.71314e-02     fixed    
   7  w_CBO        2.32500e+00   constant   
   8  beta_CBO     1.26234e-01     fixed    
   9  alpha_2CBO   2.22795e-02     fixed    
  10  beta_2CBO   -1.68758e-02   3.49454e-03   3.49454e-03   5.97838e+03
  11  alpha_y      0.00000e+00   1.00000e-03   1.00000e-03   6.26656e+05
  12  w_y          1.44500e+01   constant   
  13  beta_y      -3.38514e-04     fixed    
  14  alpha_vw     0.00000e+00     fixed    
  15  w_vw         1.29000e+01   constant   
  16  beta_vw      0.00000e+00     fixed    
  17  LM          -2.35969e-04   constant   
  18  zeta_y       0.00000e+00   constant   
  19  zeta_vw      0.00000e+00   constant   
  20  T_CBO        8.45480e+02   9.52688e+01   8.03289e-02   3.38480e+00
  21  alpha_A0     5.19705e-01   8.41832e-03   9.01915e-04   1.78589e+03
  22  beta_A0      4.01983e-01   1.08621e-02  -3.70937e-04   1.24642e+03
  23  alpha_phi    3.00634e-02   1.11317e-02  -3.15549e-03  -8.30172e+02
  24  beta_phi    -5.38994e-01   1.16463e-02  -4.61472e-04   1.93682e+03
 CALL LIMIT EXCEEDED IN MIGRAD.
 MIGRAD TERMINATED WITHOUT CONVERGENCE.
 FCN=505.343 FROM MIGRAD    STATUS=CALL LIMIT   1145 CALLS        7236 TOTAL
                     EDM=0.197668    STRATEGY= 1  ERROR MATRIX UNCERTAINTY  33.8 per cent
  EXT PARAMETER                APPROXIMATE        STEP         FIRST   
  NO.   NAME      VALUE            ERROR          SIZE      DERIVATIVE 
   1  N0           2.83527e+06     fixed    
   2  tau          6.43983e+01   constant   
   3  A0           4.44821e-01     fixed    
   4  phi          4.20995e+00     fixed    
   5  R           -6.16270e+01   constant   
   6  alpha_CBO    9.71314e-02     fixed    
   7  w_CBO        2.32500e+00   constant   
   8  beta_CBO     1.26234e-01     fixed    
   9  alpha_2CBO   2.22795e-02     fixed    
  10  beta_2CBO   -1.73140e-02   1.69885e-04  -1.55069e-06  -7.69070e+02
  11  alpha_y     -6.23117e-03   1.15304e-04   3.88952e-06   2.70698e+03
  12  w_y          1.44500e+01   constant   
  13  beta_y      -3.38514e-04     fixed    
  14  alpha_vw     0.00000e+00     fixed    
  15  w_vw         1.29000e+01   constant   
  16  beta_vw      0.00000e+00     fixed    
  17  LM          -2.35969e-04   constant   
  18  zeta_y       0.00000e+00   constant   
  19  zeta_vw      0.00000e+00   constant   
  20  T_CBO        1.69232e+02   1.59127e+01  -1.20289e-02  -3.08432e+02
  21  alpha_A0     5.80771e-01   7.31444e-03   2.04807e-03  -7.07830e+02
  22  beta_A0      4.48746e-01   5.51365e-03   1.54274e-03  -7.33913e+02
  23  alpha_phi    2.92835e-02   7.70558e-04   2.24478e-05   5.83963e+01
  24  beta_phi    -6.05431e-01   8.16187e-03  -2.28288e-03   5.00418e+02
 EXTERNAL ERROR MATRIX.    NDIM=  25    NPAR=  7    ERR DEF=1
  2.886e-08  1.220e-09  9.701e-05 -8.726e-08 -2.970e-08 -4.049e-08  3.501e-08 
  1.220e-09  1.329e-08 -5.619e-04  2.660e-07  2.014e-07  6.833e-09 -3.035e-07 
  9.701e-05 -5.619e-04  2.534e+02 -1.162e-01 -8.755e-02 -1.349e-03  1.296e-01 
 -8.726e-08  2.660e-07 -1.162e-01  5.350e-05  4.013e-05  7.223e-07 -5.940e-05 
 -2.970e-08  2.014e-07 -8.755e-02  4.013e-05  3.040e-05  4.770e-07 -4.468e-05 
 -4.049e-08  6.833e-09 -1.349e-03  7.223e-07  4.770e-07  5.938e-07 -6.714e-07 
  3.501e-08 -3.035e-07  1.296e-01 -5.940e-05 -4.468e-05 -6.714e-07  6.662e-05 
ERR MATRIX APPROXIMATE
 PARAMETER  CORRELATION COEFFICIENTS  
       NO.  GLOBAL     10     11     20     21     22     23     24
       10  0.64283   1.000  0.062  0.036 -0.070 -0.032 -0.309  0.025
       11  0.64897   0.062  1.000 -0.306  0.315  0.317  0.077 -0.322
       20  0.99983   0.036 -0.306  1.000 -0.998 -0.998 -0.110  0.998
       21  0.99927  -0.070  0.315 -0.998  1.000  0.995  0.128 -0.995
       22  0.99870  -0.032  0.317 -0.998  0.995  1.000  0.112 -0.993
       23  0.38876  -0.309  0.077 -0.110  0.128  0.112  1.000 -0.107
       24  0.99874   0.025 -0.322  0.998 -0.995 -0.993 -0.107  1.000
 ERR MATRIX APPROXIMATE
MINUIT - FIT ONLY 2-y
 **********
 **   67 **RES 
 **********
                   PARAMETER   16  beta_vw RESTORED TO VARIABLE.
                   PARAMETER   14  alpha_vw RESTORED TO VARIABLE.
                   PARAMETER   13  beta_y RESTORED TO VARIABLE.
                   PARAMETER    9  alpha_2CBO RESTORED TO VARIABLE.
                   PARAMETER    8  beta_CBO RESTORED TO VARIABLE.
                   PARAMETER    6  alpha_CBO RESTORED TO VARIABLE.
                   PARAMETER    4  phi RESTORED TO VARIABLE.
                   PARAMETER    3  A0 RESTORED TO VARIABLE.
                   PARAMETER    1  N0 RESTORED TO VARIABLE.
 **********
 **   68 **FIX            0
 **********
 PARAMETER    0  IS UNDEFINED. IGNORED.
 **********
 **   69 **FIX            1
 **********
 **********
 **   70 **FIX            2
 **********
 PARAMETER    2  IS CONSTANT.   IGNORED.
 **********
 **   71 **FIX            3
 **********
 **********
 **   72 **FIX            4
 **********
 **********
 **   73 **FIX            5
 **********
 PARAMETER    5  IS CONSTANT.   IGNORED.
 **********
 **   74 **FIX            6
 **********
 **********
 **   75 **FIX            7
 **********
 PARAMETER    7  IS CONSTANT.   IGNORED.
 **********
 **   76 **FIX            8
 **********
 **********
 **   77 **FIX            9
 **********
 **********
 **   78 **FIX           10
 **********
 **********
 **   79 **FIX           11
 **********
 **********
 **   80 **FIX           12
 **********
 PARAMETER   12  IS CONSTANT.   IGNORED.
 **********
 **   81 **FIX           16
 **********
 **********
 **   82 **MIGRAD
 **********
 START MIGRAD MINIMIZATION.  STRATEGY  1.  CONVERGENCE WHEN EDM .LT. 1.00e-04
 FCN=505.343 FROM MIGRAD    STATUS=INITIATE       16 CALLS        7252 TOTAL
                     EDM= unknown      STRATEGY= 1      NO ERROR MATRIX       
  EXT PARAMETER               CURRENT GUESS       STEP         FIRST   
  NO.   NAME      VALUE            ERROR          SIZE      DERIVATIVE 
   1  N0           2.83527e+06     fixed    
   2  tau          6.43983e+01   constant   
   3  A0           4.44821e-01     fixed    
   4  phi          4.20995e+00     fixed    
   5  R           -6.16270e+01   constant   
   6  alpha_CBO    9.71314e-02     fixed    
   7  w_CBO        2.32500e+00   constant   
   8  beta_CBO     1.26234e-01     fixed    
   9  alpha_2CBO   2.22795e-02     fixed    
  10  beta_2CBO   -1.73140e-02     fixed    
  11  alpha_y     -6.23117e-03     fixed    
  12  w_y          1.44500e+01   constant   
  13  beta_y      -3.38514e-04   1.51403e-04   1.51403e-04  -8.99217e+04
  14  alpha_vw     0.00000e+00   1.00000e-03   1.00000e-03   1.44475e+05
  15  w_vw         1.29000e+01   constant   
  16  beta_vw      0.00000e+00     fixed    
  17  LM          -2.35969e-04   constant   
  18  zeta_y       0.00000e+00   constant   
  19  zeta_vw      0.00000e+00   constant   
  20  T_CBO        1.69232e+02   1.59127e+01  -1.20289e-02  -3.08432e+02
  21  alpha_A0     5.80771e-01   7.31444e-03   2.04807e-03  -7.07830e+02
  22  beta_A0      4.48746e-01   5.51365e-03   1.54274e-03  -7.33913e+02
  23  alpha_phi    2.92835e-02   7.70558e-04   2.24478e-05   5.83963e+01
  24  beta_phi    -6.05431e-01   8.16187e-03  -2.28288e-03   5.00418e+02
 MIGRAD MINIMIZATION HAS CONVERGED.
 MIGRAD WILL VERIFY CONVERGENCE AND ERROR MATRIX.
 COVARIANCE MATRIX CALCULATED SUCCESSFULLY
 FCN=371.299 FROM MIGRAD    STATUS=CONVERGED    1038 CALLS        8274 TOTAL
                     EDM=1.10571e-06    STRATEGY= 1      ERROR MATRIX ACCURATE 
  EXT PARAMETER                                   STEP         FIRST   
  NO.   NAME      VALUE            ERROR          SIZE      DERIVATIVE 
   1  N0           2.83527e+06     fixed    
   2  tau          6.43983e+01   constant   
   3  A0           4.44821e-01     fixed    
   4  phi          4.20995e+00     fixed    
   5  R           -6.16270e+01   constant   
   6  alpha_CBO    9.71314e-02     fixed    
   7  w_CBO        2.32500e+00   constant   
   8  beta_CBO     1.26234e-01     fixed    
   9  alpha_2CBO   2.22795e-02     fixed    
  10  beta_2CBO   -1.73140e-02     fixed    
  11  alpha_y     -6.23117e-03     fixed    
  12  w_y          1.44500e+01   constant   
  13  beta_y       4.30829e-04   1.38213e-04   1.28099e-06  -2.73848e+00
  14  alpha_vw    -1.32372e-03   1.36510e-04   1.27053e-06  -1.78178e+00
  15  w_vw         1.29000e+01   constant   
