 + ++++++++++++++++++++++++++++++++++++++++++++++++++++++++++++++++++++ +
 +                                                                      +
 +           You have chose to blind your fitting according to          +
 +                omega_ref * (1 + (R +/- deltaR) *10^{-6})             +
 +                                                                      +
 + ++++++++++++++++++++++++++++++++++++++++++++++++++++++++++++++++++++ +
In main()...
reading format from /gm2data/zkhechad/run45/envelope/formats/formatB_sBin_constraintOn.txt
pBinTau 	= 0  
pBinPhi 	= 0  
constraintau 	= 1 
includeMopTerm 	= 0    
constrainMop    = 0   
Parameters after format file: pBinTau 0 pBinPhi 0 constraintau 1 includeMopTerm 0 constrainMop 0 c_e_scale 0.000000 
Opening file /gm2data/tbarrett/gm2fr/studies/run23_bunch_corrections/CorrectedFourier_Run3b.root.
reading full fit data from /gm2data/zkhechad/cboTemplates/Run4CBOTemplates/templateFits0_v2.0/noRF/sBin_constraintOn_cE0.0_seed0_noRF_calo18.root
windowBins = 69
fitting sliding window 1628 from bin 1764 at 263.039600 to bin 1833 at 273.483600 (69 bins)

Reading data from /gm2data/cornell/histograms/aMethod/histogram_a_noRF.root
 **********
 **    1 **SET PRINTOUT            1
 **********
 **********
 **    2 **SET NOWARNINGS 
 **********
 PARAMETER DEFINITIONS:
    NO.   NAME         VALUE      STEP SIZE      LIMITS
     1 N0           3.61661e+06  1.00000e+02     no limits
     2 tau          6.44027e+01  constant
     3 A0           3.53412e-01  1.00000e-04     no limits
     4 phi          4.12202e+00  1.00000e-02     no limits
     5 R           -6.06479e+01  constant
     6 alpha_CBO    0.00000e+00  1.00000e-03     no limits
     7 w_CBO        2.32500e+00  constant
     8 beta_CBO     0.00000e+00  1.00000e-03     no limits
     9 alpha_2CBO   0.00000e+00  1.00000e-03     no limits
    10 beta_2CBO    0.00000e+00  1.00000e-03     no limits
    11 alpha_y      0.00000e+00  1.00000e-03     no limits
    12 w_y          1.44500e+01  constant
    13 beta_y       0.00000e+00  1.00000e-03     no limits
    14 alpha_vw     0.00000e+00  1.00000e-03     no limits
    15 w_vw         1.29000e+01  constant
    16 beta_vw      0.00000e+00  1.00000e-03     no limits
    17 LM          -1.06686e-04  constant
    18 zeta_y       0.00000e+00  constant
    19 zeta_vw      0.00000e+00  constant
    20 T_CBO        1.00000e+02  1.00000e+00    0.00000e+00  1.00000e+03
    21 alpha_A0     0.00000e+00  1.00000e-03     no limits
    22 beta_A0      0.00000e+00  1.00000e-03     no limits
    23 alpha_phi    0.00000e+00  1.00000e-03     no limits
    24 beta_phi     0.00000e+00  1.00000e-03     no limits
MINUIT - FIT ONLY WIGGLE
 **********
 **    3 **FIX            5
 **********
 PARAMETER    5  IS CONSTANT.   IGNORED.
 **********
 **    4 **FIX            6
 **********
 **********
 **    5 **FIX            7
 **********
 PARAMETER    7  IS CONSTANT.   IGNORED.
 **********
 **    6 **FIX            8
 **********
 **********
 **    7 **FIX            9
 **********
 **********
 **    8 **FIX           10
 **********
 **********
 **    9 **FIX           11
 **********
 **********
 **   10 **FIX           12
 **********
 PARAMETER   12  IS CONSTANT.   IGNORED.
 **********
 **   11 **FIX           13
 **********
 **********
 **   12 **FIX           14
 **********
 **********
 **   13 **FIX           15
 **********
 PARAMETER   15  IS CONSTANT.   IGNORED.
 **********
 **   14 **FIX           16
 **********
 **********
 **   15 **MIGRAD
 **********
 FIRST CALL TO USER FUNCTION AT NEW START POINT, WITH IFLAG=4.
 START MIGRAD MINIMIZATION.  STRATEGY  1.  CONVERGENCE WHEN EDM .LT. 1.00e-04
 FCN=130.848 FROM MIGRAD    STATUS=INITIATE      437 CALLS         438 TOTAL
                     EDM= unknown      STRATEGY= 1      NO ERROR MATRIX       
  EXT PARAMETER               CURRENT GUESS       STEP         FIRST   
  NO.   NAME      VALUE            ERROR          SIZE      DERIVATIVE 
   1  N0           3.61661e+06   1.00000e+02   0.00000e+00   6.80749e-04
   2  tau          6.44027e+01   constant   
   3  A0           3.53412e-01   1.00000e-04   0.00000e+00  -4.13765e+03
   4  phi          4.12202e+00   1.00000e-02   0.00000e+00   1.74013e+03
   5  R           -6.06479e+01   constant   
   6  alpha_CBO    0.00000e+00     fixed    
   7  w_CBO        2.32500e+00   constant   
   8  beta_CBO     0.00000e+00     fixed    
   9  alpha_2CBO   0.00000e+00     fixed    
  10  beta_2CBO    0.00000e+00     fixed    
  11  alpha_y      0.00000e+00     fixed    
  12  w_y          1.44500e+01   constant   
  13  beta_y       0.00000e+00     fixed    
  14  alpha_vw     0.00000e+00     fixed    
  15  w_vw         1.29000e+01   constant   
  16  beta_vw      0.00000e+00     fixed    
  17  LM          -1.06686e-04   constant   
  18  zeta_y       0.00000e+00   constant   
  19  zeta_vw      0.00000e+00   constant   
  20  T_CBO        1.00000e+02   1.00000e+00   0.00000e+00   0.00000e+00
  21  alpha_A0     0.00000e+00   1.00000e-03   0.00000e+00   1.58317e+02
  22  beta_A0      0.00000e+00   1.00000e-03   0.00000e+00   2.40704e+01
  23  alpha_phi    0.00000e+00   1.00000e-03   0.00000e+00   8.08550e+01
  24  beta_phi     0.00000e+00   1.00000e-03   0.00000e+00  -1.45241e+02
 CALL LIMIT EXCEEDED IN MIGRAD.
 MIGRAD TERMINATED WITHOUT CONVERGENCE.
 FCN=120.654 FROM MIGRAD    STATUS=CALL LIMIT   1324 CALLS        1325 TOTAL
                     EDM=0.00189261    STRATEGY= 1  ERROR MATRIX UNCERTAINTY   0.0 per cent
  EXT PARAMETER                APPROXIMATE        STEP         FIRST   
  NO.   NAME      VALUE            ERROR          SIZE      DERIVATIVE 
   1  N0           3.61633e+06   1.16174e+03  -1.77870e+00   5.00828e-06
   2  tau          6.44027e+01   constant   
   3  A0           3.53956e-01   4.54127e-04  -3.44738e-06   2.89613e+01
   4  phi          4.12066e+00   1.23826e-03   3.00933e-06   2.18409e+00
   5  R           -6.06479e+01   constant   
   6  alpha_CBO    0.00000e+00     fixed    
   7  w_CBO        2.32500e+00   constant   
   8  beta_CBO     0.00000e+00     fixed    
   9  alpha_2CBO   0.00000e+00     fixed    
  10  beta_2CBO    0.00000e+00     fixed    
  11  alpha_y      0.00000e+00     fixed    
  12  w_y          1.44500e+01   constant   
  13  beta_y       0.00000e+00     fixed    
  14  alpha_vw     0.00000e+00     fixed    
  15  w_vw         1.29000e+01   constant   
  16  beta_vw      0.00000e+00     fixed    
  17  LM          -1.06686e-04   constant   
  18  zeta_y       0.00000e+00   constant   
  19  zeta_vw      0.00000e+00   constant   
  20  T_CBO        4.76879e+02   6.96379e+02   6.20710e-02  -1.55649e-01
  21  alpha_A0    -5.59547e-03   8.74723e-03   2.65642e-04   1.89416e+01
  22  beta_A0      1.25509e-04   4.77058e-03  -9.29083e-06  -5.72969e-01
  23  alpha_phi   -1.41577e-03   4.13419e-03   4.24313e-05   8.25936e+00
  24  beta_phi     5.69631e-03   9.31261e-03  -2.64065e-04  -1.68995e+01
 EXTERNAL ERROR MATRIX.    NDIM=  25    NPAR=  8    ERR DEF=1
  1.350e+06  3.258e-02  2.090e-01 -3.252e+03 -7.161e-02 -1.082e+00 -9.741e-01 -8.727e-02 
  3.258e-02  2.062e-07 -1.354e-08 -2.390e-02 -1.788e-07  1.779e-07  2.437e-07  3.869e-07 
  2.090e-01 -1.354e-08  1.533e-06  5.857e-02  6.413e-07 -5.229e-07 -4.086e-07 -1.505e-07 
 -3.252e+03 -2.390e-02  5.857e-02  1.114e+06  8.510e+00 -5.145e-01  2.147e+00 -9.051e+00 
 -7.161e-02 -1.788e-07  6.413e-07  8.510e+00  7.651e-05 -2.989e-08  1.461e-05 -6.144e-05 
 -1.082e+00  1.779e-07 -5.229e-07 -5.145e-01 -2.989e-08  2.276e-05  7.516e-07  7.080e-06 
 -9.741e-01  2.437e-07 -4.086e-07  2.147e+00  1.461e-05  7.516e-07  1.709e-05 -1.579e-05 
 -8.727e-02  3.869e-07 -1.505e-07 -9.051e+00 -6.144e-05  7.080e-06 -1.579e-05  8.672e-05 
ERR MATRIX APPROXIMATE
 PARAMETER  CORRELATION COEFFICIENTS  
       NO.  GLOBAL      1      3      4     20     21     22     23     24
        1  0.32988   1.000  0.062  0.145 -0.003 -0.007 -0.195 -0.203 -0.008
        3  0.24799   0.062  1.000 -0.024 -0.050 -0.045  0.082  0.130  0.091
        4  0.20805   0.145 -0.024  1.000  0.045  0.059 -0.089 -0.080 -0.013
       20  0.98683  -0.003 -0.050  0.045  1.000  0.922 -0.102  0.492 -0.921
       21  0.95940  -0.007 -0.045  0.059  0.922  1.000 -0.001  0.404 -0.754
       22  0.35153  -0.195  0.082 -0.089 -0.102 -0.001  1.000  0.038  0.159
       23  0.61986  -0.203  0.130 -0.080  0.492  0.404  0.038  1.000 -0.410
       24  0.95742  -0.008  0.091 -0.013 -0.921 -0.754  0.159 -0.410  1.000
 ERR MATRIX APPROXIMATE
MINUIT - FIT ONLY 1-CBO + wiggle
 **********
 **   16 **RES 
 **********
                   PARAMETER   16  beta_vw RESTORED TO VARIABLE.
                   PARAMETER   14  alpha_vw RESTORED TO VARIABLE.
                   PARAMETER   13  beta_y RESTORED TO VARIABLE.
                   PARAMETER   11  alpha_y RESTORED TO VARIABLE.
                   PARAMETER   10  beta_2CBO RESTORED TO VARIABLE.
                   PARAMETER    9  alpha_2CBO RESTORED TO VARIABLE.
                   PARAMETER    8  beta_CBO RESTORED TO VARIABLE.
                   PARAMETER    6  alpha_CBO RESTORED TO VARIABLE.
 **********
 **   17 **FIX            8
 **********
 **********
 **   18 **FIX            9
 **********
 **********
 **   19 **FIX           11
 **********
 **********
 **   20 **FIX           12
 **********
 PARAMETER   12  IS CONSTANT.   IGNORED.
 **********
 **   21 **FIX           14
 **********
 **********
 **   22 **FIX           15
 **********
 PARAMETER   15  IS CONSTANT.   IGNORED.
 **********
 **   23 **FIX           16
 **********
 **********
 **   24 **MIGRAD
 **********
 START MIGRAD MINIMIZATION.  STRATEGY  1.  CONVERGENCE WHEN EDM .LT. 1.00e-04
 FCN=120.654 FROM MIGRAD    STATUS=INITIATE       28 CALLS        1353 TOTAL
                     EDM= unknown      STRATEGY= 1      NO ERROR MATRIX       
  EXT PARAMETER               CURRENT GUESS       STEP         FIRST   
  NO.   NAME      VALUE            ERROR          SIZE      DERIVATIVE 
   1  N0           3.61633e+06   1.16174e+03  -1.77870e+00   5.00828e-06
   2  tau          6.44027e+01   constant   
   3  A0           3.53956e-01   4.54127e-04  -3.44738e-06   2.89613e+01
   4  phi          4.12066e+00   1.23826e-03   3.00933e-06   2.18409e+00
   5  R           -6.06479e+01   constant   
   6  alpha_CBO    0.00000e+00   1.00000e-03   1.00000e-03  -3.61744e+04
   7  w_CBO        2.32500e+00   constant   
   8  beta_CBO     0.00000e+00     fixed    
   9  alpha_2CBO   0.00000e+00     fixed    
  10  beta_2CBO    0.00000e+00   1.00000e-03   1.00000e-03   3.09919e+03
  11  alpha_y      0.00000e+00     fixed    
  12  w_y          1.44500e+01   constant   
  13  beta_y       0.00000e+00   1.00000e-03   1.00000e-03  -3.12728e+03
  14  alpha_vw     0.00000e+00     fixed    
  15  w_vw         1.29000e+01   constant   
  16  beta_vw      0.00000e+00     fixed    
  17  LM          -1.06686e-04   constant   
  18  zeta_y       0.00000e+00   constant   
  19  zeta_vw      0.00000e+00   constant   
  20  T_CBO        4.76879e+02   6.96379e+02   6.20710e-02  -1.55658e-01
  21  alpha_A0    -5.59547e-03   8.74723e-03   2.65642e-04   1.89416e+01
  22  beta_A0      1.25509e-04   4.77058e-03  -9.29083e-06  -5.72972e-01
  23  alpha_phi   -1.41577e-03   4.13419e-03   4.24313e-05   8.25936e+00
  24  beta_phi     5.69631e-03   9.31261e-03  -2.64065e-04  -1.68995e+01
 MIGRAD MINIMIZATION HAS CONVERGED.
 FCN=49.3126 FROM MIGRAD    STATUS=CONVERGED     682 CALLS        2007 TOTAL
                     EDM=1.11751e-06    STRATEGY= 1  ERROR MATRIX UNCERTAINTY   1.0 per cent
  EXT PARAMETER                                   STEP         FIRST   
  NO.   NAME      VALUE            ERROR          SIZE      DERIVATIVE 
   1  N0           3.61584e+06   1.19443e+03  -7.66364e-01  -6.35231e-08
   2  tau          6.44027e+01   constant   
   3  A0           3.52991e-01   4.58677e-04  -2.36791e-07  -5.87945e-02
   4  phi          4.12009e+00   1.22579e-03   1.24430e-07   6.69872e-01
   5  R           -6.06479e+01   constant   
   6  alpha_CBO    3.90362e-03   4.63081e-04   1.13952e-08  -3.24941e-01
   7  w_CBO        2.32500e+00   constant   
   8  beta_CBO     0.00000e+00     fixed    
   9  alpha_2CBO   0.00000e+00     fixed    
  10  beta_2CBO   -1.98762e-04   4.40527e-04   1.49409e-07   1.67101e-01
  11  alpha_y      0.00000e+00     fixed    
  12  w_y          1.44500e+01   constant   
  13  beta_y       3.01207e-04   4.52864e-04   4.88371e-08   1.10816e+00
  14  alpha_vw     0.00000e+00     fixed    
  15  w_vw         1.29000e+01   constant   
  16  beta_vw      0.00000e+00     fixed    
  17  LM          -1.06686e-04   constant   
  18  zeta_y       0.00000e+00   constant   
  19  zeta_vw      0.00000e+00   constant   
  20  T_CBO        9.99985e+02   6.10544e+02   4.41641e-02  -4.85821e-05
  21  alpha_A0    -3.20498e-04   2.37491e-03   9.36327e-07   3.12110e-01
  22  beta_A0     -3.58449e-04   2.37565e-03   3.31662e-06   1.74565e-01
  23  alpha_phi   -1.60289e-03   2.68751e-03   8.98425e-07   5.91676e-01
  24  beta_phi     3.00143e-03   2.41156e-03  -2.37683e-06  -2.21450e-01
 EXTERNAL ERROR MATRIX.    NDIM=  25    NPAR= 11    ERR DEF=1
  1.427e+06 
  4.751e-03  2.104e-07 
  2.564e-01 -5.272e-09  1.503e-06 
 -2.599e-02 -5.152e-08 -3.081e-08  2.144e-07 
  1.136e-02  8.521e-10  1.652e-09  5.743e-09  1.941e-07 
 -6.893e-03  1.348e-09  3.967e-09 -8.118e-10 -5.078e-10  2.051e-07 
 -1.934e+03 -7.419e-04  5.152e-04 -1.263e-05  3.793e-04  8.109e-05  4.806e+03 
 -4.400e-02 -9.647e-08  6.154e-08  2.186e-07 -9.281e-08 -1.134e-08  1.174e-03  5.640e-06 
 -5.851e-01  9.747e-08 -2.892e-07 -2.800e-08 -2.008e-08  2.281e-08  6.572e-03 -2.486e-07  5.644e-06 
 -6.302e-01  2.113e-07 -3.860e-07 -1.737e-08  2.185e-08 -2.907e-08  5.554e-03  4.416e-08  9.518e-07  7.223e-06 
  3.040e-03  2.106e-07  8.253e-08 -8.145e-08 -1.513e-07  5.779e-09 -2.349e-02  4.274e-07  6.976e-07  1.199e-06  5.816e-06 
 PARAMETER  CORRELATION COEFFICIENTS  
       NO.  GLOBAL      1      3      4      6     10     13     20     21     22     23     24
        1  0.31064   1.000  0.009  0.175 -0.047  0.022 -0.013 -0.023 -0.016 -0.206 -0.196  0.001
        3  0.33900   0.009  1.000 -0.009 -0.243  0.004  0.006 -0.023 -0.089  0.089  0.171  0.190
        4  0.21703   0.175 -0.009  1.000 -0.054  0.003  0.007  0.006  0.021 -0.099 -0.117  0.028
        6  0.31484  -0.047 -0.243 -0.054  1.000  0.028 -0.004 -0.000  0.199 -0.025 -0.014 -0.073
       10  0.17755   0.022  0.004  0.003  0.028  1.000 -0.003  0.012 -0.089 -0.019  0.018 -0.142
       13  0.04116  -0.013  0.006  0.007 -0.004 -0.003  1.000  0.003 -0.011  0.021 -0.024  0.005
       20  0.16353  -0.023 -0.023  0.006 -0.000  0.012  0.003  1.000  0.007  0.040  0.030 -0.140
       21  0.24721  -0.016 -0.089  0.021  0.199 -0.089 -0.011  0.007  1.000 -0.044  0.007  0.075
       22  0.27836  -0.206  0.089 -0.099 -0.025 -0.019  0.021  0.040 -0.044  1.000  0.149  0.122
       23  0.33346  -0.196  0.171 -0.117 -0.014  0.018 -0.024  0.030  0.007  0.149  1.000  0.185
       24  0.34879   0.001  0.190  0.028 -0.073 -0.142  0.005 -0.140  0.075  0.122  0.185  1.000
MINUIT - FIT ONLY 2-CBO
 **********
 **   25 **RES 
 **********
                   PARAMETER   16  beta_vw RESTORED TO VARIABLE.
                   PARAMETER   14  alpha_vw RESTORED TO VARIABLE.
                   PARAMETER   11  alpha_y RESTORED TO VARIABLE.
                   PARAMETER    9  alpha_2CBO RESTORED TO VARIABLE.
                   PARAMETER    8  beta_CBO RESTORED TO VARIABLE.
 **********
 **   26 **FIX            0
 **********
 PARAMETER    0  IS UNDEFINED. IGNORED.
 **********
 **   27 **FIX            1
 **********
 **********
 **   28 **FIX            2
 **********
 PARAMETER    2  IS CONSTANT.   IGNORED.
 **********
 **   29 **FIX            3
 **********
 **********
 **   30 **FIX            4
 **********
 **********
 **   31 **FIX            5
 **********
 PARAMETER    5  IS CONSTANT.   IGNORED.
 **********
 **   32 **FIX            6
 **********
 **********
 **   33 **FIX            7
 **********
 PARAMETER    7  IS CONSTANT.   IGNORED.
 **********
 **   34 **FIX           10
 **********
 **********
 **   35 **FIX           11
 **********
 **********
 **   36 **FIX           12
 **********
 PARAMETER   12  IS CONSTANT.   IGNORED.
 **********
 **   37 **FIX           13
 **********
 **********
 **   38 **FIX           14
 **********
 **********
 **   39 **FIX           15
 **********
 PARAMETER   15  IS CONSTANT.   IGNORED.
 **********
 **   40 **FIX           16
 **********
 **********
 **   41 **MIGRAD
 **********
 START MIGRAD MINIMIZATION.  STRATEGY  1.  CONVERGENCE WHEN EDM .LT. 1.00e-04
 FCN=49.3126 FROM MIGRAD    STATUS=INITIATE       18 CALLS        2025 TOTAL
                     EDM= unknown      STRATEGY= 1      NO ERROR MATRIX       
  EXT PARAMETER               CURRENT GUESS       STEP         FIRST   
  NO.   NAME      VALUE            ERROR          SIZE      DERIVATIVE 
   1  N0           3.61584e+06     fixed    
   2  tau          6.44027e+01   constant   
   3  A0           3.52991e-01     fixed    
   4  phi          4.12009e+00     fixed    
   5  R           -6.06479e+01   constant   
   6  alpha_CBO    3.90362e-03     fixed    
   7  w_CBO        2.32500e+00   constant   
   8  beta_CBO     0.00000e+00   1.00000e-03   1.00000e-03   1.33224e+03
   9  alpha_2CBO   0.00000e+00   1.00000e-03   1.00000e-03   2.18495e+03
  10  beta_2CBO   -1.98762e-04     fixed    
  11  alpha_y      0.00000e+00     fixed    
  12  w_y          1.44500e+01   constant   
  13  beta_y       3.01207e-04     fixed    
  14  alpha_vw     0.00000e+00     fixed    
  15  w_vw         1.29000e+01   constant   
  16  beta_vw      0.00000e+00     fixed    
  17  LM          -1.06686e-04   constant   
  18  zeta_y       0.00000e+00   constant   
  19  zeta_vw      0.00000e+00   constant   
  20  T_CBO        9.99985e+02   6.10544e+02   4.41641e-02  -4.85433e-05
  21  alpha_A0    -3.20498e-04   2.37491e-03   9.36327e-07   3.12109e-01
  22  beta_A0     -3.58449e-04   2.37565e-03   3.31662e-06   1.74565e-01
  23  alpha_phi   -1.60289e-03   2.68751e-03   8.98425e-07   5.91676e-01
  24  beta_phi     3.00143e-03   2.41156e-03  -2.37683e-06  -2.21450e-01
 MIGRAD MINIMIZATION HAS CONVERGED.
 MIGRAD WILL VERIFY CONVERGENCE AND ERROR MATRIX.
 COVARIANCE MATRIX CALCULATED SUCCESSFULLY
 FCN=48.9782 FROM MIGRAD    STATUS=CONVERGED     117 CALLS        2124 TOTAL
                     EDM=1.18948e-06    STRATEGY= 1      ERROR MATRIX ACCURATE 
  EXT PARAMETER                                   STEP         FIRST   
  NO.   NAME      VALUE            ERROR          SIZE      DERIVATIVE 
   1  N0           3.61584e+06     fixed    
   2  tau          6.44027e+01   constant   
   3  A0           3.52991e-01     fixed    
   4  phi          4.12009e+00     fixed    
   5  R           -6.06479e+01   constant   
   6  alpha_CBO    3.90362e-03     fixed    
   7  w_CBO        2.32500e+00   constant   
   8  beta_CBO    -1.28887e-04   4.64602e-04   1.58469e-06  -1.07327e+00
   9  alpha_2CBO  -2.27564e-04   4.65632e-04   1.56350e-06   6.76383e-01
  10  beta_2CBO   -1.98762e-04     fixed    
  11  alpha_y      0.00000e+00     fixed    
  12  w_y          1.44500e+01   constant   
  13  beta_y       3.01207e-04     fixed    
  14  alpha_vw     0.00000e+00     fixed    
  15  w_vw         1.29000e+01   constant   
  16  beta_vw      0.00000e+00     fixed    
  17  LM          -1.06686e-04   constant   
  18  zeta_y       0.00000e+00   constant   
  19  zeta_vw      0.00000e+00   constant   
  20  T_CBO        1.00000e+03   7.19492e+02   6.17656e-02** at limit **
  21  alpha_A0    -2.73646e-04   2.20691e-03   7.57647e-06  -2.39597e-01
  22  beta_A0     -6.09874e-04   2.38374e-03   8.04667e-06  -4.01294e-01
  23  alpha_phi   -1.40715e-03   2.31648e-03   7.81631e-06  -3.80046e-01
  24  beta_phi     3.01387e-03   2.31935e-03   7.89381e-06   4.92475e-02
 EXTERNAL ERROR MATRIX.    NDIM=  25    NPAR=  7    ERR DEF=1
  2.159e-07 -1.377e-08 -1.819e-08 -1.222e-08  1.366e-07 -1.300e-08  4.170e-08 
 -1.377e-08  2.168e-07 -1.830e-08 -3.643e-08  1.454e-07 -1.735e-07 -3.658e-08 
 -1.819e-08 -1.830e-08  1.389e-02 -2.440e-06 -6.195e-06 -1.338e-05  2.991e-05 
 -1.222e-08 -3.643e-08 -2.440e-06  4.870e-06 -2.321e-07 -3.554e-07  1.926e-07 
  1.366e-07  1.454e-07 -6.195e-06 -2.321e-07  5.682e-06  1.867e-07  3.619e-07 
 -1.300e-08 -1.735e-07 -1.338e-05 -3.554e-07  1.867e-07  5.366e-06  4.438e-07 
  4.170e-08 -3.658e-08  2.991e-05  1.926e-07  3.619e-07  4.438e-07  5.379e-06 
 PARAMETER  CORRELATION COEFFICIENTS  
       NO.  GLOBAL      8      9     20     21     22     23     24
        8  0.15377   1.000 -0.064 -0.000 -0.012  0.123 -0.012  0.039
        9  0.23190  -0.064  1.000 -0.000 -0.035  0.131 -0.161 -0.034
       20  0.12845  -0.000 -0.000  1.000 -0.009 -0.022 -0.049  0.109
       21  0.10434  -0.012 -0.035 -0.009  1.000 -0.044 -0.070  0.038
       22  0.20905   0.123  0.131 -0.022 -0.044  1.000  0.034  0.065
       23  0.21098  -0.012 -0.161 -0.049 -0.070  0.034  1.000  0.083
       24  0.16697   0.039 -0.034  0.109  0.038  0.065  0.083  1.000
MINUIT - FIT wiggle + 1-CBO + 2-CBO
 **********
 **   42 **RES 
 **********
                   PARAMETER   16  beta_vw RESTORED TO VARIABLE.
                   PARAMETER   14  alpha_vw RESTORED TO VARIABLE.
                   PARAMETER   13  beta_y RESTORED TO VARIABLE.
                   PARAMETER   11  alpha_y RESTORED TO VARIABLE.
                   PARAMETER   10  beta_2CBO RESTORED TO VARIABLE.
                   PARAMETER    6  alpha_CBO RESTORED TO VARIABLE.
                   PARAMETER    4  phi RESTORED TO VARIABLE.
                   PARAMETER    3  A0 RESTORED TO VARIABLE.
                   PARAMETER    1  N0 RESTORED TO VARIABLE.
 **********
 **   43 **FIX           10
 **********
 **********
 **   44 **FIX           11
 **********
 **********
 **   45 **FIX           12
 **********
 PARAMETER   12  IS CONSTANT.   IGNORED.
 **********
 **   46 **FIX           13
 **********
 **********
 **   47 **FIX           14
 **********
 **********
 **   48 **FIX           15
 **********
 PARAMETER   15  IS CONSTANT.   IGNORED.
 **********
 **   49 **FIX           16
 **********
 **********
 **   50 **MIGRAD
 **********
 START MIGRAD MINIMIZATION.  STRATEGY  1.  CONVERGENCE WHEN EDM .LT. 1.00e-04
 FCN=48.9782 FROM MIGRAD    STATUS=INITIATE       22 CALLS        2146 TOTAL
                     EDM= unknown      STRATEGY= 1      NO ERROR MATRIX       
  EXT PARAMETER               CURRENT GUESS       STEP         FIRST   
  NO.   NAME      VALUE            ERROR          SIZE      DERIVATIVE 
   1  N0           3.61584e+06   1.19443e+03   1.19443e+03  -9.12331e-06
   2  tau          6.44027e+01   constant   
   3  A0           3.52991e-01   4.58677e-04   4.58677e-04   9.26970e+00
   4  phi          4.12009e+00   1.22579e-03   1.22579e-03  -4.46153e+01
   5  R           -6.06479e+01   constant   
   6  alpha_CBO    3.90362e-03   4.63081e-04   4.63081e-04  -8.80281e+01
   7  w_CBO        2.32500e+00   constant   
   8  beta_CBO    -1.28887e-04   4.64602e-04   1.58469e-06  -1.07324e+00
   9  alpha_2CBO  -2.27564e-04   4.65632e-04   1.56350e-06   6.76423e-01
  10  beta_2CBO   -1.98762e-04     fixed    
  11  alpha_y      0.00000e+00     fixed    
  12  w_y          1.44500e+01   constant   
  13  beta_y       3.01207e-04     fixed    
  14  alpha_vw     0.00000e+00     fixed    
  15  w_vw         1.29000e+01   constant   
  16  beta_vw      0.00000e+00     fixed    
  17  LM          -1.06686e-04   constant   
  18  zeta_y       0.00000e+00   constant   
  19  zeta_vw      0.00000e+00   constant   
  20  T_CBO        9.99999e+02   7.19492e+02   6.17656e-02  -9.52817e-06
  21  alpha_A0    -2.73646e-04   2.20691e-03   7.57647e-06  -2.39541e-01
  22  beta_A0     -6.09874e-04   2.38374e-03   8.04667e-06  -4.01207e-01
  23  alpha_phi   -1.40715e-03   2.31648e-03   7.81631e-06  -3.79886e-01
  24  beta_phi     3.01387e-03   2.31935e-03   7.89381e-06   4.89369e-02
 MIGRAD MINIMIZATION HAS CONVERGED.
 MIGRAD WILL VERIFY CONVERGENCE AND ERROR MATRIX.
 COVARIANCE MATRIX CALCULATED SUCCESSFULLY
 FCN=48.9769 FROM MIGRAD    STATUS=CONVERGED     194 CALLS        2318 TOTAL
                     EDM=9.86343e-07    STRATEGY= 1      ERROR MATRIX ACCURATE 
  EXT PARAMETER                                   STEP         FIRST   
  NO.   NAME      VALUE            ERROR          SIZE      DERIVATIVE 
   1  N0           3.61585e+06   1.23206e+03   3.89334e+00  -6.78179e-07
   2  tau          6.44027e+01   constant   
   3  A0           3.52988e-01   4.62731e-04   1.49934e-06   9.24183e-01
   4  phi          4.12012e+00   1.27550e-03   4.21947e-06   1.22960e-01
   5  R           -6.06479e+01   constant   
   6  alpha_CBO    3.91252e-03   4.65626e-04   1.52236e-06  -1.22757e-01
   7  w_CBO        2.32500e+00   constant   
   8  beta_CBO    -1.31342e-04   4.74439e-04   1.58467e-06  -8.35005e-01
   9  alpha_2CBO  -2.27316e-04   4.67419e-04   1.56348e-06  -3.18117e-01
  10  beta_2CBO   -1.98762e-04     fixed    
  11  alpha_y      0.00000e+00     fixed    
  12  w_y          1.44500e+01   constant   
  13  beta_y       3.01207e-04     fixed    
  14  alpha_vw     0.00000e+00     fixed    
  15  w_vw         1.29000e+01   constant   
  16  beta_vw      0.00000e+00     fixed    
  17  LM          -1.06686e-04   constant   
  18  zeta_y       0.00000e+00   constant   
  19  zeta_vw      0.00000e+00   constant   
  20  T_CBO        1.00000e+03   7.10754e+02   6.78704e-02** at limit **
  21  alpha_A0    -2.60437e-04   2.26194e-03   7.57647e-06   1.58305e-01
  22  beta_A0     -6.20365e-04   2.44965e-03   8.04656e-06  -7.83513e-02
  23  alpha_phi   -1.41750e-03   2.42135e-03   7.81625e-06  -7.96234e-02
  24  beta_phi     3.01303e-03   2.37052e-03   7.89378e-06   3.72789e-01
 EXTERNAL ERROR MATRIX.    NDIM=  25    NPAR= 11    ERR DEF=1
  1.518e+06 
 -4.087e-04  2.141e-07 
  2.823e-01 -7.123e-09  1.627e-06 
 -2.768e-02 -5.413e-08 -3.435e-08  2.168e-07 
  2.008e-02  1.306e-08 -1.101e-07 -1.880e-09  2.251e-07 
 -2.267e-02 -4.784e-09  3.388e-08 -7.010e-09 -1.707e-08  2.185e-07 
 -1.565e-02  7.139e-09 -1.255e-08  8.440e-10 -2.019e-09 -3.236e-09  3.032e-04 
 -8.963e-02 -1.064e-07  1.251e-07  2.141e-07 -3.028e-08 -3.671e-08 -3.733e-07  5.116e-06 
 -6.173e-01  9.280e-08 -3.069e-07 -3.734e-08  1.478e-07  1.491e-07 -1.009e-06 -2.851e-07  6.001e-06 
 -7.198e-01  1.703e-07 -3.039e-07 -1.961e-08 -2.978e-10 -1.708e-07 -2.168e-06 -4.053e-07  5.731e-07  5.863e-06 
  5.154e-02  2.147e-07  1.052e-07 -8.238e-08  4.814e-08 -3.871e-08  4.851e-06  6.762e-08  4.220e-07  5.723e-07  5.619e-06 
 PARAMETER  CORRELATION COEFFICIENTS  
       NO.  GLOBAL      1      3      4      6      8      9     20     21     22     23     24
        1  0.35905   1.000 -0.001  0.180 -0.048  0.034 -0.039 -0.001 -0.032 -0.205 -0.241  0.018
        3  0.34480  -0.001  1.000 -0.012 -0.251  0.060 -0.022  0.001 -0.102  0.082  0.152  0.196
        4  0.28560   0.180 -0.012  1.000 -0.058 -0.182  0.057 -0.001  0.043 -0.098 -0.098  0.035
        6  0.32074  -0.048 -0.251 -0.058  1.000 -0.009 -0.032  0.000  0.203 -0.033 -0.017 -0.075
        8  0.25242   0.034  0.060 -0.182 -0.009  1.000 -0.077 -0.000 -0.028  0.127 -0.000  0.043
        9  0.24699  -0.039 -0.022  0.057 -0.032 -0.077  1.000 -0.000 -0.035  0.130 -0.151 -0.035
       20  0.14080  -0.001  0.001 -0.001  0.000 -0.000 -0.000  1.000 -0.009 -0.024 -0.051  0.118
       21  0.24169  -0.032 -0.102  0.043  0.203 -0.028 -0.035 -0.009  1.000 -0.051 -0.074  0.013
       22  0.30736  -0.205  0.082 -0.098 -0.033  0.127  0.130 -0.024 -0.051  1.000  0.097  0.073
       23  0.35423  -0.241  0.152 -0.098 -0.017 -0.000 -0.151 -0.051 -0.074  0.097  1.000  0.100
       24  0.26340   0.018  0.196  0.035 -0.075  0.043 -0.035  0.118  0.013  0.073  0.100  1.000
MINUIT - FIT ONLY 1-y
 **********
 **   51 **RES 
 **********
                   PARAMETER   16  beta_vw RESTORED TO VARIABLE.
                   PARAMETER   14  alpha_vw RESTORED TO VARIABLE.
                   PARAMETER   13  beta_y RESTORED TO VARIABLE.
                   PARAMETER   11  alpha_y RESTORED TO VARIABLE.
                   PARAMETER   10  beta_2CBO RESTORED TO VARIABLE.
 **********
 **   52 **FIX            0
 **********
 PARAMETER    0  IS UNDEFINED. IGNORED.
 **********
 **   53 **FIX            1
 **********
 **********
 **   54 **FIX            2
 **********
 PARAMETER    2  IS CONSTANT.   IGNORED.
 **********
 **   55 **FIX            3
 **********
 **********
 **   56 **FIX            4
 **********
 **********
 **   57 **FIX            5
 **********
 PARAMETER    5  IS CONSTANT.   IGNORED.
 **********
 **   58 **FIX            6
 **********
 **********
 **   59 **FIX            7
 **********
 PARAMETER    7  IS CONSTANT.   IGNORED.
 **********
 **   60 **FIX            8
 **********
 **********
 **   61 **FIX            9
 **********
 **********
 **   62 **FIX           13
 **********
 **********
 **   63 **FIX           14
 **********
 **********
 **   64 **FIX           15
 **********
 PARAMETER   15  IS CONSTANT.   IGNORED.
 **********
 **   65 **FIX           16
 **********
 **********
 **   66 **MIGRAD
 **********
 START MIGRAD MINIMIZATION.  STRATEGY  1.  CONVERGENCE WHEN EDM .LT. 1.00e-04
 FCN=48.9769 FROM MIGRAD    STATUS=INITIATE       16 CALLS        2334 TOTAL
                     EDM= unknown      STRATEGY= 1      NO ERROR MATRIX       
  EXT PARAMETER               CURRENT GUESS       STEP         FIRST   
  NO.   NAME      VALUE            ERROR          SIZE      DERIVATIVE 
   1  N0           3.61585e+06     fixed    
   2  tau          6.44027e+01   constant   
   3  A0           3.52988e-01     fixed    
   4  phi          4.12012e+00     fixed    
   5  R           -6.06479e+01   constant   
   6  alpha_CBO    3.91252e-03     fixed    
   7  w_CBO        2.32500e+00   constant   
   8  beta_CBO    -1.31342e-04     fixed    
   9  alpha_2CBO  -2.27316e-04     fixed    
  10  beta_2CBO   -1.98762e-04   4.40527e-04   4.40527e-04  -5.23197e+01
  11  alpha_y      0.00000e+00   1.00000e-03   1.00000e-03   3.79574e+03
  12  w_y          1.44500e+01   constant   
  13  beta_y       3.01207e-04     fixed    
  14  alpha_vw     0.00000e+00     fixed    
  15  w_vw         1.29000e+01   constant   
  16  beta_vw      0.00000e+00     fixed    
  17  LM          -1.06686e-04   constant   
  18  zeta_y       0.00000e+00   constant   
  19  zeta_vw      0.00000e+00   constant   
  20  T_CBO        9.99999e+02   7.10754e+02   6.78704e-02  -9.92308e-06
  21  alpha_A0    -2.60437e-04   2.26194e-03   7.57647e-06   1.58372e-01
  22  beta_A0     -6.20365e-04   2.44965e-03   8.04656e-06  -7.82831e-02
  23  alpha_phi   -1.41750e-03   2.42135e-03   7.81625e-06  -7.94627e-02
  24  beta_phi     3.01303e-03   2.37052e-03   7.89378e-06   3.72478e-01
 MIGRAD MINIMIZATION HAS CONVERGED.
 MIGRAD WILL VERIFY CONVERGENCE AND ERROR MATRIX.
 COVARIANCE MATRIX CALCULATED SUCCESSFULLY
 FCN=48.2591 FROM MIGRAD    STATUS=CONVERGED     113 CALLS        2431 TOTAL
                     EDM=1.05635e-07    STRATEGY= 1      ERROR MATRIX ACCURATE 
  EXT PARAMETER                                   STEP         FIRST   
  NO.   NAME      VALUE            ERROR          SIZE      DERIVATIVE 
   1  N0           3.61585e+06     fixed    
   2  tau          6.44027e+01   constant   
   3  A0           3.52988e-01     fixed    
   4  phi          4.12012e+00     fixed    
   5  R           -6.06479e+01   constant   
   6  alpha_CBO    3.91252e-03     fixed    
   7  w_CBO        2.32500e+00   constant   
   8  beta_CBO    -1.31342e-04     fixed    
   9  alpha_2CBO  -2.27316e-04     fixed    
  10  beta_2CBO   -1.98176e-04   4.56251e-04   1.53079e-06  -4.96446e-01
  11  alpha_y     -3.78211e-04   4.46445e-04   1.52951e-06  -4.65474e-02
  12  w_y          1.44500e+01   constant   
  13  beta_y       3.01207e-04     fixed    
  14  alpha_vw     0.00000e+00     fixed    
  15  w_vw         1.29000e+01   constant   
  16  beta_vw      0.00000e+00     fixed    
  17  LM          -1.06686e-04   constant   
  18  zeta_y       0.00000e+00   constant   
  19  zeta_vw      0.00000e+00   constant   
  20  T_CBO        1.00000e+03   6.46865e+02   6.21271e-02** at limit **
  21  alpha_A0    -2.59677e-04   2.21957e-03   7.52190e-06   2.75347e-03
  22  beta_A0     -6.29385e-04   2.34546e-03   7.98875e-06   9.13614e-02
  23  alpha_phi   -1.42878e-03   2.28652e-03   7.75991e-06  -1.17832e-01
  24  beta_phi     2.97228e-03   2.34853e-03   7.83690e-06   7.12129e-02
 EXTERNAL ERROR MATRIX.    NDIM=  25    NPAR=  7    ERR DEF=1
  2.082e-07  2.549e-09 -6.106e-09 -1.145e-07 -5.584e-08  2.598e-08 -1.769e-07 
  2.549e-09  1.993e-07  1.111e-09 -2.183e-09  4.256e-09  6.310e-09  1.863e-08 
 -6.106e-09  1.111e-09  5.718e-02 -4.611e-06 -1.276e-05 -2.731e-05  5.923e-05 
 -1.145e-07 -2.183e-09 -4.611e-06  4.926e-06 -1.672e-07 -4.009e-07  2.868e-07 
 -5.584e-08  4.256e-09 -1.276e-05 -1.672e-07  5.501e-06  3.127e-07  4.076e-07 
  2.598e-08  6.310e-09 -2.731e-05 -4.009e-07  3.127e-07  5.228e-06  3.979e-07 
 -1.769e-07  1.863e-08  5.923e-05  2.868e-07  4.076e-07  3.979e-07  5.516e-06 
 PARAMETER  CORRELATION COEFFICIENTS  
       NO.  GLOBAL     10     11     20     21     22     23     24
       10  0.20370   1.000  0.013 -0.000 -0.113 -0.052  0.025 -0.165
       11  0.02437   0.013  1.000  0.000 -0.002  0.004  0.006  0.018
       20  0.12622  -0.000  0.000  1.000 -0.009 -0.023 -0.050  0.105
       21  0.14868  -0.113 -0.002 -0.009  1.000 -0.032 -0.079  0.055
       22  0.11041  -0.052  0.004 -0.023 -0.032  1.000  0.058  0.074
       23  0.13891   0.025  0.006 -0.050 -0.079  0.058  1.000  0.074
       24  0.22774  -0.165  0.018  0.105  0.055  0.074  0.074  1.000
MINUIT - FIT ONLY 2-y
 **********
 **   67 **RES 
 **********
                   PARAMETER   16  beta_vw RESTORED TO VARIABLE.
                   PARAMETER   14  alpha_vw RESTORED TO VARIABLE.
                   PARAMETER   13  beta_y RESTORED TO VARIABLE.
                   PARAMETER    9  alpha_2CBO RESTORED TO VARIABLE.
                   PARAMETER    8  beta_CBO RESTORED TO VARIABLE.
                   PARAMETER    6  alpha_CBO RESTORED TO VARIABLE.
                   PARAMETER    4  phi RESTORED TO VARIABLE.
                   PARAMETER    3  A0 RESTORED TO VARIABLE.
                   PARAMETER    1  N0 RESTORED TO VARIABLE.
 **********
 **   68 **FIX            0
 **********
 PARAMETER    0  IS UNDEFINED. IGNORED.
 **********
 **   69 **FIX            1
 **********
 **********
 **   70 **FIX            2
 **********
 PARAMETER    2  IS CONSTANT.   IGNORED.
 **********
 **   71 **FIX            3
 **********
 **********
 **   72 **FIX            4
 **********
 **********
 **   73 **FIX            5
 **********
 PARAMETER    5  IS CONSTANT.   IGNORED.
 **********
 **   74 **FIX            6
 **********
 **********
 **   75 **FIX            7
 **********
 PARAMETER    7  IS CONSTANT.   IGNORED.
 **********
 **   76 **FIX            8
 **********
 **********
 **   77 **FIX            9
 **********
 **********
 **   78 **FIX           10
 **********
 **********
 **   79 **FIX           11
 **********
 **********
 **   80 **FIX           12
 **********
 PARAMETER   12  IS CONSTANT.   IGNORED.
 **********
 **   81 **FIX           16
 **********
 **********
 **   82 **MIGRAD
 **********
 START MIGRAD MINIMIZATION.  STRATEGY  1.  CONVERGENCE WHEN EDM .LT. 1.00e-04
 FCN=48.2591 FROM MIGRAD    STATUS=INITIATE       16 CALLS        2447 TOTAL
                     EDM= unknown      STRATEGY= 1      NO ERROR MATRIX       
  EXT PARAMETER               CURRENT GUESS       STEP         FIRST   
  NO.   NAME      VALUE            ERROR          SIZE      DERIVATIVE 
   1  N0           3.61585e+06     fixed    
   2  tau          6.44027e+01   constant   
   3  A0           3.52988e-01     fixed    
   4  phi          4.12012e+00     fixed    
   5  R           -6.06479e+01   constant   
   6  alpha_CBO    3.91252e-03     fixed    
   7  w_CBO        2.32500e+00   constant   
   8  beta_CBO    -1.31342e-04     fixed    
   9  alpha_2CBO  -2.27316e-04     fixed    
  10  beta_2CBO   -1.98176e-04     fixed    
  11  alpha_y     -3.78211e-04     fixed    
  12  w_y          1.44500e+01   constant   
  13  beta_y       3.01207e-04   4.52864e-04   4.52864e-04  -6.71123e+00
  14  alpha_vw     0.00000e+00   1.00000e-03   1.00000e-03   3.40800e+03
  15  w_vw         1.29000e+01   constant   
  16  beta_vw      0.00000e+00     fixed    
  17  LM          -1.06686e-04   constant   
  18  zeta_y       0.00000e+00   constant   
  19  zeta_vw      0.00000e+00   constant   
  20  T_CBO        9.99999e+02   6.46865e+02   6.21271e-02  -1.01585e-05
  21  alpha_A0    -2.59677e-04   2.21957e-03   7.52190e-06   2.80728e-03
  22  beta_A0     -6.29385e-04   2.34546e-03   7.98875e-06   9.14275e-02
  23  alpha_phi   -1.42878e-03   2.28652e-03   7.75991e-06  -1.17671e-01
  24  beta_phi     2.97228e-03   2.34853e-03   7.83690e-06   7.09062e-02
 MIGRAD MINIMIZATION HAS CONVERGED.
 MIGRAD WILL VERIFY CONVERGENCE AND ERROR MATRIX.
 COVARIANCE MATRIX CALCULATED SUCCESSFULLY
 FCN=47.6496 FROM MIGRAD    STATUS=CONVERGED     114 CALLS        2545 TOTAL
                     EDM=2.7595e-07    STRATEGY= 1      ERROR MATRIX ACCURATE 
  EXT PARAMETER                                   STEP         FIRST   
  NO.   NAME      VALUE            ERROR          SIZE      DERIVATIVE 
   1  N0           3.61585e+06     fixed    
   2  tau          6.44027e+01   constant   
   3  A0           3.52988e-01     fixed    
   4  phi          4.12012e+00     fixed    
   5  R           -6.06479e+01   constant   
   6  alpha_CBO    3.91252e-03     fixed    
   7  w_CBO        2.32500e+00   constant   
   8  beta_CBO    -1.31342e-04     fixed    
   9  alpha_2CBO  -2.27316e-04     fixed    
  10  beta_2CBO   -1.98176e-04     fixed    
  11  alpha_y     -3.78211e-04     fixed    
  12  w_y          1.44500e+01   constant   
  13  beta_y       3.72527e-04   4.62377e-04   1.54368e-06   8.77111e-02
  14  alpha_vw    -3.57580e-04   4.58002e-04   1.52930e-06  -5.84436e-03
  15  w_vw         1.29000e+01   constant   
  16  beta_vw      0.00000e+00     fixed    
  17  LM          -1.06686e-04   constant   
  18  zeta_y       0.00000e+00   constant   
  19  zeta_vw      0.00000e+00   constant   
  20  T_CBO        1.00000e+03   6.23161e+02   6.49121e-02** at limit **
  21  alpha_A0    -2.71710e-04   2.20540e-03   7.47513e-06  -3.06482e-02
  22  beta_A0     -6.15900e-04   2.34261e-03   7.93901e-06  -1.34042e-02
  23  alpha_phi   -1.42067e-03   2.28648e-03   7.71174e-06  -3.05732e-01
  24  beta_phi     3.01087e-03   2.31784e-03   7.78829e-06  -8.29521e-02
 EXTERNAL ERROR MATRIX.    NDIM=  25    NPAR=  7    ERR DEF=1
  2.138e-07 -4.143e-08 -1.223e-10 -5.732e-09  1.941e-08 -2.040e-08  9.066e-09 
 -4.143e-08  2.098e-07  1.459e-10  7.032e-09 -8.024e-09 -5.050e-09 -2.290e-08 
 -1.223e-10  1.459e-10  1.457e-03 -8.060e-07 -2.074e-06 -4.509e-06  9.955e-06 
 -5.732e-09  7.032e-09 -8.060e-07  4.864e-06 -1.984e-07 -3.860e-07  1.879e-07 
  1.941e-08 -8.024e-09 -2.074e-06 -1.984e-07  5.488e-06  3.181e-07  3.599e-07 
 -2.040e-08 -5.050e-09 -4.509e-06 -3.860e-07  3.181e-07  5.228e-06  4.170e-07 
  9.066e-09 -2.290e-08  9.955e-06  1.879e-07  3.599e-07  4.170e-07  5.372e-06 
 PARAMETER  CORRELATION COEFFICIENTS  
       NO.  GLOBAL     13     14     20     21     22     23     24
       13  0.19760   1.000 -0.196 -0.000 -0.006  0.018 -0.019  0.008
       14  0.19688  -0.196  1.000  0.000  0.007 -0.007 -0.005 -0.022
       20  0.13227  -0.000  0.000  1.000 -0.010 -0.023 -0.052  0.113
       21  0.09755  -0.006  0.007 -0.010  1.000 -0.038 -0.077  0.037
       22  0.09911   0.018 -0.007 -0.023 -0.038  1.000  0.059  0.066
       23  0.13881  -0.019 -0.005 -0.052 -0.077  0.059  1.000  0.079
       24  0.16304   0.008 -0.022  0.113  0.037  0.066  0.079  1.000
