 + ++++++++++++++++++++++++++++++++++++++++++++++++++++++++++++++++++++ +
 +                                                                      +
 +           You have chose to blind your fitting according to          +
 +                omega_ref * (1 + (R +/- deltaR) *10^{-6})             +
 +                                                                      +
 + ++++++++++++++++++++++++++++++++++++++++++++++++++++++++++++++++++++ +
In main()...
reading format from /gm2data/zkhechad/run45/envelope/formats/formatB_sBin_constraintOn.txt
pBinTau 	= 0  
pBinPhi 	= 0  
constraintau 	= 1 
includeMopTerm 	= 0    
constrainMop    = 0   
Parameters after format file: pBinTau 0 pBinPhi 0 constraintau 1 includeMopTerm 0 constrainMop 0 c_e_scale 0.000000 
Opening file /gm2data/tbarrett/gm2fr/studies/run23_bunch_corrections/CorrectedFourier_Run3b.root.
reading full fit data from /gm2data/zkhechad/cboTemplates/Run4CBOTemplates/fullFits/noRF/sBin_constraintOn_cE0.0_seed0_noRF_calo24.root
windowBins = 69
fitting sliding window 840 from bin 976 at 145.470000 to bin 1045 at 155.914000 (69 bins)

Reading data from /gm2data/cornell/histograms/aMethod/histogram_a_noRF.root
 **********
 **    1 **SET PRINTOUT            1
 **********
 **********
 **    2 **SET NOWARNINGS 
 **********
 PARAMETER DEFINITIONS:
    NO.   NAME         VALUE      STEP SIZE      LIMITS
     1 N0           3.17469e+06  1.00000e+02     no limits
     2 tau          6.44005e+01  constant
     3 A0           3.64944e-01  1.00000e-04     no limits
     4 phi          4.11953e+00  1.00000e-02     no limits
     5 R           -6.09192e+01  constant
     6 alpha_CBO    0.00000e+00  1.00000e-03     no limits
     7 w_CBO        2.32500e+00  constant
     8 beta_CBO     0.00000e+00  1.00000e-03     no limits
     9 alpha_2CBO   0.00000e+00  1.00000e-03     no limits
    10 beta_2CBO    0.00000e+00  1.00000e-03     no limits
    11 alpha_y      0.00000e+00  1.00000e-03     no limits
    12 w_y          1.38860e+01  constant
    13 beta_y       0.00000e+00  1.00000e-03     no limits
    14 alpha_vw     0.00000e+00  1.00000e-03     no limits
    15 w_vw         1.43404e+01  constant
    16 beta_vw      0.00000e+00  1.00000e-03     no limits
    17 LM          -6.12107e-05  constant
    18 zeta_y       0.00000e+00  constant
    19 zeta_vw      0.00000e+00  constant
    20 T_CBO        1.00000e+02  1.00000e+00    0.00000e+00  1.00000e+03
    21 alpha_A0     0.00000e+00  1.00000e-03     no limits
    22 beta_A0      0.00000e+00  1.00000e-03     no limits
    23 alpha_phi    0.00000e+00  1.00000e-03     no limits
    24 beta_phi     0.00000e+00  1.00000e-03     no limits
MINUIT - FIT ONLY WIGGLE
 **********
 **    3 **FIX            5
 **********
 PARAMETER    5  IS CONSTANT.   IGNORED.
 **********
 **    4 **FIX            6
 **********
 **********
 **    5 **FIX            7
 **********
 PARAMETER    7  IS CONSTANT.   IGNORED.
 **********
 **    6 **FIX            8
 **********
 **********
 **    7 **FIX            9
 **********
 **********
 **    8 **FIX           10
 **********
 **********
 **    9 **FIX           11
 **********
 **********
 **   10 **FIX           12
 **********
 PARAMETER   12  IS CONSTANT.   IGNORED.
 **********
 **   11 **FIX           13
 **********
 **********
 **   12 **FIX           14
 **********
 **********
 **   13 **FIX           15
 **********
 PARAMETER   15  IS CONSTANT.   IGNORED.
 **********
 **   14 **FIX           16
 **********
 **********
 **   15 **MIGRAD
 **********
 FIRST CALL TO USER FUNCTION AT NEW START POINT, WITH IFLAG=4.
 START MIGRAD MINIMIZATION.  STRATEGY  1.  CONVERGENCE WHEN EDM .LT. 1.00e-04
 FCN=614.829 FROM MIGRAD    STATUS=INITIATE      437 CALLS         438 TOTAL
                     EDM= unknown      STRATEGY= 1      NO ERROR MATRIX       
  EXT PARAMETER               CURRENT GUESS       STEP         FIRST   
  NO.   NAME      VALUE            ERROR          SIZE      DERIVATIVE 
   1  N0           3.17469e+06   1.00000e+02   0.00000e+00  -1.37740e-02
   2  tau          6.44005e+01   constant   
   3  A0           3.64944e-01   1.00000e-04   0.00000e+00  -3.73376e+04
   4  phi          4.11953e+00   1.00000e-02   0.00000e+00   8.35945e+03
   5  R           -6.09192e+01   constant   
   6  alpha_CBO    0.00000e+00     fixed    
   7  w_CBO        2.32500e+00   constant   
   8  beta_CBO     0.00000e+00     fixed    
   9  alpha_2CBO   0.00000e+00     fixed    
  10  beta_2CBO    0.00000e+00     fixed    
  11  alpha_y      0.00000e+00     fixed    
  12  w_y          1.38860e+01   constant   
  13  beta_y       0.00000e+00     fixed    
  14  alpha_vw     0.00000e+00     fixed    
  15  w_vw         1.43404e+01   constant   
  16  beta_vw      0.00000e+00     fixed    
  17  LM          -6.12107e-05   constant   
  18  zeta_y       0.00000e+00   constant   
  19  zeta_vw      0.00000e+00   constant   
  20  T_CBO        1.00000e+02   1.00000e+00   0.00000e+00   0.00000e+00
  21  alpha_A0     0.00000e+00   1.00000e-03   0.00000e+00  -1.65755e+03
  22  beta_A0      0.00000e+00   1.00000e-03   0.00000e+00   1.57845e+03
  23  alpha_phi    0.00000e+00   1.00000e-03   0.00000e+00   2.93487e+03
  24  beta_phi     0.00000e+00   1.00000e-03   0.00000e+00   7.76656e+02
 CALL LIMIT EXCEEDED IN MIGRAD.
 MIGRAD TERMINATED WITHOUT CONVERGENCE.
 FCN=550.268 FROM MIGRAD    STATUS=CALL LIMIT   1328 CALLS        1329 TOTAL
                     EDM=0.00128249    STRATEGY= 1  ERROR MATRIX UNCERTAINTY   0.5 per cent
  EXT PARAMETER                APPROXIMATE        STEP         FIRST   
  NO.   NAME      VALUE            ERROR          SIZE      DERIVATIVE 
   1  N0           3.17529e+06   4.32131e+02  -2.63736e+00   3.61320e-06
   2  tau          6.44005e+01   constant   
   3  A0           3.65770e-01   1.82830e-04  -4.66403e-07  -2.73653e+00
   4  phi          4.11870e+00   4.67181e-04  -5.95963e-06  -6.50886e+01
   5  R           -6.09192e+01   constant   
   6  alpha_CBO    0.00000e+00     fixed    
   7  w_CBO        2.32500e+00   constant   
   8  beta_CBO     0.00000e+00     fixed    
   9  alpha_2CBO   0.00000e+00     fixed    
  10  beta_2CBO    0.00000e+00     fixed    
  11  alpha_y      0.00000e+00     fixed    
  12  w_y          1.38860e+01   constant   
  13  beta_y       0.00000e+00     fixed    
  14  alpha_vw     0.00000e+00     fixed    
  15  w_vw         1.43404e+01   constant   
  16  beta_vw      0.00000e+00     fixed    
  17  LM          -6.12107e-05   constant   
  18  zeta_y       0.00000e+00   constant   
  19  zeta_vw      0.00000e+00   constant   
  20  T_CBO        6.08749e+02   7.94692e+02   2.36645e-02  -3.15587e-02
  21  alpha_A0     1.98491e-03   1.51333e-03  -4.43261e-06  -2.19310e+01
  22  beta_A0     -3.15547e-03   1.85976e-03   3.31748e-06   5.79609e+00
  23  alpha_phi   -4.81410e-03   2.23491e-03  -2.47689e-06  -1.39301e+00
  24  beta_phi    -1.18010e-03   9.89283e-04  -1.00496e-05  -1.16891e+01
 EXTERNAL ERROR MATRIX.    NDIM=  25    NPAR=  8    ERR DEF=1
  1.867e+05 -5.346e-03  2.561e-02 -4.628e+04  1.120e-01  3.343e-02  6.261e-03 -7.694e-02 
 -5.346e-03  3.343e-08  1.575e-09 -7.431e-03 -3.157e-09 -4.140e-08 -5.024e-08 -1.231e-08 
  2.561e-02  1.575e-09  2.183e-07 -2.409e-01  1.762e-07 -2.998e-07 -4.796e-07 -1.776e-07 
 -4.628e+04 -7.431e-03 -2.409e-01  1.020e+06 -1.144e+00  1.417e+00  1.995e+00  3.474e-01 
  1.120e-01 -3.157e-09  1.762e-07 -1.144e+00  2.290e-06 -1.316e-06 -2.066e-06 -4.673e-07 
  3.343e-02 -4.140e-08 -2.998e-07  1.417e+00 -1.316e-06  3.459e-06  2.783e-06  5.371e-07 
  6.261e-03 -5.024e-08 -4.796e-07  1.995e+00 -2.066e-06  2.783e-06  4.995e-06  5.118e-07 
 -7.694e-02 -1.231e-08 -1.776e-07  3.474e-01 -4.673e-07  5.371e-07  5.118e-07  9.787e-07 
ERR MATRIX APPROXIMATE
 PARAMETER  CORRELATION COEFFICIENTS  
       NO.  GLOBAL      1      3      4     20     21     22     23     24
        1  0.33787   1.000 -0.068  0.127 -0.106  0.171  0.042  0.006 -0.180
        3  0.25187  -0.068  1.000  0.018 -0.040 -0.011 -0.122 -0.123 -0.068
        4  0.61368   0.127  0.018  1.000 -0.511  0.249 -0.345 -0.459 -0.384
       20  0.95235  -0.106 -0.040 -0.511  1.000 -0.749  0.754  0.884  0.348
       21  0.79437   0.171 -0.011  0.249 -0.749  1.000 -0.468 -0.611 -0.312
       22  0.78679   0.042 -0.122 -0.345  0.754 -0.468  1.000  0.670  0.292
       23  0.89857   0.006 -0.123 -0.459  0.884 -0.611  0.670  1.000  0.231
       24  0.49294  -0.180 -0.068 -0.384  0.348 -0.312  0.292  0.231  1.000
 ERR MATRIX APPROXIMATE
MINUIT - FIT ONLY 1-CBO + wiggle
 **********
 **   16 **RES 
 **********
                   PARAMETER   16  beta_vw RESTORED TO VARIABLE.
                   PARAMETER   14  alpha_vw RESTORED TO VARIABLE.
                   PARAMETER   13  beta_y RESTORED TO VARIABLE.
                   PARAMETER   11  alpha_y RESTORED TO VARIABLE.
                   PARAMETER   10  beta_2CBO RESTORED TO VARIABLE.
                   PARAMETER    9  alpha_2CBO RESTORED TO VARIABLE.
                   PARAMETER    8  beta_CBO RESTORED TO VARIABLE.
                   PARAMETER    6  alpha_CBO RESTORED TO VARIABLE.
 **********
 **   17 **FIX            8
 **********
 **********
 **   18 **FIX            9
 **********
 **********
 **   19 **FIX           11
 **********
 **********
 **   20 **FIX           12
 **********
 PARAMETER   12  IS CONSTANT.   IGNORED.
 **********
 **   21 **FIX           14
 **********
 **********
 **   22 **FIX           15
 **********
 PARAMETER   15  IS CONSTANT.   IGNORED.
 **********
 **   23 **FIX           16
 **********
 **********
 **   24 **MIGRAD
 **********
 START MIGRAD MINIMIZATION.  STRATEGY  1.  CONVERGENCE WHEN EDM .LT. 1.00e-04
 FCN=550.268 FROM MIGRAD    STATUS=INITIATE       28 CALLS        1357 TOTAL
                     EDM= unknown      STRATEGY= 1      NO ERROR MATRIX       
  EXT PARAMETER               CURRENT GUESS       STEP         FIRST   
  NO.   NAME      VALUE            ERROR          SIZE      DERIVATIVE 
   1  N0           3.17529e+06   4.32131e+02  -2.63736e+00   3.61320e-06
   2  tau          6.44005e+01   constant   
   3  A0           3.65770e-01   1.82830e-04  -4.66403e-07  -2.73652e+00
   4  phi          4.11870e+00   4.67181e-04  -5.95963e-06  -6.50886e+01
   5  R           -6.09192e+01   constant   
   6  alpha_CBO    0.00000e+00   1.00000e-03   1.00000e-03   6.98285e+04
   7  w_CBO        2.32500e+00   constant   
   8  beta_CBO     0.00000e+00     fixed    
   9  alpha_2CBO   0.00000e+00     fixed    
  10  beta_2CBO    0.00000e+00   1.00000e-03   1.00000e-03  -8.29154e+03
  11  alpha_y      0.00000e+00     fixed    
  12  w_y          1.38860e+01   constant   
  13  beta_y       0.00000e+00   1.00000e-03   1.00000e-03  -2.75860e+03
  14  alpha_vw     0.00000e+00     fixed    
  15  w_vw         1.43404e+01   constant   
  16  beta_vw      0.00000e+00     fixed    
  17  LM          -6.12107e-05   constant   
  18  zeta_y       0.00000e+00   constant   
  19  zeta_vw      0.00000e+00   constant   
  20  T_CBO        6.08749e+02   7.94692e+02   2.36645e-02  -3.15816e-02
  21  alpha_A0     1.98491e-03   1.51333e-03  -4.43261e-06  -2.19310e+01
  22  beta_A0     -3.15547e-03   1.85976e-03   3.31748e-06   5.79608e+00
  23  alpha_phi   -4.81410e-03   2.23491e-03  -2.47689e-06  -1.39301e+00
  24  beta_phi    -1.18010e-03   9.89283e-04  -1.00496e-05  -1.16891e+01
 MIGRAD MINIMIZATION HAS CONVERGED.
 FCN=506.172 FROM MIGRAD    STATUS=CONVERGED     655 CALLS        1984 TOTAL
                     EDM=2.13244e-06    STRATEGY= 1  ERROR MATRIX UNCERTAINTY   0.2 per cent
  EXT PARAMETER                                   STEP         FIRST   
  NO.   NAME      VALUE            ERROR          SIZE      DERIVATIVE 
   1  N0           3.17519e+06   4.03976e+02   1.14358e-01  -8.22546e-07
   2  tau          6.44005e+01   constant   
   3  A0           3.65507e-01   1.81416e-04   5.58414e-08   2.62419e+00
   4  phi          4.11811e+00   5.08510e-04   2.61914e-07   1.03145e+00
   5  R           -6.09192e+01   constant   
   6  alpha_CBO   -1.23872e-03   1.87883e-04   2.62608e-09  -5.47156e-01
   7  w_CBO        2.32500e+00   constant   
   8  beta_CBO     0.00000e+00     fixed    
   9  alpha_2CBO   0.00000e+00     fixed    
  10  beta_2CBO    1.92951e-04   1.82490e-04  -5.82693e-08  -2.65954e+00
  11  alpha_y      0.00000e+00     fixed    
  12  w_y          1.38860e+01   constant   
  13  beta_y       4.70248e-05   1.82421e-04  -1.40495e-08   1.56200e+00
  14  alpha_vw     0.00000e+00     fixed    
  15  w_vw         1.43404e+01   constant   
  16  beta_vw      0.00000e+00     fixed    
  17  LM          -6.12107e-05   constant   
  18  zeta_y       0.00000e+00   constant   
  19  zeta_vw      0.00000e+00   constant   
  20  T_CBO        9.99930e+02   7.20083e+02   5.07022e-03  -1.68112e-04
  21  alpha_A0     1.11516e-03   7.77924e-04   6.85473e-07   1.78556e+00
  22  beta_A0     -2.46299e-03   8.90522e-04  -1.15496e-06  -4.61676e-01
  23  alpha_phi   -3.97197e-03   8.37822e-04  -1.85090e-06   1.38687e+00
  24  beta_phi    -7.03829e-04   9.01941e-04  -4.48098e-07  -4.65559e-01
 EXTERNAL ERROR MATRIX.    NDIM=  25    NPAR= 11    ERR DEF=1
  1.632e+05 
  3.999e-04  3.291e-08 
  2.334e-02  4.735e-09  2.586e-07 
  2.073e-03  7.269e-09  1.593e-08  3.530e-08 
 -4.965e-03 -1.201e-10 -4.707e-09 -1.281e-09  3.330e-08 
 -9.880e-05 -4.159e-10 -1.512e-09 -1.035e-10 -5.688e-11  3.328e-08 
  3.102e+03  8.775e-04  6.078e-03  2.429e-04 -1.257e-03  5.025e-05  1.367e+04 
  7.044e-03  5.407e-09 -3.100e-08  1.943e-08  1.479e-08 -2.920e-09  4.145e-03  6.052e-07 
  2.750e-02 -1.438e-08 -9.828e-09 -7.866e-09  8.763e-09  4.063e-09  2.434e-03  6.898e-08  7.930e-07 
  6.707e-02 -3.158e-08  5.190e-10 -1.441e-08 -7.904e-09 -2.278e-09  1.621e-02 -3.496e-08  8.800e-08  7.019e-07 
 -4.516e-02 -1.058e-08 -4.810e-08 -6.721e-09  2.258e-08  3.857e-09 -4.404e-03  1.002e-07 -5.729e-08  7.980e-09  8.135e-07 
 PARAMETER  CORRELATION COEFFICIENTS  
       NO.  GLOBAL      1      3      4      6     10     13     20     21     22     23     24
        1  0.27169   1.000  0.005  0.114  0.027 -0.067 -0.001  0.066  0.022  0.076  0.198 -0.124
        3  0.30727   0.005  1.000  0.051  0.213 -0.004 -0.013  0.041  0.038 -0.089 -0.208 -0.065
        4  0.25637   0.114  0.051  1.000  0.167 -0.051 -0.016  0.102 -0.078 -0.022  0.001 -0.105
        6  0.30828   0.027  0.213  0.167  1.000 -0.037 -0.003  0.011  0.133 -0.047 -0.092 -0.040
       10  0.19748  -0.067 -0.004 -0.051 -0.037  1.000 -0.002 -0.059  0.104  0.054 -0.052  0.137
       13  0.05453  -0.001 -0.013 -0.016 -0.003 -0.002  1.000  0.002 -0.021  0.025 -0.015  0.023
       20  0.22518   0.066  0.041  0.102  0.011 -0.059  0.002  1.000  0.046  0.023  0.166 -0.042
       21  0.27938   0.022  0.038 -0.078  0.133  0.104 -0.021  0.046  1.000  0.100 -0.054  0.143
       22  0.21702   0.076 -0.089 -0.022 -0.047  0.054  0.025  0.023  0.100  1.000  0.118 -0.071
       23  0.35454   0.198 -0.208  0.001 -0.092 -0.052 -0.015  0.166 -0.054  0.118  1.000  0.011
       24  0.26826  -0.124 -0.065 -0.105 -0.040  0.137  0.023 -0.042  0.143 -0.071  0.011  1.000
MINUIT - FIT ONLY 2-CBO
 **********
 **   25 **RES 
 **********
                   PARAMETER   16  beta_vw RESTORED TO VARIABLE.
                   PARAMETER   14  alpha_vw RESTORED TO VARIABLE.
                   PARAMETER   11  alpha_y RESTORED TO VARIABLE.
                   PARAMETER    9  alpha_2CBO RESTORED TO VARIABLE.
                   PARAMETER    8  beta_CBO RESTORED TO VARIABLE.
 **********
 **   26 **FIX            0
 **********
 PARAMETER    0  IS UNDEFINED. IGNORED.
 **********
 **   27 **FIX            1
 **********
 **********
 **   28 **FIX            2
 **********
 PARAMETER    2  IS CONSTANT.   IGNORED.
 **********
 **   29 **FIX            3
 **********
 **********
 **   30 **FIX            4
 **********
 **********
 **   31 **FIX            5
 **********
 PARAMETER    5  IS CONSTANT.   IGNORED.
 **********
 **   32 **FIX            6
 **********
 **********
 **   33 **FIX            7
 **********
 PARAMETER    7  IS CONSTANT.   IGNORED.
 **********
 **   34 **FIX           10
 **********
 **********
 **   35 **FIX           11
 **********
 **********
 **   36 **FIX           12
 **********
 PARAMETER   12  IS CONSTANT.   IGNORED.
 **********
 **   37 **FIX           13
 **********
 **********
 **   38 **FIX           14
 **********
 **********
 **   39 **FIX           15
 **********
 PARAMETER   15  IS CONSTANT.   IGNORED.
 **********
 **   40 **FIX           16
 **********
 **********
 **   41 **MIGRAD
 **********
 START MIGRAD MINIMIZATION.  STRATEGY  1.  CONVERGENCE WHEN EDM .LT. 1.00e-04
 FCN=506.172 FROM MIGRAD    STATUS=INITIATE       18 CALLS        2002 TOTAL
                     EDM= unknown      STRATEGY= 1      NO ERROR MATRIX       
  EXT PARAMETER               CURRENT GUESS       STEP         FIRST   
  NO.   NAME      VALUE            ERROR          SIZE      DERIVATIVE 
   1  N0           3.17519e+06     fixed    
   2  tau          6.44005e+01   constant   
   3  A0           3.65507e-01     fixed    
   4  phi          4.11811e+00     fixed    
   5  R           -6.09192e+01   constant   
   6  alpha_CBO   -1.23872e-03     fixed    
   7  w_CBO        2.32500e+00   constant   
   8  beta_CBO     0.00000e+00   1.00000e-03   1.00000e-03  -2.18051e+05
   9  alpha_2CBO   0.00000e+00   1.00000e-03   1.00000e-03   2.22232e+04
  10  beta_2CBO    1.92951e-04     fixed    
  11  alpha_y      0.00000e+00     fixed    
  12  w_y          1.38860e+01   constant   
  13  beta_y       4.70248e-05     fixed    
  14  alpha_vw     0.00000e+00     fixed    
  15  w_vw         1.43404e+01   constant   
  16  beta_vw      0.00000e+00     fixed    
  17  LM          -6.12107e-05   constant   
  18  zeta_y       0.00000e+00   constant   
  19  zeta_vw      0.00000e+00   constant   
  20  T_CBO        9.99930e+02   7.20083e+02   5.07022e-03  -1.91004e-04
  21  alpha_A0     1.11516e-03   7.77924e-04   6.85473e-07   1.78556e+00
  22  beta_A0     -2.46299e-03   8.90522e-04  -1.15496e-06  -4.61685e-01
  23  alpha_phi   -3.97197e-03   8.37822e-04  -1.85090e-06   1.38687e+00
  24  beta_phi    -7.03829e-04   9.01941e-04  -4.48098e-07  -4.65559e-01
 CALL LIMIT EXCEEDED IN MIGRAD.
 MIGRAD TERMINATED WITHOUT CONVERGENCE.
 FCN=85.2721 FROM MIGRAD    STATUS=CALL LIMIT   1153 CALLS        3137 TOTAL
                     EDM=0.00406219    STRATEGY= 1  ERROR MATRIX UNCERTAINTY  29.0 per cent
  EXT PARAMETER                APPROXIMATE        STEP         FIRST   
  NO.   NAME      VALUE            ERROR          SIZE      DERIVATIVE 
   1  N0           3.17519e+06     fixed    
   2  tau          6.44005e+01   constant   
   3  A0           3.65507e-01     fixed    
   4  phi          4.11811e+00     fixed    
   5  R           -6.09192e+01   constant   
   6  alpha_CBO   -1.23872e-03     fixed    
   7  w_CBO        2.32500e+00   constant   
   8  beta_CBO     3.85240e-03   1.81886e-04  -1.67641e-06   1.98912e+02
   9  alpha_2CBO  -1.00058e-04   1.79343e-04   8.70077e-07  -1.82707e+02
  10  beta_2CBO    1.92951e-04     fixed    
  11  alpha_y      0.00000e+00     fixed    
  12  w_y          1.38860e+01   constant   
  13  beta_y       4.70248e-05     fixed    
  14  alpha_vw     0.00000e+00     fixed    
  15  w_vw         1.43404e+01   constant   
  16  beta_vw      0.00000e+00     fixed    
  17  LM          -6.12107e-05   constant   
  18  zeta_y       0.00000e+00   constant   
  19  zeta_vw      0.00000e+00   constant   
  20  T_CBO        5.05977e+01   2.12274e+01   3.18487e-03   6.01511e+00
  21  alpha_A0     1.15523e-02   9.14593e-03   2.85335e-04  -7.88508e+00
  22  beta_A0     -9.58497e-03   1.44378e-02  -4.17320e-04  -4.77592e-01
  23  alpha_phi   -7.07779e-02   7.96441e-02  -2.44251e-03   6.91325e+00
  24  beta_phi    -1.69224e-02   2.50403e-02  -7.05654e-04  -3.34452e-01
 EXTERNAL ERROR MATRIX.    NDIM=  25    NPAR=  7    ERR DEF=1
  3.308e-08  2.502e-09  3.182e-05  2.729e-08 -5.141e-09 -1.705e-07 -3.737e-08 
  2.502e-09  3.216e-08 -6.891e-05 -3.249e-08  1.060e-07  5.642e-07  2.214e-07 
  3.182e-05 -6.891e-05  4.520e+02  1.835e-01 -2.964e-01 -1.683e+00 -5.065e-01 
  2.729e-08 -3.249e-08  1.835e-01  8.365e-05 -1.118e-04 -6.763e-04 -1.867e-04 
 -5.141e-09  1.060e-07 -2.964e-01 -1.118e-04  2.085e-04  1.129e-03  3.601e-04 
 -1.705e-07  5.642e-07 -1.683e+00 -6.763e-04  1.129e-03  6.343e-03  1.935e-03 
 -3.737e-08  2.214e-07 -5.065e-01 -1.867e-04  3.601e-04  1.935e-03  6.270e-04 
ERR MATRIX APPROXIMATE
 PARAMETER  CORRELATION COEFFICIENTS  
       NO.  GLOBAL      8      9     20     21     22     23     24
        8  0.16659   1.000  0.077  0.008  0.016 -0.002 -0.012 -0.008
        9  0.25362   0.077  1.000 -0.018 -0.020  0.041  0.039  0.049
       20  0.99561   0.008 -0.018  1.000  0.944 -0.966 -0.994 -0.951
       21  0.99430   0.016 -0.020  0.944  1.000 -0.847 -0.929 -0.815
       22  0.99829  -0.002  0.041 -0.966 -0.847  1.000  0.982  0.996
       23  0.99919  -0.012  0.039 -0.994 -0.929  0.982  1.000  0.970
       24  0.99811  -0.008  0.049 -0.951 -0.815  0.996  0.970  1.000
 ERR MATRIX APPROXIMATE
MINUIT - FIT wiggle + 1-CBO + 2-CBO
 **********
 **   42 **RES 
 **********
                   PARAMETER   16  beta_vw RESTORED TO VARIABLE.
                   PARAMETER   14  alpha_vw RESTORED TO VARIABLE.
                   PARAMETER   13  beta_y RESTORED TO VARIABLE.
                   PARAMETER   11  alpha_y RESTORED TO VARIABLE.
                   PARAMETER   10  beta_2CBO RESTORED TO VARIABLE.
                   PARAMETER    6  alpha_CBO RESTORED TO VARIABLE.
                   PARAMETER    4  phi RESTORED TO VARIABLE.
                   PARAMETER    3  A0 RESTORED TO VARIABLE.
                   PARAMETER    1  N0 RESTORED TO VARIABLE.
 **********
 **   43 **FIX           10
 **********
 **********
 **   44 **FIX           11
 **********
 **********
 **   45 **FIX           12
 **********
 PARAMETER   12  IS CONSTANT.   IGNORED.
 **********
 **   46 **FIX           13
 **********
 **********
 **   47 **FIX           14
 **********
 **********
 **   48 **FIX           15
 **********
 PARAMETER   15  IS CONSTANT.   IGNORED.
 **********
 **   49 **FIX           16
 **********
 **********
 **   50 **MIGRAD
 **********
 START MIGRAD MINIMIZATION.  STRATEGY  1.  CONVERGENCE WHEN EDM .LT. 1.00e-04
 FCN=85.2721 FROM MIGRAD    STATUS=INITIATE       22 CALLS        3159 TOTAL
                     EDM= unknown      STRATEGY= 1      NO ERROR MATRIX       
  EXT PARAMETER               CURRENT GUESS       STEP         FIRST   
  NO.   NAME      VALUE            ERROR          SIZE      DERIVATIVE 
   1  N0           3.17519e+06   4.03976e+02   4.03976e+02   7.61233e-03
   2  tau          6.44005e+01   constant   
   3  A0           3.65507e-01   1.81416e-04   1.81416e-04   2.96193e+04
   4  phi          4.11811e+00   5.08510e-04   5.08510e-04  -1.17647e+04
   5  R           -6.09192e+01   constant   
   6  alpha_CBO   -1.23872e-03   1.87883e-04   1.87883e-04   5.50301e+01
   7  w_CBO        2.32500e+00   constant   
   8  beta_CBO     3.85240e-03   1.81886e-04  -1.67641e-06   1.98912e+02
   9  alpha_2CBO  -1.00058e-04   1.79343e-04   8.70077e-07  -1.82707e+02
  10  beta_2CBO    1.92951e-04     fixed    
  11  alpha_y      0.00000e+00     fixed    
  12  w_y          1.38860e+01   constant   
  13  beta_y       4.70248e-05     fixed    
  14  alpha_vw     0.00000e+00     fixed    
  15  w_vw         1.43404e+01   constant   
  16  beta_vw      0.00000e+00     fixed    
  17  LM          -6.12107e-05   constant   
  18  zeta_y       0.00000e+00   constant   
  19  zeta_vw      0.00000e+00   constant   
  20  T_CBO        5.05977e+01   2.12274e+01   3.18487e-03  -6.01511e+00
  21  alpha_A0     1.15523e-02   9.14593e-03   2.85335e-04  -7.88508e+00
  22  beta_A0     -9.58497e-03   1.44378e-02  -4.17320e-04  -4.77592e-01
  23  alpha_phi   -7.07779e-02   7.96441e-02  -2.44251e-03   6.91325e+00
  24  beta_phi    -1.69224e-02   2.50403e-02  -7.05654e-04  -3.34452e-01
 MIGRAD MINIMIZATION HAS CONVERGED.
 FCN=67.3785 FROM MIGRAD    STATUS=CONVERGED    1565 CALLS        4702 TOTAL
                     EDM=8.66896e-06    STRATEGY= 1  ERROR MATRIX UNCERTAINTY   0.3 per cent
  EXT PARAMETER                                   STEP         FIRST   
  NO.   NAME      VALUE            ERROR          SIZE      DERIVATIVE 
   1  N0           3.17474e+06   4.21116e+02  -2.90719e-01  -3.31322e-07
   2  tau          6.44005e+01   constant   
   3  A0           3.65011e-01   1.85204e-04   2.64997e-07   5.98571e+00
   4  phi          4.11956e+00   5.01738e-04  -6.16409e-07  -1.49630e-01
   5  R           -6.09192e+01   constant   
   6  alpha_CBO   -1.26419e-03   1.81118e-04   1.98281e-08   7.23622e+00
   7  w_CBO        2.32500e+00   constant   
   8  beta_CBO     4.02081e-03   1.90313e-04  -4.33970e-07  -1.16666e+01
   9  alpha_2CBO  -4.31814e-05   1.82742e-04   1.10090e-07   9.89607e-01
  10  beta_2CBO    1.92951e-04     fixed    
  11  alpha_y      0.00000e+00     fixed    
  12  w_y          1.38860e+01   constant   
  13  beta_y       4.70248e-05     fixed    
  14  alpha_vw     0.00000e+00     fixed    
  15  w_vw         1.43404e+01   constant   
  16  beta_vw      0.00000e+00     fixed    
  17  LM          -6.12107e-05   constant   
  18  zeta_y       0.00000e+00   constant   
  19  zeta_vw      0.00000e+00   constant   
  20  T_CBO        9.99968e+02   9.92507e+02   6.04481e-02  -2.79184e-04
  21  alpha_A0     5.67081e-04   7.93617e-04  -3.53509e-06  -1.25166e+00
  22  beta_A0     -2.03381e-04   9.69636e-04   1.78945e-06   1.36589e+00
  23  alpha_phi   -3.93398e-03   1.06985e-03   6.25832e-07   5.53241e+00
  24  beta_phi    -9.46368e-04   8.38603e-04   2.44458e-07   2.73239e-01
 EXTERNAL ERROR MATRIX.    NDIM=  25    NPAR= 11    ERR DEF=1
  1.773e+05 
 -7.441e-03  3.430e-08 
  1.742e-02  7.264e-10  2.517e-07 
 -1.597e-03  6.115e-09  1.298e-08  3.280e-08 
 -4.011e-03 -3.823e-09  1.471e-08 -4.167e-10  3.622e-08 
 -5.017e-03 -7.806e-10  5.375e-09  4.830e-10  2.442e-09  3.339e-08 
 -6.528e+01  1.210e-04 -1.365e-05  3.940e-05 -8.354e-05  7.914e-05  2.721e+03 
  5.481e-02  3.997e-10  2.029e-08  2.043e-08  4.721e-10  1.386e-08 -6.273e-04  6.298e-07 
  7.530e-02 -3.250e-08  2.040e-08 -1.052e-08  2.552e-08 -1.989e-08 -2.297e-03  3.064e-08  9.402e-07 
  8.768e-02 -4.035e-08  3.459e-08 -1.275e-08  1.420e-08  1.475e-08  1.569e-02  1.146e-07 -7.449e-08  1.145e-06 
 -4.308e-02 -9.950e-09 -5.602e-08 -5.694e-09 -1.114e-09  1.357e-08  2.612e-03  4.699e-08 -2.017e-08 -3.247e-08  7.033e-07 
 PARAMETER  CORRELATION COEFFICIENTS  
       NO.  GLOBAL      1      3      4      6      8      9     20     21     22     23     24
        1  0.35632   1.000 -0.095  0.082 -0.021 -0.050 -0.065 -0.003  0.164  0.184  0.195 -0.122
        3  0.34789  -0.095  1.000  0.008  0.182 -0.108 -0.023  0.013  0.003 -0.181 -0.204 -0.064
        4  0.27031   0.082  0.008  1.000  0.143  0.154  0.059 -0.001  0.051  0.042  0.064 -0.133
        6  0.28015  -0.021  0.182  0.143  1.000 -0.012  0.015  0.004  0.142 -0.060 -0.066 -0.037
        8  0.25986  -0.050 -0.108  0.154 -0.012  1.000  0.070 -0.008  0.003  0.138  0.070 -0.007
        9  0.21585  -0.065 -0.023  0.059  0.015  0.070  1.000  0.008  0.096 -0.112  0.075  0.089
       20  0.31040  -0.003  0.013 -0.001  0.004 -0.008  0.008  1.000 -0.015 -0.045  0.281  0.060
       21  0.29062   0.164  0.003  0.051  0.142  0.003  0.096 -0.015  1.000  0.040  0.135  0.071
       22  0.33873   0.184 -0.181  0.042 -0.060  0.138 -0.112 -0.045  0.040  1.000 -0.072 -0.025
       23  0.44627   0.195 -0.204  0.064 -0.066  0.070  0.075  0.281  0.135 -0.072  1.000 -0.036
       24  0.24308  -0.122 -0.064 -0.133 -0.037 -0.007  0.089  0.060  0.071 -0.025 -0.036  1.000
MINUIT - FIT ONLY 1-y
 **********
 **   51 **RES 
 **********
                   PARAMETER   16  beta_vw RESTORED TO VARIABLE.
                   PARAMETER   14  alpha_vw RESTORED TO VARIABLE.
                   PARAMETER   13  beta_y RESTORED TO VARIABLE.
                   PARAMETER   11  alpha_y RESTORED TO VARIABLE.
                   PARAMETER   10  beta_2CBO RESTORED TO VARIABLE.
 **********
 **   52 **FIX            0
 **********
 PARAMETER    0  IS UNDEFINED. IGNORED.
 **********
 **   53 **FIX            1
 **********
 **********
 **   54 **FIX            2
 **********
 PARAMETER    2  IS CONSTANT.   IGNORED.
 **********
 **   55 **FIX            3
 **********
 **********
 **   56 **FIX            4
 **********
 **********
 **   57 **FIX            5
 **********
 PARAMETER    5  IS CONSTANT.   IGNORED.
 **********
 **   58 **FIX            6
 **********
 **********
 **   59 **FIX            7
 **********
 PARAMETER    7  IS CONSTANT.   IGNORED.
 **********
 **   60 **FIX            8
 **********
 **********
 **   61 **FIX            9
 **********
 **********
 **   62 **FIX           13
 **********
 **********
 **   63 **FIX           14
 **********
 **********
 **   64 **FIX           15
 **********
 PARAMETER   15  IS CONSTANT.   IGNORED.
 **********
 **   65 **FIX           16
 **********
 **********
 **   66 **MIGRAD
 **********
 START MIGRAD MINIMIZATION.  STRATEGY  1.  CONVERGENCE WHEN EDM .LT. 1.00e-04
 FCN=67.3785 FROM MIGRAD    STATUS=INITIATE       16 CALLS        4718 TOTAL
                     EDM= unknown      STRATEGY= 1      NO ERROR MATRIX       
  EXT PARAMETER               CURRENT GUESS       STEP         FIRST   
  NO.   NAME      VALUE            ERROR          SIZE      DERIVATIVE 
   1  N0           3.17474e+06     fixed    
   2  tau          6.44005e+01   constant   
   3  A0           3.65011e-01     fixed    
   4  phi          4.11956e+00     fixed    
   5  R           -6.09192e+01   constant   
   6  alpha_CBO   -1.26419e-03     fixed    
   7  w_CBO        2.32500e+00   constant   
   8  beta_CBO     4.02081e-03     fixed    
   9  alpha_2CBO  -4.31814e-05     fixed    
  10  beta_2CBO    1.92951e-04   1.82490e-04   1.82490e-04  -2.57174e+03
  11  alpha_y      0.00000e+00   1.00000e-03   1.00000e-03   1.47569e+04
  12  w_y          1.38860e+01   constant   
  13  beta_y       4.70248e-05     fixed    
  14  alpha_vw     0.00000e+00     fixed    
  15  w_vw         1.43404e+01   constant   
  16  beta_vw      0.00000e+00     fixed    
  17  LM          -6.12107e-05   constant   
  18  zeta_y       0.00000e+00   constant   
  19  zeta_vw      0.00000e+00   constant   
  20  T_CBO        9.99968e+02   9.92507e+02   6.04481e-02  -2.79264e-04
  21  alpha_A0     5.67081e-04   7.93617e-04  -3.53509e-06  -1.25166e+00
  22  beta_A0     -2.03381e-04   9.69636e-04   1.78945e-06   1.36590e+00
  23  alpha_phi   -3.93398e-03   1.06985e-03   6.25832e-07   5.53241e+00
  24  beta_phi    -9.46368e-04   8.38603e-04   2.44458e-07   2.73240e-01
 MIGRAD MINIMIZATION HAS CONVERGED.
 MIGRAD WILL VERIFY CONVERGENCE AND ERROR MATRIX.
 COVARIANCE MATRIX CALCULATED SUCCESSFULLY
 FCN=65.4912 FROM MIGRAD    STATUS=CONVERGED     115 CALLS        4817 TOTAL
                     EDM=2.09818e-06    STRATEGY= 1      ERROR MATRIX ACCURATE 
  EXT PARAMETER                                   STEP         FIRST   
  NO.   NAME      VALUE            ERROR          SIZE      DERIVATIVE 
   1  N0           3.17474e+06     fixed    
   2  tau          6.44005e+01   constant   
   3  A0           3.65011e-01     fixed    
   4  phi          4.11956e+00     fixed    
   5  R           -6.09192e+01   constant   
   6  alpha_CBO   -1.26419e-03     fixed    
   7  w_CBO        2.32500e+00   constant   
   8  beta_CBO     4.02081e-03     fixed    
   9  alpha_2CBO  -4.31814e-05     fixed    
  10  beta_2CBO    2.41717e-04   1.85663e-04   7.23222e-07   5.56295e+00
  11  alpha_y     -2.47311e-04   1.82788e-04   7.27478e-07  -1.09505e+00
  12  w_y          1.38860e+01   constant   
  13  beta_y       4.70248e-05     fixed    
  14  alpha_vw     0.00000e+00     fixed    
  15  w_vw         1.43404e+01   constant   
  16  beta_vw      0.00000e+00     fixed    
  17  LM          -6.12107e-05   constant   
  18  zeta_y       0.00000e+00   constant   
  19  zeta_vw      0.00000e+00   constant   
  20  T_CBO        1.00000e+03   9.96965e+02   3.96764e-02** at limit **
  21  alpha_A0     5.79377e-04   7.80924e-04   3.08353e-06  -1.33963e+00
  22  beta_A0     -1.84876e-04   8.59922e-04   3.38478e-06  -1.43714e+00
  23  alpha_phi   -3.96545e-03   8.18367e-04   3.23036e-06  -4.96537e-01
  24  beta_phi    -9.37705e-04   7.89915e-04   3.10700e-06  -8.92172e-01
 EXTERNAL ERROR MATRIX.    NDIM=  25    NPAR=  7    ERR DEF=1
  3.447e-08 -5.898e-10 -3.065e-10  1.347e-08  1.882e-08 -1.067e-08  1.961e-08 
 -5.898e-10  3.341e-08  1.126e-10  6.591e-10  6.114e-10  2.117e-09  2.203e-09 
 -3.065e-10  1.126e-10  2.527e-04  1.242e-07 -4.491e-08 -8.685e-07 -2.075e-07 
  1.347e-08  6.591e-10  1.242e-07  6.098e-07  3.671e-08  1.839e-08  5.021e-08 
  1.882e-08  6.114e-10 -4.491e-08  3.671e-08  7.395e-07  5.010e-08  3.021e-08 
 -1.067e-08  2.117e-09 -8.685e-07  1.839e-08  5.010e-08  6.697e-07 -1.009e-08 
  1.961e-08  2.203e-09 -2.075e-07  5.021e-08  3.021e-08 -1.009e-08  6.240e-07 
 PARAMETER  CORRELATION COEFFICIENTS  
       NO.  GLOBAL     10     11     20     21     22     23     24
       10  0.20696   1.000 -0.017 -0.000  0.093  0.118 -0.070  0.134
       11  0.02877  -0.017  1.000  0.000  0.005  0.004  0.014  0.015
       20  0.07045  -0.000  0.000  1.000  0.010 -0.003 -0.067 -0.017
       21  0.12844   0.093  0.005  0.010  1.000  0.055  0.029  0.081
       22  0.15055   0.118  0.004 -0.003  0.055  1.000  0.071  0.044
       23  0.13084  -0.070  0.014 -0.067  0.029  0.071  1.000 -0.016
       24  0.15516   0.134  0.015 -0.017  0.081  0.044 -0.016  1.000
MINUIT - FIT ONLY 2-y
 **********
 **   67 **RES 
 **********
                   PARAMETER   16  beta_vw RESTORED TO VARIABLE.
                   PARAMETER   14  alpha_vw RESTORED TO VARIABLE.
                   PARAMETER   13  beta_y RESTORED TO VARIABLE.
                   PARAMETER    9  alpha_2CBO RESTORED TO VARIABLE.
                   PARAMETER    8  beta_CBO RESTORED TO VARIABLE.
                   PARAMETER    6  alpha_CBO RESTORED TO VARIABLE.
                   PARAMETER    4  phi RESTORED TO VARIABLE.
                   PARAMETER    3  A0 RESTORED TO VARIABLE.
                   PARAMETER    1  N0 RESTORED TO VARIABLE.
 **********
 **   68 **FIX            0
 **********
 PARAMETER    0  IS UNDEFINED. IGNORED.
 **********
 **   69 **FIX            1
 **********
 **********
 **   70 **FIX            2
 **********
 PARAMETER    2  IS CONSTANT.   IGNORED.
 **********
 **   71 **FIX            3
 **********
 **********
 **   72 **FIX            4
 **********
 **********
 **   73 **FIX            5
 **********
 PARAMETER    5  IS CONSTANT.   IGNORED.
 **********
 **   74 **FIX            6
 **********
 **********
 **   75 **FIX            7
 **********
 PARAMETER    7  IS CONSTANT.   IGNORED.
 **********
 **   76 **FIX            8
 **********
 **********
 **   77 **FIX            9
 **********
 **********
 **   78 **FIX           10
 **********
 **********
 **   79 **FIX           11
 **********
 **********
 **   80 **FIX           12
 **********
 PARAMETER   12  IS CONSTANT.   IGNORED.
 **********
 **   81 **FIX           16
 **********
 **********
 **   82 **MIGRAD
 **********
 START MIGRAD MINIMIZATION.  STRATEGY  1.  CONVERGENCE WHEN EDM .LT. 1.00e-04
 FCN=65.4912 FROM MIGRAD    STATUS=INITIATE       16 CALLS        4833 TOTAL
                     EDM= unknown      STRATEGY= 1      NO ERROR MATRIX       
  EXT PARAMETER               CURRENT GUESS       STEP         FIRST   
  NO.   NAME      VALUE            ERROR          SIZE      DERIVATIVE 
   1  N0           3.17474e+06     fixed    
   2  tau          6.44005e+01   constant   
   3  A0           3.65011e-01     fixed    
   4  phi          4.11956e+00     fixed    
   5  R           -6.09192e+01   constant   
   6  alpha_CBO   -1.26419e-03     fixed    
   7  w_CBO        2.32500e+00   constant   
   8  beta_CBO     4.02081e-03     fixed    
   9  alpha_2CBO  -4.31814e-05     fixed    
  10  beta_2CBO    2.41717e-04     fixed    
  11  alpha_y     -2.47311e-04     fixed    
  12  w_y          1.38860e+01   constant   
  13  beta_y       4.70248e-05   1.82421e-04   1.82421e-04   2.57667e+03
  14  alpha_vw     0.00000e+00   1.00000e-03   1.00000e-03   2.16231e+04
  15  w_vw         1.43404e+01   constant   
  16  beta_vw      0.00000e+00     fixed    
  17  LM          -6.12107e-05   constant   
  18  zeta_y       0.00000e+00   constant   
  19  zeta_vw      0.00000e+00   constant   
  20  T_CBO        9.99999e+02   9.96965e+02   3.96764e-02  -4.58705e-05
  21  alpha_A0     5.79377e-04   7.80924e-04   3.08353e-06  -1.33999e+00
  22  beta_A0     -1.84876e-04   8.59922e-04   3.38478e-06  -1.43725e+00
  23  alpha_phi   -3.96545e-03   8.18367e-04   3.23036e-06  -4.94805e-01
  24  beta_phi    -9.37705e-04   7.89915e-04   3.10700e-06  -8.91687e-01
 MIGRAD MINIMIZATION HAS CONVERGED.
 MIGRAD WILL VERIFY CONVERGENCE AND ERROR MATRIX.
 COVARIANCE MATRIX CALCULATED SUCCESSFULLY
 FCN=61.5525 FROM MIGRAD    STATUS=CONVERGED     112 CALLS        4929 TOTAL
                     EDM=1.54223e-06    STRATEGY= 1      ERROR MATRIX ACCURATE 
  EXT PARAMETER                                   STEP         FIRST   
  NO.   NAME      VALUE            ERROR          SIZE      DERIVATIVE 
   1  N0           3.17474e+06     fixed    
   2  tau          6.44005e+01   constant   
   3  A0           3.65011e-01     fixed    
   4  phi          4.11956e+00     fixed    
   5  R           -6.09192e+01   constant   
   6  alpha_CBO   -1.26419e-03     fixed    
   7  w_CBO        2.32500e+00   constant   
   8  beta_CBO     4.02081e-03     fixed    
   9  alpha_2CBO  -4.31814e-05     fixed    
  10  beta_2CBO    2.41717e-04     fixed    
  11  alpha_y     -2.47311e-04     fixed    
  12  w_y          1.38860e+01   constant   
  13  beta_y       8.08872e-05   1.87111e-04   7.06380e-07   3.83010e-01
  14  alpha_vw    -3.68309e-04   1.86922e-04   7.05936e-07   2.18450e+00
  15  w_vw         1.43404e+01   constant   
  16  beta_vw      0.00000e+00     fixed    
  17  LM          -6.12107e-05   constant   
  18  zeta_y       0.00000e+00   constant   
  19  zeta_vw      0.00000e+00   constant   
  20  T_CBO        1.00000e+03   9.97681e+02   3.47323e-02** at limit **
  21  alpha_A0     5.84769e-04   7.77548e-04   2.99080e-06  -1.50806e+00
  22  beta_A0     -1.80508e-04   8.54137e-04   3.28303e-06   4.68486e-01
  23  alpha_phi   -3.96677e-03   8.15882e-04   3.13322e-06  -1.41612e+00
  24  beta_phi    -9.30386e-04   7.82738e-04   3.01357e-06  -2.66696e-01
 EXTERNAL ERROR MATRIX.    NDIM=  25    NPAR=  7    ERR DEF=1
  3.501e-08 -7.304e-09 -2.666e-11 -1.049e-09  3.659e-09 -1.155e-09  1.832e-09 
 -7.304e-09  3.494e-08  1.481e-11 -3.826e-10 -7.848e-10  2.279e-10 -8.710e-10 
 -2.666e-11  1.481e-11  3.251e-04  1.248e-07 -4.343e-08 -8.645e-07 -2.046e-07 
 -1.049e-09 -3.826e-10  1.248e-07  6.046e-07  2.923e-08  2.264e-08  4.245e-08 
  3.659e-09 -7.848e-10 -4.343e-08  2.923e-08  7.296e-07  5.571e-08  1.961e-08 
 -1.155e-09  2.279e-10 -8.645e-07  2.264e-08  5.571e-08  6.657e-07 -4.397e-09 
  1.832e-09 -8.710e-10 -2.046e-07  4.245e-08  1.961e-08 -4.397e-09  6.127e-07 
 PARAMETER  CORRELATION COEFFICIENTS  
       NO.  GLOBAL     13     14     20     21     22     23     24
       13  0.21063   1.000 -0.209 -0.000 -0.007  0.023 -0.008  0.013
       14  0.20889  -0.209  1.000  0.000 -0.003 -0.005  0.001 -0.006
       20  0.06185  -0.000  0.000  1.000  0.009 -0.003 -0.059 -0.014
       21  0.08914  -0.007 -0.003  0.009  1.000  0.044  0.036  0.070
       22  0.09681   0.023 -0.005 -0.003  0.044  1.000  0.080  0.029
       23  0.10546  -0.008  0.001 -0.059  0.036  0.080  1.000 -0.007
       24  0.07809   0.013 -0.006 -0.014  0.070  0.029 -0.007  1.000
MINUIT - FIT ALTOGETHER
 **********
 **   83 **RES 
 **********
