 + ++++++++++++++++++++++++++++++++++++++++++++++++++++++++++++++++++++ +
 +                                                                      +
 +           You have chose to blind your fitting according to          +
 +                omega_ref * (1 + (R +/- deltaR) *10^{-6})             +
 +                                                                      +
 + ++++++++++++++++++++++++++++++++++++++++++++++++++++++++++++++++++++ +
In main()...
reading format from /gm2data/zkhechad/run45/envelope/formats/formatB_sBin_constraintOn.txt
pBinTau 	= 0  
pBinPhi 	= 0  
constraintau 	= 1 
includeMopTerm 	= 0    
constrainMop    = 0   
Parameters after format file: pBinTau 0 pBinPhi 0 constraintau 1 includeMopTerm 0 constrainMop 0 c_e_scale 0.000000 
Opening file /gm2data/tbarrett/gm2fr/studies/run23_bunch_corrections/CorrectedFourier_Run3b.root.
reading full fit data from /gm2data/zkhechad/cboTemplates/Run4CBOTemplates/templateFits0_v2.0/noRF/sBin_constraintOn_cE0.0_seed0_noRF_calo20.root
windowBins = 69
fitting sliding window 1628 from bin 1764 at 263.039600 to bin 1833 at 273.483600 (69 bins)

Reading data from /gm2data/cornell/histograms/aMethod/histogram_a_noRF.root
 **********
 **    1 **SET PRINTOUT            1
 **********
 **********
 **    2 **SET NOWARNINGS 
 **********
 PARAMETER DEFINITIONS:
    NO.   NAME         VALUE      STEP SIZE      LIMITS
     1 N0           3.28923e+06  1.00000e+02     no limits
     2 tau          6.43975e+01  constant
     3 A0           3.64482e-01  1.00000e-04     no limits
     4 phi          4.11977e+00  1.00000e-02     no limits
     5 R           -6.08541e+01  constant
     6 alpha_CBO    0.00000e+00  1.00000e-03     no limits
     7 w_CBO        2.32500e+00  constant
     8 beta_CBO     0.00000e+00  1.00000e-03     no limits
     9 alpha_2CBO   0.00000e+00  1.00000e-03     no limits
    10 beta_2CBO    0.00000e+00  1.00000e-03     no limits
    11 alpha_y      0.00000e+00  1.00000e-03     no limits
    12 w_y          1.44500e+01  constant
    13 beta_y       0.00000e+00  1.00000e-03     no limits
    14 alpha_vw     0.00000e+00  1.00000e-03     no limits
    15 w_vw         1.29000e+01  constant
    16 beta_vw      0.00000e+00  1.00000e-03     no limits
    17 LM          -3.35021e-04  constant
    18 zeta_y       0.00000e+00  constant
    19 zeta_vw      0.00000e+00  constant
    20 T_CBO        1.00000e+02  1.00000e+00    0.00000e+00  1.00000e+03
    21 alpha_A0     0.00000e+00  1.00000e-03     no limits
    22 beta_A0      0.00000e+00  1.00000e-03     no limits
    23 alpha_phi    0.00000e+00  1.00000e-03     no limits
    24 beta_phi     0.00000e+00  1.00000e-03     no limits
MINUIT - FIT ONLY WIGGLE
 **********
 **    3 **FIX            5
 **********
 PARAMETER    5  IS CONSTANT.   IGNORED.
 **********
 **    4 **FIX            6
 **********
 **********
 **    5 **FIX            7
 **********
 PARAMETER    7  IS CONSTANT.   IGNORED.
 **********
 **    6 **FIX            8
 **********
 **********
 **    7 **FIX            9
 **********
 **********
 **    8 **FIX           10
 **********
 **********
 **    9 **FIX           11
 **********
 **********
 **   10 **FIX           12
 **********
 PARAMETER   12  IS CONSTANT.   IGNORED.
 **********
 **   11 **FIX           13
 **********
 **********
 **   12 **FIX           14
 **********
 **********
 **   13 **FIX           15
 **********
 PARAMETER   15  IS CONSTANT.   IGNORED.
 **********
 **   14 **FIX           16
 **********
 **********
 **   15 **MIGRAD
 **********
 FIRST CALL TO USER FUNCTION AT NEW START POINT, WITH IFLAG=4.
 START MIGRAD MINIMIZATION.  STRATEGY  1.  CONVERGENCE WHEN EDM .LT. 1.00e-04
 FCN=86.4852 FROM MIGRAD    STATUS=INITIATE      437 CALLS         438 TOTAL
                     EDM= unknown      STRATEGY= 1      NO ERROR MATRIX       
  EXT PARAMETER               CURRENT GUESS       STEP         FIRST   
  NO.   NAME      VALUE            ERROR          SIZE      DERIVATIVE 
   1  N0           3.28923e+06   1.00000e+02   0.00000e+00  -1.88868e-04
   2  tau          6.43975e+01   constant   
   3  A0           3.64482e-01   1.00000e-04   0.00000e+00  -4.24286e+03
   4  phi          4.11977e+00   1.00000e-02   0.00000e+00  -2.38240e+03
   5  R           -6.08541e+01   constant   
   6  alpha_CBO    0.00000e+00     fixed    
   7  w_CBO        2.32500e+00   constant   
   8  beta_CBO     0.00000e+00     fixed    
   9  alpha_2CBO   0.00000e+00     fixed    
  10  beta_2CBO    0.00000e+00     fixed    
  11  alpha_y      0.00000e+00     fixed    
  12  w_y          1.44500e+01   constant   
  13  beta_y       0.00000e+00     fixed    
  14  alpha_vw     0.00000e+00     fixed    
  15  w_vw         1.29000e+01   constant   
  16  beta_vw      0.00000e+00     fixed    
  17  LM          -3.35021e-04   constant   
  18  zeta_y       0.00000e+00   constant   
  19  zeta_vw      0.00000e+00   constant   
  20  T_CBO        1.00000e+02   1.00000e+00   0.00000e+00   0.00000e+00
  21  alpha_A0     0.00000e+00   1.00000e-03   0.00000e+00   9.12585e+01
  22  beta_A0      0.00000e+00   1.00000e-03   0.00000e+00   1.43356e+02
  23  alpha_phi    0.00000e+00   1.00000e-03   0.00000e+00   2.07701e+00
  24  beta_phi     0.00000e+00   1.00000e-03   0.00000e+00  -1.73502e+02
 CALL LIMIT EXCEEDED IN MIGRAD.
 MIGRAD TERMINATED WITHOUT CONVERGENCE.
 FCN=72.573 FROM MIGRAD    STATUS=CALL LIMIT   1334 CALLS        1335 TOTAL
                     EDM=0.0154747    STRATEGY= 1  ERROR MATRIX UNCERTAINTY   1.3 per cent
  EXT PARAMETER                APPROXIMATE        STEP         FIRST   
  NO.   NAME      VALUE            ERROR          SIZE      DERIVATIVE 
   1  N0           3.29017e+06   1.11766e+03  -1.39600e+01  -3.77372e-05
   2  tau          6.43975e+01   constant   
   3  A0           3.65135e-01   4.63887e-04   1.67062e-05   1.43894e+02
   4  phi          4.12177e+00   1.27512e-03  -1.37913e-05  -1.35457e+01
   5  R           -6.08541e+01   constant   
   6  alpha_CBO    0.00000e+00     fixed    
   7  w_CBO        2.32500e+00   constant   
   8  beta_CBO     0.00000e+00     fixed    
   9  alpha_2CBO   0.00000e+00     fixed    
  10  beta_2CBO    0.00000e+00     fixed    
  11  alpha_y      0.00000e+00     fixed    
  12  w_y          1.44500e+01   constant   
  13  beta_y       0.00000e+00     fixed    
  14  alpha_vw     0.00000e+00     fixed    
  15  w_vw         1.29000e+01   constant   
  16  beta_vw      0.00000e+00     fixed    
  17  LM          -3.35021e-04   constant   
  18  zeta_y       0.00000e+00   constant   
  19  zeta_vw      0.00000e+00   constant   
  20  T_CBO        3.92718e+01   9.27472e+00  -2.04166e-03   6.05148e+00
  21  alpha_A0    -1.28706e+00   1.94812e+00  -1.16696e-01   1.16315e-01
  22  beta_A0     -3.23615e+00   5.22873e+00  -3.14451e-01  -4.39274e-02
  23  alpha_phi    1.52676e-01   2.61987e-01   1.54643e-02   6.19695e-02
  24  beta_phi     3.84364e+00   5.88038e+00   3.51177e-01   2.13039e-02
 EXTERNAL ERROR MATRIX.    NDIM=  25    NPAR=  8    ERR DEF=1
  1.249e+06  1.484e-02  2.353e-01  2.558e+03  4.391e+02  1.170e+03 -6.522e+01 -1.324e+03 
  1.484e-02  2.152e-07 -2.256e-09 -2.145e-03 -4.443e-04 -1.189e-03  6.038e-05  1.342e-03 
  2.353e-01 -2.256e-09  1.626e-06  1.968e-03  3.657e-04  9.727e-04 -5.134e-05 -1.098e-03 
  2.558e+03 -2.145e-03  1.968e-03  8.609e+01  1.775e+01  4.760e+01 -2.379e+00 -5.359e+01 
  4.391e+02 -4.443e-04  3.657e-04  1.775e+01  3.795e+00  1.019e+01 -5.073e-01 -1.145e+01 
  1.170e+03 -1.189e-03  9.727e-04  4.760e+01  1.019e+01  2.734e+01 -1.361e+00 -3.075e+01 
 -6.522e+01  6.038e-05 -5.134e-05 -2.379e+00 -5.073e-01 -1.361e+00  6.864e-02  1.532e+00 
 -1.324e+03  1.342e-03 -1.098e-03 -5.359e+01 -1.145e+01 -3.075e+01  1.532e+00  3.458e+01 
ERR MATRIX APPROXIMATE
 PARAMETER  CORRELATION COEFFICIENTS  
       NO.  GLOBAL      1      3      4     20     21     22     23     24
        1  0.42630   1.000  0.029  0.165  0.247  0.202  0.200 -0.223 -0.201
        3  0.55473   0.029  1.000 -0.004 -0.498 -0.492 -0.490  0.497  0.492
        4  0.24511   0.165 -0.004  1.000  0.166  0.147  0.146 -0.154 -0.146
       20  0.98705   0.247 -0.498  0.166  1.000  0.982  0.981 -0.979 -0.982
       21  0.99990   0.202 -0.492  0.147  0.982  1.000  1.000 -0.994 -1.000
       22  0.99996   0.200 -0.490  0.146  0.981  1.000  1.000 -0.994 -1.000
       23  0.99468  -0.223  0.497 -0.154 -0.979 -0.994 -0.994  1.000  0.994
       24  0.99996  -0.201  0.492 -0.146 -0.982 -1.000 -1.000  0.994  1.000
 ERR MATRIX APPROXIMATE
MINUIT - FIT ONLY 1-CBO + wiggle
 **********
 **   16 **RES 
 **********
                   PARAMETER   16  beta_vw RESTORED TO VARIABLE.
                   PARAMETER   14  alpha_vw RESTORED TO VARIABLE.
                   PARAMETER   13  beta_y RESTORED TO VARIABLE.
                   PARAMETER   11  alpha_y RESTORED TO VARIABLE.
                   PARAMETER   10  beta_2CBO RESTORED TO VARIABLE.
                   PARAMETER    9  alpha_2CBO RESTORED TO VARIABLE.
                   PARAMETER    8  beta_CBO RESTORED TO VARIABLE.
                   PARAMETER    6  alpha_CBO RESTORED TO VARIABLE.
 **********
 **   17 **FIX            8
 **********
 **********
 **   18 **FIX            9
 **********
 **********
 **   19 **FIX           11
 **********
 **********
 **   20 **FIX           12
 **********
 PARAMETER   12  IS CONSTANT.   IGNORED.
 **********
 **   21 **FIX           14
 **********
 **********
 **   22 **FIX           15
 **********
 PARAMETER   15  IS CONSTANT.   IGNORED.
 **********
 **   23 **FIX           16
 **********
 **********
 **   24 **MIGRAD
 **********
 START MIGRAD MINIMIZATION.  STRATEGY  1.  CONVERGENCE WHEN EDM .LT. 1.00e-04
 FCN=72.573 FROM MIGRAD    STATUS=INITIATE       28 CALLS        1363 TOTAL
                     EDM= unknown      STRATEGY= 1      NO ERROR MATRIX       
  EXT PARAMETER               CURRENT GUESS       STEP         FIRST   
  NO.   NAME      VALUE            ERROR          SIZE      DERIVATIVE 
   1  N0           3.29017e+06   1.11766e+03  -1.39600e+01  -3.77372e-05
   2  tau          6.43975e+01   constant   
   3  A0           3.65135e-01   4.63887e-04   1.67062e-05   1.43894e+02
   4  phi          4.12177e+00   1.27512e-03  -1.37913e-05  -1.35457e+01
   5  R           -6.08541e+01   constant   
   6  alpha_CBO    0.00000e+00   1.00000e-03   1.00000e-03  -1.61708e+04
   7  w_CBO        2.32500e+00   constant   
   8  beta_CBO     0.00000e+00     fixed    
   9  alpha_2CBO   0.00000e+00     fixed    
  10  beta_2CBO    0.00000e+00   1.00000e-03   1.00000e-03  -8.38917e+03
  11  alpha_y      0.00000e+00     fixed    
  12  w_y          1.44500e+01   constant   
  13  beta_y       0.00000e+00   1.00000e-03   1.00000e-03   2.51340e+03
  14  alpha_vw     0.00000e+00     fixed    
  15  w_vw         1.29000e+01   constant   
  16  beta_vw      0.00000e+00     fixed    
  17  LM          -3.35021e-04   constant   
  18  zeta_y       0.00000e+00   constant   
  19  zeta_vw      0.00000e+00   constant   
  20  T_CBO        3.92718e+01   9.27472e+00  -2.04166e-03   6.05143e+00
  21  alpha_A0    -1.28706e+00   1.94812e+00  -1.16696e-01   1.16315e-01
  22  beta_A0     -3.23615e+00   5.22873e+00  -3.14451e-01  -4.39274e-02
  23  alpha_phi    1.52676e-01   2.61987e-01   1.54643e-02   6.19695e-02
  24  beta_phi     3.84364e+00   5.88038e+00   3.51177e-01   2.13039e-02
 CALL LIMIT EXCEEDED IN MIGRAD.
 MIGRAD TERMINATED WITHOUT CONVERGENCE.
 FCN=52.3096 FROM MIGRAD    STATUS=CALL LIMIT   1913 CALLS        3248 TOTAL
                     EDM=0.0313713    STRATEGY= 1  ERROR MATRIX UNCERTAINTY  23.9 per cent
  EXT PARAMETER                APPROXIMATE        STEP         FIRST   
  NO.   NAME      VALUE            ERROR          SIZE      DERIVATIVE 
   1  N0           3.29006e+06   1.08645e+03  -7.01302e+00   7.99838e-05
   2  tau          6.43975e+01   constant   
   3  A0           3.64648e-01   4.48464e-04  -4.50846e-06   3.26890e+02
   4  phi          4.12140e+00   1.20992e-03   7.27563e-06  -7.67465e+01
   5  R           -6.08541e+01   constant   
   6  alpha_CBO    1.90285e-03   4.69670e-04  -1.67987e-06   1.80216e+02
   7  w_CBO        2.32500e+00   constant   
   8  beta_CBO     0.00000e+00     fixed    
   9  alpha_2CBO   0.00000e+00     fixed    
  10  beta_2CBO    1.00301e-03   4.59616e-04   9.64784e-08   9.52604e+00
  11  alpha_y      0.00000e+00     fixed    
  12  w_y          1.44500e+01   constant   
  13  beta_y      -3.08721e-04   4.64768e-04   2.28114e-06  -1.41352e+02
  14  alpha_vw     0.00000e+00     fixed    
  15  w_vw         1.29000e+01   constant   
  16  beta_vw      0.00000e+00     fixed    
  17  LM          -3.35021e-04   constant   
  18  zeta_y       0.00000e+00   constant   
  19  zeta_vw      0.00000e+00   constant   
  20  T_CBO        1.93306e+01   2.04803e+00   4.45437e-04   1.05529e+01
  21  alpha_A0    -4.39801e+02   6.12453e+02   9.27923e+00   1.39463e-04
  22  beta_A0     -4.24595e+03   5.98432e+03   9.06346e+01  -2.92617e-05
  23  alpha_phi   -1.00515e+02   1.39480e+02   2.12661e+00  -4.09859e-05
  24  beta_phi     3.03752e+03   4.29377e+03  -6.49871e+01  -4.25294e-06
 EXTERNAL ERROR MATRIX.    NDIM=  25    NPAR= 11    ERR DEF=1
  1.180e+06 
  2.592e-02  2.011e-07 
  2.112e-01  2.345e-08  1.464e-06 
 -3.547e-02 -5.404e-08 -3.028e-08  2.206e-07 
 -8.765e-03 -1.147e-08 -3.137e-09  1.282e-08  2.112e-07 
 -6.729e-03  3.822e-09 -4.818e-09  1.440e-09 -4.381e-10  2.160e-07 
 -7.289e+01 -1.270e-04  2.326e-04 -4.393e-05 -7.436e-06  5.488e-05  4.195e+00 
 -5.336e+04 -4.906e-02  5.842e-02 -8.153e-03  1.516e-03  1.763e-02  1.219e+03  3.751e+05 
 -5.214e+05 -4.787e-01  5.695e-01 -8.086e-02  1.476e-02  1.723e-01  1.191e+04  3.665e+06  3.581e+07 
 -1.260e+04 -1.105e-02  1.302e-02 -1.886e-03  3.231e-04  4.017e-03  2.776e+02  8.542e+04  8.346e+05  1.945e+04 
  3.737e+05  3.436e-01 -4.088e-01  5.790e-02 -1.067e-02 -1.236e-01 -8.543e+03 -2.630e+06 -2.570e+07 -5.988e+05  1.844e+07 
ERR MATRIX APPROXIMATE
 PARAMETER  CORRELATION COEFFICIENTS  
       NO.  GLOBAL      1      3      4      6     10     13     20     21     22     23     24
        1  0.37268   1.000  0.053  0.161 -0.070 -0.018 -0.013 -0.033 -0.080 -0.080 -0.083  0.080
        3  0.37716   0.053  1.000  0.043 -0.257 -0.056  0.018 -0.138 -0.179 -0.178 -0.177  0.178
        4  0.23008   0.161  0.043  1.000 -0.053 -0.006 -0.009  0.094  0.079  0.079  0.077 -0.079
        6  0.31599  -0.070 -0.257 -0.053  1.000  0.059  0.007 -0.046 -0.028 -0.029 -0.029  0.029
       10  0.09983  -0.018 -0.056 -0.006  0.059  1.000 -0.002 -0.008  0.005  0.005  0.005 -0.005
       13  0.07430  -0.013  0.018 -0.009  0.007 -0.002  1.000  0.058  0.062  0.062  0.062 -0.062
       20  0.97556  -0.033 -0.138  0.094 -0.046 -0.008  0.058  1.000  0.971  0.971  0.972 -0.971
       21  1.00000  -0.080 -0.179  0.079 -0.028  0.005  0.062  0.971  1.000  1.000  1.000 -1.000
       22  1.00000  -0.080 -0.178  0.079 -0.029  0.005  0.062  0.971  1.000  1.000  1.000 -1.000
       23  0.99992  -0.083 -0.177  0.077 -0.029  0.005  0.062  0.972  1.000  1.000  1.000 -1.000
       24  1.00000   0.080  0.178 -0.079  0.029 -0.005 -0.062 -0.971 -1.000 -1.000 -1.000  1.000
 ERR MATRIX APPROXIMATE
MINUIT - FIT ONLY 2-CBO
 **********
 **   25 **RES 
 **********
                   PARAMETER   16  beta_vw RESTORED TO VARIABLE.
                   PARAMETER   14  alpha_vw RESTORED TO VARIABLE.
                   PARAMETER   11  alpha_y RESTORED TO VARIABLE.
                   PARAMETER    9  alpha_2CBO RESTORED TO VARIABLE.
                   PARAMETER    8  beta_CBO RESTORED TO VARIABLE.
 **********
 **   26 **FIX            0
 **********
 PARAMETER    0  IS UNDEFINED. IGNORED.
 **********
 **   27 **FIX            1
 **********
 **********
 **   28 **FIX            2
 **********
 PARAMETER    2  IS CONSTANT.   IGNORED.
 **********
 **   29 **FIX            3
 **********
 **********
 **   30 **FIX            4
 **********
 **********
 **   31 **FIX            5
 **********
 PARAMETER    5  IS CONSTANT.   IGNORED.
 **********
 **   32 **FIX            6
 **********
 **********
 **   33 **FIX            7
 **********
 PARAMETER    7  IS CONSTANT.   IGNORED.
 **********
 **   34 **FIX           10
 **********
 **********
 **   35 **FIX           11
 **********
 **********
 **   36 **FIX           12
 **********
 PARAMETER   12  IS CONSTANT.   IGNORED.
 **********
 **   37 **FIX           13
 **********
 **********
 **   38 **FIX           14
 **********
 **********
 **   39 **FIX           15
 **********
 PARAMETER   15  IS CONSTANT.   IGNORED.
 **********
 **   40 **FIX           16
 **********
 **********
 **   41 **MIGRAD
 **********
 START MIGRAD MINIMIZATION.  STRATEGY  1.  CONVERGENCE WHEN EDM .LT. 1.00e-04
 FCN=52.3096 FROM MIGRAD    STATUS=INITIATE       18 CALLS        3266 TOTAL
                     EDM= unknown      STRATEGY= 1      NO ERROR MATRIX       
  EXT PARAMETER               CURRENT GUESS       STEP         FIRST   
  NO.   NAME      VALUE            ERROR          SIZE      DERIVATIVE 
   1  N0           3.29006e+06     fixed    
   2  tau          6.43975e+01   constant   
   3  A0           3.64648e-01     fixed    
   4  phi          4.12140e+00     fixed    
   5  R           -6.08541e+01   constant   
   6  alpha_CBO    1.90285e-03     fixed    
   7  w_CBO        2.32500e+00   constant   
   8  beta_CBO     0.00000e+00   1.00000e-03   1.00000e-03  -1.06275e+04
   9  alpha_2CBO   0.00000e+00   1.00000e-03   1.00000e-03  -2.14726e+03
  10  beta_2CBO    1.00301e-03     fixed    
  11  alpha_y      0.00000e+00     fixed    
  12  w_y          1.44500e+01   constant   
  13  beta_y      -3.08721e-04     fixed    
  14  alpha_vw     0.00000e+00     fixed    
  15  w_vw         1.29000e+01   constant   
  16  beta_vw      0.00000e+00     fixed    
  17  LM          -3.35021e-04   constant   
  18  zeta_y       0.00000e+00   constant   
  19  zeta_vw      0.00000e+00   constant   
  20  T_CBO        1.93306e+01   2.04803e+00   4.45437e-04   1.05528e+01
  21  alpha_A0    -4.39801e+02   6.12453e+02   9.27923e+00   1.39463e-04
  22  beta_A0     -4.24595e+03   5.98432e+03   9.06346e+01  -2.92617e-05
  23  alpha_phi   -1.00515e+02   1.39480e+02   2.12661e+00  -4.09859e-05
  24  beta_phi     3.03752e+03   4.29377e+03  -6.49871e+01  -4.25294e-06
 CALL LIMIT EXCEEDED IN MIGRAD.
 MIGRAD TERMINATED WITHOUT CONVERGENCE.
 FCN=45.5944 FROM MIGRAD    STATUS=CALL LIMIT   1156 CALLS        4404 TOTAL
                     EDM=0.00158147    STRATEGY= 1  ERROR MATRIX UNCERTAINTY  18.2 per cent
  EXT PARAMETER                APPROXIMATE        STEP         FIRST   
  NO.   NAME      VALUE            ERROR          SIZE      DERIVATIVE 
   1  N0           3.29006e+06     fixed    
   2  tau          6.43975e+01   constant   
   3  A0           3.64648e-01     fixed    
   4  phi          4.12140e+00     fixed    
   5  R           -6.08541e+01   constant   
   6  alpha_CBO    1.90285e-03     fixed    
   7  w_CBO        2.32500e+00   constant   
   8  beta_CBO     1.17747e-03   4.29438e-04  -1.55409e-05  -1.23625e+02
   9  alpha_2CBO   1.70841e-04   4.86789e-04  -6.97331e-07  -1.94019e+01
  10  beta_2CBO    1.00301e-03     fixed    
  11  alpha_y      0.00000e+00     fixed    
  12  w_y          1.44500e+01   constant   
  13  beta_y      -3.08721e-04     fixed    
  14  alpha_vw     0.00000e+00     fixed    
  15  w_vw         1.29000e+01   constant   
  16  beta_vw      0.00000e+00     fixed    
  17  LM          -3.35021e-04   constant   
  18  zeta_y       0.00000e+00   constant   
  19  zeta_vw      0.00000e+00   constant   
  20  T_CBO        1.42507e+01   3.63942e+00  -7.02626e-04  -4.37752e+00
  21  alpha_A0    -1.05533e+05   4.55678e+05  -1.19836e+04  -4.35996e-08
  22  beta_A0     -4.95877e+05   2.12838e+06  -5.59428e+04   3.62786e-08
  23  alpha_phi   -2.74274e+04   1.43216e+05  -2.68748e+03   7.34307e-08
  24  beta_phi     4.13755e+05   1.75488e+06   4.62236e+04  -7.32513e-08
 EXTERNAL ERROR MATRIX.    NDIM=  25    NPAR=  7    ERR DEF=1
  1.844e-07 -1.891e-08  4.984e-04  6.497e+01  3.035e+02  1.441e+01 -2.506e+02 
 -1.891e-08  2.370e-07  2.359e-05  5.136e+00  2.496e+01 -7.649e+00 -1.566e+01 
  4.984e-04  2.359e-05  1.325e+01  1.650e+06  7.708e+06  3.429e+05 -6.354e+06 
  6.497e+01  5.136e+00  1.650e+06  2.076e+11  9.698e+11  4.268e+10 -7.993e+11 
  3.035e+02  2.496e+01  7.708e+06  9.698e+11  4.530e+12  1.981e+11 -3.733e+12 
  1.441e+01 -7.649e+00  3.429e+05  4.268e+10  1.981e+11  2.051e+10 -1.699e+11 
 -2.506e+02 -1.566e+01 -6.354e+06 -7.993e+11 -3.733e+12 -1.699e+11  3.080e+12 
ERR MATRIX APPROXIMATE
 PARAMETER  CORRELATION COEFFICIENTS  
       NO.  GLOBAL      8      9     20     21     22     23     24
        8  0.37323   1.000 -0.090  0.319  0.332  0.332  0.234 -0.333
        9  0.21756  -0.090  1.000  0.013  0.023  0.024 -0.110 -0.018
       20  0.99515   0.319  0.013  1.000  0.995  0.995  0.658 -0.995
       21  0.99999   0.332  0.023  0.995  1.000  1.000  0.654 -1.000
       22  1.00000   0.332  0.024  0.995  1.000  1.000  0.650 -0.999
       23  0.99934   0.234 -0.110  0.658  0.654  0.650  1.000 -0.676
       24  1.00000  -0.333 -0.018 -0.995 -1.000 -0.999 -0.676  1.000
 ERR MATRIX APPROXIMATE
MINUIT - FIT wiggle + 1-CBO + 2-CBO
 **********
 **   42 **RES 
 **********
                   PARAMETER   16  beta_vw RESTORED TO VARIABLE.
                   PARAMETER   14  alpha_vw RESTORED TO VARIABLE.
                   PARAMETER   13  beta_y RESTORED TO VARIABLE.
                   PARAMETER   11  alpha_y RESTORED TO VARIABLE.
                   PARAMETER   10  beta_2CBO RESTORED TO VARIABLE.
                   PARAMETER    6  alpha_CBO RESTORED TO VARIABLE.
                   PARAMETER    4  phi RESTORED TO VARIABLE.
                   PARAMETER    3  A0 RESTORED TO VARIABLE.
                   PARAMETER    1  N0 RESTORED TO VARIABLE.
 **********
 **   43 **FIX           10
 **********
 **********
 **   44 **FIX           11
 **********
 **********
 **   45 **FIX           12
 **********
 PARAMETER   12  IS CONSTANT.   IGNORED.
 **********
 **   46 **FIX           13
 **********
 **********
 **   47 **FIX           14
 **********
 **********
 **   48 **FIX           15
 **********
 PARAMETER   15  IS CONSTANT.   IGNORED.
 **********
 **   49 **FIX           16
 **********
 **********
 **   50 **MIGRAD
 **********
 START MIGRAD MINIMIZATION.  STRATEGY  1.  CONVERGENCE WHEN EDM .LT. 1.00e-04
 FCN=45.5944 FROM MIGRAD    STATUS=INITIATE       22 CALLS        4426 TOTAL
                     EDM= unknown      STRATEGY= 1      NO ERROR MATRIX       
  EXT PARAMETER               CURRENT GUESS       STEP         FIRST   
  NO.   NAME      VALUE            ERROR          SIZE      DERIVATIVE 
   1  N0           3.29006e+06   1.08645e+03   1.08645e+03  -1.77305e-04
   2  tau          6.43975e+01   constant   
   3  A0           3.64648e-01   4.48464e-04   4.48464e-04  -3.92170e+02
   4  phi          4.12140e+00   1.20992e-03   1.20992e-03   7.63598e+02
   5  R           -6.08541e+01   constant   
   6  alpha_CBO    1.90285e-03   4.69670e-04   4.69670e-04   3.95363e+02
   7  w_CBO        2.32500e+00   constant   
   8  beta_CBO     1.17747e-03   4.29438e-04  -1.55409e-05  -1.23625e+02
   9  alpha_2CBO   1.70841e-04   4.86789e-04  -6.97331e-07  -1.94019e+01
  10  beta_2CBO    1.00301e-03     fixed    
  11  alpha_y      0.00000e+00     fixed    
  12  w_y          1.44500e+01   constant   
  13  beta_y      -3.08721e-04     fixed    
  14  alpha_vw     0.00000e+00     fixed    
  15  w_vw         1.29000e+01   constant   
  16  beta_vw      0.00000e+00     fixed    
  17  LM          -3.35021e-04   constant   
  18  zeta_y       0.00000e+00   constant   
  19  zeta_vw      0.00000e+00   constant   
  20  T_CBO        1.42507e+01   3.63942e+00  -7.02626e-04  -4.37760e+00
  21  alpha_A0    -1.05533e+05   4.55678e+05  -1.19836e+04  -4.36000e-08
  22  beta_A0     -4.95877e+05   2.12838e+06  -5.59428e+04   3.62791e-08
  23  alpha_phi   -2.74274e+04   1.43216e+05  -2.68748e+03   7.34308e-08
  24  beta_phi     4.13755e+05   1.75488e+06   4.62236e+04  -7.32512e-08
 CALL LIMIT EXCEEDED IN MIGRAD.
 MIGRAD TERMINATED WITHOUT CONVERGENCE.
 FCN=45.1985 FROM MIGRAD    STATUS=CALL LIMIT   1916 CALLS        6320 TOTAL
                     EDM=0.00158348    STRATEGY= 1  ERROR MATRIX UNCERTAINTY  28.4 per cent
  EXT PARAMETER                APPROXIMATE        STEP         FIRST   
  NO.   NAME      VALUE            ERROR          SIZE      DERIVATIVE 
   1  N0           3.29009e+06   1.10861e+03   6.74344e-01   1.38670e-05
   2  tau          6.43975e+01   constant   
   3  A0           3.64749e-01   4.58440e-04  -4.13126e-08   1.88060e+01
   4  phi          4.12073e+00   1.25580e-03   2.68383e-06  -5.50945e+00
   5  R           -6.08541e+01   constant   
   6  alpha_CBO    1.84306e-03   4.52553e-04  -6.23297e-08  -2.46592e+01
   7  w_CBO        2.32500e+00   constant   
   8  beta_CBO     1.23424e-03   4.85515e-04  -8.55731e-07   8.07813e-01
   9  alpha_2CBO   1.50241e-04   4.85565e-04   4.09299e-06  -3.55745e+01
  10  beta_2CBO    1.00301e-03     fixed    
  11  alpha_y      0.00000e+00     fixed    
  12  w_y          1.44500e+01   constant   
  13  beta_y      -3.08721e-04     fixed    
  14  alpha_vw     0.00000e+00     fixed    
  15  w_vw         1.29000e+01   constant   
  16  beta_vw      0.00000e+00     fixed    
  17  LM          -3.35021e-04   constant   
  18  zeta_y       0.00000e+00   constant   
  19  zeta_vw      0.00000e+00   constant   
  20  T_CBO        1.09636e+01   1.70692e+00  -5.52915e-04  -3.60210e+01
  21  alpha_A0    -3.25508e+07   1.13797e+08  -3.68721e+06   3.16567e-09
  22  beta_A0     -1.34306e+08   4.69205e+08  -1.52083e+07   8.08575e-10
  23  alpha_phi   -1.87851e+06   4.66170e+06  -1.52117e+05   2.21930e-10
  24  beta_phi     1.19320e+08   4.19531e+08   1.35970e+07   3.01905e-10
 EXTERNAL ERROR MATRIX.    NDIM=  25    NPAR= 11    ERR DEF=1
  1.229e+06 
 -1.606e-02  2.102e-07 
  2.179e-01 -4.727e-08  1.577e-06 
 -4.281e-03 -3.747e-08 -2.041e-09  2.048e-07 
  2.178e-02  1.322e-08 -1.007e-07 -1.803e-09  2.357e-07 
 -4.334e-02 -8.858e-09  3.463e-08 -4.288e-09 -2.117e-08  2.358e-07 
  2.955e+01 -2.588e-05  3.914e-05  7.367e-06  8.088e-06 -4.476e-05  2.914e+00 
 -3.395e+08 -2.599e+03  1.804e+03  9.312e+02  1.009e+03 -3.059e+03  1.934e+08  1.295e+16 
 -1.372e+09 -1.065e+04  7.223e+03  3.757e+03  4.200e+03 -1.257e+04  7.976e+08  5.339e+16  2.202e+17 
 -8.165e+07 -8.626e+01  2.505e+01  3.482e+01  4.067e+01 -1.303e+02  7.918e+06  5.295e+14  2.183e+15  2.173e+13 
  1.167e+09  9.540e+03 -6.518e+03 -3.367e+03 -3.745e+03  1.125e+04 -7.131e+08 -4.774e+16 -1.968e+17 -1.952e+15  1.760e+17 
ERR MATRIX APPROXIMATE
 PARAMETER  CORRELATION COEFFICIENTS  
       NO.  GLOBAL      1      3      4      6      8      9     20     21     22     23     24
        1  0.38402   1.000 -0.032  0.156 -0.009  0.040 -0.081  0.016 -0.003 -0.003 -0.016  0.003
        3  0.29927  -0.032  1.000 -0.082 -0.181  0.059 -0.040 -0.033 -0.050 -0.049 -0.040  0.050
        4  0.30776   0.156 -0.082  1.000 -0.004 -0.165  0.057  0.018  0.013  0.012  0.004 -0.012
        6  0.23267  -0.009 -0.181 -0.004  1.000 -0.008 -0.020  0.010  0.018  0.018  0.017 -0.018
        8  0.24675   0.040  0.059 -0.165 -0.008  1.000 -0.090  0.010  0.018  0.018  0.018 -0.018
        9  0.19575  -0.081 -0.040  0.057 -0.020 -0.090  1.000 -0.054 -0.055 -0.055 -0.058  0.055
       20  0.99666   0.016 -0.033  0.018  0.010  0.010 -0.054  1.000  0.996  0.996  0.995 -0.996
       21  1.00000  -0.003 -0.050  0.013  0.018  0.018 -0.055  0.996  1.000  1.000  0.998 -1.000
       22  1.00000  -0.003 -0.049  0.012  0.018  0.018 -0.055  0.996  1.000  1.000  0.998 -1.000
       23  0.99849  -0.016 -0.040  0.004  0.017  0.018 -0.058  0.995  0.998  0.998  1.000 -0.998
       24  1.00000   0.003  0.050 -0.012 -0.018 -0.018  0.055 -0.996 -1.000 -1.000 -0.998  1.000
 ERR MATRIX APPROXIMATE
MINUIT - FIT ONLY 1-y
 **********
 **   51 **RES 
 **********
                   PARAMETER   16  beta_vw RESTORED TO VARIABLE.
                   PARAMETER   14  alpha_vw RESTORED TO VARIABLE.
                   PARAMETER   13  beta_y RESTORED TO VARIABLE.
                   PARAMETER   11  alpha_y RESTORED TO VARIABLE.
                   PARAMETER   10  beta_2CBO RESTORED TO VARIABLE.
 **********
 **   52 **FIX            0
 **********
 PARAMETER    0  IS UNDEFINED. IGNORED.
 **********
 **   53 **FIX            1
 **********
 **********
 **   54 **FIX            2
 **********
 PARAMETER    2  IS CONSTANT.   IGNORED.
 **********
 **   55 **FIX            3
 **********
 **********
 **   56 **FIX            4
 **********
 **********
 **   57 **FIX            5
 **********
 PARAMETER    5  IS CONSTANT.   IGNORED.
 **********
 **   58 **FIX            6
 **********
 **********
 **   59 **FIX            7
 **********
 PARAMETER    7  IS CONSTANT.   IGNORED.
 **********
 **   60 **FIX            8
 **********
 **********
 **   61 **FIX            9
 **********
 **********
 **   62 **FIX           13
 **********
 **********
 **   63 **FIX           14
 **********
 **********
 **   64 **FIX           15
 **********
 PARAMETER   15  IS CONSTANT.   IGNORED.
 **********
 **   65 **FIX           16
 **********
 **********
 **   66 **MIGRAD
 **********
 START MIGRAD MINIMIZATION.  STRATEGY  1.  CONVERGENCE WHEN EDM .LT. 1.00e-04
 FCN=45.1985 FROM MIGRAD    STATUS=INITIATE       16 CALLS        6336 TOTAL
                     EDM= unknown      STRATEGY= 1      NO ERROR MATRIX       
  EXT PARAMETER               CURRENT GUESS       STEP         FIRST   
  NO.   NAME      VALUE            ERROR          SIZE      DERIVATIVE 
   1  N0           3.29009e+06     fixed    
   2  tau          6.43975e+01   constant   
   3  A0           3.64749e-01     fixed    
   4  phi          4.12073e+00     fixed    
   5  R           -6.08541e+01   constant   
   6  alpha_CBO    1.84306e-03     fixed    
   7  w_CBO        2.32500e+00   constant   
   8  beta_CBO     1.23424e-03     fixed    
   9  alpha_2CBO   1.50241e-04     fixed    
  10  beta_2CBO    1.00301e-03   4.59616e-04   4.59616e-04   2.06873e+02
  11  alpha_y      0.00000e+00   1.00000e-03   1.00000e-03   4.90218e+03
  12  w_y          1.44500e+01   constant   
  13  beta_y      -3.08721e-04     fixed    
  14  alpha_vw     0.00000e+00     fixed    
  15  w_vw         1.29000e+01   constant   
  16  beta_vw      0.00000e+00     fixed    
  17  LM          -3.35021e-04   constant   
  18  zeta_y       0.00000e+00   constant   
  19  zeta_vw      0.00000e+00   constant   
  20  T_CBO        1.09636e+01   1.70692e+00  -5.52915e-04  -3.60210e+01
  21  alpha_A0    -3.25508e+07   1.13797e+08  -3.68721e+06   3.16593e-09
  22  beta_A0     -1.34306e+08   4.69205e+08  -1.52083e+07   8.08575e-10
  23  alpha_phi   -1.87851e+06   4.66170e+06  -1.52117e+05   2.21921e-10
  24  beta_phi     1.19320e+08   4.19531e+08   1.35970e+07   3.01905e-10
 MIGRAD MINIMIZATION HAS CONVERGED.
 MIGRAD WILL VERIFY CONVERGENCE AND ERROR MATRIX.
 COVARIANCE MATRIX CALCULATED SUCCESSFULLY
 FCN=43.9123 FROM MIGRAD    STATUS=CONVERGED     181 CALLS        6501 TOTAL
                     EDM=2.24398e-07    STRATEGY= 1      ERROR MATRIX ACCURATE 
  EXT PARAMETER                                   STEP         FIRST   
  NO.   NAME      VALUE            ERROR          SIZE      DERIVATIVE 
   1  N0           3.29009e+06     fixed    
   2  tau          6.43975e+01   constant   
   3  A0           3.64749e-01     fixed    
   4  phi          4.12073e+00     fixed    
   5  R           -6.08541e+01   constant   
   6  alpha_CBO    1.84306e-03     fixed    
   7  w_CBO        2.32500e+00   constant   
   8  beta_CBO     1.23424e-03     fixed    
   9  alpha_2CBO   1.50241e-04     fixed    
  10  beta_2CBO    9.80072e-04   4.61143e-04   1.50753e-06  -9.35244e-01
  11  alpha_y     -5.20213e-04   4.60477e-04   1.50659e-06   9.02139e-01
  12  w_y          1.44500e+01   constant   
  13  beta_y      -3.08721e-04     fixed    
  14  alpha_vw     0.00000e+00     fixed    
  15  w_vw         1.29000e+01   constant   
  16  beta_vw      0.00000e+00     fixed    
  17  LM          -3.35021e-04   constant   
  18  zeta_y       0.00000e+00   constant   
  19  zeta_vw      0.00000e+00   constant   
  20  T_CBO        1.10043e+01   1.64578e-01   5.16981e-06  -2.09771e-01
  21  alpha_A0    -3.44600e+07   1.41421e+00   1.89551e+01   3.97496e-10
  22  beta_A0     -1.24729e+08   1.41421e+00   5.94756e+01   7.41523e-11
  23  alpha_phi   -2.11042e+06   1.41421e+00   1.89552e+01  -4.76909e-12
  24  beta_phi     1.06795e+08   1.41421e+00   5.09237e+01  -3.57966e-12
 EXTERNAL ERROR MATRIX.    NDIM=  25    NPAR=  7    ERR DEF=1
  2.127e-07  3.236e-09 -3.127e-06 -1.720e-12 -1.334e-12  5.788e-13 -2.106e-12 
  3.236e-09  2.120e-07  5.703e-07 -1.174e-14  1.665e-13  2.141e-15  1.900e-13 
 -3.127e-06  5.703e-07  2.709e-02  1.580e-09  3.803e-09  1.729e-10 -3.455e-09 
 -1.720e-12 -1.174e-14  1.580e-09  2.000e+00 -1.495e-14  5.199e-16 -5.074e-16 
 -1.334e-12  1.665e-13  3.803e-09 -1.495e-14  2.000e+00 -4.194e-16 -9.437e-16 
  5.788e-13  2.141e-15  1.729e-10  5.199e-16 -4.194e-16  2.000e+00 -5.444e-16 
 -2.106e-12  1.900e-13 -3.455e-09 -5.074e-16 -9.437e-16 -5.444e-16  2.000e+00 
 PARAMETER  CORRELATION COEFFICIENTS  
       NO.  GLOBAL     10     11     20     21     22     23     24
       10  0.04404   1.000  0.015 -0.041 -0.000 -0.000  0.000 -0.000
       11  0.01729   0.015  1.000  0.008 -0.000  0.000  0.000  0.000
       20  0.04200  -0.041  0.008  1.000  0.000  0.000  0.000 -0.000
       21  0.00000  -0.000 -0.000  0.000  1.000 -0.000  0.000 -0.000
       22  0.00000  -0.000  0.000  0.000 -0.000  1.000 -0.000 -0.000
       23  0.00000   0.000  0.000  0.000  0.000 -0.000  1.000 -0.000
       24  0.00000  -0.000  0.000 -0.000 -0.000 -0.000 -0.000  1.000
MINUIT - FIT ONLY 2-y
 **********
 **   67 **RES 
 **********
                   PARAMETER   16  beta_vw RESTORED TO VARIABLE.
                   PARAMETER   14  alpha_vw RESTORED TO VARIABLE.
                   PARAMETER   13  beta_y RESTORED TO VARIABLE.
                   PARAMETER    9  alpha_2CBO RESTORED TO VARIABLE.
                   PARAMETER    8  beta_CBO RESTORED TO VARIABLE.
                   PARAMETER    6  alpha_CBO RESTORED TO VARIABLE.
                   PARAMETER    4  phi RESTORED TO VARIABLE.
                   PARAMETER    3  A0 RESTORED TO VARIABLE.
                   PARAMETER    1  N0 RESTORED TO VARIABLE.
 **********
 **   68 **FIX            0
 **********
 PARAMETER    0  IS UNDEFINED. IGNORED.
 **********
 **   69 **FIX            1
 **********
 **********
 **   70 **FIX            2
 **********
 PARAMETER    2  IS CONSTANT.   IGNORED.
 **********
 **   71 **FIX            3
 **********
 **********
 **   72 **FIX            4
 **********
 **********
 **   73 **FIX            5
 **********
 PARAMETER    5  IS CONSTANT.   IGNORED.
 **********
 **   74 **FIX            6
 **********
 **********
 **   75 **FIX            7
 **********
 PARAMETER    7  IS CONSTANT.   IGNORED.
 **********
 **   76 **FIX            8
 **********
 **********
 **   77 **FIX            9
 **********
 **********
 **   78 **FIX           10
 **********
 **********
 **   79 **FIX           11
 **********
 **********
 **   80 **FIX           12
 **********
 PARAMETER   12  IS CONSTANT.   IGNORED.
 **********
 **   81 **FIX           16
 **********
 **********
 **   82 **MIGRAD
 **********
 START MIGRAD MINIMIZATION.  STRATEGY  1.  CONVERGENCE WHEN EDM .LT. 1.00e-04
 FCN=43.9123 FROM MIGRAD    STATUS=INITIATE       74 CALLS        6575 TOTAL
                     EDM= unknown      STRATEGY= 1      NO ERROR MATRIX       
  EXT PARAMETER               CURRENT GUESS       STEP         FIRST   
  NO.   NAME      VALUE            ERROR          SIZE      DERIVATIVE 
   1  N0           3.29009e+06     fixed    
   2  tau          6.43975e+01   constant   
   3  A0           3.64749e-01     fixed    
   4  phi          4.12073e+00     fixed    
   5  R           -6.08541e+01   constant   
   6  alpha_CBO    1.84306e-03     fixed    
   7  w_CBO        2.32500e+00   constant   
   8  beta_CBO     1.23424e-03     fixed    
   9  alpha_2CBO   1.50241e-04     fixed    
  10  beta_2CBO    9.80072e-04     fixed    
  11  alpha_y     -5.20213e-04     fixed    
  12  w_y          1.44500e+01   constant   
  13  beta_y      -3.08721e-04   4.64768e-04   0.00000e+00   3.79792e+01
  14  alpha_vw     0.00000e+00   1.00000e-03   0.00000e+00  -1.81438e+03
  15  w_vw         1.29000e+01   constant   
  16  beta_vw      0.00000e+00     fixed    
  17  LM          -3.35021e-04   constant   
  18  zeta_y       0.00000e+00   constant   
  19  zeta_vw      0.00000e+00   constant   
  20  T_CBO        1.10043e+01   1.64578e-01   0.00000e+00   6.66107e-01
  21  alpha_A0    -3.44600e+07   1.41421e+00   0.00000e+00   3.95196e-10
  22  beta_A0     -1.24789e+08   1.41421e+00   0.00000e+00   4.40887e-11
  23  alpha_phi   -2.10739e+06   1.41421e+00   1.89552e+01  -7.30966e-15
  24  beta_phi     1.06795e+08   1.41421e+00   0.00000e+00  -2.38556e-12
 MIGRAD MINIMIZATION HAS CONVERGED.
 MIGRAD WILL VERIFY CONVERGENCE AND ERROR MATRIX.
 COVARIANCE MATRIX CALCULATED SUCCESSFULLY
 FCN=43.7268 FROM MIGRAD    STATUS=CONVERGED     187 CALLS        6688 TOTAL
                     EDM=8.82233e-06    STRATEGY= 1      ERROR MATRIX ACCURATE 
  EXT PARAMETER                                   STEP         FIRST   
  NO.   NAME      VALUE            ERROR          SIZE      DERIVATIVE 
   1  N0           3.29009e+06     fixed    
   2  tau          6.43975e+01   constant   
   3  A0           3.64749e-01     fixed    
   4  phi          4.12073e+00     fixed    
   5  R           -6.08541e+01   constant   
   6  alpha_CBO    1.84306e-03     fixed    
   7  w_CBO        2.32500e+00   constant   
   8  beta_CBO     1.23424e-03     fixed    
   9  alpha_2CBO   1.50241e-04     fixed    
  10  beta_2CBO    9.80072e-04     fixed    
  11  alpha_y     -5.20213e-04     fixed    
  12  w_y          1.44500e+01   constant   
  13  beta_y      -3.53712e-04   4.77066e-04   1.52667e-06  -5.24271e-02
  14  alpha_vw     2.03401e-04   4.72543e-04   1.51233e-06  -6.19323e-01
  15  w_vw         1.29000e+01   constant   
  16  beta_vw      0.00000e+00     fixed    
  17  LM          -3.35021e-04   constant   
  18  zeta_y       0.00000e+00   constant   
  19  zeta_vw      0.00000e+00   constant   
  20  T_CBO        1.10046e+01   2.03366e-01   5.14243e-06   1.74963e-01
  21  alpha_A0    -3.45854e+07   5.26352e+06   1.89160e+01   1.90025e-10
  22  beta_A0     -1.24978e+08   2.01530e+07   5.95940e+01   7.86333e-11
  23  alpha_phi   -2.02501e+06   3.26525e+07   1.89160e+01   3.51966e-12
  24  beta_phi     1.06138e+08   6.64036e+07   5.06104e+01  -5.48159e-11
 EXTERNAL ERROR MATRIX.    NDIM=  25    NPAR=  7    ERR DEF=1
  2.276e-07 -4.473e-08 -9.164e-07  1.524e+00  6.070e+01  7.774e+01  4.887e+02 
 -4.473e-08  2.233e-07  2.038e-07 -2.199e+00 -4.099e+01 -1.155e+02 -3.856e+02 
 -9.164e-07  2.038e-07  4.136e-02 -6.454e+03  7.962e+05 -2.385e+06 -7.477e+06 
  1.524e+00 -2.199e+00 -6.454e+03  2.770e+13  1.365e+13  2.348e+13  3.523e+13 
  6.070e+01 -4.099e+01  7.962e+05  1.365e+13  4.061e+14  5.552e+13  2.111e+12 
  7.774e+01 -1.155e+02 -2.385e+06  2.348e+13  5.552e+13  1.066e+15  1.505e+15 
  4.887e+02 -3.856e+02 -7.477e+06  3.523e+13  2.111e+12  1.505e+15  4.409e+15 
 PARAMETER  CORRELATION COEFFICIENTS  
       NO.  GLOBAL     13     14     20     21     22     23     24
       13  0.19913   1.000 -0.198 -0.009  0.001  0.006  0.005  0.015
       14  0.19874  -0.198  1.000  0.002 -0.001 -0.004 -0.007 -0.012
       20  0.58773  -0.009  0.002  1.000 -0.006  0.194 -0.359 -0.554
       21  0.18349   0.001 -0.001 -0.006  1.000  0.129  0.137  0.101
       22  0.27834   0.006 -0.004  0.194  0.129  1.000  0.084  0.002
