 + ++++++++++++++++++++++++++++++++++++++++++++++++++++++++++++++++++++ +
 +                                                                      +
 +           You have chose to blind your fitting according to          +
 +                omega_ref * (1 + (R +/- deltaR) *10^{-6})             +
 +                                                                      +
 + ++++++++++++++++++++++++++++++++++++++++++++++++++++++++++++++++++++ +
In main()...
reading format from /gm2data/zkhechad/run45/envelope/formats/formatB_sBin_constraintOn.txt
pBinTau 	= 0  
pBinPhi 	= 0  
constraintau 	= 1 
includeMopTerm 	= 0    
constrainMop    = 0   
Parameters after format file: pBinTau 0 pBinPhi 0 constraintau 1 includeMopTerm 0 constrainMop 0 c_e_scale 0.000000 
Opening file /gm2data/tbarrett/gm2fr/studies/run23_bunch_corrections/CorrectedFourier_Run3b.root.
reading full fit data from /gm2data/zkhechad/cboTemplates/Run4CBOTemplates/templateFits0_v2.0/noRF/sBin_constraintOn_cE0.0_seed0_noRF_calo4.root
windowBins = 69
fitting sliding window 612 from bin 748 at 111.452400 to bin 817 at 121.896400 (69 bins)

Reading data from /gm2data/cornell/histograms/aMethod/histogram_a_noRF.root
 **********
 **    1 **SET PRINTOUT            1
 **********
 **********
 **    2 **SET NOWARNINGS 
 **********
 PARAMETER DEFINITIONS:
    NO.   NAME         VALUE      STEP SIZE      LIMITS
     1 N0           2.96987e+06  1.00000e+02     no limits
     2 tau          6.44201e+01  constant
     3 A0           3.53307e-01  1.00000e-04     no limits
     4 phi          4.11740e+00  1.00000e-02     no limits
     5 R           -5.91013e+01  constant
     6 alpha_CBO    0.00000e+00  1.00000e-03     no limits
     7 w_CBO        2.32500e+00  constant
     8 beta_CBO     0.00000e+00  1.00000e-03     no limits
     9 alpha_2CBO   0.00000e+00  1.00000e-03     no limits
    10 beta_2CBO    0.00000e+00  1.00000e-03     no limits
    11 alpha_y      0.00000e+00  1.00000e-03     no limits
    12 w_y          1.44500e+01  constant
    13 beta_y       0.00000e+00  1.00000e-03     no limits
    14 alpha_vw     0.00000e+00  1.00000e-03     no limits
    15 w_vw         1.29000e+01  constant
    16 beta_vw      0.00000e+00  1.00000e-03     no limits
    17 LM           5.89621e-04  constant
    18 zeta_y       0.00000e+00  constant
    19 zeta_vw      0.00000e+00  constant
    20 T_CBO        1.00000e+02  1.00000e+00    0.00000e+00  1.00000e+03
    21 alpha_A0     0.00000e+00  1.00000e-03     no limits
    22 beta_A0      0.00000e+00  1.00000e-03     no limits
    23 alpha_phi    0.00000e+00  1.00000e-03     no limits
    24 beta_phi     0.00000e+00  1.00000e-03     no limits
MINUIT - FIT ONLY WIGGLE
 **********
 **    3 **FIX            5
 **********
 PARAMETER    5  IS CONSTANT.   IGNORED.
 **********
 **    4 **FIX            6
 **********
 **********
 **    5 **FIX            7
 **********
 PARAMETER    7  IS CONSTANT.   IGNORED.
 **********
 **    6 **FIX            8
 **********
 **********
 **    7 **FIX            9
 **********
 **********
 **    8 **FIX           10
 **********
 **********
 **    9 **FIX           11
 **********
 **********
 **   10 **FIX           12
 **********
 PARAMETER   12  IS CONSTANT.   IGNORED.
 **********
 **   11 **FIX           13
 **********
 **********
 **   12 **FIX           14
 **********
 **********
 **   13 **FIX           15
 **********
 PARAMETER   15  IS CONSTANT.   IGNORED.
 **********
 **   14 **FIX           16
 **********
 **********
 **   15 **MIGRAD
 **********
 FIRST CALL TO USER FUNCTION AT NEW START POINT, WITH IFLAG=4.
 START MIGRAD MINIMIZATION.  STRATEGY  1.  CONVERGENCE WHEN EDM .LT. 1.00e-04
 FCN=1530.19 FROM MIGRAD    STATUS=INITIATE      435 CALLS         436 TOTAL
                     EDM= unknown      STRATEGY= 1      NO ERROR MATRIX       
  EXT PARAMETER               CURRENT GUESS       STEP         FIRST   
  NO.   NAME      VALUE            ERROR          SIZE      DERIVATIVE 
   1  N0           2.96987e+06   1.00000e+02   0.00000e+00  -2.44220e-02
   2  tau          6.44201e+01   constant   
   3  A0           3.53307e-01   1.00000e-04   0.00000e+00  -4.91143e+04
   4  phi          4.11740e+00   1.00000e-02   0.00000e+00  -3.05014e+04
   5  R           -5.91013e+01   constant   
   6  alpha_CBO    0.00000e+00     fixed    
   7  w_CBO        2.32500e+00   constant   
   8  beta_CBO     0.00000e+00     fixed    
   9  alpha_2CBO   0.00000e+00     fixed    
  10  beta_2CBO    0.00000e+00     fixed    
  11  alpha_y      0.00000e+00     fixed    
  12  w_y          1.44500e+01   constant   
  13  beta_y       0.00000e+00     fixed    
  14  alpha_vw     0.00000e+00     fixed    
  15  w_vw         1.29000e+01   constant   
  16  beta_vw      0.00000e+00     fixed    
  17  LM           5.89621e-04   constant   
  18  zeta_y       0.00000e+00   constant   
  19  zeta_vw      0.00000e+00   constant   
  20  T_CBO        1.00000e+02   1.00000e+00   0.00000e+00   0.00000e+00
  21  alpha_A0     0.00000e+00   1.00000e-03   0.00000e+00  -2.14594e+03
  22  beta_A0      0.00000e+00   1.00000e-03   0.00000e+00   4.11397e+03
  23  alpha_phi    0.00000e+00   1.00000e-03   0.00000e+00   2.71580e+02
  24  beta_phi     0.00000e+00   1.00000e-03   0.00000e+00   7.86480e+03
 CALL LIMIT EXCEEDED IN MIGRAD.
 MIGRAD TERMINATED WITHOUT CONVERGENCE.
 FCN=1393.28 FROM MIGRAD    STATUS=CALL LIMIT   1342 CALLS        1343 TOTAL
                     EDM=0.16713    STRATEGY= 1  ERROR MATRIX UNCERTAINTY   2.5 per cent
  EXT PARAMETER                APPROXIMATE        STEP         FIRST   
  NO.   NAME      VALUE            ERROR          SIZE      DERIVATIVE 
   1  N0           2.97015e+06   3.23153e+02  -4.65324e+01  -9.69562e-04
   2  tau          6.44201e+01   constant   
   3  A0           3.53938e-01   1.43779e-04  -9.42371e-06  -2.23482e+03
   4  phi          4.12027e+00   3.97470e-04   8.33306e-05   1.18486e+03
   5  R           -5.91013e+01   constant   
   6  alpha_CBO    0.00000e+00     fixed    
   7  w_CBO        2.32500e+00   constant   
   8  beta_CBO     0.00000e+00     fixed    
   9  alpha_2CBO   0.00000e+00     fixed    
  10  beta_2CBO    0.00000e+00     fixed    
  11  alpha_y      0.00000e+00     fixed    
  12  w_y          1.44500e+01   constant   
  13  beta_y       0.00000e+00     fixed    
  14  alpha_vw     0.00000e+00     fixed    
  15  w_vw         1.29000e+01   constant   
  16  beta_vw      0.00000e+00     fixed    
  17  LM           5.89621e-04   constant   
  18  zeta_y       0.00000e+00   constant   
  19  zeta_vw      0.00000e+00   constant   
  20  T_CBO        2.66185e+01   7.10174e+00  -1.12556e-02   1.68977e+01
  21  alpha_A0     1.01404e-01   9.18441e-02   3.12079e-02  -3.44286e+00
  22  beta_A0     -1.89615e-01   1.65863e-01  -5.19794e-02   1.69239e-01
  23  alpha_phi   -2.44607e-02   1.94538e-02  -6.20660e-03  -3.78019e-01
  24  beta_phi    -3.34165e-01   2.81644e-01  -8.77265e-02  -1.32205e+00
 EXTERNAL ERROR MATRIX.    NDIM=  25    NPAR=  8    ERR DEF=1
  1.044e+05 -9.994e-03  2.912e-03  3.147e+02 -5.095e+00  8.891e+00  1.176e+00  1.487e+01 
 -9.994e-03  2.067e-08  5.592e-09 -5.806e-06  4.653e-07 -7.483e-07 -1.400e-07 -1.182e-06 
  2.912e-03  5.592e-09  1.580e-07 -3.311e-04  4.627e-06 -7.911e-06 -9.502e-07 -1.360e-05 
  3.147e+02 -5.806e-06 -3.311e-04  5.047e+01 -6.325e-01  1.163e+00  1.354e-01  1.978e+00 
 -5.095e+00  4.653e-07  4.627e-06 -6.325e-01  8.435e-03 -1.509e-02 -1.769e-03 -2.562e-02 
  8.891e+00 -7.483e-07 -7.911e-06  1.163e+00 -1.509e-02  2.751e-02  3.211e-03  4.671e-02 
  1.176e+00 -1.400e-07 -9.502e-07  1.354e-01 -1.769e-03  3.211e-03  3.785e-04  5.450e-03 
  1.487e+01 -1.182e-06 -1.360e-05  1.978e+00 -2.562e-02  4.671e-02  5.450e-03  7.932e-02 
ERR MATRIX APPROXIMATE
 PARAMETER  CORRELATION COEFFICIENTS  
       NO.  GLOBAL      1      3      4     20     21     22     23     24
        1  0.35939   1.000 -0.215  0.023  0.137 -0.172  0.166  0.187  0.163
        3  0.31202  -0.215  1.000  0.098 -0.006  0.035 -0.031 -0.050 -0.029
        4  0.20685   0.023  0.098  1.000 -0.117  0.127 -0.120 -0.123 -0.122
       20  0.99228   0.137 -0.006 -0.117  1.000 -0.969  0.987  0.980  0.989
       21  0.99312  -0.172  0.035  0.127 -0.969  1.000 -0.991 -0.990 -0.990
       22  0.99990   0.166 -0.031 -0.120  0.987 -0.991  1.000  0.995  1.000
       23  0.99580   0.187 -0.050 -0.123  0.980 -0.990  0.995  1.000  0.995
       24  0.99991   0.163 -0.029 -0.122  0.989 -0.990  1.000  0.995  1.000
 ERR MATRIX APPROXIMATE
MINUIT - FIT ONLY 1-CBO + wiggle
 **********
 **   16 **RES 
 **********
                   PARAMETER   16  beta_vw RESTORED TO VARIABLE.
                   PARAMETER   14  alpha_vw RESTORED TO VARIABLE.
                   PARAMETER   13  beta_y RESTORED TO VARIABLE.
                   PARAMETER   11  alpha_y RESTORED TO VARIABLE.
                   PARAMETER   10  beta_2CBO RESTORED TO VARIABLE.
                   PARAMETER    9  alpha_2CBO RESTORED TO VARIABLE.
                   PARAMETER    8  beta_CBO RESTORED TO VARIABLE.
                   PARAMETER    6  alpha_CBO RESTORED TO VARIABLE.
 **********
 **   17 **FIX            8
 **********
 **********
 **   18 **FIX            9
 **********
 **********
 **   19 **FIX           11
 **********
 **********
 **   20 **FIX           12
 **********
 PARAMETER   12  IS CONSTANT.   IGNORED.
 **********
 **   21 **FIX           14
 **********
 **********
 **   22 **FIX           15
 **********
 PARAMETER   15  IS CONSTANT.   IGNORED.
 **********
 **   23 **FIX           16
 **********
 **********
 **   24 **MIGRAD
 **********
 START MIGRAD MINIMIZATION.  STRATEGY  1.  CONVERGENCE WHEN EDM .LT. 1.00e-04
 FCN=1393.28 FROM MIGRAD    STATUS=INITIATE       28 CALLS        1371 TOTAL
                     EDM= unknown      STRATEGY= 1      NO ERROR MATRIX       
  EXT PARAMETER               CURRENT GUESS       STEP         FIRST   
  NO.   NAME      VALUE            ERROR          SIZE      DERIVATIVE 
   1  N0           2.97015e+06   3.23153e+02  -4.65324e+01  -9.69562e-04
   2  tau          6.44201e+01   constant   
   3  A0           3.53938e-01   1.43779e-04  -9.42371e-06  -2.23482e+03
   4  phi          4.12027e+00   3.97470e-04   8.33306e-05   1.18486e+03
   5  R           -5.91013e+01   constant   
   6  alpha_CBO    0.00000e+00   1.00000e-03   1.00000e-03   2.89723e+04
   7  w_CBO        2.32500e+00   constant   
   8  beta_CBO     0.00000e+00     fixed    
   9  alpha_2CBO   0.00000e+00     fixed    
  10  beta_2CBO    0.00000e+00   1.00000e-03   1.00000e-03  -3.29164e+04
  11  alpha_y      0.00000e+00     fixed    
  12  w_y          1.44500e+01   constant   
  13  beta_y       0.00000e+00   1.00000e-03   1.00000e-03  -2.45829e+04
  14  alpha_vw     0.00000e+00     fixed    
  15  w_vw         1.29000e+01   constant   
  16  beta_vw      0.00000e+00     fixed    
  17  LM           5.89621e-04   constant   
  18  zeta_y       0.00000e+00   constant   
  19  zeta_vw      0.00000e+00   constant   
  20  T_CBO        2.66185e+01   7.10174e+00  -1.12556e-02   1.68959e+01
  21  alpha_A0     1.01404e-01   9.18441e-02   3.12079e-02  -3.44286e+00
  22  beta_A0     -1.89615e-01   1.65863e-01  -5.19794e-02   1.69239e-01
  23  alpha_phi   -2.44607e-02   1.94538e-02  -6.20660e-03  -3.78019e-01
  24  beta_phi    -3.34165e-01   2.81644e-01  -8.77265e-02  -1.32205e+00
 CALL LIMIT EXCEEDED IN MIGRAD.
 MIGRAD TERMINATED WITHOUT CONVERGENCE.
 FCN=1374.17 FROM MIGRAD    STATUS=CALL LIMIT   1913 CALLS        3256 TOTAL
                     EDM=0.271103    STRATEGY= 1  ERROR MATRIX UNCERTAINTY  21.9 per cent
  EXT PARAMETER                APPROXIMATE        STEP         FIRST   
  NO.   NAME      VALUE            ERROR          SIZE      DERIVATIVE 
   1  N0           2.97013e+06   2.97907e+02  -9.93681e+00  -4.10386e-04
   2  tau          6.44201e+01   constant   
   3  A0           3.54054e-01   1.40910e-04   3.58034e-06   1.08090e+03
   4  phi          4.12000e+00   4.16019e-04   1.49551e-06  -1.02416e+02
   5  R           -5.91013e+01   constant   
   6  alpha_CBO   -2.66088e-04   1.47291e-04   5.33381e-06  -3.29903e+01
   7  w_CBO        2.32500e+00   constant   
   8  beta_CBO     0.00000e+00     fixed    
   9  alpha_2CBO   0.00000e+00     fixed    
  10  beta_2CBO    3.54275e-04   1.43724e-04   1.02877e-05  -4.78236e+02
  11  alpha_y      0.00000e+00     fixed    
  12  w_y          1.44500e+01   constant   
  13  beta_y       2.59366e-04   1.44564e-04  -9.65449e-06   1.63467e+02
  14  alpha_vw     0.00000e+00     fixed    
  15  w_vw         1.29000e+01   constant   
  16  beta_vw      0.00000e+00     fixed    
  17  LM           5.89621e-04   constant   
  18  zeta_y       0.00000e+00   constant   
  19  zeta_vw      0.00000e+00   constant   
  20  T_CBO        9.22867e+00   4.44876e-01  -1.32521e-03  -6.76150e+02
  21  alpha_A0     4.72013e+02   2.47682e+02   6.93785e+01   5.18184e-03
  22  beta_A0     -7.50770e+02   3.93755e+02  -1.10295e+02   3.48249e-03
  23  alpha_phi   -2.88085e+01   1.50344e+01  -4.21169e+00  -1.08987e-02
  24  beta_phi    -1.13233e+03   5.94226e+02  -1.66448e+02   5.50748e-03
 EXTERNAL ERROR MATRIX.    NDIM=  25    NPAR= 11    ERR DEF=1
  8.875e+04 
 -3.379e-03  1.986e-08 
 -4.791e-03 -3.657e-09  1.731e-07 
  1.380e-03  3.813e-09 -8.313e-09  2.169e-08 
  1.253e-03  1.182e-09 -9.080e-10  1.632e-09  2.066e-08 
  9.588e-04  3.157e-11  8.387e-10 -2.468e-10 -1.531e-10  2.090e-08 
 -2.446e+00 -1.199e-06  8.106e-06 -9.991e-07 -2.788e-07  4.881e-07  1.979e-01 
 -2.283e+03  2.460e-03 -5.242e-03  9.806e-04  2.088e-04 -6.697e-04 -1.091e+02  6.135e+04 
  3.631e+03 -3.911e-03  8.336e-03 -1.560e-03 -3.315e-04  1.065e-03  1.735e+02 -9.753e+04  1.550e+05 
  1.401e+02 -1.497e-04  3.200e-04 -6.039e-05 -1.246e-05  4.066e-05  6.623e+00 -3.724e+03  5.920e+03  2.260e+02 
  5.476e+03 -5.901e-03  1.258e-02 -2.354e-03 -4.985e-04  1.607e-03  2.618e+02 -1.472e+05  2.340e+05  8.934e+03  3.531e+05 
ERR MATRIX APPROXIMATE
 PARAMETER  CORRELATION COEFFICIENTS  
       NO.  GLOBAL      1      3      4      6     10     13     20     21     22     23     24
        1  0.41572   1.000 -0.080 -0.039  0.031  0.029  0.022 -0.018 -0.031  0.031  0.031  0.031
        3  0.41791  -0.080  1.000 -0.062  0.184  0.058  0.002 -0.019  0.070 -0.070 -0.071 -0.070
        4  0.20645  -0.039 -0.062  1.000 -0.136 -0.015  0.014  0.044 -0.051  0.051  0.051  0.051
        6  0.28035   0.031  0.184 -0.136  1.000  0.077 -0.012 -0.015  0.027 -0.027 -0.027 -0.027
       10  0.21005   0.029  0.058 -0.015  0.077  1.000 -0.007 -0.004  0.006 -0.006 -0.006 -0.006
       13  0.09201   0.022  0.002  0.014 -0.012 -0.007  1.000  0.008 -0.019  0.019  0.019  0.019
       20  0.99273  -0.018 -0.019  0.044 -0.015 -0.004  0.008  1.000 -0.990  0.990  0.990  0.990
       21  1.00000  -0.031  0.070 -0.051  0.027  0.006 -0.019 -0.990  1.000 -1.000 -1.000 -1.000
       22  1.00000   0.031 -0.070  0.051 -0.027 -0.006  0.019  0.990 -1.000  1.000  1.000  1.000
       23  0.99999   0.031 -0.071  0.051 -0.027 -0.006  0.019  0.990 -1.000  1.000  1.000  1.000
       24  1.00000   0.031 -0.070  0.051 -0.027 -0.006  0.019  0.990 -1.000  1.000  1.000  1.000
 ERR MATRIX APPROXIMATE
MINUIT - FIT ONLY 2-CBO
 **********
 **   25 **RES 
 **********
                   PARAMETER   16  beta_vw RESTORED TO VARIABLE.
                   PARAMETER   14  alpha_vw RESTORED TO VARIABLE.
                   PARAMETER   11  alpha_y RESTORED TO VARIABLE.
                   PARAMETER    9  alpha_2CBO RESTORED TO VARIABLE.
                   PARAMETER    8  beta_CBO RESTORED TO VARIABLE.
 **********
 **   26 **FIX            0
 **********
 PARAMETER    0  IS UNDEFINED. IGNORED.
 **********
 **   27 **FIX            1
 **********
 **********
 **   28 **FIX            2
 **********
 PARAMETER    2  IS CONSTANT.   IGNORED.
 **********
 **   29 **FIX            3
 **********
 **********
 **   30 **FIX            4
 **********
 **********
 **   31 **FIX            5
 **********
 PARAMETER    5  IS CONSTANT.   IGNORED.
 **********
 **   32 **FIX            6
 **********
 **********
 **   33 **FIX            7
 **********
 PARAMETER    7  IS CONSTANT.   IGNORED.
 **********
 **   34 **FIX           10
 **********
 **********
 **   35 **FIX           11
 **********
 **********
 **   36 **FIX           12
 **********
 PARAMETER   12  IS CONSTANT.   IGNORED.
 **********
 **   37 **FIX           13
 **********
 **********
 **   38 **FIX           14
 **********
 **********
 **   39 **FIX           15
 **********
 PARAMETER   15  IS CONSTANT.   IGNORED.
 **********
 **   40 **FIX           16
 **********
 **********
 **   41 **MIGRAD
 **********
 START MIGRAD MINIMIZATION.  STRATEGY  1.  CONVERGENCE WHEN EDM .LT. 1.00e-04
 FCN=1374.17 FROM MIGRAD    STATUS=INITIATE       18 CALLS        3274 TOTAL
                     EDM= unknown      STRATEGY= 1      NO ERROR MATRIX       
  EXT PARAMETER               CURRENT GUESS       STEP         FIRST   
  NO.   NAME      VALUE            ERROR          SIZE      DERIVATIVE 
   1  N0           2.97013e+06     fixed    
   2  tau          6.44201e+01   constant   
   3  A0           3.54054e-01     fixed    
   4  phi          4.12000e+00     fixed    
   5  R           -5.91013e+01   constant   
   6  alpha_CBO   -2.66088e-04     fixed    
   7  w_CBO        2.32500e+00   constant   
   8  beta_CBO     0.00000e+00   1.00000e-03   1.00000e-03   4.79221e+05
   9  alpha_2CBO   0.00000e+00   1.00000e-03   1.00000e-03  -1.64417e+04
  10  beta_2CBO    3.54275e-04     fixed    
  11  alpha_y      0.00000e+00     fixed    
  12  w_y          1.44500e+01   constant   
  13  beta_y       2.59366e-04     fixed    
  14  alpha_vw     0.00000e+00     fixed    
  15  w_vw         1.29000e+01   constant   
  16  beta_vw      0.00000e+00     fixed    
  17  LM           5.89621e-04   constant   
  18  zeta_y       0.00000e+00   constant   
  19  zeta_vw      0.00000e+00   constant   
  20  T_CBO        9.22867e+00   4.44876e-01  -1.32521e-03  -6.76151e+02
  21  alpha_A0     4.72013e+02   2.47682e+02   6.93785e+01   5.18184e-03
  22  beta_A0     -7.50770e+02   3.93755e+02  -1.10295e+02   3.48249e-03
  23  alpha_phi   -2.88085e+01   1.50344e+01  -4.21169e+00  -1.08987e-02
  24  beta_phi    -1.13233e+03   5.94226e+02  -1.66448e+02   5.50748e-03
 CALL LIMIT EXCEEDED IN MIGRAD.
 MIGRAD TERMINATED WITHOUT CONVERGENCE.
 FCN=148.381 FROM MIGRAD    STATUS=CALL LIMIT   1158 CALLS        4414 TOTAL
                     EDM=0.0255203    STRATEGY= 1  ERROR MATRIX UNCERTAINTY  34.4 per cent
  EXT PARAMETER                APPROXIMATE        STEP         FIRST   
  NO.   NAME      VALUE            ERROR          SIZE      DERIVATIVE 
   1  N0           2.97013e+06     fixed    
   2  tau          6.44201e+01   constant   
   3  A0           3.54054e-01     fixed    
   4  phi          4.12000e+00     fixed    
   5  R           -5.91013e+01   constant   
   6  alpha_CBO   -2.66088e-04     fixed    
   7  w_CBO        2.32500e+00   constant   
   8  beta_CBO    -5.11561e-03   1.36998e-04   1.81534e-06   1.12519e+02
   9  alpha_2CBO   2.38778e-04   1.40142e-04   2.37995e-07  -8.72408e+01
  10  beta_2CBO    3.54275e-04     fixed    
  11  alpha_y      0.00000e+00     fixed    
  12  w_y          1.44500e+01   constant   
  13  beta_y       2.59366e-04     fixed    
  14  alpha_vw     0.00000e+00     fixed    
  15  w_vw         1.29000e+01   constant   
  16  beta_vw      0.00000e+00     fixed    
  17  LM           5.89621e-04   constant   
  18  zeta_y       0.00000e+00   constant   
  19  zeta_vw      0.00000e+00   constant   
  20  T_CBO        1.29826e+01   1.84908e+00   1.24613e-03  -4.36499e+01
  21  alpha_A0     1.43409e+01   2.16389e+01  -1.54534e+00  -1.05275e-02
  22  beta_A0     -1.15890e+01   1.43302e+01   7.76543e-01  -1.61871e-02
  23  alpha_phi   -3.04241e+00   6.36085e+00   3.05922e-01   1.69299e-02
  24  beta_phi    -2.05238e+01   2.97198e+01   2.15261e+00   2.13404e-02
 EXTERNAL ERROR MATRIX.    NDIM=  25    NPAR=  7    ERR DEF=1
  1.877e-08 -1.691e-10  1.808e-05 -2.613e-04  1.094e-04  4.413e-05  1.474e-04 
 -1.691e-10  1.964e-08  5.344e-06 -1.511e-04 -3.785e-05  8.102e-05  1.485e-05 
  1.808e-05  5.344e-06  3.419e+00 -3.827e+01  2.510e+01  9.033e+00  5.424e+01 
 -2.613e-04 -1.511e-04 -3.827e+01  4.682e+02 -2.871e+02 -1.042e+02 -5.901e+02 
  1.094e-04 -3.785e-05  2.510e+01 -2.871e+02  2.054e+02  7.151e+01  4.047e+02 
  4.413e-05  8.102e-05  9.033e+00 -1.042e+02  7.151e+01  4.046e+01  1.347e+02 
  1.474e-04  1.485e-05  5.424e+01 -5.901e+02  4.047e+02  1.347e+02  8.833e+02 
ERR MATRIX APPROXIMATE
 PARAMETER  CORRELATION COEFFICIENTS  
       NO.  GLOBAL      8      9     20     21     22     23     24
        8  0.32752   1.000 -0.009  0.071 -0.088  0.056  0.051  0.036
        9  0.29637  -0.009  1.000  0.021 -0.050 -0.019  0.091  0.004
       20  0.99799   0.071  0.021  1.000 -0.956  0.947  0.768  0.987
       21  0.98494  -0.088 -0.050 -0.956  1.000 -0.926 -0.757 -0.918
       22  0.98101   0.056 -0.019  0.947 -0.926  1.000  0.785  0.950
       23  0.91265   0.051  0.091  0.768 -0.757  0.785  1.000  0.713
       24  0.99718   0.036  0.004  0.987 -0.918  0.950  0.713  1.000
 ERR MATRIX APPROXIMATE
MINUIT - FIT wiggle + 1-CBO + 2-CBO
 **********
 **   42 **RES 
 **********
                   PARAMETER   16  beta_vw RESTORED TO VARIABLE.
                   PARAMETER   14  alpha_vw RESTORED TO VARIABLE.
                   PARAMETER   13  beta_y RESTORED TO VARIABLE.
                   PARAMETER   11  alpha_y RESTORED TO VARIABLE.
                   PARAMETER   10  beta_2CBO RESTORED TO VARIABLE.
                   PARAMETER    6  alpha_CBO RESTORED TO VARIABLE.
                   PARAMETER    4  phi RESTORED TO VARIABLE.
                   PARAMETER    3  A0 RESTORED TO VARIABLE.
                   PARAMETER    1  N0 RESTORED TO VARIABLE.
 **********
 **   43 **FIX           10
 **********
 **********
 **   44 **FIX           11
 **********
 **********
 **   45 **FIX           12
 **********
 PARAMETER   12  IS CONSTANT.   IGNORED.
 **********
 **   46 **FIX           13
 **********
 **********
 **   47 **FIX           14
 **********
 **********
 **   48 **FIX           15
 **********
 PARAMETER   15  IS CONSTANT.   IGNORED.
 **********
 **   49 **FIX           16
 **********
 **********
 **   50 **MIGRAD
 **********
 START MIGRAD MINIMIZATION.  STRATEGY  1.  CONVERGENCE WHEN EDM .LT. 1.00e-04
 FCN=148.381 FROM MIGRAD    STATUS=INITIATE       22 CALLS        4436 TOTAL
                     EDM= unknown      STRATEGY= 1      NO ERROR MATRIX       
  EXT PARAMETER               CURRENT GUESS       STEP         FIRST   
  NO.   NAME      VALUE            ERROR          SIZE      DERIVATIVE 
   1  N0           2.97013e+06   2.97907e+02   2.97907e+02   9.80526e-03
   2  tau          6.44201e+01   constant   
   3  A0           3.54054e-01   1.40910e-04   1.40910e-04   5.70937e+04
   4  phi          4.12000e+00   4.16019e-04   4.16019e-04   3.11198e+04
   5  R           -5.91013e+01   constant   
   6  alpha_CBO   -2.66088e-04   1.47291e-04   1.47291e-04   1.97597e+04
   7  w_CBO        2.32500e+00   constant   
   8  beta_CBO    -5.11561e-03   1.36998e-04   1.81534e-06   1.12519e+02
   9  alpha_2CBO   2.38778e-04   1.40142e-04   2.37995e-07  -8.72408e+01
  10  beta_2CBO    3.54275e-04     fixed    
  11  alpha_y      0.00000e+00     fixed    
  12  w_y          1.44500e+01   constant   
  13  beta_y       2.59366e-04     fixed    
  14  alpha_vw     0.00000e+00     fixed    
  15  w_vw         1.29000e+01   constant   
  16  beta_vw      0.00000e+00     fixed    
  17  LM           5.89621e-04   constant   
  18  zeta_y       0.00000e+00   constant   
  19  zeta_vw      0.00000e+00   constant   
  20  T_CBO        1.29826e+01   1.84908e+00   1.24613e-03  -4.36498e+01
  21  alpha_A0     1.43409e+01   2.16389e+01  -1.54534e+00  -1.05275e-02
  22  beta_A0     -1.15890e+01   1.43302e+01   7.76543e-01  -1.61871e-02
  23  alpha_phi   -3.04241e+00   6.36085e+00   3.05922e-01   1.69299e-02
  24  beta_phi    -2.05238e+01   2.97198e+01   2.15261e+00   2.13404e-02
 CALL LIMIT EXCEEDED IN MIGRAD.
 MIGRAD TERMINATED WITHOUT CONVERGENCE.
 FCN=83.1545 FROM MIGRAD    STATUS=CALL LIMIT   1916 CALLS        6330 TOTAL
                     EDM=0.000212905    STRATEGY= 1  ERROR MATRIX UNCERTAINTY  15.7 per cent
  EXT PARAMETER                APPROXIMATE        STEP         FIRST   
  NO.   NAME      VALUE            ERROR          SIZE      DERIVATIVE 
   1  N0           2.96981e+06   3.22049e+02  -1.12069e+00  -2.19328e-05
   2  tau          6.44201e+01   constant   
   3  A0           3.53495e-01   1.48155e-04   4.47590e-07   1.93911e+01
   4  phi          4.11697e+00   4.53718e-04  -2.97022e-06  -1.28771e+01
   5  R           -5.91013e+01   constant   
   6  alpha_CBO   -4.15092e-04   1.49250e-04   5.48972e-07   2.79073e+01
   7  w_CBO        2.32500e+00   constant   
   8  beta_CBO    -5.38913e-03   1.48512e-04  -1.08789e-07   1.10448e+01
   9  alpha_2CBO   2.96488e-04   1.45263e-04  -3.08249e-07  -1.12090e+01
  10  beta_2CBO    3.54275e-04     fixed    
  11  alpha_y      0.00000e+00     fixed    
  12  w_y          1.44500e+01   constant   
  13  beta_y       2.59366e-04     fixed    
  14  alpha_vw     0.00000e+00     fixed    
  15  w_vw         1.29000e+01   constant   
  16  beta_vw      0.00000e+00     fixed    
  17  LM           5.89621e-04   constant   
  18  zeta_y       0.00000e+00   constant   
  19  zeta_vw      0.00000e+00   constant   
  20  T_CBO        9.53634e+00   3.05777e+00  -4.51609e-04  -8.99098e+00
  21  alpha_A0     2.58326e+02   9.66826e+02   1.40880e+01  -3.27014e-05
  22  beta_A0     -3.99186e+02   1.44253e+03  -2.15146e+01   1.67038e-04
  23  alpha_phi   -1.58836e+02   6.13951e+02  -9.78370e+00  -8.24032e-06
  24  beta_phi    -4.05090e+02   1.45949e+03  -2.18652e+01   7.44737e-06
 EXTERNAL ERROR MATRIX.    NDIM=  25    NPAR= 11    ERR DEF=1
  1.037e+05 
 -7.144e-03  2.195e-08 
 -3.276e-03 -4.258e-09  2.059e-07 
  2.796e-03  3.815e-09 -1.106e-08  2.228e-08 
  1.572e-03  1.948e-09  1.267e-08  5.387e-10  2.206e-08 
  1.249e-03 -3.406e-10 -3.279e-09  1.040e-09 -7.108e-10  2.110e-08 
  9.919e+01 -6.922e-05  3.106e-04 -9.271e-06  1.693e-05  2.253e-05  9.353e+00 
 -3.619e+04  2.378e-02 -9.877e-02  2.979e-03 -4.764e-03 -7.147e-03 -2.948e+03  9.348e+05 
  5.527e+04 -3.558e-02  1.526e-01 -5.919e-03  7.480e-03  1.088e-02  4.400e+03 -1.393e+06  2.081e+06 
  2.546e+04 -1.513e-02  7.043e-02 -4.301e-03  3.706e-03  5.223e-03  1.850e+03 -5.855e+05  8.787e+05  3.769e+05 
  5.613e+04 -3.602e-02  1.548e-01 -6.180e-03  7.634e-03  1.113e-02  4.451e+03 -1.409e+06  2.105e+06  8.900e+05  2.130e+06 
ERR MATRIX APPROXIMATE
 PARAMETER  CORRELATION COEFFICIENTS  
       NO.  GLOBAL      1      3      4      6      8      9     20     21     22     23     24
        1  0.35741   1.000 -0.150 -0.022  0.058  0.033  0.027  0.101 -0.116  0.119  0.129  0.119
        3  0.40196  -0.150  1.000 -0.063  0.173  0.089 -0.016 -0.153  0.166 -0.166 -0.166 -0.167
        4  0.43177  -0.022 -0.063  1.000 -0.163  0.188 -0.050  0.224 -0.225  0.233  0.253  0.234
        6  0.30396   0.058  0.173 -0.163  1.000  0.024  0.048 -0.020  0.021 -0.027 -0.047 -0.028
        8  0.26303   0.033  0.089  0.188  0.024  1.000 -0.033  0.037 -0.033  0.035  0.041  0.035
        9  0.19673   0.027 -0.016 -0.050  0.048 -0.033  1.000  0.051 -0.051  0.052  0.059  0.053
       20  0.99931   0.101 -0.153  0.224 -0.020  0.037  0.051  1.000 -0.997  0.997  0.985  0.997
       21  0.99997  -0.116  0.166 -0.225  0.021 -0.033 -0.051 -0.997  1.000 -0.999 -0.986 -0.999
       22  0.99999   0.119 -0.166  0.233 -0.027  0.035  0.052  0.997 -0.999  1.000  0.992  1.000
       23  0.99982   0.129 -0.166  0.253 -0.047  0.041  0.059  0.985 -0.986  0.992  1.000  0.993
       24  0.99999   0.119 -0.167  0.234 -0.028  0.035  0.053  0.997 -0.999  1.000  0.993  1.000
 ERR MATRIX APPROXIMATE
MINUIT - FIT ONLY 1-y
 **********
 **   51 **RES 
 **********
                   PARAMETER   16  beta_vw RESTORED TO VARIABLE.
                   PARAMETER   14  alpha_vw RESTORED TO VARIABLE.
                   PARAMETER   13  beta_y RESTORED TO VARIABLE.
                   PARAMETER   11  alpha_y RESTORED TO VARIABLE.
                   PARAMETER   10  beta_2CBO RESTORED TO VARIABLE.
 **********
 **   52 **FIX            0
 **********
 PARAMETER    0  IS UNDEFINED. IGNORED.
 **********
 **   53 **FIX            1
 **********
 **********
 **   54 **FIX            2
 **********
 PARAMETER    2  IS CONSTANT.   IGNORED.
 **********
 **   55 **FIX            3
 **********
 **********
 **   56 **FIX            4
 **********
 **********
 **   57 **FIX            5
 **********
 PARAMETER    5  IS CONSTANT.   IGNORED.
 **********
 **   58 **FIX            6
 **********
 **********
 **   59 **FIX            7
 **********
 PARAMETER    7  IS CONSTANT.   IGNORED.
 **********
 **   60 **FIX            8
 **********
 **********
 **   61 **FIX            9
 **********
 **********
 **   62 **FIX           13
 **********
 **********
 **   63 **FIX           14
 **********
 **********
 **   64 **FIX           15
 **********
 PARAMETER   15  IS CONSTANT.   IGNORED.
 **********
 **   65 **FIX           16
 **********
 **********
 **   66 **MIGRAD
 **********
 START MIGRAD MINIMIZATION.  STRATEGY  1.  CONVERGENCE WHEN EDM .LT. 1.00e-04
 FCN=83.1545 FROM MIGRAD    STATUS=INITIATE       16 CALLS        6346 TOTAL
                     EDM= unknown      STRATEGY= 1      NO ERROR MATRIX       
  EXT PARAMETER               CURRENT GUESS       STEP         FIRST   
  NO.   NAME      VALUE            ERROR          SIZE      DERIVATIVE 
   1  N0           2.96981e+06     fixed    
   2  tau          6.44201e+01   constant   
   3  A0           3.53495e-01     fixed    
   4  phi          4.11697e+00     fixed    
   5  R           -5.91013e+01   constant   
   6  alpha_CBO   -4.15092e-04     fixed    
   7  w_CBO        2.32500e+00   constant   
   8  beta_CBO    -5.38913e-03     fixed    
   9  alpha_2CBO   2.96488e-04     fixed    
  10  beta_2CBO    3.54275e-04   1.43724e-04   1.43724e-04   4.26222e+04
  11  alpha_y      0.00000e+00   1.00000e-03   1.00000e-03   3.86659e+03
  12  w_y          1.44500e+01   constant   
  13  beta_y       2.59366e-04     fixed    
  14  alpha_vw     0.00000e+00     fixed    
  15  w_vw         1.29000e+01   constant   
  16  beta_vw      0.00000e+00     fixed    
  17  LM           5.89621e-04   constant   
  18  zeta_y       0.00000e+00   constant   
  19  zeta_vw      0.00000e+00   constant   
  20  T_CBO        9.53634e+00   3.05777e+00  -4.51609e-04  -8.99101e+00
  21  alpha_A0     2.58326e+02   9.66826e+02   1.40880e+01  -3.27014e-05
  22  beta_A0     -3.99186e+02   1.44253e+03  -2.15146e+01   1.67038e-04
  23  alpha_phi   -1.58836e+02   6.13951e+02  -9.78370e+00  -8.24033e-06
  24  beta_phi    -4.05090e+02   1.45949e+03  -2.18652e+01   7.44738e-06
 MIGRAD MINIMIZATION HAS CONVERGED.
 MIGRAD WILL VERIFY CONVERGENCE AND ERROR MATRIX.
 COVARIANCE MATRIX CALCULATED SUCCESSFULLY
 FCN=72.6892 FROM MIGRAD    STATUS=CONVERGED    1117 CALLS        7447 TOTAL
                     EDM=5.83762e-05    STRATEGY= 1      ERROR MATRIX ACCURATE 
  EXT PARAMETER                                   STEP         FIRST   
  NO.   NAME      VALUE            ERROR          SIZE      DERIVATIVE 
   1  N0           2.96981e+06     fixed    
   2  tau          6.44201e+01   constant   
   3  A0           3.53495e-01     fixed    
   4  phi          4.11697e+00     fixed    
   5  R           -5.91013e+01   constant   
   6  alpha_CBO   -4.15092e-04     fixed    
   7  w_CBO        2.32500e+00   constant   
   8  beta_CBO    -5.38913e-03     fixed    
   9  alpha_2CBO   2.96488e-04     fixed    
  10  beta_2CBO   -1.33693e-04   1.51522e-04   6.09960e-07  -3.84893e+00
  11  alpha_y     -4.56939e-05   1.44163e-04   6.03722e-07   2.76356e+00
  12  w_y          1.44500e+01   constant   
  13  beta_y       2.59366e-04     fixed    
  14  alpha_vw     0.00000e+00     fixed    
  15  w_vw         1.29000e+01   constant   
  16  beta_vw      0.00000e+00     fixed    
  17  LM           5.89621e-04   constant   
  18  zeta_y       0.00000e+00   constant   
  19  zeta_vw      0.00000e+00   constant   
  20  T_CBO        7.77807e+00   4.60500e+00   4.13450e-06  -4.01645e+00
  21  alpha_A0     3.18041e+03   2.78496e+04   6.72486e+00   4.39284e-06
  22  beta_A0     -5.29370e+03   4.59460e+04   6.84016e+00   9.29889e-07
  23  alpha_phi   -2.79129e+03   2.43949e+04   6.23147e+00   2.74375e-06
  24  beta_phi    -7.05748e+03   6.18276e+04   6.00022e+00   3.64862e-06
 EXTERNAL ERROR MATRIX.    NDIM=  25    NPAR=  7    ERR DEF=1
  2.296e-08  2.836e-10  6.981e-05 -3.875e-01  6.616e-01  3.864e-01  9.764e-01 
  2.836e-10  2.078e-08  1.192e-05 -7.200e-02  1.116e-01  6.427e-02  1.653e-01 
  6.981e-05  1.192e-05  2.123e+01 -1.281e+05  2.115e+05  1.122e+05  2.848e+05 
 -3.875e-01 -7.200e-02 -1.281e+05  7.756e+08 -1.276e+09 -6.767e+08 -1.718e+09 
  6.616e-01  1.116e-01  2.115e+05 -1.276e+09  2.111e+09  1.118e+09  2.838e+09 
  3.864e-01  6.427e-02  1.122e+05 -6.767e+08  1.118e+09  5.951e+08  1.505e+09 
  9.764e-01  1.653e-01  2.848e+05 -1.718e+09  2.838e+09  1.505e+09  3.823e+09 
 PARAMETER  CORRELATION COEFFICIENTS  
       NO.  GLOBAL     10     11     20     21     22     23     24
       10  0.27862   1.000  0.013  0.100 -0.092  0.095  0.105  0.104
       11  0.04236   0.013  1.000  0.018 -0.018  0.017  0.018  0.019
       20  0.99982   0.100  0.018  1.000 -0.998  0.999  0.998  1.000
       21  0.99816  -0.092 -0.018 -0.998  1.000 -0.997 -0.996 -0.998
       22  0.99930   0.095  0.017  0.999 -0.997  1.000  0.997  0.999
       23  0.99797   0.105  0.018  0.998 -0.996  0.997  1.000  0.998
       24  0.99971   0.104  0.019  1.000 -0.998  0.999  0.998  1.000
MINUIT - FIT ONLY 2-y
 **********
 **   67 **RES 
 **********
                   PARAMETER   16  beta_vw RESTORED TO VARIABLE.
                   PARAMETER   14  alpha_vw RESTORED TO VARIABLE.
                   PARAMETER   13  beta_y RESTORED TO VARIABLE.
                   PARAMETER    9  alpha_2CBO RESTORED TO VARIABLE.
                   PARAMETER    8  beta_CBO RESTORED TO VARIABLE.
                   PARAMETER    6  alpha_CBO RESTORED TO VARIABLE.
                   PARAMETER    4  phi RESTORED TO VARIABLE.
                   PARAMETER    3  A0 RESTORED TO VARIABLE.
                   PARAMETER    1  N0 RESTORED TO VARIABLE.
 **********
 **   68 **FIX            0
 **********
 PARAMETER    0  IS UNDEFINED. IGNORED.
 **********
 **   69 **FIX            1
 **********
 **********
 **   70 **FIX            2
 **********
 PARAMETER    2  IS CONSTANT.   IGNORED.
 **********
 **   71 **FIX            3
 **********
 **********
 **   72 **FIX            4
 **********
 **********
 **   73 **FIX            5
 **********
 PARAMETER    5  IS CONSTANT.   IGNORED.
 **********
 **   74 **FIX            6
 **********
 **********
 **   75 **FIX            7
 **********
 PARAMETER    7  IS CONSTANT.   IGNORED.
 **********
 **   76 **FIX            8
 **********
 **********
 **   77 **FIX            9
 **********
 **********
 **   78 **FIX           10
 **********
 **********
 **   79 **FIX           11
 **********
 **********
 **   80 **FIX           12
 **********
 PARAMETER   12  IS CONSTANT.   IGNORED.
 **********
 **   81 **FIX           16
 **********
 **********
 **   82 **MIGRAD
 **********
 START MIGRAD MINIMIZATION.  STRATEGY  1.  CONVERGENCE WHEN EDM .LT. 1.00e-04
 FCN=72.6892 FROM MIGRAD    STATUS=INITIATE       16 CALLS        7463 TOTAL
                     EDM= unknown      STRATEGY= 1      NO ERROR MATRIX       
  EXT PARAMETER               CURRENT GUESS       STEP         FIRST   
  NO.   NAME      VALUE            ERROR          SIZE      DERIVATIVE 
   1  N0           2.96981e+06     fixed    
   2  tau          6.44201e+01   constant   
   3  A0           3.53495e-01     fixed    
   4  phi          4.11697e+00     fixed    
   5  R           -5.91013e+01   constant   
   6  alpha_CBO   -4.15092e-04     fixed    
   7  w_CBO        2.32500e+00   constant   
   8  beta_CBO    -5.38913e-03     fixed    
   9  alpha_2CBO   2.96488e-04     fixed    
  10  beta_2CBO   -1.33693e-04     fixed    
  11  alpha_y     -4.56939e-05     fixed    
  12  w_y          1.44500e+01   constant   
  13  beta_y       2.59366e-04   1.44564e-04   1.44564e-04   9.54333e+03
  14  alpha_vw     0.00000e+00   1.00000e-03   1.00000e-03   2.05220e+04
  15  w_vw         1.29000e+01   constant   
  16  beta_vw      0.00000e+00     fixed    
  17  LM           5.89621e-04   constant   
  18  zeta_y       0.00000e+00   constant   
  19  zeta_vw      0.00000e+00   constant   
  20  T_CBO        7.77807e+00   4.60500e+00   4.13450e-06  -4.01394e+00
  21  alpha_A0     3.18041e+03   2.78496e+04   6.72486e+00   4.39286e-06
  22  beta_A0     -5.29370e+03   4.59460e+04   6.84016e+00   9.29905e-07
  23  alpha_phi   -2.79129e+03   2.43949e+04   6.23147e+00   2.74375e-06
  24  beta_phi    -7.05748e+03   6.18276e+04   6.00022e+00   3.64862e-06
 MIGRAD MINIMIZATION HAS CONVERGED.
 MIGRAD WILL VERIFY CONVERGENCE AND ERROR MATRIX.
 COVARIANCE MATRIX CALCULATED SUCCESSFULLY
 FCN=69.3309 FROM HESSE     STATUS=OK             50 CALLS        7576 TOTAL
                     EDM=0.00192597    STRATEGY= 1      ERROR MATRIX ACCURATE 
  EXT PARAMETER                                   STEP         FIRST   
  NO.   NAME      VALUE            ERROR          SIZE      DERIVATIVE 
   1  N0           2.96981e+06     fixed    
   2  tau          6.44201e+01   constant   
   3  A0           3.53495e-01     fixed    
   4  phi          4.11697e+00     fixed    
   5  R           -5.91013e+01   constant   
   6  alpha_CBO   -4.15092e-04     fixed    
   7  w_CBO        2.32500e+00   constant   
   8  beta_CBO    -5.38913e-03     fixed    
   9  alpha_2CBO   2.96488e-04     fixed    
  10  beta_2CBO   -1.33693e-04     fixed    
  11  alpha_y     -4.56939e-05     fixed    
  12  w_y          1.44500e+01   constant   
  13  beta_y       9.80892e-05   1.49522e-04   5.94160e-07  -2.85579e-02
  14  alpha_vw    -2.52284e-04   1.48854e-04   5.90709e-07   1.87115e-02
  15  w_vw         1.29000e+01   constant   
  16  beta_vw      0.00000e+00     fixed    
  17  LM           5.89621e-04   constant   
  18  zeta_y       0.00000e+00   constant   
  19  zeta_vw      0.00000e+00   constant   
  20  T_CBO        7.77775e+00   1.77206e+01   4.03839e-06  -3.23050e-01
  21  alpha_A0     3.13557e+03   1.06045e+05   6.63706e+00  -1.41561e-07
  22  beta_A0     -5.37341e+03   1.80744e+05   6.75041e+00   1.03872e-08
  23  alpha_phi   -2.78427e+03   9.41126e+04   6.15039e+00   8.39993e-08
  24  beta_phi    -7.02296e+03   2.38240e+05   5.92257e+00  -1.97058e-07
 MIGRAD MINIMIZATION HAS CONVERGED.
 MIGRAD WILL VERIFY CONVERGENCE AND ERROR MATRIX.
 COVARIANCE MATRIX CALCULATED SUCCESSFULLY
 FCN=69.3308 FROM MIGRAD    STATUS=CONVERGED     269 CALLS        7716 TOTAL
                     EDM=2.22254e-06    STRATEGY= 1      ERROR MATRIX ACCURATE 
  EXT PARAMETER                                   STEP         FIRST   
  NO.   NAME      VALUE            ERROR          SIZE      DERIVATIVE 
   1  N0           2.96981e+06     fixed    
   2  tau          6.44201e+01   constant   
   3  A0           3.53495e-01     fixed    
   4  phi          4.11697e+00     fixed    
   5  R           -5.91013e+01   constant   
   6  alpha_CBO   -4.15092e-04     fixed    
   7  w_CBO        2.32500e+00   constant   
   8  beta_CBO    -5.38913e-03     fixed    
   9  alpha_2CBO   2.96488e-04     fixed    
  10  beta_2CBO   -1.33693e-04     fixed    
  11  alpha_y     -4.56939e-05     fixed    
  12  w_y          1.44500e+01   constant   
  13  beta_y       9.81019e-05   1.49482e-04   5.94160e-07  -8.47879e-02
  14  alpha_vw    -2.52304e-04   1.48713e-04   5.90708e-07   9.16478e-02
