 + ++++++++++++++++++++++++++++++++++++++++++++++++++++++++++++++++++++ +
 +                                                                      +
 +           You have chose to blind your fitting according to          +
 +                omega_ref * (1 + (R +/- deltaR) *10^{-6})             +
 +                                                                      +
 + ++++++++++++++++++++++++++++++++++++++++++++++++++++++++++++++++++++ +
In main()...
reading format from /gm2data/zkhechad/run45/envelope/formats/formatB_sBin_constraintOn.txt
pBinTau 	= 0  
pBinPhi 	= 0  
constraintau 	= 1 
includeMopTerm 	= 0    
constrainMop    = 0   
Parameters after format file: pBinTau 0 pBinPhi 0 constraintau 1 includeMopTerm 0 constrainMop 0 c_e_scale 0.000000 
Opening file /gm2data/tbarrett/gm2fr/studies/run23_bunch_corrections/CorrectedFourier_Run3b.root.
reading full fit data from /gm2data/zkhechad/cboTemplates/Run4CBOTemplates/templateFits0_v2.0/noRF/sBin_constraintOn_cE0.0_seed0_noRF_calo13.root
windowBins = 17
fitting sliding window 378 from bin 514 at 76.539600 to bin 531 at 79.225200 (17 bins)

Reading data from /gm2data/cornell/histograms/aMethod/histogram_a_noRF.root
 **********
 **    1 **SET PRINTOUT            1
 **********
 **********
 **    2 **SET NOWARNINGS 
 **********
 PARAMETER DEFINITIONS:
    NO.   NAME         VALUE      STEP SIZE      LIMITS
     1 N0           3.44933e+06  1.00000e+02     no limits
     2 tau          6.43680e+01  constant
     3 A0           3.52702e-01  1.00000e-04     no limits
     4 phi          4.13064e+00  1.00000e-02     no limits
     5 R           -6.08433e+01  constant
     6 alpha_CBO    0.00000e+00  1.00000e-03     no limits
     7 w_CBO        2.32500e+00  constant
     8 beta_CBO     0.00000e+00  1.00000e-03     no limits
     9 alpha_2CBO   0.00000e+00  1.00000e-03     no limits
    10 beta_2CBO    0.00000e+00  1.00000e-03     no limits
    11 alpha_y      0.00000e+00  1.00000e-03     no limits
    12 w_y          1.44500e+01  constant
    13 beta_y       0.00000e+00  1.00000e-03     no limits
    14 alpha_vw     0.00000e+00  1.00000e-03     no limits
    15 w_vw         1.29000e+01  constant
    16 beta_vw      0.00000e+00  1.00000e-03     no limits
    17 LM          -1.22211e-03  constant
    18 zeta_y       0.00000e+00  constant
    19 zeta_vw      0.00000e+00  constant
    20 T_CBO        1.00000e+02  1.00000e+00    0.00000e+00  1.00000e+03
    21 alpha_A0     0.00000e+00  1.00000e-03     no limits
    22 beta_A0      0.00000e+00  1.00000e-03     no limits
    23 alpha_phi    0.00000e+00  1.00000e-03     no limits
    24 beta_phi     0.00000e+00  1.00000e-03     no limits
MINUIT - FIT ONLY WIGGLE
 **********
 **    3 **FIX            5
 **********
 PARAMETER    5  IS CONSTANT.   IGNORED.
 **********
 **    4 **FIX            6
 **********
 **********
 **    5 **FIX            7
 **********
 PARAMETER    7  IS CONSTANT.   IGNORED.
 **********
 **    6 **FIX            8
 **********
 **********
 **    7 **FIX            9
 **********
 **********
 **    8 **FIX           10
 **********
 **********
 **    9 **FIX           11
 **********
 **********
 **   10 **FIX           12
 **********
 PARAMETER   12  IS CONSTANT.   IGNORED.
 **********
 **   11 **FIX           13
 **********
 **********
 **   12 **FIX           14
 **********
 **********
 **   13 **FIX           15
 **********
 PARAMETER   15  IS CONSTANT.   IGNORED.
 **********
 **   14 **FIX           16
 **********
 **********
 **   15 **MIGRAD
 **********
 FIRST CALL TO USER FUNCTION AT NEW START POINT, WITH IFLAG=4.
 START MIGRAD MINIMIZATION.  STRATEGY  1.  CONVERGENCE WHEN EDM .LT. 1.00e-04
 FCN=2009.25 FROM MIGRAD    STATUS=INITIATE      435 CALLS         436 TOTAL
                     EDM= unknown      STRATEGY= 1      NO ERROR MATRIX       
  EXT PARAMETER               CURRENT GUESS       STEP         FIRST   
  NO.   NAME      VALUE            ERROR          SIZE      DERIVATIVE 
   1  N0           3.44933e+06   1.00000e+02   0.00000e+00   8.55499e-03
   2  tau          6.43680e+01   constant   
   3  A0           3.52702e-01   1.00000e-04   0.00000e+00   1.99819e+04
   4  phi          4.13064e+00   1.00000e-02   0.00000e+00  -7.87397e+04
   5  R           -6.08433e+01   constant   
   6  alpha_CBO    0.00000e+00     fixed    
   7  w_CBO        2.32500e+00   constant   
   8  beta_CBO     0.00000e+00     fixed    
   9  alpha_2CBO   0.00000e+00     fixed    
  10  beta_2CBO    0.00000e+00     fixed    
  11  alpha_y      0.00000e+00     fixed    
  12  w_y          1.44500e+01   constant   
  13  beta_y       0.00000e+00     fixed    
  14  alpha_vw     0.00000e+00     fixed    
  15  w_vw         1.29000e+01   constant   
  16  beta_vw      0.00000e+00     fixed    
  17  LM          -1.22211e-03   constant   
  18  zeta_y       0.00000e+00   constant   
  19  zeta_vw      0.00000e+00   constant   
  20  T_CBO        1.00000e+02   1.00000e+00   0.00000e+00   0.00000e+00
  21  alpha_A0     0.00000e+00   1.00000e-03   0.00000e+00  -1.11526e+04
  22  beta_A0      0.00000e+00   1.00000e-03   0.00000e+00   2.00652e+04
  23  alpha_phi    0.00000e+00   1.00000e-03   0.00000e+00  -2.27023e+04
  24  beta_phi     0.00000e+00   1.00000e-03   0.00000e+00   6.88665e+03
 MIGRAD MINIMIZATION HAS CONVERGED.
 MIGRAD WILL VERIFY CONVERGENCE AND ERROR MATRIX.
 FCN=81.6183 FROM MIGRAD    STATUS=CONVERGED    1054 CALLS        1055 TOTAL
                     EDM=5.42023e-05    STRATEGY= 1      ERR MATRIX NOT POS-DEF
  EXT PARAMETER                APPROXIMATE        STEP         FIRST   
  NO.   NAME      VALUE            ERROR          SIZE      DERIVATIVE 
   1  N0           3.42856e+06   5.44666e+03   2.22190e+00   7.06877e-07
   2  tau          6.43680e+01   constant   
   3  A0           3.61697e-01   2.08542e-03   9.72523e-07  -4.96794e-01
   4  phi          4.16391e+00   4.41126e-03   2.66079e-06   1.41577e+00
   5  R           -6.08433e+01   constant   
   6  alpha_CBO    0.00000e+00     fixed    
   7  w_CBO        2.32500e+00   constant   
   8  beta_CBO     0.00000e+00     fixed    
   9  alpha_2CBO   0.00000e+00     fixed    
  10  beta_2CBO    0.00000e+00     fixed    
  11  alpha_y      0.00000e+00     fixed    
  12  w_y          1.44500e+01   constant   
  13  beta_y       0.00000e+00     fixed    
  14  alpha_vw     0.00000e+00     fixed    
  15  w_vw         1.29000e+01   constant   
  16  beta_vw      0.00000e+00     fixed    
  17  LM          -1.22211e-03   constant   
  18  zeta_y       0.00000e+00   constant   
  19  zeta_vw      0.00000e+00   constant   
  20  T_CBO        6.48513e+01   3.10570e+01   4.38416e-05   3.15894e-02
  21  alpha_A0     3.01681e-02   2.66165e-02   1.18353e-05   7.56440e-01
  22  beta_A0      1.74528e-02   2.72818e-02   1.34342e-05  -3.26778e-01
  23  alpha_phi    6.99143e-02   3.90761e-02   1.31249e-05  -1.32964e-03
  24  beta_phi    -2.26415e-02   2.38420e-02   1.20453e-05   1.45898e-01
 EXTERNAL ERROR MATRIX.    NDIM=  25    NPAR=  8    ERR DEF=1
  2.967e+07  2.510e+00  1.209e+01  1.899e+04 -8.969e+01  1.094e+02  9.229e+01  9.249e+01 
  2.510e+00  4.349e-06 -4.988e-06  3.054e-02  1.730e-05  4.142e-05  1.170e-05 -1.269e-05 
  1.209e+01 -4.988e-06  1.946e-05 -3.802e-02 -8.933e-05  3.308e-06  3.187e-05  8.285e-05 
  1.899e+04  3.054e-02 -3.802e-02  9.697e+02 -2.904e-01  5.159e-02 -8.742e-01  2.184e-01 
 -8.969e+01  1.730e-05 -8.933e-05 -2.904e-01  7.084e-04 -1.870e-05  2.807e-04 -6.202e-04 
  1.094e+02  4.142e-05  3.308e-06  5.159e-02 -1.870e-05  7.443e-04  6.777e-04  9.729e-05 
  9.229e+01  1.170e-05  3.187e-05 -8.742e-01  2.807e-04  6.777e-04  1.527e-03 -1.326e-04 
  9.249e+01 -1.269e-05  8.285e-05  2.184e-01 -6.202e-04  9.729e-05 -1.326e-04  5.684e-04 
ERR MATRIX NOT POS-DEF
 PARAMETER  CORRELATION COEFFICIENTS  
       NO.  GLOBAL      1      3      4     20     21     22     23     24
        1  0.99575   1.000  0.221  0.503  0.112 -0.619  0.736  0.434  0.712
        3  0.99448   0.221  1.000 -0.542  0.470  0.312  0.728  0.144 -0.255
        4  0.99075   0.503 -0.542  1.000 -0.277 -0.761  0.027  0.185  0.788
       20  0.99695   0.112  0.470 -0.277  1.000 -0.350  0.061 -0.718  0.294
       21  0.99498  -0.619  0.312 -0.761 -0.350  1.000 -0.026  0.270 -0.977
       22  0.99384   0.736  0.728  0.027  0.061 -0.026  1.000  0.636  0.150
       23  0.99714   0.434  0.144  0.185 -0.718  0.270  0.636  1.000 -0.142
       24  0.99352   0.712 -0.255  0.788  0.294 -0.977  0.150 -0.142  1.000
 ERR MATRIX NOT POS-DEF
MINUIT - FIT ONLY 1-CBO + wiggle
 **********
 **   16 **RES 
 **********
                   PARAMETER   16  beta_vw RESTORED TO VARIABLE.
                   PARAMETER   14  alpha_vw RESTORED TO VARIABLE.
                   PARAMETER   13  beta_y RESTORED TO VARIABLE.
                   PARAMETER   11  alpha_y RESTORED TO VARIABLE.
                   PARAMETER   10  beta_2CBO RESTORED TO VARIABLE.
                   PARAMETER    9  alpha_2CBO RESTORED TO VARIABLE.
                   PARAMETER    8  beta_CBO RESTORED TO VARIABLE.
                   PARAMETER    6  alpha_CBO RESTORED TO VARIABLE.
 **********
 **   17 **FIX            8
 **********
 **********
 **   18 **FIX            9
 **********
 **********
 **   19 **FIX           11
 **********
 **********
 **   20 **FIX           12
 **********
 PARAMETER   12  IS CONSTANT.   IGNORED.
 **********
 **   21 **FIX           14
 **********
 **********
 **   22 **FIX           15
 **********
 PARAMETER   15  IS CONSTANT.   IGNORED.
 **********
 **   23 **FIX           16
 **********
 **********
 **   24 **MIGRAD
 **********
 START MIGRAD MINIMIZATION.  STRATEGY  1.  CONVERGENCE WHEN EDM .LT. 1.00e-04
 FCN=81.6183 FROM MIGRAD    STATUS=INITIATE       28 CALLS        1083 TOTAL
                     EDM= unknown      STRATEGY= 1      NO ERROR MATRIX       
  EXT PARAMETER               CURRENT GUESS       STEP         FIRST   
  NO.   NAME      VALUE            ERROR          SIZE      DERIVATIVE 
   1  N0           3.42856e+06   5.44666e+03   2.22190e+00   7.06878e-07
   2  tau          6.43680e+01   constant   
   3  A0           3.61697e-01   2.08542e-03   9.72523e-07  -4.96784e-01
   4  phi          4.16391e+00   4.41126e-03   2.66079e-06   1.41577e+00
   5  R           -6.08433e+01   constant   
   6  alpha_CBO    0.00000e+00   1.00000e-03   1.00000e-03   2.76011e+02
   7  w_CBO        2.32500e+00   constant   
   8  beta_CBO     0.00000e+00     fixed    
   9  alpha_2CBO   0.00000e+00     fixed    
  10  beta_2CBO    0.00000e+00   1.00000e-03   1.00000e-03   4.49962e+03
  11  alpha_y      0.00000e+00     fixed    
  12  w_y          1.44500e+01   constant   
  13  beta_y       0.00000e+00   1.00000e-03   1.00000e-03   2.65744e+04
  14  alpha_vw     0.00000e+00     fixed    
  15  w_vw         1.29000e+01   constant   
  16  beta_vw      0.00000e+00     fixed    
  17  LM          -1.22211e-03   constant   
  18  zeta_y       0.00000e+00   constant   
  19  zeta_vw      0.00000e+00   constant   
  20  T_CBO        6.48513e+01   3.10570e+01   4.38416e-05   3.15705e-02
  21  alpha_A0     3.01681e-02   2.66165e-02   1.18353e-05   7.56447e-01
  22  beta_A0      1.74528e-02   2.72818e-02   1.34342e-05  -3.26781e-01
  23  alpha_phi    6.99143e-02   3.90761e-02   1.31249e-05  -1.32931e-03
  24  beta_phi    -2.26415e-02   2.38420e-02   1.20453e-05   1.45898e-01
 MIGRAD MINIMIZATION HAS CONVERGED.
 FCN=70.2846 FROM MIGRAD    STATUS=CONVERGED     721 CALLS        1776 TOTAL
                     EDM=9.20722e-06    STRATEGY= 1  ERROR MATRIX UNCERTAINTY   5.8 per cent
  EXT PARAMETER                                   STEP         FIRST   
  NO.   NAME      VALUE            ERROR          SIZE      DERIVATIVE 
   1  N0           3.42782e+06   1.91070e+03  -2.65220e+00   5.45631e-07
   2  tau          6.43680e+01   constant   
   3  A0           3.62344e-01   1.29481e-03   1.27128e-05   7.57090e+00
   4  phi          4.16202e+00   4.18680e-03  -1.40263e-05   1.72075e+00
   5  R           -6.08433e+01   constant   
   6  alpha_CBO    4.81337e-03   3.14433e-03   2.27498e-05  -1.98823e+00
   7  w_CBO        2.32500e+00   constant   
   8  beta_CBO     0.00000e+00     fixed    
   9  alpha_2CBO   0.00000e+00     fixed    
  10  beta_2CBO   -1.70659e-03   9.52292e-04  -8.00510e-06  -3.34295e+00
  11  alpha_y      0.00000e+00     fixed    
  12  w_y          1.44500e+01   constant   
  13  beta_y      -6.24742e-04   2.16769e-04  -1.01058e-06  -5.23644e+00
  14  alpha_vw     0.00000e+00     fixed    
  15  w_vw         1.29000e+01   constant   
  16  beta_vw      0.00000e+00     fixed    
  17  LM          -1.22211e-03   constant   
  18  zeta_y       0.00000e+00   constant   
  19  zeta_vw      0.00000e+00   constant   
  20  T_CBO        3.44490e+01   7.25811e+00  -2.11501e-04  -3.30380e-01
  21  alpha_A0    -6.21318e-02   9.54629e-02  -7.38429e-04   2.68851e-01
  22  beta_A0      3.59105e-02   3.48318e-02   2.79503e-04  -4.53276e-01
  23  alpha_phi    1.96072e-02   6.73612e-02  -5.28837e-04  -4.30205e-01
  24  beta_phi    -7.27258e-02   5.40800e-02  -4.19114e-04   8.37880e-02
 EXTERNAL ERROR MATRIX.    NDIM=  25    NPAR= 11    ERR DEF=1
  3.651e+06 
  1.443e-01  1.677e-06 
 -6.454e+00 -3.186e-06  1.753e-05 
  2.534e+00  3.719e-06 -1.121e-05  9.887e-06 
  1.467e-01 -1.123e-06  1.745e-06 -2.418e-06  9.069e-07 
 -1.225e-01 -4.287e-08  2.979e-07 -1.704e-07  1.703e-08  4.699e-08 
 -5.168e+03 -8.426e-03  2.475e-02 -2.228e-02  5.472e-03  3.936e-04  5.271e+01 
 -5.862e+01 -1.170e-04  3.142e-04 -2.975e-04  7.913e-05  4.566e-06  6.750e-01  9.113e-03 
 -1.743e+00  4.341e-05 -7.487e-05  9.547e-05 -3.171e-05 -8.812e-07 -2.217e-01 -3.073e-03  1.213e-03 
 -2.972e+01 -8.392e-05  2.049e-04 -2.062e-04  5.800e-05  2.893e-06  4.702e-01  6.389e-03 -2.246e-03  4.538e-03 
 -3.205e+01 -6.634e-05  1.766e-04 -1.681e-04  4.527e-05  2.517e-06  3.815e-01  5.155e-03 -1.747e-03  3.619e-03  2.925e-03 
 PARAMETER  CORRELATION COEFFICIENTS  
       NO.  GLOBAL      1      3      4      6     10     13     20     21     22     23     24
        1  0.96998   1.000  0.058 -0.807  0.422  0.081 -0.296 -0.373 -0.321 -0.026 -0.231 -0.310
        3  0.98792   0.058  1.000 -0.588  0.914 -0.911 -0.153 -0.896 -0.946  0.963 -0.962 -0.947
        4  0.99004  -0.807 -0.588  1.000 -0.852  0.438  0.328  0.814  0.786 -0.513  0.726  0.780
        6  0.99894   0.422  0.914 -0.852  1.000 -0.808 -0.250 -0.976 -0.991  0.872 -0.973 -0.988
       10  0.98153   0.081 -0.911  0.438 -0.808  1.000  0.083  0.792  0.870 -0.956  0.904  0.879
       13  0.36119  -0.296 -0.153  0.328 -0.250  0.083  1.000  0.250  0.221 -0.117  0.198  0.215
       20  0.98602  -0.373 -0.896  0.814 -0.976  0.792  0.250  1.000  0.974 -0.877  0.961  0.972
       21  0.99956  -0.321 -0.946  0.786 -0.991  0.870  0.221  0.974  1.000 -0.924  0.994  0.999
       22  0.99497  -0.026  0.963 -0.513  0.872 -0.956 -0.117 -0.877 -0.924  1.000 -0.957 -0.927
       23  0.99902  -0.231 -0.962  0.726 -0.973  0.904  0.198  0.961  0.994 -0.957  1.000  0.993
       24  0.99895  -0.310 -0.947  0.780 -0.988  0.879  0.215  0.972  0.999 -0.927  0.993  1.000
MINUIT - FIT ONLY 2-CBO
 **********
 **   25 **RES 
 **********
                   PARAMETER   16  beta_vw RESTORED TO VARIABLE.
                   PARAMETER   14  alpha_vw RESTORED TO VARIABLE.
                   PARAMETER   11  alpha_y RESTORED TO VARIABLE.
                   PARAMETER    9  alpha_2CBO RESTORED TO VARIABLE.
                   PARAMETER    8  beta_CBO RESTORED TO VARIABLE.
 **********
 **   26 **FIX            0
 **********
 PARAMETER    0  IS UNDEFINED. IGNORED.
 **********
 **   27 **FIX            1
 **********
 **********
 **   28 **FIX            2
 **********
 PARAMETER    2  IS CONSTANT.   IGNORED.
 **********
 **   29 **FIX            3
 **********
 **********
 **   30 **FIX            4
 **********
 **********
 **   31 **FIX            5
 **********
 PARAMETER    5  IS CONSTANT.   IGNORED.
 **********
 **   32 **FIX            6
 **********
 **********
 **   33 **FIX            7
 **********
 PARAMETER    7  IS CONSTANT.   IGNORED.
 **********
 **   34 **FIX           10
 **********
 **********
 **   35 **FIX           11
 **********
 **********
 **   36 **FIX           12
 **********
 PARAMETER   12  IS CONSTANT.   IGNORED.
 **********
 **   37 **FIX           13
 **********
 **********
 **   38 **FIX           14
 **********
 **********
 **   39 **FIX           15
 **********
 PARAMETER   15  IS CONSTANT.   IGNORED.
 **********
 **   40 **FIX           16
 **********
 **********
 **   41 **MIGRAD
 **********
 START MIGRAD MINIMIZATION.  STRATEGY  1.  CONVERGENCE WHEN EDM .LT. 1.00e-04
 FCN=70.2846 FROM MIGRAD    STATUS=INITIATE       18 CALLS        1794 TOTAL
                     EDM= unknown      STRATEGY= 1      NO ERROR MATRIX       
  EXT PARAMETER               CURRENT GUESS       STEP         FIRST   
  NO.   NAME      VALUE            ERROR          SIZE      DERIVATIVE 
   1  N0           3.42782e+06     fixed    
   2  tau          6.43680e+01   constant   
   3  A0           3.62344e-01     fixed    
   4  phi          4.16202e+00     fixed    
   5  R           -6.08433e+01   constant   
   6  alpha_CBO    4.81337e-03     fixed    
   7  w_CBO        2.32500e+00   constant   
   8  beta_CBO     0.00000e+00   1.00000e-03   1.00000e-03   1.51064e+02
   9  alpha_2CBO   0.00000e+00   1.00000e-03   1.00000e-03  -1.18585e+03
  10  beta_2CBO   -1.70659e-03     fixed    
  11  alpha_y      0.00000e+00     fixed    
  12  w_y          1.44500e+01   constant   
  13  beta_y      -6.24742e-04     fixed    
  14  alpha_vw     0.00000e+00     fixed    
  15  w_vw         1.29000e+01   constant   
  16  beta_vw      0.00000e+00     fixed    
  17  LM          -1.22211e-03   constant   
  18  zeta_y       0.00000e+00   constant   
  19  zeta_vw      0.00000e+00   constant   
  20  T_CBO        3.44490e+01   7.25811e+00  -2.11501e-04  -3.30381e-01
  21  alpha_A0    -6.21318e-02   9.54629e-02  -7.38429e-04   2.68851e-01
  22  beta_A0      3.59105e-02   3.48318e-02   2.79503e-04  -4.53276e-01
  23  alpha_phi    1.96072e-02   6.73612e-02  -5.28837e-04  -4.30205e-01
  24  beta_phi    -7.27258e-02   5.40800e-02  -4.19114e-04   8.37881e-02
 MIGRAD MINIMIZATION HAS CONVERGED.
 MIGRAD WILL VERIFY CONVERGENCE AND ERROR MATRIX.
 FCN=70.1972 FROM HESSE     STATUS=NOT POSDEF     50 CALLS        1941 TOTAL
                     EDM=0.000108926    STRATEGY= 1      ERR MATRIX NOT POS-DEF
  EXT PARAMETER                APPROXIMATE        STEP         FIRST   
  NO.   NAME      VALUE            ERROR          SIZE      DERIVATIVE 
   1  N0           3.42782e+06     fixed    
   2  tau          6.43680e+01   constant   
   3  A0           3.62344e-01     fixed    
   4  phi          4.16202e+00     fixed    
   5  R           -6.08433e+01   constant   
   6  alpha_CBO    4.81337e-03     fixed    
   7  w_CBO        2.32500e+00   constant   
   8  beta_CBO     1.21276e-04   5.81702e-04   8.87258e-07   1.33201e+00
   9  alpha_2CBO   1.62915e-04   5.38043e-04   8.71999e-07  -1.96511e+00
  10  beta_2CBO   -1.70659e-03     fixed    
  11  alpha_y      0.00000e+00     fixed    
  12  w_y          1.44500e+01   constant   
  13  beta_y      -6.24742e-04     fixed    
  14  alpha_vw     0.00000e+00     fixed    
  15  w_vw         1.29000e+01   constant   
  16  beta_vw      0.00000e+00     fixed    
  17  LM          -1.22211e-03   constant   
  18  zeta_y       0.00000e+00   constant   
  19  zeta_vw      0.00000e+00   constant   
  20  T_CBO        3.47802e+01   1.59045e+01   2.56589e-05   2.14976e-01
  21  alpha_A0    -6.32792e-02   6.55965e-02   3.15507e-05  -1.37745e-01
  22  beta_A0      2.97494e-02   3.87712e-02   3.55153e-05   1.73166e-02
  23  alpha_phi    2.28964e-02   2.71055e-02   3.40888e-05   1.04506e-01
  24  beta_phi    -7.64677e-02   8.00854e-02   3.15835e-05   1.79386e-01
 CALL LIMIT EXCEEDED IN MIGRAD.
 MIGRAD TERMINATED WITHOUT CONVERGENCE.
 FCN=70.1728 FROM MIGRAD    STATUS=CALL LIMIT   1148 CALLS        2924 TOTAL
                     EDM=0.000160079    STRATEGY= 1      ERR MATRIX NOT POS-DEF
  EXT PARAMETER                APPROXIMATE        STEP         FIRST   
  NO.   NAME      VALUE            ERROR          SIZE      DERIVATIVE 
   1  N0           3.42782e+06     fixed    
   2  tau          6.43680e+01   constant   
   3  A0           3.62344e-01     fixed    
   4  phi          4.16202e+00     fixed    
   5  R           -6.08433e+01   constant   
   6  alpha_CBO    4.81337e-03     fixed    
   7  w_CBO        2.32500e+00   constant   
   8  beta_CBO     2.15838e-04   4.32157e-04   3.59141e-06   1.96328e+00
   9  alpha_2CBO   1.88845e-04   3.69912e-04   4.89131e-07   6.04203e+01
  10  beta_2CBO   -1.70659e-03     fixed    
  11  alpha_y      0.00000e+00     fixed    
  12  w_y          1.44500e+01   constant   
  13  beta_y      -6.24742e-04     fixed    
  14  alpha_vw     0.00000e+00     fixed    
  15  w_vw         1.29000e+01   constant   
  16  beta_vw      0.00000e+00     fixed    
  17  LM          -1.22211e-03   constant   
  18  zeta_y       0.00000e+00   constant   
  19  zeta_vw      0.00000e+00   constant   
  20  T_CBO        2.24782e+01   1.53905e+01  -1.20090e-03  -5.47863e+00
  21  alpha_A0    -2.18652e-01   5.08230e-01  -5.74164e-03   7.48225e-01
  22  beta_A0      9.04585e-02   1.73836e-01   1.97074e-03  -5.45106e-01
  23  alpha_phi    7.92080e-02   2.00117e-01   2.24758e-03   9.74754e-02
  24  beta_phi    -2.66541e-01   6.44523e-01  -7.28148e-03   2.15564e-01
 EXTERNAL ERROR MATRIX.    NDIM=  25    NPAR=  7    ERR DEF=1
  1.868e-07  6.793e-08 -4.640e-03 -1.556e-04  4.816e-05  6.178e-05 -1.978e-04 
  6.793e-08  1.368e-07 -1.899e-03 -6.695e-05  1.921e-05  2.857e-05 -8.663e-05 
 -4.640e-03 -1.899e-03  2.377e+02  7.829e+00 -2.668e+00 -3.074e+00  9.926e+00 
 -1.556e-04 -6.695e-05  7.829e+00  2.583e-01 -8.773e-02 -1.014e-01  3.273e-01 
  4.816e-05  1.921e-05 -2.668e+00 -8.773e-02  3.022e-02  3.447e-02 -1.113e-01 
  6.178e-05  2.857e-05 -3.074e+00 -1.014e-01  3.447e-02  4.005e-02 -1.288e-01 
 -1.978e-04 -8.663e-05  9.926e+00  3.273e-01 -1.113e-01 -1.288e-01  4.154e-01 
ERR MATRIX NOT POS-DEF
 PARAMETER  CORRELATION COEFFICIENTS  
       NO.  GLOBAL      8      9     20     21     22     23     24
        8  0.93275   1.000  0.425 -0.696 -0.709  0.641  0.714 -0.710
        9  0.85364   0.425  1.000 -0.333 -0.356  0.299  0.386 -0.363
       20  0.99967  -0.696 -0.333  1.000  0.999 -0.995 -0.996  0.999
       21  0.99965  -0.709 -0.356  0.999  1.000 -0.993 -0.997  0.999
       22  0.99885   0.641  0.299 -0.995 -0.993  1.000  0.991 -0.993
       23  0.99913   0.714  0.386 -0.996 -0.997  0.991  1.000 -0.998
       24  0.99980  -0.710 -0.363  0.999  0.999 -0.993 -0.998  1.000
 ERR MATRIX NOT POS-DEF
MINUIT - FIT wiggle + 1-CBO + 2-CBO
 **********
 **   42 **RES 
 **********
                   PARAMETER   16  beta_vw RESTORED TO VARIABLE.
                   PARAMETER   14  alpha_vw RESTORED TO VARIABLE.
                   PARAMETER   13  beta_y RESTORED TO VARIABLE.
                   PARAMETER   11  alpha_y RESTORED TO VARIABLE.
                   PARAMETER   10  beta_2CBO RESTORED TO VARIABLE.
                   PARAMETER    6  alpha_CBO RESTORED TO VARIABLE.
                   PARAMETER    4  phi RESTORED TO VARIABLE.
                   PARAMETER    3  A0 RESTORED TO VARIABLE.
                   PARAMETER    1  N0 RESTORED TO VARIABLE.
 **********
 **   43 **FIX           10
 **********
 **********
 **   44 **FIX           11
 **********
 **********
 **   45 **FIX           12
 **********
 PARAMETER   12  IS CONSTANT.   IGNORED.
 **********
 **   46 **FIX           13
 **********
 **********
 **   47 **FIX           14
 **********
 **********
 **   48 **FIX           15
 **********
 PARAMETER   15  IS CONSTANT.   IGNORED.
 **********
 **   49 **FIX           16
 **********
 **********
 **   50 **MIGRAD
 **********
 START MIGRAD MINIMIZATION.  STRATEGY  1.  CONVERGENCE WHEN EDM .LT. 1.00e-04
 FCN=70.1728 FROM MIGRAD    STATUS=INITIATE       22 CALLS        2946 TOTAL
                     EDM= unknown      STRATEGY= 1      NO ERROR MATRIX       
  EXT PARAMETER               CURRENT GUESS       STEP         FIRST   
  NO.   NAME      VALUE            ERROR          SIZE      DERIVATIVE 
   1  N0           3.42782e+06   1.91070e+03   1.91070e+03   2.34336e-05
   2  tau          6.43680e+01   constant   
   3  A0           3.62344e-01   1.29481e-03   1.29481e-03   9.84475e+01
   4  phi          4.16202e+00   4.18680e-03   4.18680e-03  -4.85442e+00
   5  R           -6.08433e+01   constant   
   6  alpha_CBO    4.81337e-03   3.14433e-03   3.14433e-03  -3.05160e+02
   7  w_CBO        2.32500e+00   constant   
   8  beta_CBO     2.15838e-04   4.32157e-04   3.59141e-06   1.96328e+00
   9  alpha_2CBO   1.88845e-04   3.69912e-04   4.89131e-07   6.04203e+01
  10  beta_2CBO   -1.70659e-03     fixed    
  11  alpha_y      0.00000e+00     fixed    
  12  w_y          1.44500e+01   constant   
  13  beta_y      -6.24742e-04     fixed    
  14  alpha_vw     0.00000e+00     fixed    
  15  w_vw         1.29000e+01   constant   
  16  beta_vw      0.00000e+00     fixed    
  17  LM          -1.22211e-03   constant   
  18  zeta_y       0.00000e+00   constant   
  19  zeta_vw      0.00000e+00   constant   
  20  T_CBO        2.24782e+01   1.53905e+01  -1.20090e-03  -5.47864e+00
  21  alpha_A0    -2.18652e-01   5.08230e-01  -5.74164e-03   7.48225e-01
  22  beta_A0      9.04585e-02   1.73836e-01   1.97074e-03  -5.45106e-01
  23  alpha_phi    7.92080e-02   2.00117e-01   2.24758e-03   9.74754e-02
  24  beta_phi    -2.66541e-01   6.44523e-01  -7.28148e-03   2.15564e-01
 MIGRAD MINIMIZATION HAS CONVERGED.
 MIGRAD WILL VERIFY CONVERGENCE AND ERROR MATRIX.
 FCN=69.8415 FROM HESSE     STATUS=NOT POSDEF    100 CALLS        3370 TOTAL
                     EDM=0.00114306    STRATEGY= 1      ERR MATRIX NOT POS-DEF
  EXT PARAMETER                APPROXIMATE        STEP         FIRST   
  NO.   NAME      VALUE            ERROR          SIZE      DERIVATIVE 
   1  N0           3.42986e+06   6.32099e+03   2.05822e+00  -2.80870e-06
   2  tau          6.43680e+01   constant   
   3  A0           3.62362e-01   2.76674e-03   8.91197e-07   1.48532e+01
   4  phi          4.15926e+00   8.12701e-03   2.49675e-06   1.99235e+00
   5  R           -6.08433e+01   constant   
   6  alpha_CBO    6.95664e-03   2.15627e-03   8.21483e-07  -3.78429e+00
   7  w_CBO        2.32500e+00   constant   
   8  beta_CBO     7.59470e-04   2.00558e-03   8.84581e-07   8.80251e+00
   9  alpha_2CBO   8.39172e-04   8.36769e-04   8.69652e-07   3.91871e+00
  10  beta_2CBO   -1.70659e-03     fixed    
  11  alpha_y      0.00000e+00     fixed    
  12  w_y          1.44500e+01   constant   
  13  beta_y      -6.24742e-04     fixed    
  14  alpha_vw     0.00000e+00     fixed    
  15  w_vw         1.29000e+01   constant   
  16  beta_vw      0.00000e+00     fixed    
  17  LM          -1.22211e-03   constant   
  18  zeta_y       0.00000e+00   constant   
  19  zeta_vw      0.00000e+00   constant   
  20  T_CBO        2.32481e+01   4.52332e+00   9.81179e-06   1.96357e-01
  21  alpha_A0    -3.94153e-01   3.16079e-01   9.64540e-05  -5.50531e-02
  22  beta_A0     -3.31930e-02   2.67180e-01   1.08437e-04  -2.76017e-02
  23  alpha_phi   -3.25597e-02   2.34915e-01   1.02359e-04   4.28667e-03
  24  beta_phi    -2.73301e-01   2.72925e-01   9.58156e-05   4.74562e-02
 CALL LIMIT EXCEEDED IN MIGRAD.
 MIGRAD TERMINATED WITHOUT CONVERGENCE.
 FCN=64.7652 FROM MIGRAD    STATUS=CALL LIMIT   1920 CALLS        4844 TOTAL
                     EDM=0.0602615    STRATEGY= 1      ERR MATRIX NOT POS-DEF
  EXT PARAMETER                APPROXIMATE        STEP         FIRST   
  NO.   NAME      VALUE            ERROR          SIZE      DERIVATIVE 
   1  N0           3.36667e+06   9.61831e+03  -4.16035e+02   8.02800e-05
   2  tau          6.43680e+01   constant   
   3  A0           3.51923e-01   3.63158e-03   2.30037e-04  -1.47424e+02
   4  phi          3.96358e+00   2.33070e-02   3.10117e-04  -7.35837e+01
   5  R           -6.08433e+01   constant   
   6  alpha_CBO    2.61813e-02   3.41656e-03   2.30828e-05  -6.35220e+02
   7  w_CBO        2.32500e+00   constant   
   8  beta_CBO    -1.73120e-02   2.97566e-03   1.73792e-04   2.21789e+02
   9  alpha_2CBO   5.58363e-03   1.17117e-03   1.99775e-05  -9.73116e+02
  10  beta_2CBO   -1.70659e-03     fixed    
  11  alpha_y      0.00000e+00     fixed    
  12  w_y          1.44500e+01   constant   
  13  beta_y      -6.24742e-04     fixed    
  14  alpha_vw     0.00000e+00     fixed    
  15  w_vw         1.29000e+01   constant   
  16  beta_vw      0.00000e+00     fixed    
  17  LM          -1.22211e-03   constant   
  18  zeta_y       0.00000e+00   constant   
  19  zeta_vw      0.00000e+00   constant   
  20  T_CBO        2.29050e+01   9.88037e-02  -6.04855e-07   3.83025e+02
  21  alpha_A0     3.01885e+00   2.67522e-01   3.11118e-03  -7.67983e+00
  22  beta_A0     -4.60489e+00   5.53679e-01  -3.09525e-03   6.05532e-01
  23  alpha_phi   -5.06732e+00   5.30769e-01   2.53615e-03  -1.95659e+00
  24  beta_phi    -3.70439e+00   3.62886e-01  -1.29611e-02  -8.96333e+00
 EXTERNAL ERROR MATRIX.    NDIM=  25    NPAR= 11    ERR DEF=1
  9.251e+07 
 -2.145e+01  1.319e-05 
 -2.499e+01  1.084e-05  5.432e-04 
  1.842e+00  2.969e-06 -6.879e-05  1.167e-05 
 -1.686e+01  8.351e-06  4.767e-05 -3.536e-06  8.855e-06 
 -5.455e-02  6.315e-07 -2.276e-05  3.531e-06 -1.156e-06  1.372e-06 
 -2.543e+02  6.136e-05  1.901e-03 -2.870e-04  1.680e-04 -9.547e-05  9.762e-03 
 -1.778e+03  3.348e-04 -2.997e-03  2.712e-04 -2.271e-05  1.048e-04 -1.521e-03  7.157e-02 
  1.506e+03  9.318e-05  1.126e-02 -1.381e-03  7.644e-04 -5.157e-04  4.035e-02 -9.354e-02  3.066e-01 
  1.019e+03  2.668e-04  1.110e-02 -1.321e-03  9.095e-04 -4.473e-04  3.899e-02 -8.528e-02  2.867e-01  2.817e-01 
  2.152e+03 -8.873e-04  4.878e-03 -8.662e-04 -1.871e-04 -3.000e-04  1.419e-02 -7.373e-02  1.384e-01  1.161e-01  1.317e-01 
ERR MATRIX NOT POS-DEF
 PARAMETER  CORRELATION COEFFICIENTS  
       NO.  GLOBAL      1      3      4      6      8      9     20     21     22     23     24
        1  0.99980   1.000 -0.614 -0.111  0.056 -0.589 -0.005 -0.268 -0.691  0.283  0.200  0.617
        3  0.99859  -0.614  1.000  0.128  0.239  0.773  0.148  0.171  0.345  0.046  0.138 -0.673
        4  0.99993  -0.111  0.128  1.000 -0.864  0.687 -0.834  0.826 -0.481  0.872  0.897  0.577
        6  0.99920   0.056  0.239 -0.864  1.000 -0.348  0.882 -0.850  0.297 -0.730 -0.728 -0.699
        8  0.99856  -0.589  0.773  0.687 -0.348  1.000 -0.332  0.571 -0.029  0.464  0.576 -0.173
        9  0.99273  -0.005  0.148 -0.834  0.882 -0.332  1.000 -0.825  0.334 -0.795 -0.720 -0.706
       20  0.98364  -0.268  0.171  0.826 -0.850  0.571 -0.825  1.000 -0.058  0.738  0.744  0.396
       21  0.99924  -0.691  0.345 -0.481  0.297 -0.029  0.334 -0.058  1.000 -0.632 -0.601 -0.759
       22  0.99927   0.283  0.046  0.872 -0.730  0.464 -0.795  0.738 -0.632  1.000  0.976  0.689
       23  0.99976   0.200  0.138  0.897 -0.728  0.576 -0.720  0.744 -0.601  0.976  1.000  0.603
       24  0.99949   0.617 -0.673  0.577 -0.699 -0.173 -0.706  0.396 -0.759  0.689  0.603  1.000
 ERR MATRIX NOT POS-DEF
MINUIT - FIT ONLY 1-y
 **********
 **   51 **RES 
 **********
                   PARAMETER   16  beta_vw RESTORED TO VARIABLE.
                   PARAMETER   14  alpha_vw RESTORED TO VARIABLE.
                   PARAMETER   13  beta_y RESTORED TO VARIABLE.
                   PARAMETER   11  alpha_y RESTORED TO VARIABLE.
                   PARAMETER   10  beta_2CBO RESTORED TO VARIABLE.
 **********
 **   52 **FIX            0
 **********
 PARAMETER    0  IS UNDEFINED. IGNORED.
 **********
 **   53 **FIX            1
 **********
 **********
 **   54 **FIX            2
 **********
 PARAMETER    2  IS CONSTANT.   IGNORED.
 **********
 **   55 **FIX            3
 **********
 **********
 **   56 **FIX            4
 **********
 **********
 **   57 **FIX            5
 **********
 PARAMETER    5  IS CONSTANT.   IGNORED.
 **********
 **   58 **FIX            6
 **********
 **********
 **   59 **FIX            7
 **********
 PARAMETER    7  IS CONSTANT.   IGNORED.
 **********
 **   60 **FIX            8
 **********
 **********
 **   61 **FIX            9
 **********
 **********
 **   62 **FIX           13
 **********
 **********
 **   63 **FIX           14
 **********
 **********
 **   64 **FIX           15
 **********
 PARAMETER   15  IS CONSTANT.   IGNORED.
 **********
 **   65 **FIX           16
 **********
 **********
 **   66 **MIGRAD
 **********
 START MIGRAD MINIMIZATION.  STRATEGY  1.  CONVERGENCE WHEN EDM .LT. 1.00e-04
 FCN=64.7652 FROM MIGRAD    STATUS=INITIATE       16 CALLS        4860 TOTAL
                     EDM= unknown      STRATEGY= 1      NO ERROR MATRIX       
  EXT PARAMETER               CURRENT GUESS       STEP         FIRST   
  NO.   NAME      VALUE            ERROR          SIZE      DERIVATIVE 
   1  N0           3.36667e+06     fixed    
   2  tau          6.43680e+01   constant   
   3  A0           3.51923e-01     fixed    
   4  phi          3.96358e+00     fixed    
   5  R           -6.08433e+01   constant   
   6  alpha_CBO    2.61813e-02     fixed    
   7  w_CBO        2.32500e+00   constant   
   8  beta_CBO    -1.73120e-02     fixed    
   9  alpha_2CBO   5.58363e-03     fixed    
  10  beta_2CBO   -1.70659e-03   9.52292e-04   9.52292e-04   1.92150e+03
  11  alpha_y      0.00000e+00   1.00000e-03   1.00000e-03  -7.29168e+04
  12  w_y          1.44500e+01   constant   
  13  beta_y      -6.24742e-04     fixed    
  14  alpha_vw     0.00000e+00     fixed    
  15  w_vw         1.29000e+01   constant   
  16  beta_vw      0.00000e+00     fixed    
  17  LM          -1.22211e-03   constant   
  18  zeta_y       0.00000e+00   constant   
  19  zeta_vw      0.00000e+00   constant   
  20  T_CBO        2.29050e+01   9.88037e-02  -6.04855e-07   3.83025e+02
  21  alpha_A0     3.01885e+00   2.67522e-01   3.11118e-03  -7.67983e+00
  22  beta_A0     -4.60489e+00   5.53679e-01  -3.09525e-03   6.05532e-01
  23  alpha_phi   -5.06732e+00   5.30769e-01   2.53615e-03  -1.95659e+00
  24  beta_phi    -3.70439e+00   3.62886e-01  -1.29611e-02  -8.96333e+00
 MIGRAD MINIMIZATION HAS CONVERGED.
 MIGRAD WILL VERIFY CONVERGENCE AND ERROR MATRIX.
 FCN=4.49478 FROM HESSE     STATUS=NOT POSDEF     50 CALLS        5005 TOTAL
                     EDM=8.21784e-05    STRATEGY= 1      ERR MATRIX NOT POS-DEF
  EXT PARAMETER                APPROXIMATE        STEP         FIRST   
  NO.   NAME      VALUE            ERROR          SIZE      DERIVATIVE 
   1  N0           3.36667e+06     fixed    
   2  tau          6.43680e+01   constant   
   3  A0           3.51923e-01     fixed    
   4  phi          3.96358e+00     fixed    
   5  R           -6.08433e+01   constant   
   6  alpha_CBO    2.61813e-02     fixed    
   7  w_CBO        2.32500e+00   constant   
   8  beta_CBO    -1.73120e-02     fixed    
   9  alpha_2CBO   5.58363e-03     fixed    
  10  beta_2CBO   -2.03019e-03   3.40489e-04   2.32083e-07   4.33638e-02
  11  alpha_y      1.65052e-03   2.12393e-04   2.41577e-07   2.30869e-01
  12  w_y          1.44500e+01   constant   
  13  beta_y      -6.24742e-04     fixed    
  14  alpha_vw     0.00000e+00     fixed    
  15  w_vw         1.29000e+01   constant   
  16  beta_vw      0.00000e+00     fixed    
  17  LM          -1.22211e-03   constant   
  18  zeta_y       0.00000e+00   constant   
  19  zeta_vw      0.00000e+00   constant   
  20  T_CBO        2.29085e+01   2.93763e-01   6.04113e-07   5.38085e+00
  21  alpha_A0     3.00413e+00   1.37567e-01   3.44585e-05  -6.78967e-03
  22  beta_A0     -4.58169e+00   2.00296e-01   3.56431e-05   7.81469e-03
  23  alpha_phi   -5.06899e+00   2.21115e-01   2.97201e-05   1.40574e-02
  24  beta_phi    -3.73714e+00   1.69050e-01   2.76320e-05   1.23188e-02
 CALL LIMIT EXCEEDED IN MIGRAD.
 MIGRAD TERMINATED WITHOUT CONVERGENCE.
 FCN=4.37366 FROM MIGRAD    STATUS=CALL LIMIT   1154 CALLS        5998 TOTAL
                     EDM=0.00141197    STRATEGY= 1      ERR MATRIX NOT POS-DEF
  EXT PARAMETER                APPROXIMATE        STEP         FIRST   
  NO.   NAME      VALUE            ERROR          SIZE      DERIVATIVE 
   1  N0           3.36667e+06     fixed    
   2  tau          6.43680e+01   constant   
   3  A0           3.51923e-01     fixed    
   4  phi          3.96358e+00     fixed    
   5  R           -6.08433e+01   constant   
   6  alpha_CBO    2.61813e-02     fixed    
   7  w_CBO        2.32500e+00   constant   
   8  beta_CBO    -1.73120e-02     fixed    
   9  alpha_2CBO   5.58363e-03     fixed    
  10  beta_2CBO   -2.08311e-03   3.49163e-04  -3.23807e-07  -3.60145e+01
  11  alpha_y      1.65056e-03   2.08635e-04   6.49721e-07  -4.22138e+01
  12  w_y          1.44500e+01   constant   
  13  beta_y      -6.24742e-04     fixed    
  14  alpha_vw     0.00000e+00     fixed    
  15  w_vw         1.29000e+01   constant   
  16  beta_vw      0.00000e+00     fixed    
  17  LM          -1.22211e-03   constant   
  18  zeta_y       0.00000e+00   constant   
  19  zeta_vw      0.00000e+00   constant   
  20  T_CBO        2.03919e+01   1.41954e+00  -1.60805e-04  -4.64715e+02
  21  alpha_A0     4.60021e+00   1.24016e+00   1.99483e-02  -5.11333e-01
  22  beta_A0     -6.93076e+00   1.80491e+00  -2.88040e-02   5.51118e-01
  23  alpha_phi   -7.69541e+00   2.02072e+00  -3.22674e-02   8.45574e-01
  24  beta_phi    -5.72144e+00   1.53153e+00  -2.44259e-02   8.76089e-01
 EXTERNAL ERROR MATRIX.    NDIM=  25    NPAR=  7    ERR DEF=1
  1.219e-07 -6.675e-09  3.412e-05 -2.043e-05  3.489e-05  5.112e-05  4.953e-05 
 -6.675e-09  4.353e-08  1.091e-06 -1.662e-06  2.084e-06  1.468e-06  7.834e-08 
  3.412e-05  1.091e-06  2.015e+00 -1.759e+00  2.561e+00  2.868e+00  2.173e+00 
 -2.043e-05 -1.662e-06 -1.759e+00  1.538e+00 -2.236e+00 -2.503e+00 -1.896e+00 
  3.489e-05  2.084e-06  2.561e+00 -2.236e+00  3.258e+00  3.646e+00  2.761e+00 
  5.112e-05  1.468e-06  2.868e+00 -2.503e+00  3.646e+00  4.083e+00  3.093e+00 
  4.953e-05  7.834e-08  2.173e+00 -1.896e+00  2.761e+00  3.093e+00  2.346e+00 
ERR MATRIX NOT POS-DEF
 PARAMETER  CORRELATION COEFFICIENTS  
       NO.  GLOBAL     10     11     20     21     22     23     24
       10  0.83411   1.000 -0.092  0.069 -0.047  0.055  0.072  0.093
       11  0.11438  -0.092  1.000  0.004 -0.006  0.006  0.003  0.000
       20  0.99998   0.069  0.004  1.000 -0.999  1.000  1.000  1.000
       21  0.99941  -0.047 -0.006 -0.999  1.000 -0.999 -0.999 -0.998
       22  0.99983   0.055  0.006  1.000 -0.999  1.000  1.000  0.999
       23  0.99993   0.072  0.003  1.000 -0.999  1.000  1.000  0.999
       24  0.99988   0.093  0.000  1.000 -0.998  0.999  0.999  1.000
 ERR MATRIX NOT POS-DEF
MINUIT - FIT ONLY 2-y
 **********
 **   67 **RES 
 **********
                   PARAMETER   16  beta_vw RESTORED TO VARIABLE.
                   PARAMETER   14  alpha_vw RESTORED TO VARIABLE.
                   PARAMETER   13  beta_y RESTORED TO VARIABLE.
                   PARAMETER    9  alpha_2CBO RESTORED TO VARIABLE.
                   PARAMETER    8  beta_CBO RESTORED TO VARIABLE.
                   PARAMETER    6  alpha_CBO RESTORED TO VARIABLE.
                   PARAMETER    4  phi RESTORED TO VARIABLE.
                   PARAMETER    3  A0 RESTORED TO VARIABLE.
                   PARAMETER    1  N0 RESTORED TO VARIABLE.
 **********
 **   68 **FIX            0
 **********
 PARAMETER    0  IS UNDEFINED. IGNORED.
 **********
 **   69 **FIX            1
 **********
 **********
 **   70 **FIX            2
 **********
 PARAMETER    2  IS CONSTANT.   IGNORED.
 **********
 **   71 **FIX            3
 **********
 **********
 **   72 **FIX            4
 **********
 **********
 **   73 **FIX            5
 **********
 PARAMETER    5  IS CONSTANT.   IGNORED.
 **********
 **   74 **FIX            6
 **********
