 + ++++++++++++++++++++++++++++++++++++++++++++++++++++++++++++++++++++ +
 +                                                                      +
 +           You have chose to blind your fitting according to          +
 +                omega_ref * (1 + (R +/- deltaR) *10^{-6})             +
 +                                                                      +
 + ++++++++++++++++++++++++++++++++++++++++++++++++++++++++++++++++++++ +
In main()...
reading format from /gm2data/zkhechad/run45/envelope/formats/formatB_sBin_constraintOn.txt
pBinTau 	= 0  
pBinPhi 	= 0  
constraintau 	= 1 
includeMopTerm 	= 0    
constrainMop    = 0   
Parameters after format file: pBinTau 0 pBinPhi 0 constraintau 1 includeMopTerm 0 constrainMop 0 c_e_scale 0.000000 
Opening file /gm2data/tbarrett/gm2fr/studies/run23_bunch_corrections/CorrectedFourier_Run3b.root.
reading full fit data from /gm2data/zkhechad/cboTemplates/Run4CBOTemplates/fullFits/noRF/sBin_constraintOn_cE0.0_seed0_noRF_calo0.root
windowBins = 69
fitting sliding window 840 from bin 976 at 145.470000 to bin 1045 at 155.914000 (69 bins)

Reading data from /gm2data/cornell/histograms/aMethod/histogram_a_noRF.root
 **********
 **    1 **SET PRINTOUT            1
 **********
 **********
 **    2 **SET NOWARNINGS 
 **********
 PARAMETER DEFINITIONS:
    NO.   NAME         VALUE      STEP SIZE      LIMITS
     1 N0           7.53894e+07  1.00000e+02     no limits
     2 tau          6.44000e+01  constant
     3 A0           3.53538e-01  1.00000e-04     no limits
     4 phi          4.11945e+00  1.00000e-02     no limits
     5 R           -6.07615e+01  constant
     6 alpha_CBO    0.00000e+00  1.00000e-03     no limits
     7 w_CBO        2.32500e+00  constant
     8 beta_CBO     0.00000e+00  1.00000e-03     no limits
     9 alpha_2CBO   0.00000e+00  1.00000e-03     no limits
    10 beta_2CBO    0.00000e+00  1.00000e-03     no limits
    11 alpha_y      0.00000e+00  1.00000e-03     no limits
    12 w_y          1.38860e+01  constant
    13 beta_y       0.00000e+00  1.00000e-03     no limits
    14 alpha_vw     0.00000e+00  1.00000e-03     no limits
    15 w_vw         1.43404e+01  constant
    16 beta_vw      0.00000e+00  1.00000e-03     no limits
    17 LM          -1.74374e-04  constant
    18 zeta_y       0.00000e+00  constant
    19 zeta_vw      0.00000e+00  constant
    20 T_CBO        1.00000e+02  1.00000e+00    0.00000e+00  1.00000e+03
    21 alpha_A0     0.00000e+00  1.00000e-03     no limits
    22 beta_A0      0.00000e+00  1.00000e-03     no limits
    23 alpha_phi    0.00000e+00  1.00000e-03     no limits
    24 beta_phi     0.00000e+00  1.00000e-03     no limits
MINUIT - FIT ONLY WIGGLE
 **********
 **    3 **FIX            5
 **********
 PARAMETER    5  IS CONSTANT.   IGNORED.
 **********
 **    4 **FIX            6
 **********
 **********
 **    5 **FIX            7
 **********
 PARAMETER    7  IS CONSTANT.   IGNORED.
 **********
 **    6 **FIX            8
 **********
 **********
 **    7 **FIX            9
 **********
 **********
 **    8 **FIX           10
 **********
 **********
 **    9 **FIX           11
 **********
 **********
 **   10 **FIX           12
 **********
 PARAMETER   12  IS CONSTANT.   IGNORED.
 **********
 **   11 **FIX           13
 **********
 **********
 **   12 **FIX           14
 **********
 **********
 **   13 **FIX           15
 **********
 PARAMETER   15  IS CONSTANT.   IGNORED.
 **********
 **   14 **FIX           16
 **********
 **********
 **   15 **MIGRAD
 **********
 FIRST CALL TO USER FUNCTION AT NEW START POINT, WITH IFLAG=4.
 START MIGRAD MINIMIZATION.  STRATEGY  1.  CONVERGENCE WHEN EDM .LT. 1.00e-04
 FCN=591.948 FROM MIGRAD    STATUS=INITIATE      435 CALLS         436 TOTAL
                     EDM= unknown      STRATEGY= 1      NO ERROR MATRIX       
  EXT PARAMETER               CURRENT GUESS       STEP         FIRST   
  NO.   NAME      VALUE            ERROR          SIZE      DERIVATIVE 
   1  N0           7.53894e+07   1.00000e+02   0.00000e+00   8.18661e-04
   2  tau          6.44000e+01   constant   
   3  A0           3.53538e-01   1.00000e-04   0.00000e+00   2.40870e+05
   4  phi          4.11945e+00   1.00000e-02   0.00000e+00   7.62506e+04
   5  R           -6.07615e+01   constant   
   6  alpha_CBO    0.00000e+00     fixed    
   7  w_CBO        2.32500e+00   constant   
   8  beta_CBO     0.00000e+00     fixed    
   9  alpha_2CBO   0.00000e+00     fixed    
  10  beta_2CBO    0.00000e+00     fixed    
  11  alpha_y      0.00000e+00     fixed    
  12  w_y          1.38860e+01   constant   
  13  beta_y       0.00000e+00     fixed    
  14  alpha_vw     0.00000e+00     fixed    
  15  w_vw         1.43404e+01   constant   
  16  beta_vw      0.00000e+00     fixed    
  17  LM          -1.74374e-04   constant   
  18  zeta_y       0.00000e+00   constant   
  19  zeta_vw      0.00000e+00   constant   
  20  T_CBO        1.00000e+02   1.00000e+00   0.00000e+00   0.00000e+00
  21  alpha_A0     0.00000e+00   1.00000e-03   0.00000e+00   5.10405e+03
  22  beta_A0      0.00000e+00   1.00000e-03   0.00000e+00  -4.19394e+03
  23  alpha_phi    0.00000e+00   1.00000e-03   0.00000e+00  -2.83951e+03
  24  beta_phi     0.00000e+00   1.00000e-03   0.00000e+00   3.86019e+03
 MIGRAD MINIMIZATION HAS CONVERGED.
 FCN=543.754 FROM MIGRAD    STATUS=CONVERGED    1298 CALLS        1299 TOTAL
                     EDM=1.46749e-06    STRATEGY= 1  ERROR MATRIX UNCERTAINTY   0.6 per cent
  EXT PARAMETER                                   STEP         FIRST   
  NO.   NAME      VALUE            ERROR          SIZE      DERIVATIVE 
   1  N0           7.53878e+07   2.07719e+03  -2.36006e+00   2.85592e-08
   2  tau          6.44000e+01   constant   
   3  A0           3.53350e-01   3.76039e-05  -3.44634e-08  -2.34885e+01
   4  phi          4.11900e+00   1.04990e-04   4.45399e-08   7.06368e-01
   5  R           -6.07615e+01   constant   
   6  alpha_CBO    0.00000e+00     fixed    
   7  w_CBO        2.32500e+00   constant   
   8  beta_CBO     0.00000e+00     fixed    
   9  alpha_2CBO   0.00000e+00     fixed    
  10  beta_2CBO    0.00000e+00     fixed    
  11  alpha_y      0.00000e+00     fixed    
  12  w_y          1.38860e+01   constant   
  13  beta_y       0.00000e+00     fixed    
  14  alpha_vw     0.00000e+00     fixed    
  15  w_vw         1.43404e+01   constant   
  16  beta_vw      0.00000e+00     fixed    
  17  LM          -1.74374e-04   constant   
  18  zeta_y       0.00000e+00   constant   
  19  zeta_vw      0.00000e+00   constant   
  20  T_CBO        9.99979e+02   9.79963e+02   3.63582e-02  -8.11739e-05
  21  alpha_A0    -2.80179e-04   1.80774e-04  -5.19941e-07  -2.32295e+00
  22  beta_A0      3.75195e-04   2.00940e-04  -1.62110e-07  -9.42952e+00
  23  alpha_phi    2.89754e-04   1.88069e-04   1.68539e-07  -6.24308e+00
  24  beta_phi    -6.22558e-05   1.83094e-04   1.03169e-07  -2.26020e+00
 EXTERNAL ERROR MATRIX.    NDIM=  25    NPAR=  8    ERR DEF=1
  4.315e+06 -3.589e-03  1.596e-02 -2.058e+03  5.170e-02  5.300e-02  7.125e-02 -3.899e-02 
 -3.589e-03  1.414e-09  2.092e-10 -4.938e-05 -2.214e-10 -1.396e-09 -1.423e-09 -5.455e-10 
  1.596e-02  2.092e-10  1.102e-08 -3.355e-05  2.240e-10  5.083e-10  6.945e-10 -2.631e-09 
 -2.058e+03 -4.938e-05 -3.355e-05  5.394e+03  2.231e-03 -2.999e-03 -2.464e-03  8.597e-04 
  5.170e-02 -2.214e-10  2.240e-10  2.231e-03  3.268e-08 -1.666e-09 -8.959e-10  3.165e-09 
  5.300e-02 -1.396e-09  5.083e-10 -2.999e-03 -1.666e-09  4.038e-08  5.748e-09  2.868e-09 
  7.125e-02 -1.423e-09  6.945e-10 -2.464e-03 -8.959e-10  5.748e-09  3.537e-08 -1.113e-09 
 -3.899e-02 -5.455e-10 -2.631e-09  8.597e-04  3.165e-09  2.868e-09 -1.113e-09  3.352e-08 
 PARAMETER  CORRELATION COEFFICIENTS  
       NO.  GLOBAL      1      3      4     20     21     22     23     24
        1  0.28655   1.000 -0.046  0.073 -0.013  0.138  0.127  0.182 -0.103
        3  0.28307  -0.046  1.000  0.053 -0.018 -0.033 -0.185 -0.201 -0.079
        4  0.16431   0.073  0.053  1.000 -0.004  0.012  0.024  0.035 -0.137
       20  0.31202  -0.013 -0.018 -0.004  1.000  0.168 -0.203 -0.178  0.064
       21  0.24666   0.138 -0.033  0.012  0.168  1.000 -0.046 -0.026  0.096
       22  0.32406   0.127 -0.185  0.024 -0.203 -0.046  1.000  0.152  0.078
       23  0.32916   0.182 -0.201  0.035 -0.178 -0.026  0.152  1.000 -0.032
       24  0.23923  -0.103 -0.079 -0.137  0.064  0.096  0.078 -0.032  1.000
MINUIT - FIT ONLY 1-CBO + wiggle
 **********
 **   16 **RES 
 **********
                   PARAMETER   16  beta_vw RESTORED TO VARIABLE.
                   PARAMETER   14  alpha_vw RESTORED TO VARIABLE.
                   PARAMETER   13  beta_y RESTORED TO VARIABLE.
                   PARAMETER   11  alpha_y RESTORED TO VARIABLE.
                   PARAMETER   10  beta_2CBO RESTORED TO VARIABLE.
                   PARAMETER    9  alpha_2CBO RESTORED TO VARIABLE.
                   PARAMETER    8  beta_CBO RESTORED TO VARIABLE.
                   PARAMETER    6  alpha_CBO RESTORED TO VARIABLE.
 **********
 **   17 **FIX            8
 **********
 **********
 **   18 **FIX            9
 **********
 **********
 **   19 **FIX           11
 **********
 **********
 **   20 **FIX           12
 **********
 PARAMETER   12  IS CONSTANT.   IGNORED.
 **********
 **   21 **FIX           14
 **********
 **********
 **   22 **FIX           15
 **********
 PARAMETER   15  IS CONSTANT.   IGNORED.
 **********
 **   23 **FIX           16
 **********
 **********
 **   24 **MIGRAD
 **********
 START MIGRAD MINIMIZATION.  STRATEGY  1.  CONVERGENCE WHEN EDM .LT. 1.00e-04
 FCN=543.754 FROM MIGRAD    STATUS=INITIATE       28 CALLS        1327 TOTAL
                     EDM= unknown      STRATEGY= 1      NO ERROR MATRIX       
  EXT PARAMETER               CURRENT GUESS       STEP         FIRST   
  NO.   NAME      VALUE            ERROR          SIZE      DERIVATIVE 
   1  N0           7.53878e+07   2.07719e+03  -2.36006e+00   2.85592e-08
   2  tau          6.44000e+01   constant   
   3  A0           3.53350e-01   3.76039e-05  -3.44634e-08  -2.34885e+01
   4  phi          4.11900e+00   1.04990e-04   4.45399e-08   7.06368e-01
   5  R           -6.07615e+01   constant   
   6  alpha_CBO    0.00000e+00   1.00000e-03   1.00000e-03  -1.04053e+06
   7  w_CBO        2.32500e+00   constant   
   8  beta_CBO     0.00000e+00     fixed    
   9  alpha_2CBO   0.00000e+00     fixed    
  10  beta_2CBO    0.00000e+00   1.00000e-03   1.00000e-03  -1.33327e+04
  11  alpha_y      0.00000e+00     fixed    
  12  w_y          1.38860e+01   constant   
  13  beta_y       0.00000e+00   1.00000e-03   1.00000e-03  -1.37093e+05
  14  alpha_vw     0.00000e+00     fixed    
  15  w_vw         1.43404e+01   constant   
  16  beta_vw      0.00000e+00     fixed    
  17  LM          -1.74374e-04   constant   
  18  zeta_y       0.00000e+00   constant   
  19  zeta_vw      0.00000e+00   constant   
  20  T_CBO        9.99979e+02   9.79963e+02   3.63582e-02  -8.31004e-05
  21  alpha_A0    -2.80179e-04   1.80774e-04  -5.19941e-07  -2.32332e+00
  22  beta_A0      3.75195e-04   2.00940e-04  -1.62110e-07  -9.42935e+00
  23  alpha_phi    2.89754e-04   1.88069e-04   1.68539e-07  -6.24308e+00
  24  beta_phi    -6.22558e-05   1.83094e-04   1.03169e-07  -2.26019e+00
 MIGRAD MINIMIZATION HAS CONVERGED.
 FCN=120.131 FROM MIGRAD    STATUS=CONVERGED     381 CALLS        1680 TOTAL
                     EDM=4.97729e-06    STRATEGY= 1  ERROR MATRIX UNCERTAINTY   1.6 per cent
  EXT PARAMETER                                   STEP         FIRST   
  NO.   NAME      VALUE            ERROR          SIZE      DERIVATIVE 
   1  N0           7.53895e+07   2.13416e+03  -8.13906e-01   1.70364e-07
   2  tau          6.44000e+01   constant   
   3  A0           3.53515e-01   3.99396e-05   2.54859e-08   1.17825e+01
   4  phi          4.11938e+00   1.10892e-04  -5.90779e-08   7.68506e-01
   5  R           -6.07615e+01   constant   
   6  alpha_CBO    8.01436e-04   3.92632e-05  -7.46951e-09   5.93523e+00
   7  w_CBO        2.32500e+00   constant   
   8  beta_CBO     0.00000e+00     fixed    
   9  alpha_2CBO   0.00000e+00     fixed    
  10  beta_2CBO   -2.35842e-05   3.88902e-05   3.29878e-09  -4.83991e-01
  11  alpha_y      0.00000e+00     fixed    
  12  w_y          1.38860e+01   constant   
  13  beta_y       9.93299e-05   3.84632e-05   5.96697e-08  -2.04454e-01
  14  alpha_vw     0.00000e+00     fixed    
  15  w_vw         1.43404e+01   constant   
  16  beta_vw      0.00000e+00     fixed    
  17  LM          -1.74374e-04   constant   
  18  zeta_y       0.00000e+00   constant   
  19  zeta_vw      0.00000e+00   constant   
  20  T_CBO        9.99823e+02   7.55303e+02  -7.52475e-02   1.01146e-04
  21  alpha_A0     2.25751e-04   1.88283e-04  -6.70732e-08  -1.44135e+01
  22  beta_A0      1.82551e-04   1.89698e-04  -3.84536e-07  -8.31193e+00
  23  alpha_phi   -1.10005e-05   1.83513e-04   2.87209e-07  -2.61975e+00
  24  beta_phi    -2.41844e-04   1.94314e-04   9.22274e-08   1.54353e+01
 EXTERNAL ERROR MATRIX.    NDIM=  25    NPAR= 11    ERR DEF=1
  4.555e+06 
 -1.569e-03  1.595e-09 
  3.164e-02  2.745e-10  1.230e-08 
  3.157e-03  3.227e-10  7.325e-10  1.542e-09 
 -8.152e-04 -5.339e-11 -2.963e-10 -6.265e-11  1.512e-09 
  1.038e-03 -3.795e-11 -3.841e-11 -3.401e-12 -3.080e-12  1.479e-09 
  1.360e+04 -5.188e-05  3.343e-04  3.526e-06  9.025e-05 -1.182e-05  9.828e+04 
  4.337e-02  3.857e-10 -8.466e-11  8.832e-10  6.681e-10  6.446e-10  1.607e-02  3.545e-08 
  5.422e-02 -5.210e-10 -1.036e-09 -4.573e-10  8.135e-10  5.227e-10  1.344e-02  2.592e-09  3.599e-08 
  6.870e-02 -9.130e-10 -2.935e-10 -6.038e-10 -5.257e-10  1.679e-10  1.036e-03  3.183e-09  5.904e-09  3.368e-08 
 -2.354e-02 -1.044e-09 -2.163e-09 -2.882e-10  1.030e-09 -5.983e-10 -1.850e-02 -2.354e-09  2.252e-09 -2.336e-09  3.776e-08 
 PARAMETER  CORRELATION COEFFICIENTS  
       NO.  GLOBAL      1      3      4      6     10     13     20     21     22     23     24
        1  0.27150   1.000 -0.018  0.134  0.038 -0.010  0.013  0.020  0.108  0.134  0.175 -0.057
        3  0.28036  -0.018  1.000  0.062  0.206 -0.034 -0.025 -0.004  0.051 -0.069 -0.125 -0.135
        4  0.24253   0.134  0.062  1.000  0.168 -0.069 -0.009  0.010 -0.004 -0.049 -0.014 -0.100
        6  0.29593   0.038  0.206  0.168  1.000 -0.041 -0.002  0.000  0.119 -0.061 -0.084 -0.038
       10  0.22530  -0.010 -0.034 -0.069 -0.041  1.000 -0.002  0.007  0.091  0.110 -0.074  0.136
       13  0.15917   0.013 -0.025 -0.009 -0.002 -0.002  1.000 -0.001  0.089  0.072  0.024 -0.080
       20  0.47001   0.020 -0.004  0.010  0.000  0.007 -0.001  1.000  0.272  0.226  0.018 -0.304
       21  0.35697   0.108  0.051 -0.004  0.119  0.091  0.089  0.272  1.000  0.073  0.092 -0.064
       22  0.36354   0.134 -0.069 -0.049 -0.061  0.110  0.072  0.226  0.073  1.000  0.170  0.061
       23  0.30726   0.175 -0.125 -0.014 -0.084 -0.074  0.024  0.018  0.092  0.170  1.000 -0.066
       24  0.40713  -0.057 -0.135 -0.100 -0.038  0.136 -0.080 -0.304 -0.064  0.061 -0.066  1.000
MINUIT - FIT ONLY 2-CBO
 **********
 **   25 **RES 
 **********
                   PARAMETER   16  beta_vw RESTORED TO VARIABLE.
                   PARAMETER   14  alpha_vw RESTORED TO VARIABLE.
                   PARAMETER   11  alpha_y RESTORED TO VARIABLE.
                   PARAMETER    9  alpha_2CBO RESTORED TO VARIABLE.
                   PARAMETER    8  beta_CBO RESTORED TO VARIABLE.
 **********
 **   26 **FIX            0
 **********
 PARAMETER    0  IS UNDEFINED. IGNORED.
 **********
 **   27 **FIX            1
 **********
 **********
 **   28 **FIX            2
 **********
 PARAMETER    2  IS CONSTANT.   IGNORED.
 **********
 **   29 **FIX            3
 **********
 **********
 **   30 **FIX            4
 **********
 **********
 **   31 **FIX            5
 **********
 PARAMETER    5  IS CONSTANT.   IGNORED.
 **********
 **   32 **FIX            6
 **********
 **********
 **   33 **FIX            7
 **********
 PARAMETER    7  IS CONSTANT.   IGNORED.
 **********
 **   34 **FIX           10
 **********
 **********
 **   35 **FIX           11
 **********
 **********
 **   36 **FIX           12
 **********
 PARAMETER   12  IS CONSTANT.   IGNORED.
 **********
 **   37 **FIX           13
 **********
 **********
 **   38 **FIX           14
 **********
 **********
 **   39 **FIX           15
 **********
 PARAMETER   15  IS CONSTANT.   IGNORED.
 **********
 **   40 **FIX           16
 **********
 **********
 **   41 **MIGRAD
 **********
 START MIGRAD MINIMIZATION.  STRATEGY  1.  CONVERGENCE WHEN EDM .LT. 1.00e-04
 FCN=120.131 FROM MIGRAD    STATUS=INITIATE       18 CALLS        1698 TOTAL
                     EDM= unknown      STRATEGY= 1      NO ERROR MATRIX       
  EXT PARAMETER               CURRENT GUESS       STEP         FIRST   
  NO.   NAME      VALUE            ERROR          SIZE      DERIVATIVE 
   1  N0           7.53895e+07     fixed    
   2  tau          6.44000e+01   constant   
   3  A0           3.53515e-01     fixed    
   4  phi          4.11938e+00     fixed    
   5  R           -6.07615e+01   constant   
   6  alpha_CBO    8.01436e-04     fixed    
   7  w_CBO        2.32500e+00   constant   
   8  beta_CBO     0.00000e+00   1.00000e-03   1.00000e-03   3.82256e+05
   9  alpha_2CBO   0.00000e+00   1.00000e-03   1.00000e-03  -7.83197e+03
  10  beta_2CBO   -2.35842e-05     fixed    
  11  alpha_y      0.00000e+00     fixed    
  12  w_y          1.38860e+01   constant   
  13  beta_y       9.93299e-05     fixed    
  14  alpha_vw     0.00000e+00     fixed    
  15  w_vw         1.43404e+01   constant   
  16  beta_vw      0.00000e+00     fixed    
  17  LM          -1.74374e-04   constant   
  18  zeta_y       0.00000e+00   constant   
  19  zeta_vw      0.00000e+00   constant   
  20  T_CBO        9.99823e+02   7.55303e+02  -7.52475e-02  -1.02021e-04
  21  alpha_A0     2.25751e-04   1.88283e-04  -6.70732e-08  -1.44137e+01
  22  beta_A0      1.82551e-04   1.89698e-04  -3.84536e-07  -8.31218e+00
  23  alpha_phi   -1.10005e-05   1.83513e-04   2.87209e-07  -2.61975e+00
  24  beta_phi    -2.41844e-04   1.94314e-04   9.22274e-08   1.54353e+01
 MIGRAD MINIMIZATION HAS CONVERGED.
 MIGRAD WILL VERIFY CONVERGENCE AND ERROR MATRIX.
 COVARIANCE MATRIX CALCULATED SUCCESSFULLY
 FCN=63.683 FROM MIGRAD    STATUS=CONVERGED     137 CALLS        1817 TOTAL
                     EDM=4.44753e-06    STRATEGY= 1      ERROR MATRIX ACCURATE 
  EXT PARAMETER                                   STEP         FIRST   
  NO.   NAME      VALUE            ERROR          SIZE      DERIVATIVE 
   1  N0           7.53895e+07     fixed    
   2  tau          6.44000e+01   constant   
   3  A0           3.53515e-01     fixed    
   4  phi          4.11938e+00     fixed    
   5  R           -6.07615e+01   constant   
   6  alpha_CBO    8.01436e-04     fixed    
   7  w_CBO        2.32500e+00   constant   
   8  beta_CBO    -2.95684e-04   3.93631e-05   1.53073e-07  -3.01445e+00
   9  alpha_2CBO  -1.65777e-05   3.95516e-05   1.50900e-07   3.18384e+01
  10  beta_2CBO   -2.35842e-05     fixed    
  11  alpha_y      0.00000e+00     fixed    
  12  w_y          1.38860e+01   constant   
  13  beta_y       9.93299e-05     fixed    
  14  alpha_vw     0.00000e+00     fixed    
  15  w_vw         1.43404e+01   constant   
  16  beta_vw      0.00000e+00     fixed    
  17  LM          -1.74374e-04   constant   
  18  zeta_y       0.00000e+00   constant   
  19  zeta_vw      0.00000e+00   constant   
  20  T_CBO        9.99968e+02   6.21006e+02   8.07809e-02  -7.04118e-05
  21  alpha_A0     2.46691e-04   1.69179e-04   6.56656e-07  -8.59864e+00
  22  beta_A0      3.62452e-05   1.86040e-04   7.19300e-07  -5.31582e+00
  23  alpha_phi   -5.00559e-06   1.77459e-04   6.88204e-07   4.33900e+00
  24  beta_phi    -2.32369e-04   1.70528e-04   6.64109e-07   7.59615e+00
 EXTERNAL ERROR MATRIX.    NDIM=  25    NPAR=  7    ERR DEF=1
  1.549e-09  1.189e-10  7.164e-07 -9.400e-11  7.500e-10 -1.179e-11 -3.749e-11 
  1.189e-10  1.564e-09  6.565e-07  7.366e-10 -7.405e-10  9.327e-10  6.078e-10 
  7.164e-07  6.565e-07  1.003e+04  9.470e-04  1.446e-04 -3.637e-07 -9.101e-04 
 -9.400e-11  7.366e-10  9.470e-04  2.862e-08  9.503e-10  1.504e-09  2.141e-09 
  7.500e-10 -7.405e-10  1.446e-04  9.503e-10  3.461e-08  2.013e-09  6.184e-10 
 -1.179e-11  9.327e-10 -3.637e-07  1.504e-09  2.013e-09  3.149e-08  1.863e-10 
 -3.749e-11  6.078e-10 -9.101e-04  2.141e-09  6.184e-10  1.863e-10  2.908e-08 
 PARAMETER  CORRELATION COEFFICIENTS  
       NO.  GLOBAL      8      9     20     21     22     23     24
        8  0.13931   1.000  0.076  0.000 -0.014  0.102 -0.002 -0.006
        9  0.23689   0.076  1.000  0.000  0.110 -0.101  0.133  0.090
       20  0.08064   0.000  0.000  1.000  0.056  0.008 -0.000 -0.053
       21  0.15202  -0.014  0.110  0.056  1.000  0.030  0.050  0.074
       22  0.17517   0.102 -0.101  0.008  0.030  1.000  0.061  0.019
       23  0.15747  -0.002  0.133 -0.000  0.050  0.061  1.000  0.006
       24  0.12869  -0.006  0.090 -0.053  0.074  0.019  0.006  1.000
MINUIT - FIT wiggle + 1-CBO + 2-CBO
 **********
 **   42 **RES 
 **********
                   PARAMETER   16  beta_vw RESTORED TO VARIABLE.
                   PARAMETER   14  alpha_vw RESTORED TO VARIABLE.
                   PARAMETER   13  beta_y RESTORED TO VARIABLE.
                   PARAMETER   11  alpha_y RESTORED TO VARIABLE.
                   PARAMETER   10  beta_2CBO RESTORED TO VARIABLE.
                   PARAMETER    6  alpha_CBO RESTORED TO VARIABLE.
                   PARAMETER    4  phi RESTORED TO VARIABLE.
                   PARAMETER    3  A0 RESTORED TO VARIABLE.
                   PARAMETER    1  N0 RESTORED TO VARIABLE.
 **********
 **   43 **FIX           10
 **********
 **********
 **   44 **FIX           11
 **********
 **********
 **   45 **FIX           12
 **********
 PARAMETER   12  IS CONSTANT.   IGNORED.
 **********
 **   46 **FIX           13
 **********
 **********
 **   47 **FIX           14
 **********
 **********
 **   48 **FIX           15
 **********
 PARAMETER   15  IS CONSTANT.   IGNORED.
 **********
 **   49 **FIX           16
 **********
 **********
 **   50 **MIGRAD
 **********
 START MIGRAD MINIMIZATION.  STRATEGY  1.  CONVERGENCE WHEN EDM .LT. 1.00e-04
 FCN=63.683 FROM MIGRAD    STATUS=INITIATE       22 CALLS        1839 TOTAL
                     EDM= unknown      STRATEGY= 1      NO ERROR MATRIX       
  EXT PARAMETER               CURRENT GUESS       STEP         FIRST   
  NO.   NAME      VALUE            ERROR          SIZE      DERIVATIVE 
   1  N0           7.53895e+07   2.13416e+03   2.13416e+03  -5.98926e-04
   2  tau          6.44000e+01   constant   
   3  A0           3.53515e-01   3.99396e-05   3.99396e-05  -5.51131e+04
   4  phi          4.11938e+00   1.10892e-04   1.10892e-04   2.13928e+04
   5  R           -6.07615e+01   constant   
   6  alpha_CBO    8.01436e-04   3.92632e-05   3.92632e-05   7.15762e+02
   7  w_CBO        2.32500e+00   constant   
   8  beta_CBO    -2.95684e-04   3.93631e-05   1.53073e-07  -3.01462e+00
   9  alpha_2CBO  -1.65777e-05   3.95516e-05   1.50900e-07   3.18385e+01
  10  beta_2CBO   -2.35842e-05     fixed    
  11  alpha_y      0.00000e+00     fixed    
  12  w_y          1.38860e+01   constant   
  13  beta_y       9.93299e-05     fixed    
  14  alpha_vw     0.00000e+00     fixed    
  15  w_vw         1.43404e+01   constant   
  16  beta_vw      0.00000e+00     fixed    
  17  LM          -1.74374e-04   constant   
  18  zeta_y       0.00000e+00   constant   
  19  zeta_vw      0.00000e+00   constant   
  20  T_CBO        9.99968e+02   6.21006e+02   8.07809e-02  -7.17770e-05
  21  alpha_A0     2.46691e-04   1.69179e-04   6.56656e-07  -8.59935e+00
  22  beta_A0      3.62452e-05   1.86040e-04   7.19300e-07  -5.31601e+00
  23  alpha_phi   -5.00559e-06   1.77459e-04   6.88204e-07   4.33900e+00
  24  beta_phi    -2.32369e-04   1.70528e-04   6.64109e-07   7.59611e+00
 MIGRAD MINIMIZATION HAS CONVERGED.
 MIGRAD WILL VERIFY CONVERGENCE AND ERROR MATRIX.
 COVARIANCE MATRIX CALCULATED SUCCESSFULLY
 FCN=61.0879 FROM MIGRAD    STATUS=CONVERGED     224 CALLS        2041 TOTAL
                     EDM=5.83127e-06    STRATEGY= 1      ERROR MATRIX ACCURATE 
  EXT PARAMETER                                   STEP         FIRST   
  NO.   NAME      VALUE            ERROR          SIZE      DERIVATIVE 
   1  N0           7.53904e+07   2.18332e+03   3.59489e+01   4.79722e-07
   2  tau          6.44000e+01   constant   
   3  A0           3.53554e-01   3.93630e-05   1.68588e-07   4.35077e+01
   4  phi          4.11926e+00   1.11025e-04   1.96422e-06   1.86244e+01
   5  R           -6.07615e+01   constant   
   6  alpha_CBO    8.02722e-04   3.92397e-05   1.43878e-07  -2.82755e+01
   7  w_CBO        2.32500e+00   constant   
   8  beta_CBO    -3.09366e-04   4.02676e-05   1.49968e-07  -1.01538e+01
   9  alpha_2CBO  -2.13662e-05   3.96977e-05   1.47839e-07  -2.29479e+01
  10  beta_2CBO   -2.35842e-05     fixed    
  11  alpha_y      0.00000e+00     fixed    
  12  w_y          1.38860e+01   constant   
  13  beta_y       9.93299e-05     fixed    
  14  alpha_vw     0.00000e+00     fixed    
  15  w_vw         1.43404e+01   constant   
  16  beta_vw      0.00000e+00     fixed    
  17  LM          -1.74374e-04   constant   
  18  zeta_y       0.00000e+00   constant   
  19  zeta_vw      0.00000e+00   constant   
  20  T_CBO        9.99991e+02   5.31244e+02   1.13729e-01   6.41187e-06
  21  alpha_A0     2.59040e-04   1.80845e-04   6.43299e-07  -4.79050e+00
  22  beta_A0      1.61921e-05   1.91819e-04   7.04661e-07  -1.76853e+00
  23  alpha_phi   -2.69535e-05   1.85637e-04   6.74165e-07   6.53200e+00
  24  beta_phi    -2.31276e-04   1.79972e-04   6.50561e-07  -5.09736e-01
 EXTERNAL ERROR MATRIX.    NDIM=  25    NPAR= 11    ERR DEF=1
  4.767e+06 
 -5.680e-03  1.549e-09 
  3.547e-02  1.657e-10  1.233e-08 
  2.996e-03  3.164e-10  7.268e-10  1.540e-09 
 -4.720e-03 -2.062e-10  6.150e-10 -5.924e-12  1.621e-09 
 -3.890e-03 -7.266e-11  1.457e-10  4.157e-11  1.440e-10  1.576e-09 
 -9.584e+01  2.509e-05 -2.473e-05  1.534e-06 -6.101e-07  2.812e-06  1.633e+04 
  6.059e-02  9.128e-11  7.121e-10  1.015e-09 -1.588e-10  7.169e-10  6.740e-03  3.270e-08 
  7.598e-02 -1.290e-09  6.983e-10 -3.915e-10  8.560e-10 -7.447e-10  3.893e-04  1.818e-09  3.679e-08 
  8.731e-02 -1.504e-09  6.455e-10 -5.635e-10  1.034e-10  9.224e-10 -6.558e-04  1.994e-09  4.530e-09  3.446e-08 
 -4.700e-02 -5.088e-10 -2.703e-09 -3.102e-10 -4.383e-11  6.364e-10 -6.130e-03 -1.029e-09  1.201e-10  4.908e-11  3.239e-08 
 PARAMETER  CORRELATION COEFFICIENTS  
       NO.  GLOBAL      1      3      4      6      8      9     20     21     22     23     24
        1  0.36291   1.000 -0.066  0.146  0.035 -0.054 -0.045 -0.000  0.153  0.181  0.215 -0.120
        3  0.34161  -0.066  1.000  0.038  0.205 -0.130 -0.046  0.005  0.013 -0.171 -0.206 -0.072
        4  0.29015   0.146  0.038  1.000  0.167  0.138  0.033 -0.002  0.035  0.033  0.031 -0.135
        6  0.30296   0.035  0.205  0.167  1.000 -0.004  0.027  0.000  0.143 -0.052 -0.077 -0.044
        8  0.25099  -0.054 -0.130  0.138 -0.004  1.000  0.090 -0.000 -0.022  0.111  0.014 -0.006
        9  0.25116  -0.045 -0.046  0.033  0.027  0.090  1.000  0.001  0.100 -0.098  0.125  0.089
       20  0.40282  -0.000  0.005 -0.002  0.000 -0.000  0.001  1.000  0.292  0.016 -0.028 -0.266
       21  0.38107   0.153  0.013  0.035  0.143 -0.022  0.100  0.292  1.000  0.052  0.059 -0.032
       22  0.29726   0.181 -0.171  0.033 -0.052  0.111 -0.098  0.016  0.052  1.000  0.127  0.003
       23  0.33023   0.215 -0.206  0.031 -0.077  0.014  0.125 -0.028  0.059  0.127  1.000  0.001
       24  0.34248  -0.120 -0.072 -0.135 -0.044 -0.006  0.089 -0.266 -0.032  0.003  0.001  1.000
MINUIT - FIT ONLY 1-y
 **********
 **   51 **RES 
 **********
                   PARAMETER   16  beta_vw RESTORED TO VARIABLE.
                   PARAMETER   14  alpha_vw RESTORED TO VARIABLE.
                   PARAMETER   13  beta_y RESTORED TO VARIABLE.
                   PARAMETER   11  alpha_y RESTORED TO VARIABLE.
                   PARAMETER   10  beta_2CBO RESTORED TO VARIABLE.
 **********
 **   52 **FIX            0
 **********
 PARAMETER    0  IS UNDEFINED. IGNORED.
 **********
 **   53 **FIX            1
 **********
 **********
 **   54 **FIX            2
 **********
 PARAMETER    2  IS CONSTANT.   IGNORED.
 **********
 **   55 **FIX            3
 **********
 **********
 **   56 **FIX            4
 **********
 **********
 **   57 **FIX            5
 **********
 PARAMETER    5  IS CONSTANT.   IGNORED.
 **********
 **   58 **FIX            6
 **********
 **********
 **   59 **FIX            7
 **********
 PARAMETER    7  IS CONSTANT.   IGNORED.
 **********
 **   60 **FIX            8
 **********
 **********
 **   61 **FIX            9
 **********
 **********
 **   62 **FIX           13
 **********
 **********
 **   63 **FIX           14
 **********
 **********
 **   64 **FIX           15
 **********
 PARAMETER   15  IS CONSTANT.   IGNORED.
 **********
 **   65 **FIX           16
 **********
 **********
 **   66 **MIGRAD
 **********
 START MIGRAD MINIMIZATION.  STRATEGY  1.  CONVERGENCE WHEN EDM .LT. 1.00e-04
 FCN=61.0879 FROM MIGRAD    STATUS=INITIATE       16 CALLS        2057 TOTAL
                     EDM= unknown      STRATEGY= 1      NO ERROR MATRIX       
  EXT PARAMETER               CURRENT GUESS       STEP         FIRST   
  NO.   NAME      VALUE            ERROR          SIZE      DERIVATIVE 
   1  N0           7.53904e+07     fixed    
   2  tau          6.44000e+01   constant   
   3  A0           3.53554e-01     fixed    
   4  phi          4.11926e+00     fixed    
   5  R           -6.07615e+01   constant   
   6  alpha_CBO    8.02722e-04     fixed    
   7  w_CBO        2.32500e+00   constant   
   8  beta_CBO    -3.09366e-04     fixed    
   9  alpha_2CBO  -2.13662e-05     fixed    
  10  beta_2CBO   -2.35842e-05   3.88902e-05   3.88902e-05   4.76828e+03
  11  alpha_y      0.00000e+00   1.00000e-03   1.00000e-03  -6.12184e+04
  12  w_y          1.38860e+01   constant   
  13  beta_y       9.93299e-05     fixed    
  14  alpha_vw     0.00000e+00     fixed    
  15  w_vw         1.43404e+01   constant   
  16  beta_vw      0.00000e+00     fixed    
  17  LM          -1.74374e-04   constant   
  18  zeta_y       0.00000e+00   constant   
  19  zeta_vw      0.00000e+00   constant   
  20  T_CBO        9.99991e+02   5.31244e+02   1.13729e-01  -6.73012e-06
  21  alpha_A0     2.59040e-04   1.80845e-04   6.43299e-07  -4.79060e+00
  22  beta_A0      1.61921e-05   1.91819e-04   7.04661e-07  -1.76905e+00
  23  alpha_phi   -2.69535e-05   1.85637e-04   6.74165e-07   6.53207e+00
  24  beta_phi    -2.31276e-04   1.79972e-04   6.50561e-07  -5.09731e-01
 MIGRAD MINIMIZATION HAS CONVERGED.
 MIGRAD WILL VERIFY CONVERGENCE AND ERROR MATRIX.
 COVARIANCE MATRIX CALCULATED SUCCESSFULLY
 FCN=59.7117 FROM MIGRAD    STATUS=CONVERGED     114 CALLS        2155 TOTAL
                     EDM=5.94301e-07    STRATEGY= 1      ERROR MATRIX ACCURATE 
  EXT PARAMETER                                   STEP         FIRST   
  NO.   NAME      VALUE            ERROR          SIZE      DERIVATIVE 
   1  N0           7.53904e+07     fixed    
   2  tau          6.44000e+01   constant   
   3  A0           3.53554e-01     fixed    
   4  phi          4.11926e+00     fixed    
   5  R           -6.07615e+01   constant   
   6  alpha_CBO    8.02722e-04     fixed    
   7  w_CBO        2.32500e+00   constant   
   8  beta_CBO    -3.09366e-04     fixed    
   9  alpha_2CBO  -2.13662e-05     fixed    
  10  beta_2CBO   -2.79348e-05   3.87500e-05   1.44213e-07   1.20071e+01
  11  alpha_y      4.46215e-05   3.81537e-05   1.45097e-07   3.54810e+00
  12  w_y          1.38860e+01   constant   
  13  beta_y       9.93299e-05     fixed    
  14  alpha_vw     0.00000e+00     fixed    
  15  w_vw         1.43404e+01   constant   
  16  beta_vw      0.00000e+00     fixed    
  17  LM          -1.74374e-04   constant   
  18  zeta_y       0.00000e+00   constant   
  19  zeta_vw      0.00000e+00   constant   
  20  T_CBO        1.00000e+03   5.08158e+02   1.36630e-01** at limit **
  21  alpha_A0     2.58695e-04   1.81172e-04   6.36125e-07   3.00249e+00
  22  beta_A0      1.50562e-05   1.85283e-04   6.96811e-07   4.49592e-01
  23  alpha_phi   -2.28568e-05   1.76386e-04   6.66648e-07   4.47512e+00
  24  beta_phi    -2.30274e-04   1.81432e-04   6.43308e-07   7.24315e-02
 EXTERNAL ERROR MATRIX.    NDIM=  25    NPAR=  7    ERR DEF=1
  1.502e-09 -2.560e-11 -3.140e-07  6.024e-10  8.517e-10 -4.833e-10  8.933e-10 
 -2.560e-11  1.456e-09  3.703e-08  3.256e-11  2.774e-11  9.713e-11  1.009e-10 
 -3.140e-07  3.703e-08  3.845e+01  4.119e-04  2.313e-05 -3.227e-05 -3.737e-04 
  6.024e-10  3.256e-11  4.119e-04  3.282e-08  1.958e-09  5.229e-10 -1.707e-09 
  8.517e-10  2.774e-11  2.313e-05  1.958e-09  3.433e-08  2.206e-09  1.250e-09 
 -4.833e-10  9.713e-11 -3.227e-05  5.229e-10  2.206e-09  3.111e-08 -1.465e-10 
  8.933e-10  1.009e-10 -3.737e-04 -1.707e-09  1.250e-09 -1.465e-10  3.292e-08 
 PARAMETER  CORRELATION COEFFICIENTS  
       NO.  GLOBAL     10     11     20     21     22     23     24
       10  0.20768   1.000 -0.017 -0.001  0.086  0.119 -0.071  0.127
       11  0.02906  -0.017  1.000  0.000  0.005  0.004  0.014  0.015
       20  0.48400  -0.001  0.000  1.000  0.367  0.020 -0.029 -0.332
       21  0.38510   0.086  0.005  0.367  1.000  0.058  0.016 -0.052
       22  0.15133   0.119  0.004  0.020  0.058  1.000  0.067  0.037
       23  0.11463  -0.071  0.014 -0.029  0.016  0.067  1.000 -0.005
       24  0.36255   0.127  0.015 -0.332 -0.052  0.037 -0.005  1.000
MINUIT - FIT ONLY 2-y
 **********
 **   67 **RES 
 **********
                   PARAMETER   16  beta_vw RESTORED TO VARIABLE.
                   PARAMETER   14  alpha_vw RESTORED TO VARIABLE.
                   PARAMETER   13  beta_y RESTORED TO VARIABLE.
                   PARAMETER    9  alpha_2CBO RESTORED TO VARIABLE.
                   PARAMETER    8  beta_CBO RESTORED TO VARIABLE.
                   PARAMETER    6  alpha_CBO RESTORED TO VARIABLE.
                   PARAMETER    4  phi RESTORED TO VARIABLE.
                   PARAMETER    3  A0 RESTORED TO VARIABLE.
                   PARAMETER    1  N0 RESTORED TO VARIABLE.
 **********
 **   68 **FIX            0
 **********
 PARAMETER    0  IS UNDEFINED. IGNORED.
 **********
 **   69 **FIX            1
 **********
 **********
 **   70 **FIX            2
 **********
 PARAMETER    2  IS CONSTANT.   IGNORED.
 **********
 **   71 **FIX            3
 **********
 **********
 **   72 **FIX            4
 **********
 **********
 **   73 **FIX            5
 **********
 PARAMETER    5  IS CONSTANT.   IGNORED.
 **********
 **   74 **FIX            6
 **********
 **********
 **   75 **FIX            7
 **********
 PARAMETER    7  IS CONSTANT.   IGNORED.
 **********
 **   76 **FIX            8
 **********
 **********
 **   77 **FIX            9
 **********
 **********
 **   78 **FIX           10
 **********
 **********
 **   79 **FIX           11
 **********
 **********
 **   80 **FIX           12
 **********
 PARAMETER   12  IS CONSTANT.   IGNORED.
 **********
 **   81 **FIX           16
 **********
 **********
 **   82 **MIGRAD
 **********
 START MIGRAD MINIMIZATION.  STRATEGY  1.  CONVERGENCE WHEN EDM .LT. 1.00e-04
 FCN=59.7117 FROM MIGRAD    STATUS=INITIATE       16 CALLS        2171 TOTAL
                     EDM= unknown      STRATEGY= 1      NO ERROR MATRIX       
  EXT PARAMETER               CURRENT GUESS       STEP         FIRST   
  NO.   NAME      VALUE            ERROR          SIZE      DERIVATIVE 
   1  N0           7.53904e+07     fixed    
   2  tau          6.44000e+01   constant   
   3  A0           3.53554e-01     fixed    
   4  phi          4.11926e+00     fixed    
   5  R           -6.07615e+01   constant   
   6  alpha_CBO    8.02722e-04     fixed    
   7  w_CBO        2.32500e+00   constant   
   8  beta_CBO    -3.09366e-04     fixed    
   9  alpha_2CBO  -2.13662e-05     fixed    
  10  beta_2CBO   -2.79348e-05     fixed    
  11  alpha_y      4.46215e-05     fixed    
  12  w_y          1.38860e+01   constant   
  13  beta_y       9.93299e-05   3.84632e-05   3.84632e-05  -4.43244e+03
  14  alpha_vw     0.00000e+00   1.00000e-03   1.00000e-03  -2.12489e+04
  15  w_vw         1.43404e+01   constant   
  16  beta_vw      0.00000e+00     fixed    
  17  LM          -1.74374e-04   constant   
  18  zeta_y       0.00000e+00   constant   
  19  zeta_vw      0.00000e+00   constant   
  20  T_CBO        1.00000e+03   5.08158e+02   1.36630e-01** at limit **
  21  alpha_A0     2.58695e-04   1.81172e-04   6.36125e-07   3.00127e+00
  22  beta_A0      1.50562e-05   1.85283e-04   6.96811e-07   4.49953e-01
  23  alpha_phi   -2.28568e-05   1.76386e-04   6.66648e-07   4.47515e+00
  24  beta_phi    -2.30274e-04   1.81432e-04   6.43308e-07   7.24633e-02
 MIGRAD MINIMIZATION HAS CONVERGED.
 MIGRAD WILL VERIFY CONVERGENCE AND ERROR MATRIX.
 COVARIANCE MATRIX CALCULATED SUCCESSFULLY
 FCN=59.5473 FROM MIGRAD    STATUS=CONVERGED     115 CALLS        2270 TOTAL
                     EDM=7.25101e-08    STRATEGY= 1      ERROR MATRIX ACCURATE 
  EXT PARAMETER                                   STEP         FIRST   
  NO.   NAME      VALUE            ERROR          SIZE      DERIVATIVE 
   1  N0           7.53904e+07     fixed    
   2  tau          6.44000e+01   constant   
   3  A0           3.53554e-01     fixed    
   4  phi          4.11926e+00     fixed    
   5  R           -6.07615e+01   constant   
   6  alpha_CBO    8.02722e-04     fixed    
   7  w_CBO        2.32500e+00   constant   
   8  beta_CBO    -3.09366e-04     fixed    
   9  alpha_2CBO  -2.13662e-05     fixed    
  10  beta_2CBO   -2.79348e-05     fixed    
  11  alpha_y      4.46215e-05     fixed    
  12  w_y          1.38860e+01   constant   
  13  beta_y       9.93269e-05   3.90683e-05   1.45099e-07  -3.52141e-01
  14  alpha_vw     1.54746e-05   3.90252e-05   1.44997e-07   8.33193e-02
  15  w_vw         1.43404e+01   constant   
  16  beta_vw      0.00000e+00     fixed    
  17  LM          -1.74374e-04   constant   
  18  zeta_y       0.00000e+00   constant   
  19  zeta_vw      0.00000e+00   constant   
  20  T_CBO        1.00000e+03   5.41407e+02   1.31400e-01** at limit **
  21  alpha_A0     2.58397e-04   1.79249e-04   6.35262e-07   1.47707e+00
  22  beta_A0      1.50047e-05   1.84015e-04   6.95865e-07  -7.79459e-01
  23  alpha_phi   -2.29255e-05   1.75927e-04   6.65745e-07   1.39517e+00
  24  beta_phi    -2.30500e-04   1.78955e-04   6.42436e-07   1.03860e-01
 EXTERNAL ERROR MATRIX.    NDIM=  25    NPAR=  7    ERR DEF=1
  1.526e-09 -3.186e-10 -7.236e-09 -5.372e-11  1.673e-10 -5.517e-11  8.297e-11 
 -3.186e-10  1.523e-09  1.097e-09 -1.461e-11 -3.733e-11  9.761e-12 -3.844e-11 
 -7.236e-09  1.097e-09  4.309e-01  4.132e-05  2.328e-06 -3.270e-06 -3.754e-05 
 -5.372e-11 -1.461e-11  4.132e-05  3.213e-08  1.583e-09  7.493e-10 -1.670e-09 
  1.673e-10 -3.733e-11  2.328e-06  1.583e-09  3.386e-08  2.473e-09  7.721e-10 
 -5.517e-11  9.761e-12 -3.270e-06  7.493e-10  2.473e-09  3.095e-08  1.015e-10 
  8.297e-11 -3.844e-11 -3.754e-05 -1.670e-09  7.721e-10  1.015e-10  3.202e-08 
 PARAMETER  CORRELATION COEFFICIENTS  
       NO.  GLOBAL     13     14     20     21     22     23     24
       13  0.21088   1.000 -0.209 -0.000 -0.008  0.023 -0.008  0.012
       14  0.20905  -0.209  1.000  0.000 -0.002 -0.005  0.001 -0.006
       20  0.46453  -0.000  0.000  1.000  0.351  0.019 -0.028 -0.320
       21  0.36049  -0.008 -0.002  0.351  1.000  0.048  0.024 -0.052
       22  0.09701   0.023 -0.005  0.019  0.048  1.000  0.076  0.023
       23  0.08941  -0.008  0.001 -0.028  0.024  0.076  1.000  0.003
       24  0.32746   0.012 -0.006 -0.320 -0.052  0.023  0.003  1.000
MINUIT - FIT ALTOGETHER
 **********
 **   83 **RES 
 **********
