 + ++++++++++++++++++++++++++++++++++++++++++++++++++++++++++++++++++++ +
 +                                                                      +
 +           You have chose to blind your fitting according to          +
 +                omega_ref * (1 + (R +/- deltaR) *10^{-6})             +
 +                                                                      +
 + ++++++++++++++++++++++++++++++++++++++++++++++++++++++++++++++++++++ +
In main()...
reading format from /gm2data/zkhechad/run45/envelope/formats/formatB_sBin_constraintOn.txt
pBinTau 	= 0  
pBinPhi 	= 0  
constraintau 	= 1 
includeMopTerm 	= 0    
constrainMop    = 0   
Parameters after format file: pBinTau 0 pBinPhi 0 constraintau 1 includeMopTerm 0 constrainMop 0 c_e_scale 0.000000 
Opening file /gm2data/tbarrett/gm2fr/studies/run23_bunch_corrections/CorrectedFourier_Run3b.root.
reading full fit data from /gm2data/zkhechad/cboTemplates/Run4CBOTemplates/templateFits0_v2.0/noRF/sBin_constraintOn_cE0.0_seed0_noRF_calo6.root
windowBins = 17
fitting sliding window 450 from bin 586 at 87.282000 to bin 603 at 89.967600 (17 bins)

Reading data from /gm2data/cornell/histograms/aMethod/histogram_a_noRF.root
 **********
 **    1 **SET PRINTOUT            1
 **********
 **********
 **    2 **SET NOWARNINGS 
 **********
 PARAMETER DEFINITIONS:
    NO.   NAME         VALUE      STEP SIZE      LIMITS
     1 N0           2.90949e+06  1.00000e+02     no limits
     2 tau          6.43983e+01  constant
     3 A0           3.53683e-01  1.00000e-04     no limits
     4 phi          4.11541e+00  1.00000e-02     no limits
     5 R           -6.16270e+01  constant
     6 alpha_CBO    0.00000e+00  1.00000e-03     no limits
     7 w_CBO        2.32500e+00  constant
     8 beta_CBO     0.00000e+00  1.00000e-03     no limits
     9 alpha_2CBO   0.00000e+00  1.00000e-03     no limits
    10 beta_2CBO    0.00000e+00  1.00000e-03     no limits
    11 alpha_y      0.00000e+00  1.00000e-03     no limits
    12 w_y          1.44500e+01  constant
    13 beta_y       0.00000e+00  1.00000e-03     no limits
    14 alpha_vw     0.00000e+00  1.00000e-03     no limits
    15 w_vw         1.29000e+01  constant
    16 beta_vw      0.00000e+00  1.00000e-03     no limits
    17 LM          -2.35969e-04  constant
    18 zeta_y       0.00000e+00  constant
    19 zeta_vw      0.00000e+00  constant
    20 T_CBO        1.00000e+02  1.00000e+00    0.00000e+00  1.00000e+03
    21 alpha_A0     0.00000e+00  1.00000e-03     no limits
    22 beta_A0      0.00000e+00  1.00000e-03     no limits
    23 alpha_phi    0.00000e+00  1.00000e-03     no limits
    24 beta_phi     0.00000e+00  1.00000e-03     no limits
MINUIT - FIT ONLY WIGGLE
 **********
 **    3 **FIX            5
 **********
 PARAMETER    5  IS CONSTANT.   IGNORED.
 **********
 **    4 **FIX            6
 **********
 **********
 **    5 **FIX            7
 **********
 PARAMETER    7  IS CONSTANT.   IGNORED.
 **********
 **    6 **FIX            8
 **********
 **********
 **    7 **FIX            9
 **********
 **********
 **    8 **FIX           10
 **********
 **********
 **    9 **FIX           11
 **********
 **********
 **   10 **FIX           12
 **********
 PARAMETER   12  IS CONSTANT.   IGNORED.
 **********
 **   11 **FIX           13
 **********
 **********
 **   12 **FIX           14
 **********
 **********
 **   13 **FIX           15
 **********
 PARAMETER   15  IS CONSTANT.   IGNORED.
 **********
 **   14 **FIX           16
 **********
 **********
 **   15 **MIGRAD
 **********
 FIRST CALL TO USER FUNCTION AT NEW START POINT, WITH IFLAG=4.
 START MIGRAD MINIMIZATION.  STRATEGY  1.  CONVERGENCE WHEN EDM .LT. 1.00e-04
 FCN=426.614 FROM MIGRAD    STATUS=INITIATE      437 CALLS         438 TOTAL
                     EDM= unknown      STRATEGY= 1      NO ERROR MATRIX       
  EXT PARAMETER               CURRENT GUESS       STEP         FIRST   
  NO.   NAME      VALUE            ERROR          SIZE      DERIVATIVE 
   1  N0           2.90949e+06   1.00000e+02   0.00000e+00   7.91129e-03
   2  tau          6.43983e+01   constant   
   3  A0           3.53683e-01   1.00000e-04   0.00000e+00   6.99296e+04
   4  phi          4.11541e+00   1.00000e-02   0.00000e+00   2.45964e+04
   5  R           -6.16270e+01   constant   
   6  alpha_CBO    0.00000e+00     fixed    
   7  w_CBO        2.32500e+00   constant   
   8  beta_CBO     0.00000e+00     fixed    
   9  alpha_2CBO   0.00000e+00     fixed    
  10  beta_2CBO    0.00000e+00     fixed    
  11  alpha_y      0.00000e+00     fixed    
  12  w_y          1.44500e+01   constant   
  13  beta_y       0.00000e+00     fixed    
  14  alpha_vw     0.00000e+00     fixed    
  15  w_vw         1.29000e+01   constant   
  16  beta_vw      0.00000e+00     fixed    
  17  LM          -2.35969e-04   constant   
  18  zeta_y       0.00000e+00   constant   
  19  zeta_vw      0.00000e+00   constant   
  20  T_CBO        1.00000e+02   1.00000e+00   0.00000e+00   0.00000e+00
  21  alpha_A0     0.00000e+00   1.00000e-03   0.00000e+00  -3.49856e+03
  22  beta_A0      0.00000e+00   1.00000e-03   0.00000e+00  -8.77834e+03
  23  alpha_phi    0.00000e+00   1.00000e-03   0.00000e+00   4.40027e+03
  24  beta_phi     0.00000e+00   1.00000e-03   0.00000e+00  -8.20231e+03
 MIGRAD MINIMIZATION HAS CONVERGED.
 FCN=35.869 FROM MIGRAD    STATUS=CONVERGED     909 CALLS         910 TOTAL
                     EDM=9.55931e-06    STRATEGY= 1  ERROR MATRIX UNCERTAINTY   5.1 per cent
  EXT PARAMETER                                   STEP         FIRST   
  NO.   NAME      VALUE            ERROR          SIZE      DERIVATIVE 
   1  N0           2.89564e+06   1.01512e+03  -5.91319e+00   1.87822e-06
   2  tau          6.43983e+01   constant   
   3  A0           3.49317e-01   3.52609e-04  -1.69225e-06  -8.77920e+00
   4  phi          4.09978e+00   1.19772e-03  -6.36584e-06  -1.75991e+00
   5  R           -6.16270e+01   constant   
   6  alpha_CBO    0.00000e+00     fixed    
   7  w_CBO        2.32500e+00   constant   
   8  beta_CBO     0.00000e+00     fixed    
   9  alpha_2CBO   0.00000e+00     fixed    
  10  beta_2CBO    0.00000e+00     fixed    
  11  alpha_y      0.00000e+00     fixed    
  12  w_y          1.44500e+01   constant   
  13  beta_y       0.00000e+00     fixed    
  14  alpha_vw     0.00000e+00     fixed    
  15  w_vw         1.29000e+01   constant   
  16  beta_vw      0.00000e+00     fixed    
  17  LM          -2.35969e-04   constant   
  18  zeta_y       0.00000e+00   constant   
  19  zeta_vw      0.00000e+00   constant   
  20  T_CBO        2.11846e+01   9.51783e+00  -4.69093e-04  -4.26367e-01
  21  alpha_A0    -1.15047e-01   2.42441e-01  -1.69718e-03  -2.68241e-01
  22  beta_A0      1.01639e-01   1.22638e-01   8.59641e-04   2.47272e-01
  23  alpha_phi   -6.07284e-02   9.42079e-02  -6.55562e-04  -7.57555e-01
  24  beta_phi    -1.28785e-01   2.76530e-01  -1.92942e-03   7.14710e-01
 EXTERNAL ERROR MATRIX.    NDIM=  25    NPAR=  8    ERR DEF=1
  1.030e+06  2.763e-01  9.606e-01  5.472e+03  1.500e+02 -7.626e+01  5.735e+01  1.699e+02 
  2.763e-01  1.243e-07  3.056e-07  2.257e-03  5.924e-05 -3.008e-05  2.303e-05  6.762e-05 
  9.606e-01  3.056e-07  1.435e-06  7.708e-03  2.046e-04 -1.039e-04  7.936e-05  2.334e-04 
  5.472e+03  2.257e-03  7.708e-03  9.072e+01  2.280e+00 -1.154e+00  8.870e-01  2.601e+00 
  1.500e+02  5.924e-05  2.046e-04  2.280e+00  5.878e-02 -2.973e-02  2.284e-02  6.704e-02 
 -7.626e+01 -3.008e-05 -1.039e-04 -1.154e+00 -2.973e-02  1.504e-02 -1.155e-02 -3.391e-02 
  5.735e+01  2.303e-05  7.936e-05  8.870e-01  2.284e-02 -1.155e-02  8.875e-03  2.605e-02 
  1.699e+02  6.762e-05  2.334e-04  2.601e+00  6.704e-02 -3.391e-02  2.605e-02  7.647e-02 
 PARAMETER  CORRELATION COEFFICIENTS  
       NO.  GLOBAL      1      3      4     20     21     22     23     24
        1  0.99963   1.000  0.772  0.790  0.566  0.610 -0.613  0.600  0.605
        3  0.99844   0.772  1.000  0.724  0.672  0.693 -0.696  0.693  0.694
        4  0.99793   0.790  0.724  1.000  0.676  0.705 -0.707  0.703  0.705
       20  0.99066   0.566  0.672  0.676  1.000  0.988 -0.988  0.989  0.988
       21  1.00000   0.610  0.693  0.705  0.988  1.000 -1.000  1.000  1.000
       22  0.99999  -0.613 -0.696 -0.707 -0.988 -1.000  1.000 -1.000 -1.000
       23  1.00000   0.600  0.693  0.703  0.989  1.000 -1.000  1.000  1.000
       24  1.00000   0.605  0.694  0.705  0.988  1.000 -1.000  1.000  1.000
MINUIT - FIT ONLY 1-CBO + wiggle
 **********
 **   16 **RES 
 **********
                   PARAMETER   16  beta_vw RESTORED TO VARIABLE.
                   PARAMETER   14  alpha_vw RESTORED TO VARIABLE.
                   PARAMETER   13  beta_y RESTORED TO VARIABLE.
                   PARAMETER   11  alpha_y RESTORED TO VARIABLE.
                   PARAMETER   10  beta_2CBO RESTORED TO VARIABLE.
                   PARAMETER    9  alpha_2CBO RESTORED TO VARIABLE.
                   PARAMETER    8  beta_CBO RESTORED TO VARIABLE.
                   PARAMETER    6  alpha_CBO RESTORED TO VARIABLE.
 **********
 **   17 **FIX            8
 **********
 **********
 **   18 **FIX            9
 **********
 **********
 **   19 **FIX           11
 **********
 **********
 **   20 **FIX           12
 **********
 PARAMETER   12  IS CONSTANT.   IGNORED.
 **********
 **   21 **FIX           14
 **********
 **********
 **   22 **FIX           15
 **********
 PARAMETER   15  IS CONSTANT.   IGNORED.
 **********
 **   23 **FIX           16
 **********
 **********
 **   24 **MIGRAD
 **********
 START MIGRAD MINIMIZATION.  STRATEGY  1.  CONVERGENCE WHEN EDM .LT. 1.00e-04
 FCN=35.869 FROM MIGRAD    STATUS=INITIATE       28 CALLS         938 TOTAL
                     EDM= unknown      STRATEGY= 1      NO ERROR MATRIX       
  EXT PARAMETER               CURRENT GUESS       STEP         FIRST   
  NO.   NAME      VALUE            ERROR          SIZE      DERIVATIVE 
   1  N0           2.89564e+06   1.01512e+03  -5.91319e+00   1.87822e-06
   2  tau          6.43983e+01   constant   
   3  A0           3.49317e-01   3.52609e-04  -1.69225e-06  -8.77920e+00
   4  phi          4.09978e+00   1.19772e-03  -6.36584e-06  -1.75991e+00
   5  R           -6.16270e+01   constant   
   6  alpha_CBO    0.00000e+00   1.00000e-03   1.00000e-03  -8.09987e+02
   7  w_CBO        2.32500e+00   constant   
   8  beta_CBO     0.00000e+00     fixed    
   9  alpha_2CBO   0.00000e+00     fixed    
  10  beta_2CBO    0.00000e+00   1.00000e-03   1.00000e-03  -2.48250e+02
  11  alpha_y      0.00000e+00     fixed    
  12  w_y          1.44500e+01   constant   
  13  beta_y       0.00000e+00   1.00000e-03   1.00000e-03  -1.79879e+04
  14  alpha_vw     0.00000e+00     fixed    
  15  w_vw         1.29000e+01   constant   
  16  beta_vw      0.00000e+00     fixed    
  17  LM          -2.35969e-04   constant   
  18  zeta_y       0.00000e+00   constant   
  19  zeta_vw      0.00000e+00   constant   
  20  T_CBO        2.11846e+01   9.51783e+00  -4.69093e-04  -4.26369e-01
  21  alpha_A0    -1.15047e-01   2.42441e-01  -1.69718e-03  -2.68241e-01
  22  beta_A0      1.01639e-01   1.22638e-01   8.59641e-04   2.47272e-01
  23  alpha_phi   -6.07284e-02   9.42079e-02  -6.55562e-04  -7.57555e-01
  24  beta_phi    -1.28785e-01   2.76530e-01  -1.92942e-03   7.14710e-01
 MIGRAD MINIMIZATION HAS CONVERGED.
 FCN=25.0541 FROM MIGRAD    STATUS=CONVERGED     649 CALLS        1559 TOTAL
                     EDM=4.27234e-06    STRATEGY= 1  ERROR MATRIX UNCERTAINTY   1.3 per cent
  EXT PARAMETER                                   STEP         FIRST   
  NO.   NAME      VALUE            ERROR          SIZE      DERIVATIVE 
   1  N0           2.89917e+06   2.42057e+03  -1.57377e+00   1.87410e-06
   2  tau          6.43983e+01   constant   
   3  A0           3.46552e-01   1.42289e-03  -1.22831e-06   1.07703e+01
   4  phi          4.11359e+00   7.05362e-03   4.59493e-06  -2.49627e+00
   5  R           -6.16270e+01   constant   
   6  alpha_CBO    1.34597e-02   6.88438e-03   2.10264e-06   7.22392e+00
   7  w_CBO        2.32500e+00   constant   
   8  beta_CBO     0.00000e+00     fixed    
   9  alpha_2CBO   0.00000e+00     fixed    
  10  beta_2CBO   -4.42303e-03   2.47813e-03   1.11321e-06  -1.04716e+01
  11  alpha_y      0.00000e+00     fixed    
  12  w_y          1.44500e+01   constant   
  13  beta_y       6.82113e-04   2.64339e-04   3.81018e-07  -6.07536e-01
  14  alpha_vw     0.00000e+00     fixed    
  15  w_vw         1.29000e+01   constant   
  16  beta_vw      0.00000e+00     fixed    
  17  LM          -2.35969e-04   constant   
  18  zeta_y       0.00000e+00   constant   
  19  zeta_vw      0.00000e+00   constant   
  20  T_CBO        1.96765e+01   1.80677e-01  -2.51074e-06  -5.36943e-01
  21  alpha_A0     2.77598e+00   1.52680e+00   1.94546e-04  -9.83876e-03
  22  beta_A0     -1.64629e-01   2.46908e-01   3.63889e-04   3.56714e-02
  23  alpha_phi    1.64557e+00   9.12286e-01   6.55985e-05  -1.41082e-02
  24  beta_phi     1.42043e-01   2.16587e-01  -2.18224e-04  -5.89021e-02
 EXTERNAL ERROR MATRIX.    NDIM=  25    NPAR= 11    ERR DEF=1
  5.859e+06 
 -2.511e+00  2.025e-06 
  1.549e+01 -9.318e-06  4.975e-05 
  1.438e+01 -9.465e-06  4.775e-05  4.739e-05 
 -5.322e+00  3.137e-06 -1.639e-05 -1.640e-05  6.141e-06 
  4.252e-03 -6.256e-08  2.042e-07  2.120e-07 -3.657e-08  6.987e-08 
 -1.003e+02  2.375e-05 -2.734e-04 -1.512e-04  2.437e-05 -1.911e-06  3.264e-02 
  3.317e+03 -2.049e-03  1.061e-02  1.047e-02 -3.683e-03  3.943e-05 -3.896e-02  2.331e+00 
 -4.576e+02  2.678e-04 -1.361e-03 -1.412e-03  5.666e-04 -2.674e-07 -2.400e-03 -3.177e-01  6.096e-02 
  1.922e+03 -1.237e-03  6.281e-03  6.259e-03 -2.205e-03  2.455e-05 -1.808e-02  1.387e+00 -1.946e-01  8.323e-01 
  4.795e+02 -2.242e-04  1.334e-03  1.279e-03 -5.013e-04 -4.083e-07 -5.925e-03  2.947e-01 -4.561e-02  1.730e-01  4.691e-02 
 PARAMETER  CORRELATION COEFFICIENTS  
       NO.  GLOBAL      1      3      4      6     10     13     20     21     22     23     24
        1  0.98331   1.000 -0.729  0.907  0.863 -0.887  0.007 -0.229  0.897 -0.766  0.870  0.915
        3  0.99463  -0.729  1.000 -0.928 -0.966  0.890 -0.166  0.092 -0.943  0.762 -0.953 -0.727
        4  0.99641   0.907 -0.928  1.000  0.983 -0.938  0.110 -0.215  0.985 -0.781  0.976  0.873
        6  0.99981   0.863 -0.966  0.983  1.000 -0.961  0.116 -0.122  0.996 -0.831  0.997  0.858
       10  0.99772  -0.887  0.890 -0.938 -0.961  1.000 -0.056  0.054 -0.973  0.926 -0.975 -0.934
       13  0.27351   0.007 -0.166  0.110  0.116 -0.056  1.000 -0.040  0.098 -0.004  0.102 -0.007
       20  0.77439  -0.229  0.092 -0.215 -0.122  0.054 -0.040  1.000 -0.141 -0.054 -0.110 -0.151
       21  0.99961   0.897 -0.943  0.985  0.996 -0.973  0.098 -0.141  1.000 -0.843  0.995  0.891
       22  0.97625  -0.766  0.762 -0.781 -0.831  0.926 -0.004 -0.054 -0.843  1.000 -0.864 -0.853
       23  0.99922   0.870 -0.953  0.976  0.997 -0.975  0.102 -0.110  0.995 -0.864  1.000  0.875
       24  0.97966   0.915 -0.727  0.873  0.858 -0.934 -0.007 -0.151  0.891 -0.853  0.875  1.000
MINUIT - FIT ONLY 2-CBO
 **********
 **   25 **RES 
 **********
                   PARAMETER   16  beta_vw RESTORED TO VARIABLE.
                   PARAMETER   14  alpha_vw RESTORED TO VARIABLE.
                   PARAMETER   11  alpha_y RESTORED TO VARIABLE.
                   PARAMETER    9  alpha_2CBO RESTORED TO VARIABLE.
                   PARAMETER    8  beta_CBO RESTORED TO VARIABLE.
 **********
 **   26 **FIX            0
 **********
 PARAMETER    0  IS UNDEFINED. IGNORED.
 **********
 **   27 **FIX            1
 **********
 **********
 **   28 **FIX            2
 **********
 PARAMETER    2  IS CONSTANT.   IGNORED.
 **********
 **   29 **FIX            3
 **********
 **********
 **   30 **FIX            4
 **********
 **********
 **   31 **FIX            5
 **********
 PARAMETER    5  IS CONSTANT.   IGNORED.
 **********
 **   32 **FIX            6
 **********
 **********
 **   33 **FIX            7
 **********
 PARAMETER    7  IS CONSTANT.   IGNORED.
 **********
 **   34 **FIX           10
 **********
 **********
 **   35 **FIX           11
 **********
 **********
 **   36 **FIX           12
 **********
 PARAMETER   12  IS CONSTANT.   IGNORED.
 **********
 **   37 **FIX           13
 **********
 **********
 **   38 **FIX           14
 **********
 **********
 **   39 **FIX           15
 **********
 PARAMETER   15  IS CONSTANT.   IGNORED.
 **********
 **   40 **FIX           16
 **********
 **********
 **   41 **MIGRAD
 **********
 START MIGRAD MINIMIZATION.  STRATEGY  1.  CONVERGENCE WHEN EDM .LT. 1.00e-04
 FCN=25.0541 FROM MIGRAD    STATUS=INITIATE       18 CALLS        1577 TOTAL
                     EDM= unknown      STRATEGY= 1      NO ERROR MATRIX       
  EXT PARAMETER               CURRENT GUESS       STEP         FIRST   
  NO.   NAME      VALUE            ERROR          SIZE      DERIVATIVE 
   1  N0           2.89917e+06     fixed    
   2  tau          6.43983e+01   constant   
   3  A0           3.46552e-01     fixed    
   4  phi          4.11359e+00     fixed    
   5  R           -6.16270e+01   constant   
   6  alpha_CBO    1.34597e-02     fixed    
   7  w_CBO        2.32500e+00   constant   
   8  beta_CBO     0.00000e+00   1.00000e-03   1.00000e-03   1.41679e+02
   9  alpha_2CBO   0.00000e+00   1.00000e-03   1.00000e-03  -1.06937e+03
  10  beta_2CBO   -4.42303e-03     fixed    
  11  alpha_y      0.00000e+00     fixed    
  12  w_y          1.44500e+01   constant   
  13  beta_y       6.82113e-04     fixed    
  14  alpha_vw     0.00000e+00     fixed    
  15  w_vw         1.29000e+01   constant   
  16  beta_vw      0.00000e+00     fixed    
  17  LM          -2.35969e-04   constant   
  18  zeta_y       0.00000e+00   constant   
  19  zeta_vw      0.00000e+00   constant   
  20  T_CBO        1.96765e+01   1.80677e-01  -2.51074e-06  -5.36946e-01
  21  alpha_A0     2.77598e+00   1.52680e+00   1.94546e-04  -9.83878e-03
  22  beta_A0     -1.64629e-01   2.46908e-01   3.63889e-04   3.56714e-02
  23  alpha_phi    1.64557e+00   9.12286e-01   6.55985e-05  -1.41082e-02
  24  beta_phi     1.42043e-01   2.16587e-01  -2.18224e-04  -5.89021e-02
 MIGRAD MINIMIZATION HAS CONVERGED.
 MIGRAD WILL VERIFY CONVERGENCE AND ERROR MATRIX.
 FCN=24.6222 FROM MIGRAD    STATUS=CONVERGED     182 CALLS        1741 TOTAL
                     EDM=4.33641e-05    STRATEGY= 1      ERR MATRIX NOT POS-DEF
  EXT PARAMETER                APPROXIMATE        STEP         FIRST   
  NO.   NAME      VALUE            ERROR          SIZE      DERIVATIVE 
   1  N0           2.89917e+06     fixed    
   2  tau          6.43983e+01   constant   
   3  A0           3.46552e-01     fixed    
   4  phi          4.11359e+00     fixed    
   5  R           -6.16270e+01   constant   
   6  alpha_CBO    1.34597e-02     fixed    
   7  w_CBO        2.32500e+00   constant   
   8  beta_CBO     9.92063e-04   1.35944e-03   6.37368e-07  -7.88148e-01
   9  alpha_2CBO   9.27760e-04   1.21211e-03   6.39075e-07   1.59674e+00
  10  beta_2CBO   -4.42303e-03     fixed    
  11  alpha_y      0.00000e+00     fixed    
  12  w_y          1.44500e+01   constant   
  13  beta_y       6.82113e-04     fixed    
  14  alpha_vw     0.00000e+00     fixed    
  15  w_vw         1.29000e+01   constant   
  16  beta_vw      0.00000e+00     fixed    
  17  LM          -2.35969e-04   constant   
  18  zeta_y       0.00000e+00   constant   
  19  zeta_vw      0.00000e+00   constant   
  20  T_CBO        1.97118e+01   1.56596e+00   1.99792e-06   2.59920e-01
  21  alpha_A0     2.94915e+00   1.06952e+00   2.03108e-04   3.38666e-03
  22  beta_A0      1.31646e-01   4.00806e-01   2.05217e-04   1.96812e-03
  23  alpha_phi    1.49837e+00   5.76426e-01   1.61853e-04   1.53897e-02
  24  beta_phi     3.45570e-01   2.99931e-01   1.87050e-04   2.95297e-03
 EXTERNAL ERROR MATRIX.    NDIM=  25    NPAR=  7    ERR DEF=1
  1.848e-06  1.569e-06  1.392e-04  2.482e-04  5.245e-04 -2.818e-04  3.566e-04 
  1.569e-06  1.469e-06  1.486e-04  2.078e-04  4.607e-04 -2.624e-04  3.120e-04 
  1.392e-04  1.486e-04  2.452e+00 -1.621e+00 -3.272e-02 -8.532e-01 -1.578e-01 
  2.482e-04  2.078e-04 -1.621e+00  1.144e+00  1.232e-01  5.204e-01  1.719e-01 
  5.245e-04  4.607e-04 -3.272e-02  1.232e-01  1.606e-01 -5.703e-02  1.067e-01 
 -2.818e-04 -2.624e-04 -8.532e-01  5.204e-01 -5.703e-02  3.323e-01  6.597e-03 
  3.566e-04  3.120e-04 -1.578e-01  1.719e-01  1.067e-01  6.597e-03  8.996e-02 
ERR MATRIX NOT POS-DEF
 PARAMETER  CORRELATION COEFFICIENTS  
       NO.  GLOBAL      8      9     20     21     22     23     24
        8  0.98189   1.000  0.952  0.065  0.171  0.963 -0.360  0.875
        9  0.97704   0.952  1.000  0.078  0.160  0.948 -0.376  0.858
       20  0.99743   0.065  0.078  1.000 -0.968 -0.052 -0.945 -0.336
       21  0.99705   0.171  0.160 -0.968  1.000  0.287  0.844  0.536
       22  0.97836   0.963  0.948 -0.052  0.287  1.000 -0.247  0.887
       23  0.99354  -0.360 -0.376 -0.945  0.844 -0.247  1.000  0.038
       24  0.96773   0.875  0.858 -0.336  0.536  0.887  0.038  1.000
 ERR MATRIX NOT POS-DEF
MINUIT - FIT wiggle + 1-CBO + 2-CBO
 **********
 **   42 **RES 
 **********
                   PARAMETER   16  beta_vw RESTORED TO VARIABLE.
                   PARAMETER   14  alpha_vw RESTORED TO VARIABLE.
                   PARAMETER   13  beta_y RESTORED TO VARIABLE.
                   PARAMETER   11  alpha_y RESTORED TO VARIABLE.
                   PARAMETER   10  beta_2CBO RESTORED TO VARIABLE.
                   PARAMETER    6  alpha_CBO RESTORED TO VARIABLE.
                   PARAMETER    4  phi RESTORED TO VARIABLE.
                   PARAMETER    3  A0 RESTORED TO VARIABLE.
                   PARAMETER    1  N0 RESTORED TO VARIABLE.
 **********
 **   43 **FIX           10
 **********
 **********
 **   44 **FIX           11
 **********
 **********
 **   45 **FIX           12
 **********
 PARAMETER   12  IS CONSTANT.   IGNORED.
 **********
 **   46 **FIX           13
 **********
 **********
 **   47 **FIX           14
 **********
 **********
 **   48 **FIX           15
 **********
 PARAMETER   15  IS CONSTANT.   IGNORED.
 **********
 **   49 **FIX           16
 **********
 **********
 **   50 **MIGRAD
 **********
 START MIGRAD MINIMIZATION.  STRATEGY  1.  CONVERGENCE WHEN EDM .LT. 1.00e-04
 FCN=24.6222 FROM MIGRAD    STATUS=INITIATE       22 CALLS        1763 TOTAL
                     EDM= unknown      STRATEGY= 1      NO ERROR MATRIX       
  EXT PARAMETER               CURRENT GUESS       STEP         FIRST   
  NO.   NAME      VALUE            ERROR          SIZE      DERIVATIVE 
   1  N0           2.89917e+06   2.42057e+03   2.42057e+03   2.61064e-06
   2  tau          6.43983e+01   constant   
   3  A0           3.46552e-01   1.42289e-03   1.42289e-03   7.87637e+01
   4  phi          4.11359e+00   7.05362e-03   7.05362e-03  -4.17287e+01
   5  R           -6.16270e+01   constant   
   6  alpha_CBO    1.34597e-02   6.88438e-03   6.88438e-03   5.21193e+02
   7  w_CBO        2.32500e+00   constant   
   8  beta_CBO     9.92063e-04   1.35944e-03   6.37368e-07  -7.88152e-01
   9  alpha_2CBO   9.27760e-04   1.21211e-03   6.39075e-07   1.59675e+00
  10  beta_2CBO   -4.42303e-03     fixed    
  11  alpha_y      0.00000e+00     fixed    
  12  w_y          1.44500e+01   constant   
  13  beta_y       6.82113e-04     fixed    
  14  alpha_vw     0.00000e+00     fixed    
  15  w_vw         1.29000e+01   constant   
  16  beta_vw      0.00000e+00     fixed    
  17  LM          -2.35969e-04   constant   
  18  zeta_y       0.00000e+00   constant   
  19  zeta_vw      0.00000e+00   constant   
  20  T_CBO        1.97118e+01   1.56596e+00   1.99792e-06   2.60056e-01
  21  alpha_A0     2.94915e+00   1.06952e+00   2.03108e-04   3.38642e-03
  22  beta_A0      1.31646e-01   4.00806e-01   2.05217e-04   1.96768e-03
  23  alpha_phi    1.49837e+00   5.76426e-01   1.61853e-04   1.53897e-02
  24  beta_phi     3.45570e-01   2.99931e-01   1.87050e-04   2.95298e-03
 MIGRAD MINIMIZATION HAS CONVERGED.
 MIGRAD WILL VERIFY CONVERGENCE AND ERROR MATRIX.
 FCN=23.8688 FROM HESSE     STATUS=NOT POSDEF    100 CALLS        3615 TOTAL
                     EDM=0.00044339    STRATEGY= 1      ERR MATRIX NOT POS-DEF
  EXT PARAMETER                APPROXIMATE        STEP         FIRST   
  NO.   NAME      VALUE            ERROR          SIZE      DERIVATIVE 
   1  N0           2.85706e+06   6.18003e+03   1.36235e+00  -6.11516e-07
   2  tau          6.43983e+01   constant   
   3  A0           3.24136e-01   2.63689e-03   4.80452e-07  -3.50065e+00
   4  phi          4.09397e+00   9.56163e-03   1.95216e-06  -2.16353e+00
   5  R           -6.16270e+01   constant   
   6  alpha_CBO    1.31211e-02   2.00213e-03   5.94967e-07  -4.28020e-01
   7  w_CBO        2.32500e+00   constant   
   8  beta_CBO     2.28945e-02   2.31923e-03   6.25951e-07  -4.80345e+00
   9  alpha_2CBO   4.73992e-03   1.30100e-03   6.28674e-07  -2.33871e+00
  10  beta_2CBO   -4.42303e-03     fixed    
  11  alpha_y      0.00000e+00     fixed    
  12  w_y          1.44500e+01   constant   
  13  beta_y       6.82113e-04     fixed    
  14  alpha_vw     0.00000e+00     fixed    
  15  w_vw         1.29000e+01   constant   
  16  beta_vw      0.00000e+00     fixed    
  17  LM          -2.35969e-04   constant   
  18  zeta_y       0.00000e+00   constant   
  19  zeta_vw      0.00000e+00   constant   
  20  T_CBO        1.76670e+01   7.35586e-01   1.00816e-06   6.15814e-01
  21  alpha_A0    -3.64921e-01   1.46872e+00   3.73321e-04   1.96541e-02
  22  beta_A0     -4.85860e-01   1.23554e+00   3.75290e-04   6.80181e-03
  23  alpha_phi   -4.67047e+00   1.35580e+00   2.89071e-04  -6.84029e-03
  24  beta_phi     8.10187e+00   1.72657e+00   3.38523e-04  -6.02971e-04
 CALL LIMIT EXCEEDED IN MIGRAD.
 MIGRAD TERMINATED WITHOUT CONVERGENCE.
 FCN=23.8596 FROM MIGRAD    STATUS=CALL LIMIT   1927 CALLS        3668 TOTAL
                     EDM=0.0092983    STRATEGY= 1      ERR MATRIX NOT POS-DEF
  EXT PARAMETER                APPROXIMATE        STEP         FIRST   
  NO.   NAME      VALUE            ERROR          SIZE      DERIVATIVE 
   1  N0           2.85650e+06   7.82685e+03  -2.50888e+02   2.42646e-04
   2  tau          6.43983e+01   constant   
   3  A0           3.24247e-01   2.90285e-03   5.16568e-05  -2.95634e+02
   4  phi          4.09680e+00   2.94416e-02   1.33270e-03  -1.14194e+02
   5  R           -6.16270e+01   constant   
   6  alpha_CBO    1.32293e-02   2.43697e-03   7.39314e-05   8.26717e+01
   7  w_CBO        2.32500e+00   constant   
   8  beta_CBO     2.27035e-02   3.16083e-03  -9.21001e-05  -6.92399e+01
   9  alpha_2CBO   4.80073e-03   1.35828e-03   2.77519e-05   6.84400e+01
  10  beta_2CBO   -4.42303e-03     fixed    
  11  alpha_y      0.00000e+00     fixed    
  12  w_y          1.44500e+01   constant   
  13  beta_y       6.82113e-04     fixed    
  14  alpha_vw     0.00000e+00     fixed    
  15  w_vw         1.29000e+01   constant   
  16  beta_vw      0.00000e+00     fixed    
  17  LM          -2.35969e-04   constant   
  18  zeta_y       0.00000e+00   constant   
  19  zeta_vw      0.00000e+00   constant   
  20  T_CBO        1.77477e+01   7.72600e-01   2.30659e-04   4.89478e+01
  21  alpha_A0    -8.13708e-01   4.32554e+00  -1.94096e-01  -6.05780e-01
  22  beta_A0     -4.99137e-01   1.24490e+00  -3.62514e-03   2.83851e-01
  23  alpha_phi   -4.61813e+00   1.34356e+00   2.19728e-02   6.45955e-01
  24  beta_phi     8.41190e+00   3.85475e+00   1.53637e-01   4.64775e-01
 EXTERNAL ERROR MATRIX.    NDIM=  25    NPAR= 11    ERR DEF=1
  6.126e+07 
 -3.891e+00  8.427e-06 
 -1.226e+02  3.586e-05  8.668e-04 
 -7.476e+00 -2.587e-07  4.779e-05  5.939e-06 
  2.781e+00 -5.867e-06 -7.166e-05 -4.115e-06  9.991e-06 
 -1.659e+00  5.463e-07  1.370e-05 -4.628e-07  4.463e-07  1.845e-06 
 -2.343e+03  2.138e-04  1.482e-02  7.571e-04 -8.337e-04  4.397e-04  5.969e-01 
  2.449e+04 -4.971e-03 -1.213e-01 -5.854e-03  8.883e-03 -1.906e-03 -2.080e+00  1.871e+01 
 -2.842e+03  1.542e-03 -9.409e-03 -1.232e-03  1.445e-03  5.154e-04 -1.418e-01  7.960e-01  1.550e+00 
 -4.093e+03  2.164e-03  6.903e-03  8.957e-04 -1.448e-03 -5.564e-04  3.047e-01 -1.117e+00  7.103e-01  1.805e+00 
 -2.097e+04  4.579e-03  1.022e-01  4.952e-03 -7.049e-03  2.043e-03  1.133e+00 -1.566e+01 -2.594e-01  2.588e-01  1.486e+01 
ERR MATRIX NOT POS-DEF
 PARAMETER  CORRELATION COEFFICIENTS  
       NO.  GLOBAL      1      3      4      6      8      9     20     21     22     23     24
        1  0.99921   1.000 -0.171 -0.532 -0.392  0.112 -0.156 -0.387  0.723 -0.292 -0.389 -0.695
        3  0.99839  -0.171  1.000  0.420 -0.037 -0.639  0.139  0.095 -0.396  0.427  0.555  0.409
        4  0.99983  -0.532  0.420  1.000  0.666 -0.770  0.343  0.652 -0.953 -0.257  0.175  0.900
        6  0.99515  -0.392 -0.037  0.666  1.000 -0.534 -0.140  0.402 -0.555 -0.406  0.274  0.527
        8  0.99691   0.112 -0.639 -0.770 -0.534  1.000  0.104 -0.341  0.650  0.367 -0.341 -0.579
        9  0.98232  -0.156  0.139  0.343 -0.140  0.104  1.000  0.419 -0.324  0.305 -0.305  0.390
       20  0.99767  -0.387  0.095  0.652  0.402 -0.341  0.419  1.000 -0.622 -0.147  0.294  0.380
       21  0.99967   0.723 -0.396 -0.953 -0.555  0.650 -0.324 -0.622  1.000  0.148 -0.192 -0.939
       22  0.99389  -0.292  0.427 -0.257 -0.406  0.367  0.305 -0.147  0.148  1.000  0.425 -0.054
       23  0.99765  -0.389  0.555  0.175  0.274 -0.341 -0.305  0.294 -0.192  0.425  1.000  0.050
       24  0.99958  -0.695  0.409  0.900  0.527 -0.579  0.390  0.380 -0.939 -0.054  0.050  1.000
 ERR MATRIX NOT POS-DEF
MINUIT - FIT ONLY 1-y
 **********
 **   51 **RES 
 **********
                   PARAMETER   16  beta_vw RESTORED TO VARIABLE.
                   PARAMETER   14  alpha_vw RESTORED TO VARIABLE.
                   PARAMETER   13  beta_y RESTORED TO VARIABLE.
                   PARAMETER   11  alpha_y RESTORED TO VARIABLE.
                   PARAMETER   10  beta_2CBO RESTORED TO VARIABLE.
 **********
 **   52 **FIX            0
 **********
 PARAMETER    0  IS UNDEFINED. IGNORED.
 **********
 **   53 **FIX            1
 **********
 **********
 **   54 **FIX            2
 **********
 PARAMETER    2  IS CONSTANT.   IGNORED.
 **********
 **   55 **FIX            3
 **********
 **********
 **   56 **FIX            4
 **********
 **********
 **   57 **FIX            5
 **********
 PARAMETER    5  IS CONSTANT.   IGNORED.
 **********
 **   58 **FIX            6
 **********
 **********
 **   59 **FIX            7
 **********
 PARAMETER    7  IS CONSTANT.   IGNORED.
 **********
 **   60 **FIX            8
 **********
 **********
 **   61 **FIX            9
 **********
 **********
 **   62 **FIX           13
 **********
 **********
 **   63 **FIX           14
 **********
 **********
 **   64 **FIX           15
 **********
 PARAMETER   15  IS CONSTANT.   IGNORED.
 **********
 **   65 **FIX           16
 **********
 **********
 **   66 **MIGRAD
 **********
 START MIGRAD MINIMIZATION.  STRATEGY  1.  CONVERGENCE WHEN EDM .LT. 1.00e-04
 FCN=23.8596 FROM MIGRAD    STATUS=INITIATE       16 CALLS        3684 TOTAL
                     EDM= unknown      STRATEGY= 1      NO ERROR MATRIX       
  EXT PARAMETER               CURRENT GUESS       STEP         FIRST   
  NO.   NAME      VALUE            ERROR          SIZE      DERIVATIVE 
   1  N0           2.85650e+06     fixed    
   2  tau          6.43983e+01   constant   
   3  A0           3.24247e-01     fixed    
   4  phi          4.09680e+00     fixed    
   5  R           -6.16270e+01   constant   
   6  alpha_CBO    1.32293e-02     fixed    
   7  w_CBO        2.32500e+00   constant   
   8  beta_CBO     2.27035e-02     fixed    
   9  alpha_2CBO   4.80073e-03     fixed    
  10  beta_2CBO   -4.42303e-03   2.47813e-03   2.47813e-03  -1.47957e+02
  11  alpha_y      0.00000e+00   1.00000e-03   1.00000e-03  -2.04641e+04
  12  w_y          1.44500e+01   constant   
  13  beta_y       6.82113e-04     fixed    
  14  alpha_vw     0.00000e+00     fixed    
  15  w_vw         1.29000e+01   constant   
  16  beta_vw      0.00000e+00     fixed    
  17  LM          -2.35969e-04   constant   
  18  zeta_y       0.00000e+00   constant   
  19  zeta_vw      0.00000e+00   constant   
  20  T_CBO        1.77477e+01   7.72600e-01   2.30659e-04   4.89478e+01
  21  alpha_A0    -8.13708e-01   4.32554e+00  -1.94096e-01  -6.05780e-01
  22  beta_A0     -4.99137e-01   1.24490e+00  -3.62514e-03   2.83851e-01
  23  alpha_phi   -4.61813e+00   1.34356e+00   2.19728e-02   6.45955e-01
  24  beta_phi     8.41190e+00   3.85475e+00   1.53637e-01   4.64775e-01
 MIGRAD MINIMIZATION HAS CONVERGED.
 MIGRAD WILL VERIFY CONVERGENCE AND ERROR MATRIX.
 FCN=17.0642 FROM MIGRAD    STATUS=CONVERGED     161 CALLS        3829 TOTAL
                     EDM=5.59128e-05    STRATEGY= 1      ERR MATRIX NOT POS-DEF
  EXT PARAMETER                APPROXIMATE        STEP         FIRST   
  NO.   NAME      VALUE            ERROR          SIZE      DERIVATIVE 
   1  N0           2.85650e+06     fixed    
   2  tau          6.43983e+01   constant   
   3  A0           3.24247e-01     fixed    
   4  phi          4.09680e+00     fixed    
   5  R           -6.16270e+01   constant   
   6  alpha_CBO    1.32293e-02     fixed    
   7  w_CBO        2.32500e+00   constant   
   8  beta_CBO     2.27035e-02     fixed    
   9  alpha_2CBO   4.80073e-03     fixed    
  10  beta_2CBO   -4.73274e-03   5.96722e-04   5.05108e-07   9.30305e-01
  11  alpha_y      6.67137e-04   2.55545e-04   5.12909e-07  -2.51934e+00
  12  w_y          1.44500e+01   constant   
  13  beta_y       6.82113e-04     fixed    
  14  alpha_vw     0.00000e+00     fixed    
  15  w_vw         1.29000e+01   constant   
  16  beta_vw      0.00000e+00     fixed    
  17  LM          -2.35969e-04   constant   
  18  zeta_y       0.00000e+00   constant   
  19  zeta_vw      0.00000e+00   constant   
  20  T_CBO        1.77662e+01   7.07972e-01   8.25337e-07  -3.53406e+00
  21  alpha_A0    -7.81303e-01   2.37049e-01   3.09065e-04   1.87705e-04
  22  beta_A0     -6.66129e-01   3.08482e-01   3.11671e-04  -2.39635e-03
  23  alpha_phi   -4.56158e+00   9.09091e-01   2.39915e-04   9.20052e-03
  24  beta_phi     8.49974e+00   1.68726e+00   2.80454e-04  -2.96905e-04
 EXTERNAL ERROR MATRIX.    NDIM=  25    NPAR=  7    ERR DEF=1
  3.561e-07 -3.301e-08 -1.358e-05 -3.617e-05  1.383e-04 -6.355e-05 -8.346e-05 
 -3.301e-08  6.530e-08  2.427e-06  2.916e-06 -1.710e-05  6.825e-06  8.384e-06 
 -1.358e-05  2.427e-06  5.012e-01  1.129e-01  8.476e-02  6.353e-01 -1.182e+00 
 -3.617e-05  2.916e-06  1.129e-01  5.619e-02  1.338e-02  1.539e-01 -2.611e-01 
  1.383e-04 -1.710e-05  8.476e-02  1.338e-02  9.516e-02  8.863e-02 -2.485e-01 
 -6.355e-05  6.825e-06  6.353e-01  1.539e-01  8.863e-02  8.264e-01 -1.487e+00 
 -8.346e-05  8.384e-06 -1.182e+00 -2.611e-01 -2.485e-01 -1.487e+00  2.847e+00 
ERR MATRIX NOT POS-DEF
 PARAMETER  CORRELATION COEFFICIENTS  
       NO.  GLOBAL     10     11     20     21     22     23     24
       10  0.91327   1.000 -0.216 -0.032 -0.256  0.751 -0.117 -0.083
       11  0.25883  -0.216  1.000  0.013  0.048 -0.217  0.029  0.019
       20  0.99725  -0.032  0.013  1.000  0.673  0.388  0.987 -0.990
       21  0.77866  -0.256  0.048  0.673  1.000  0.183  0.714 -0.653
       22  0.87384   0.751 -0.217  0.388  0.183  1.000  0.316 -0.477
       23  0.99190  -0.117  0.029  0.987  0.714  0.316  1.000 -0.969
       24  0.99680  -0.083  0.019 -0.990 -0.653 -0.477 -0.969  1.000
 ERR MATRIX NOT POS-DEF
MINUIT - FIT ONLY 2-y
 **********
 **   67 **RES 
 **********
                   PARAMETER   16  beta_vw RESTORED TO VARIABLE.
                   PARAMETER   14  alpha_vw RESTORED TO VARIABLE.
                   PARAMETER   13  beta_y RESTORED TO VARIABLE.
                   PARAMETER    9  alpha_2CBO RESTORED TO VARIABLE.
                   PARAMETER    8  beta_CBO RESTORED TO VARIABLE.
                   PARAMETER    6  alpha_CBO RESTORED TO VARIABLE.
                   PARAMETER    4  phi RESTORED TO VARIABLE.
                   PARAMETER    3  A0 RESTORED TO VARIABLE.
                   PARAMETER    1  N0 RESTORED TO VARIABLE.
 **********
 **   68 **FIX            0
 **********
 PARAMETER    0  IS UNDEFINED. IGNORED.
 **********
 **   69 **FIX            1
 **********
 **********
 **   70 **FIX            2
 **********
 PARAMETER    2  IS CONSTANT.   IGNORED.
 **********
 **   71 **FIX            3
 **********
 **********
 **   72 **FIX            4
 **********
 **********
 **   73 **FIX            5
 **********
 PARAMETER    5  IS CONSTANT.   IGNORED.
 **********
 **   74 **FIX            6
 **********
 **********
 **   75 **FIX            7
 **********
 PARAMETER    7  IS CONSTANT.   IGNORED.
 **********
 **   76 **FIX            8
 **********
 **********
 **   77 **FIX            9
 **********
 **********
 **   78 **FIX           10
 **********
 **********
 **   79 **FIX           11
 **********
 **********
 **   80 **FIX           12
 **********
 PARAMETER   12  IS CONSTANT.   IGNORED.
 **********
 **   81 **FIX           16
 **********
 **********
 **   82 **MIGRAD
 **********
 START MIGRAD MINIMIZATION.  STRATEGY  1.  CONVERGENCE WHEN EDM .LT. 1.00e-04
 FCN=17.0642 FROM MIGRAD    STATUS=INITIATE       16 CALLS        3845 TOTAL
                     EDM= unknown      STRATEGY= 1      NO ERROR MATRIX       
  EXT PARAMETER               CURRENT GUESS       STEP         FIRST   
  NO.   NAME      VALUE            ERROR          SIZE      DERIVATIVE 
   1  N0           2.85650e+06     fixed    
   2  tau          6.43983e+01   constant   
   3  A0           3.24247e-01     fixed    
   4  phi          4.09680e+00     fixed    
   5  R           -6.16270e+01   constant   
   6  alpha_CBO    1.32293e-02     fixed    
   7  w_CBO        2.32500e+00   constant   
   8  beta_CBO     2.27035e-02     fixed    
   9  alpha_2CBO   4.80073e-03     fixed    
  10  beta_2CBO   -4.73274e-03     fixed    
  11  alpha_y      6.67137e-04     fixed    
  12  w_y          1.44500e+01   constant   
  13  beta_y       6.82113e-04   2.64339e-04   2.64339e-04   1.57951e+03
  14  alpha_vw     0.00000e+00   1.00000e-03   1.00000e-03   7.25121e+03
  15  w_vw         1.29000e+01   constant   
  16  beta_vw      0.00000e+00     fixed    
  17  LM          -2.35969e-04   constant   
  18  zeta_y       0.00000e+00   constant   
  19  zeta_vw      0.00000e+00   constant   
  20  T_CBO        1.77662e+01   7.07972e-01   8.25337e-07  -3.53398e+00
  21  alpha_A0    -7.81303e-01   2.37049e-01   3.09065e-04   1.87701e-04
  22  beta_A0     -6.66129e-01   3.08482e-01   3.11671e-04  -2.39650e-03
  23  alpha_phi   -4.56158e+00   9.09091e-01   2.39915e-04   9.20052e-03
  24  beta_phi     8.49974e+00   1.68726e+00   2.80454e-04  -2.96912e-04
 MIGRAD MINIMIZATION HAS CONVERGED.
 MIGRAD WILL VERIFY CONVERGENCE AND ERROR MATRIX.
 FCN=15.8315 FROM HESSE     STATUS=NOT POSDEF     50 CALLS        3975 TOTAL
                     EDM=0.000316584    STRATEGY= 1      ERR MATRIX NOT POS-DEF
  EXT PARAMETER                APPROXIMATE        STEP         FIRST   
  NO.   NAME      VALUE            ERROR          SIZE      DERIVATIVE 
   1  N0           2.85650e+06     fixed    
   2  tau          6.43983e+01   constant   
   3  A0           3.24247e-01     fixed    
   4  phi          4.09680e+00     fixed    
   5  R           -6.16270e+01   constant   
   6  alpha_CBO    1.32293e-02     fixed    
   7  w_CBO        2.32500e+00   constant   
   8  beta_CBO     2.27035e-02     fixed    
   9  alpha_2CBO   4.80073e-03     fixed    
  10  beta_2CBO   -4.73274e-03     fixed    
  11  alpha_y      6.67137e-04     fixed    
  12  w_y          1.44500e+01   constant   
  13  beta_y       5.25436e-04   2.72247e-04   5.07928e-07   2.14362e+00
  14  alpha_vw    -3.05884e-04   2.79729e-04   5.16301e-07  -4.53458e-01
  15  w_vw         1.29000e+01   constant   
  16  beta_vw      0.00000e+00     fixed    
  17  LM          -2.35969e-04   constant   
