 + ++++++++++++++++++++++++++++++++++++++++++++++++++++++++++++++++++++ +
 +                                                                      +
 +           You have chose to blind your fitting according to          +
 +                omega_ref * (1 + (R +/- deltaR) *10^{-6})             +
 +                                                                      +
 + ++++++++++++++++++++++++++++++++++++++++++++++++++++++++++++++++++++ +
In main()...
reading format from /gm2data/zkhechad/run45/envelope/formats/formatB_sBin_constraintOn.txt
pBinTau 	= 0  
pBinPhi 	= 0  
constraintau 	= 1 
includeMopTerm 	= 0    
constrainMop    = 0   
Parameters after format file: pBinTau 0 pBinPhi 0 constraintau 1 includeMopTerm 0 constrainMop 0 c_e_scale 0.000000 
Opening file /gm2data/tbarrett/gm2fr/studies/run23_bunch_corrections/CorrectedFourier_Run3b.root.
reading full fit data from /gm2data/zkhechad/cboTemplates/Run4CBOTemplates/fullFits/noRF/sBin_constraintOn_cE0.0_seed0_noRF_calo14.root
windowBins = 69
fitting sliding window 280 from bin 416 at 61.918000 to bin 485 at 72.362000 (69 bins)

Reading data from /gm2data/cornell/histograms/aMethod/histogram_a_noRF.root
 **********
 **    1 **SET PRINTOUT            1
 **********
 **********
 **    2 **SET NOWARNINGS 
 **********
 PARAMETER DEFINITIONS:
    NO.   NAME         VALUE      STEP SIZE      LIMITS
     1 N0           3.41750e+06  1.00000e+02     no limits
     2 tau          6.44063e+01  constant
     3 A0           3.61912e-01  1.00000e-04     no limits
     4 phi          4.12132e+00  1.00000e-02     no limits
     5 R           -6.04192e+01  constant
     6 alpha_CBO    0.00000e+00  1.00000e-03     no limits
     7 w_CBO        2.32500e+00  constant
     8 beta_CBO     0.00000e+00  1.00000e-03     no limits
     9 alpha_2CBO   0.00000e+00  1.00000e-03     no limits
    10 beta_2CBO    0.00000e+00  1.00000e-03     no limits
    11 alpha_y      0.00000e+00  1.00000e-03     no limits
    12 w_y          1.38860e+01  constant
    13 beta_y       0.00000e+00  1.00000e-03     no limits
    14 alpha_vw     0.00000e+00  1.00000e-03     no limits
    15 w_vw         1.43404e+01  constant
    16 beta_vw      0.00000e+00  1.00000e-03     no limits
    17 LM           8.43198e-05  constant
    18 zeta_y       0.00000e+00  constant
    19 zeta_vw      0.00000e+00  constant
    20 T_CBO        1.00000e+02  1.00000e+00    0.00000e+00  1.00000e+03
    21 alpha_A0     0.00000e+00  1.00000e-03     no limits
    22 beta_A0      0.00000e+00  1.00000e-03     no limits
    23 alpha_phi    0.00000e+00  1.00000e-03     no limits
    24 beta_phi     0.00000e+00  1.00000e-03     no limits
MINUIT - FIT ONLY WIGGLE
 **********
 **    3 **FIX            5
 **********
 PARAMETER    5  IS CONSTANT.   IGNORED.
 **********
 **    4 **FIX            6
 **********
 **********
 **    5 **FIX            7
 **********
 PARAMETER    7  IS CONSTANT.   IGNORED.
 **********
 **    6 **FIX            8
 **********
 **********
 **    7 **FIX            9
 **********
 **********
 **    8 **FIX           10
 **********
 **********
 **    9 **FIX           11
 **********
 **********
 **   10 **FIX           12
 **********
 PARAMETER   12  IS CONSTANT.   IGNORED.
 **********
 **   11 **FIX           13
 **********
 **********
 **   12 **FIX           14
 **********
 **********
 **   13 **FIX           15
 **********
 PARAMETER   15  IS CONSTANT.   IGNORED.
 **********
 **   14 **FIX           16
 **********
 **********
 **   15 **MIGRAD
 **********
 FIRST CALL TO USER FUNCTION AT NEW START POINT, WITH IFLAG=4.
 START MIGRAD MINIMIZATION.  STRATEGY  1.  CONVERGENCE WHEN EDM .LT. 1.00e-04
 FCN=3771.38 FROM MIGRAD    STATUS=INITIATE      435 CALLS         436 TOTAL
                     EDM= unknown      STRATEGY= 1      NO ERROR MATRIX       
  EXT PARAMETER               CURRENT GUESS       STEP         FIRST   
  NO.   NAME      VALUE            ERROR          SIZE      DERIVATIVE 
   1  N0           3.41750e+06   1.00000e+02   0.00000e+00   3.87764e-02
   2  tau          6.44063e+01   constant   
   3  A0           3.61912e-01   1.00000e-04   0.00000e+00   1.18532e+05
   4  phi          4.12132e+00   1.00000e-02   0.00000e+00  -8.31465e+04
   5  R           -6.04192e+01   constant   
   6  alpha_CBO    0.00000e+00     fixed    
   7  w_CBO        2.32500e+00   constant   
   8  beta_CBO     0.00000e+00     fixed    
   9  alpha_2CBO   0.00000e+00     fixed    
  10  beta_2CBO    0.00000e+00     fixed    
  11  alpha_y      0.00000e+00     fixed    
  12  w_y          1.38860e+01   constant   
  13  beta_y       0.00000e+00     fixed    
  14  alpha_vw     0.00000e+00     fixed    
  15  w_vw         1.43404e+01   constant   
  16  beta_vw      0.00000e+00     fixed    
  17  LM           8.43198e-05   constant   
  18  zeta_y       0.00000e+00   constant   
  19  zeta_vw      0.00000e+00   constant   
  20  T_CBO        1.00000e+02   1.00000e+00   0.00000e+00   0.00000e+00
  21  alpha_A0     0.00000e+00   1.00000e-03   0.00000e+00   2.42173e+04
  22  beta_A0      0.00000e+00   1.00000e-03   0.00000e+00  -1.18522e+04
  23  alpha_phi    0.00000e+00   1.00000e-03   0.00000e+00   1.17488e+04
  24  beta_phi     0.00000e+00   1.00000e-03   0.00000e+00  -1.27393e+04
 CALL LIMIT EXCEEDED IN MIGRAD.
 MIGRAD TERMINATED WITHOUT CONVERGENCE.
 FCN=3438.07 FROM MIGRAD    STATUS=CALL LIMIT   1338 CALLS        1339 TOTAL
                     EDM=0.149024    STRATEGY= 1  ERROR MATRIX UNCERTAINTY  10.2 per cent
  EXT PARAMETER                APPROXIMATE        STEP         FIRST   
  NO.   NAME      VALUE            ERROR          SIZE      DERIVATIVE 
   1  N0           3.41731e+06   2.56594e+02   8.10721e+01   8.61239e-04
   2  tau          6.44063e+01   constant   
   3  A0           3.61349e-01   9.42764e-05   1.44836e-05  -2.68023e+02
   4  phi          4.12470e+00   2.74790e-04   6.59624e-05   6.29846e+02
   5  R           -6.04192e+01   constant   
   6  alpha_CBO    0.00000e+00     fixed    
   7  w_CBO        2.32500e+00   constant   
   8  beta_CBO     0.00000e+00     fixed    
   9  alpha_2CBO   0.00000e+00     fixed    
  10  beta_2CBO    0.00000e+00     fixed    
  11  alpha_y      0.00000e+00     fixed    
  12  w_y          1.38860e+01   constant   
  13  beta_y       0.00000e+00     fixed    
  14  alpha_vw     0.00000e+00     fixed    
  15  w_vw         1.43404e+01   constant   
  16  beta_vw      0.00000e+00     fixed    
  17  LM           8.43198e-05   constant   
  18  zeta_y       0.00000e+00   constant   
  19  zeta_vw      0.00000e+00   constant   
  20  T_CBO        1.62321e+01   1.81718e+00  -6.21705e-03  -2.58308e+02
  21  alpha_A0    -2.49277e-01   9.77679e-02  -4.10691e-02   2.35397e+01
  22  beta_A0      5.24694e-02   2.07236e-02   8.68820e-03   1.47044e+01
  23  alpha_phi   -6.22107e-02   2.14362e-02  -9.00453e-03   2.62293e+01
  24  beta_phi     1.55895e-01   5.73389e-02   2.41424e-02  -2.72068e+01
 EXTERNAL ERROR MATRIX.    NDIM=  25    NPAR=  8    ERR DEF=1
  6.584e+04  3.142e-03  1.595e-02 -4.976e+01 -4.653e+00  9.802e-01 -9.886e-01  2.750e+00 
  3.142e-03  8.888e-09 -1.952e-10 -3.290e-05 -1.880e-06  4.001e-07 -4.094e-07  1.091e-06 
  1.595e-02 -1.952e-10  7.551e-08 -6.086e-05 -4.978e-06  1.032e-06 -1.085e-06  2.939e-06 
 -4.976e+01 -3.290e-05 -6.086e-05  3.302e+00  1.747e-01 -3.703e-02  3.834e-02 -1.025e-01 
 -4.653e+00 -1.880e-06 -4.978e-06  1.747e-01  9.559e-03 -2.025e-03  2.095e-03 -5.605e-03 
  9.802e-01  4.001e-07  1.032e-06 -3.703e-02 -2.025e-03  4.295e-04 -4.438e-04  1.187e-03 
 -9.886e-01 -4.094e-07 -1.085e-06  3.834e-02  2.095e-03 -4.438e-04  4.595e-04 -1.228e-03 
  2.750e+00  1.091e-06  2.939e-06 -1.025e-01 -5.605e-03  1.187e-03 -1.228e-03  3.288e-03 
ERR MATRIX APPROXIMATE
 PARAMETER  CORRELATION COEFFICIENTS  
       NO.  GLOBAL      1      3      4     20     21     22     23     24
        1  0.50404   1.000  0.130  0.226 -0.107 -0.185  0.184 -0.180  0.187
        3  0.27772   0.130  1.000 -0.008 -0.192 -0.204  0.205 -0.203  0.202
        4  0.41778   0.226 -0.008  1.000 -0.122 -0.185  0.181 -0.184  0.187
       20  0.98823  -0.107 -0.192 -0.122  1.000  0.984 -0.983  0.984 -0.984
       21  0.99990  -0.185 -0.204 -0.185  0.984  1.000 -0.999  0.999 -1.000
       22  0.99948   0.184  0.205  0.181 -0.983 -0.999  1.000 -0.999  0.999
       23  0.99952  -0.180 -0.203 -0.184  0.984  0.999 -0.999  1.000 -0.999
       24  0.99990   0.187  0.202  0.187 -0.984 -1.000  0.999 -0.999  1.000
 ERR MATRIX APPROXIMATE
MINUIT - FIT ONLY 1-CBO + wiggle
 **********
 **   16 **RES 
 **********
                   PARAMETER   16  beta_vw RESTORED TO VARIABLE.
                   PARAMETER   14  alpha_vw RESTORED TO VARIABLE.
                   PARAMETER   13  beta_y RESTORED TO VARIABLE.
                   PARAMETER   11  alpha_y RESTORED TO VARIABLE.
                   PARAMETER   10  beta_2CBO RESTORED TO VARIABLE.
                   PARAMETER    9  alpha_2CBO RESTORED TO VARIABLE.
                   PARAMETER    8  beta_CBO RESTORED TO VARIABLE.
                   PARAMETER    6  alpha_CBO RESTORED TO VARIABLE.
 **********
 **   17 **FIX            8
 **********
 **********
 **   18 **FIX            9
 **********
 **********
 **   19 **FIX           11
 **********
 **********
 **   20 **FIX           12
 **********
 PARAMETER   12  IS CONSTANT.   IGNORED.
 **********
 **   21 **FIX           14
 **********
 **********
 **   22 **FIX           15
 **********
 PARAMETER   15  IS CONSTANT.   IGNORED.
 **********
 **   23 **FIX           16
 **********
 **********
 **   24 **MIGRAD
 **********
 START MIGRAD MINIMIZATION.  STRATEGY  1.  CONVERGENCE WHEN EDM .LT. 1.00e-04
 FCN=3438.07 FROM MIGRAD    STATUS=INITIATE       28 CALLS        1367 TOTAL
                     EDM= unknown      STRATEGY= 1      NO ERROR MATRIX       
  EXT PARAMETER               CURRENT GUESS       STEP         FIRST   
  NO.   NAME      VALUE            ERROR          SIZE      DERIVATIVE 
   1  N0           3.41731e+06   2.56594e+02   8.10721e+01   8.61239e-04
   2  tau          6.44063e+01   constant   
   3  A0           3.61349e-01   9.42764e-05   1.44836e-05  -2.68023e+02
   4  phi          4.12470e+00   2.74790e-04   6.59624e-05   6.29846e+02
   5  R           -6.04192e+01   constant   
   6  alpha_CBO    0.00000e+00   1.00000e-03   1.00000e-03  -9.56493e+05
   7  w_CBO        2.32500e+00   constant   
   8  beta_CBO     0.00000e+00     fixed    
   9  alpha_2CBO   0.00000e+00     fixed    
  10  beta_2CBO    0.00000e+00   1.00000e-03   1.00000e-03  -1.00380e+05
  11  alpha_y      0.00000e+00     fixed    
  12  w_y          1.38860e+01   constant   
  13  beta_y       0.00000e+00   1.00000e-03   1.00000e-03   1.69643e+05
  14  alpha_vw     0.00000e+00     fixed    
  15  w_vw         1.43404e+01   constant   
  16  beta_vw      0.00000e+00     fixed    
  17  LM           8.43198e-05   constant   
  18  zeta_y       0.00000e+00   constant   
  19  zeta_vw      0.00000e+00   constant   
  20  T_CBO        1.62321e+01   1.81718e+00  -6.21705e-03  -2.58310e+02
  21  alpha_A0    -2.49277e-01   9.77679e-02  -4.10691e-02   2.35397e+01
  22  beta_A0      5.24694e-02   2.07236e-02   8.68820e-03   1.47044e+01
  23  alpha_phi   -6.22107e-02   2.14362e-02  -9.00453e-03   2.62293e+01
  24  beta_phi     1.55895e-01   5.73389e-02   2.41424e-02  -2.72068e+01
 CALL LIMIT EXCEEDED IN MIGRAD.
 MIGRAD TERMINATED WITHOUT CONVERGENCE.
 FCN=946.882 FROM MIGRAD    STATUS=CALL LIMIT   1916 CALLS        3255 TOTAL
                     EDM=0.0288986    STRATEGY= 1  ERROR MATRIX UNCERTAINTY  11.5 per cent
  EXT PARAMETER                APPROXIMATE        STEP         FIRST   
  NO.   NAME      VALUE            ERROR          SIZE      DERIVATIVE 
   1  N0           3.41802e+06   2.48773e+02   7.80102e-01   3.11514e-04
   2  tau          6.44063e+01   constant   
   3  A0           3.62362e-01   9.36338e-05   1.04299e-06   4.97199e+02
   4  phi          4.12217e+00   2.63291e-04  -4.53830e-06  -3.58349e+02
   5  R           -6.04192e+01   constant   
   6  alpha_CBO    5.02846e-03   9.83467e-05   5.44751e-08  -4.14335e+02
   7  w_CBO        2.32500e+00   constant   
   8  beta_CBO     0.00000e+00     fixed    
   9  alpha_2CBO   0.00000e+00     fixed    
  10  beta_2CBO    4.20266e-04   9.74293e-05  -3.17444e-07   2.92524e+00
  11  alpha_y      0.00000e+00     fixed    
  12  w_y          1.38860e+01   constant   
  13  beta_y      -8.38992e-04   9.58622e-05   7.90376e-08   3.96161e+02
  14  alpha_vw     0.00000e+00     fixed    
  15  w_vw         1.43404e+01   constant   
  16  beta_vw      0.00000e+00     fixed    
  17  LM           8.43198e-05   constant   
  18  zeta_y       0.00000e+00   constant   
  19  zeta_vw      0.00000e+00   constant   
  20  T_CBO        5.59079e+00   4.34772e-01  -5.97858e-04  -3.13025e+02
  21  alpha_A0    -1.05547e+02   8.55899e+01  -8.54014e+00   4.83800e-02
  22  beta_A0      2.66556e+02   2.17602e+02   2.17120e+01  -5.75630e-03
  23  alpha_phi    1.25313e+02   1.01880e+02   1.01656e+01   3.62055e-03
  24  beta_phi     1.84251e+02   1.49641e+02   1.49314e+01   2.08113e-02
 EXTERNAL ERROR MATRIX.    NDIM=  25    NPAR= 11    ERR DEF=1
  6.189e+04 
  3.366e-03  8.767e-09 
  7.602e-03 -1.791e-09  6.932e-08 
  1.646e-03  1.765e-09 -3.913e-09  9.672e-09 
 -1.437e-03 -9.982e-11  7.564e-10 -9.524e-11  9.492e-09 
 -8.159e-05  1.211e-10  1.912e-10 -6.022e-11  2.727e-11  9.190e-09 
  1.972e+00 -2.798e-06  2.022e-05  9.994e-07  3.210e-07 -1.863e-06  1.890e-01 
 -4.639e+02 -7.888e-04  4.744e-03  2.065e-04  1.035e-04 -4.703e-04  3.701e+01  7.326e+03 
  1.170e+03  2.004e-03 -1.207e-02 -5.213e-04 -2.636e-04  1.198e-03 -9.409e+01 -1.862e+04  4.735e+04 
  5.505e+02  9.385e-04 -5.648e-03 -2.445e-04 -1.229e-04  5.603e-04 -4.405e+01 -8.720e+03  2.217e+04  1.038e+04 
  8.076e+02  1.378e-03 -8.295e-03 -3.590e-04 -1.803e-04  8.232e-04 -6.471e+01 -1.281e+04  3.256e+04  1.525e+04  2.239e+04 
ERR MATRIX APPROXIMATE
 PARAMETER  CORRELATION COEFFICIENTS  
       NO.  GLOBAL      1      3      4      6     10     13     20     21     22     23     24
        1  0.55951   1.000  0.145  0.116  0.067 -0.059 -0.003  0.018 -0.022  0.022  0.022  0.022
        3  0.39372   0.145  1.000 -0.073  0.192 -0.011  0.013 -0.069 -0.098  0.098  0.098  0.098
        4  0.51152   0.116 -0.073  1.000 -0.151  0.029  0.008  0.177  0.211 -0.211 -0.211 -0.211
        6  0.41339   0.067  0.192 -0.151  1.000 -0.010 -0.006  0.023  0.025 -0.024 -0.024 -0.024
       10  0.22228  -0.059 -0.011  0.029 -0.010  1.000  0.003  0.008  0.012 -0.012 -0.012 -0.012
       13  0.22668  -0.003  0.013  0.008 -0.006  0.003  1.000 -0.045 -0.057  0.057  0.057  0.057
       20  0.99666   0.018 -0.069  0.177  0.023  0.008 -0.045  1.000  0.995 -0.995 -0.995 -0.995
       21  1.00000  -0.022 -0.098  0.211  0.025  0.012 -0.057  0.995  1.000 -1.000 -1.000 -1.000
       22  1.00000   0.022  0.098 -0.211 -0.024 -0.012  0.057 -0.995 -1.000  1.000  1.000  1.000
       23  1.00000   0.022  0.098 -0.211 -0.024 -0.012  0.057 -0.995 -1.000  1.000  1.000  1.000
       24  1.00000   0.022  0.098 -0.211 -0.024 -0.012  0.057 -0.995 -1.000  1.000  1.000  1.000
 ERR MATRIX APPROXIMATE
MINUIT - FIT ONLY 2-CBO
 **********
 **   25 **RES 
 **********
                   PARAMETER   16  beta_vw RESTORED TO VARIABLE.
                   PARAMETER   14  alpha_vw RESTORED TO VARIABLE.
                   PARAMETER   11  alpha_y RESTORED TO VARIABLE.
                   PARAMETER    9  alpha_2CBO RESTORED TO VARIABLE.
                   PARAMETER    8  beta_CBO RESTORED TO VARIABLE.
 **********
 **   26 **FIX            0
 **********
 PARAMETER    0  IS UNDEFINED. IGNORED.
 **********
 **   27 **FIX            1
 **********
 **********
 **   28 **FIX            2
 **********
 PARAMETER    2  IS CONSTANT.   IGNORED.
 **********
 **   29 **FIX            3
 **********
 **********
 **   30 **FIX            4
 **********
 **********
 **   31 **FIX            5
 **********
 PARAMETER    5  IS CONSTANT.   IGNORED.
 **********
 **   32 **FIX            6
 **********
 **********
 **   33 **FIX            7
 **********
 PARAMETER    7  IS CONSTANT.   IGNORED.
 **********
 **   34 **FIX           10
 **********
 **********
 **   35 **FIX           11
 **********
 **********
 **   36 **FIX           12
 **********
 PARAMETER   12  IS CONSTANT.   IGNORED.
 **********
 **   37 **FIX           13
 **********
 **********
 **   38 **FIX           14
 **********
 **********
 **   39 **FIX           15
 **********
 PARAMETER   15  IS CONSTANT.   IGNORED.
 **********
 **   40 **FIX           16
 **********
 **********
 **   41 **MIGRAD
 **********
 START MIGRAD MINIMIZATION.  STRATEGY  1.  CONVERGENCE WHEN EDM .LT. 1.00e-04
 FCN=946.882 FROM MIGRAD    STATUS=INITIATE       18 CALLS        3273 TOTAL
                     EDM= unknown      STRATEGY= 1      NO ERROR MATRIX       
  EXT PARAMETER               CURRENT GUESS       STEP         FIRST   
  NO.   NAME      VALUE            ERROR          SIZE      DERIVATIVE 
   1  N0           3.41802e+06     fixed    
   2  tau          6.44063e+01   constant   
   3  A0           3.62362e-01     fixed    
   4  phi          4.12217e+00     fixed    
   5  R           -6.04192e+01   constant   
   6  alpha_CBO    5.02846e-03     fixed    
   7  w_CBO        2.32500e+00   constant   
   8  beta_CBO     0.00000e+00   1.00000e-03   1.00000e-03   5.47667e+05
   9  alpha_2CBO   0.00000e+00   1.00000e-03   1.00000e-03   3.02140e+04
  10  beta_2CBO    4.20266e-04     fixed    
  11  alpha_y      0.00000e+00     fixed    
  12  w_y          1.38860e+01   constant   
  13  beta_y      -8.38992e-04     fixed    
  14  alpha_vw     0.00000e+00     fixed    
  15  w_vw         1.43404e+01   constant   
  16  beta_vw      0.00000e+00     fixed    
  17  LM           8.43198e-05   constant   
  18  zeta_y       0.00000e+00   constant   
  19  zeta_vw      0.00000e+00   constant   
  20  T_CBO        5.59079e+00   4.34772e-01  -5.97858e-04  -3.13025e+02
  21  alpha_A0    -1.05547e+02   8.55899e+01  -8.54014e+00   4.83800e-02
  22  beta_A0      2.66556e+02   2.17602e+02   2.17120e+01  -5.75630e-03
  23  alpha_phi    1.25313e+02   1.01880e+02   1.01656e+01   3.62055e-03
  24  beta_phi     1.84251e+02   1.49641e+02   1.49314e+01   2.08113e-02
 CALL LIMIT EXCEEDED IN MIGRAD.
 MIGRAD TERMINATED WITHOUT CONVERGENCE.
 FCN=174.126 FROM MIGRAD    STATUS=CALL LIMIT   1151 CALLS        4406 TOTAL
                     EDM=0.050186    STRATEGY= 1  ERROR MATRIX UNCERTAINTY  31.2 per cent
  EXT PARAMETER                APPROXIMATE        STEP         FIRST   
  NO.   NAME      VALUE            ERROR          SIZE      DERIVATIVE 
   1  N0           3.41802e+06     fixed    
   2  tau          6.44063e+01   constant   
   3  A0           3.62362e-01     fixed    
   4  phi          4.12217e+00     fixed    
   5  R           -6.04192e+01   constant   
   6  alpha_CBO    5.02846e-03     fixed    
   7  w_CBO        2.32500e+00   constant   
   8  beta_CBO    -2.79791e-03   1.00131e-04   1.49339e-05   1.10315e+03
   9  alpha_2CBO  -2.04303e-04   9.80082e-05  -5.28829e-06  -4.06642e+02
  10  beta_2CBO    4.20266e-04     fixed    
  11  alpha_y      0.00000e+00     fixed    
  12  w_y          1.38860e+01   constant   
  13  beta_y      -8.38992e-04     fixed    
  14  alpha_vw     0.00000e+00     fixed    
  15  w_vw         1.43404e+01   constant   
  16  beta_vw      0.00000e+00     fixed    
  17  LM           8.43198e-05   constant   
  18  zeta_y       0.00000e+00   constant   
  19  zeta_vw      0.00000e+00   constant   
  20  T_CBO        3.08176e+00   1.47031e-01  -5.86093e-04  -7.26203e+02
  21  alpha_A0    -2.74783e+06   2.33215e+06  -4.82377e+05   1.31960e-06
  22  beta_A0      4.20246e+05   3.55602e+05   7.35556e+04   2.17221e-06
  23  alpha_phi    1.53403e+06   1.29845e+06   2.68576e+05  -3.28883e-08
  24  beta_phi     3.10583e+06   2.63529e+06   5.45081e+05   1.38431e-07
 EXTERNAL ERROR MATRIX.    NDIM=  25    NPAR=  7    ERR DEF=1
  1.003e-08  2.737e-10 -1.787e-06 -3.545e+01  5.405e+00  1.973e+01  4.005e+01 
  2.737e-10  9.606e-09  6.720e-07  1.385e+01 -2.111e+00 -7.706e+00 -1.565e+01 
 -1.787e-06  6.720e-07  2.162e-02  3.394e+05 -5.175e+04 -1.890e+05 -3.835e+05 
 -3.545e+01  1.385e+01  3.394e+05  5.439e+12 -8.293e+11 -3.028e+12 -6.146e+12 
  5.405e+00 -2.111e+00 -5.175e+04 -8.293e+11  1.265e+11  4.617e+11  9.371e+11 
  1.973e+01 -7.706e+00 -1.890e+05 -3.028e+12  4.617e+11  1.686e+12  3.422e+12 
  4.005e+01 -1.565e+01 -3.835e+05 -6.146e+12  9.371e+11  3.422e+12  6.945e+12 
ERR MATRIX APPROXIMATE
 PARAMETER  CORRELATION COEFFICIENTS  
       NO.  GLOBAL      8      9     20     21     22     23     24
        8  0.31725   1.000  0.028 -0.121 -0.152  0.152  0.152  0.152
        9  0.27412   0.028  1.000  0.047  0.061 -0.061 -0.061 -0.061
       20  0.99318  -0.121  0.047  1.000  0.990 -0.990 -0.990 -0.990
       21  1.00000  -0.152  0.061  0.990  1.000 -1.000 -1.000 -1.000
       22  1.00000   0.152 -0.061 -0.990 -1.000  1.000  1.000  1.000
       23  1.00000   0.152 -0.061 -0.990 -1.000  1.000  1.000  1.000
       24  1.00000   0.152 -0.061 -0.990 -1.000  1.000  1.000  1.000
 ERR MATRIX APPROXIMATE
MINUIT - FIT wiggle + 1-CBO + 2-CBO
 **********
 **   42 **RES 
 **********
                   PARAMETER   16  beta_vw RESTORED TO VARIABLE.
                   PARAMETER   14  alpha_vw RESTORED TO VARIABLE.
                   PARAMETER   13  beta_y RESTORED TO VARIABLE.
                   PARAMETER   11  alpha_y RESTORED TO VARIABLE.
                   PARAMETER   10  beta_2CBO RESTORED TO VARIABLE.
                   PARAMETER    6  alpha_CBO RESTORED TO VARIABLE.
                   PARAMETER    4  phi RESTORED TO VARIABLE.
                   PARAMETER    3  A0 RESTORED TO VARIABLE.
                   PARAMETER    1  N0 RESTORED TO VARIABLE.
 **********
 **   43 **FIX           10
 **********
 **********
 **   44 **FIX           11
 **********
 **********
 **   45 **FIX           12
 **********
 PARAMETER   12  IS CONSTANT.   IGNORED.
 **********
 **   46 **FIX           13
 **********
 **********
 **   47 **FIX           14
 **********
 **********
 **   48 **FIX           15
 **********
 PARAMETER   15  IS CONSTANT.   IGNORED.
 **********
 **   49 **FIX           16
 **********
 **********
 **   50 **MIGRAD
 **********
 START MIGRAD MINIMIZATION.  STRATEGY  1.  CONVERGENCE WHEN EDM .LT. 1.00e-04
 FCN=174.126 FROM MIGRAD    STATUS=INITIATE       22 CALLS        4428 TOTAL
                     EDM= unknown      STRATEGY= 1      NO ERROR MATRIX       
  EXT PARAMETER               CURRENT GUESS       STEP         FIRST   
  NO.   NAME      VALUE            ERROR          SIZE      DERIVATIVE 
   1  N0           3.41802e+06   2.48773e+02   2.48773e+02  -9.04276e-03
   2  tau          6.44063e+01   constant   
   3  A0           3.62362e-01   9.36338e-05   9.36338e-05   8.14105e+04
   4  phi          4.12217e+00   2.63291e-04   2.63291e-04   1.55804e+04
   5  R           -6.04192e+01   constant   
   6  alpha_CBO    5.02846e-03   9.83467e-05   9.83467e-05   2.18611e+03
   7  w_CBO        2.32500e+00   constant   
   8  beta_CBO    -2.79791e-03   1.00131e-04   1.49339e-05   1.10315e+03
   9  alpha_2CBO  -2.04303e-04   9.80082e-05  -5.28829e-06  -4.06642e+02
  10  beta_2CBO    4.20266e-04     fixed    
  11  alpha_y      0.00000e+00     fixed    
  12  w_y          1.38860e+01   constant   
  13  beta_y      -8.38992e-04     fixed    
  14  alpha_vw     0.00000e+00     fixed    
  15  w_vw         1.43404e+01   constant   
  16  beta_vw      0.00000e+00     fixed    
  17  LM           8.43198e-05   constant   
  18  zeta_y       0.00000e+00   constant   
  19  zeta_vw      0.00000e+00   constant   
  20  T_CBO        3.08176e+00   1.47031e-01  -5.86093e-04  -7.26202e+02
  21  alpha_A0    -2.74783e+06   2.33215e+06  -4.82377e+05   1.31960e-06
  22  beta_A0      4.20246e+05   3.55602e+05   7.35556e+04   2.17221e-06
  23  alpha_phi    1.53403e+06   1.29845e+06   2.68576e+05  -3.28883e-08
  24  beta_phi     3.10583e+06   2.63529e+06   5.45081e+05   1.38430e-07
 MIGRAD MINIMIZATION HAS CONVERGED.
 MIGRAD WILL VERIFY CONVERGENCE AND ERROR MATRIX.
 FCN=153.729 FROM HESSE     STATUS=NOT POSDEF    100 CALLS        4695 TOTAL
                     EDM=0.000883425    STRATEGY= 1      ERR MATRIX NOT POS-DEF
  EXT PARAMETER                APPROXIMATE        STEP         FIRST   
  NO.   NAME      VALUE            ERROR          SIZE      DERIVATIVE 
   1  N0           3.41802e+06   2.72192e+02   1.62984e+00  -1.06925e-06
   2  tau          6.44063e+01   constant   
   3  A0           3.61966e-01   1.02914e-04   5.51640e-07   1.13649e+00
   4  phi          4.12160e+00   3.03305e-04   1.96533e-06   4.33431e+00
   5  R           -6.04192e+01   constant   
   6  alpha_CBO    5.01300e-03   1.03695e-04   5.86328e-07  -3.90267e+01
   7  w_CBO        2.32500e+00   constant   
   8  beta_CBO    -2.89955e-03   1.03604e-04   5.99866e-07  -1.68982e+01
   9  alpha_2CBO  -2.11099e-04   1.02417e-04   5.93279e-07  -1.34299e+01
  10  beta_2CBO    4.20266e-04     fixed    
  11  alpha_y      0.00000e+00     fixed    
  12  w_y          1.38860e+01   constant   
  13  beta_y      -8.38992e-04     fixed    
  14  alpha_vw     0.00000e+00     fixed    
  15  w_vw         1.43404e+01   constant   
  16  beta_vw      0.00000e+00     fixed    
  17  LM           8.43198e-05   constant   
  18  zeta_y       0.00000e+00   constant   
  19  zeta_vw      0.00000e+00   constant   
  20  T_CBO        3.06286e+00   3.46636e-01   3.04779e-06   2.34580e+00
  21  alpha_A0    -2.21395e+06   5.49414e+06   3.51808e+01   6.27071e-09
  22  beta_A0      2.09203e+05   8.02003e+05   3.51807e+01  -2.35964e-09
  23  alpha_phi    1.84250e+06   4.39969e+06   3.51797e+01  -2.71104e-09
  24  beta_phi     3.00570e+06   7.20289e+06   3.51817e+01   3.68802e-10
 CALL LIMIT EXCEEDED IN MIGRAD.
 MIGRAD TERMINATED WITHOUT CONVERGENCE.
 FCN=153.558 FROM MIGRAD    STATUS=CALL LIMIT   1906 CALLS        6312 TOTAL
                     EDM=0.000976356    STRATEGY= 1      ERR MATRIX NOT POS-DEF
  EXT PARAMETER                APPROXIMATE        STEP         FIRST   
  NO.   NAME      VALUE            ERROR          SIZE      DERIVATIVE 
   1  N0           3.41806e+06   2.70254e+02  -6.02731e+00  -2.63088e-05
   2  tau          6.44063e+01   constant   
   3  A0           3.61984e-01   1.02317e-04  -1.18573e-06  -2.03873e+01
   4  phi          4.12160e+00   2.86508e-04   6.80342e-07   3.10703e+01
   5  R           -6.04192e+01   constant   
   6  alpha_CBO    5.00455e-03   1.01442e-04   1.53631e-06   1.32635e+02
   7  w_CBO        2.32500e+00   constant   
   8  beta_CBO    -2.90547e-03   1.05316e-04  -2.33663e-07  -1.47657e+01
   9  alpha_2CBO  -2.05560e-04   1.03295e-04   5.03174e-07   5.35356e+01
  10  beta_2CBO    4.20266e-04     fixed    
  11  alpha_y      0.00000e+00     fixed    
  12  w_y          1.38860e+01   constant   
  13  beta_y      -8.38992e-04     fixed    
  14  alpha_vw     0.00000e+00     fixed    
  15  w_vw         1.43404e+01   constant   
  16  beta_vw      0.00000e+00     fixed    
  17  LM           8.43198e-05   constant   
  18  zeta_y       0.00000e+00   constant   
  19  zeta_vw      0.00000e+00   constant   
  20  T_CBO        2.58482e+00   1.85435e-01  -2.39430e-05  -5.59588e+01
  21  alpha_A0    -1.16311e+08   1.87125e+08  -1.47650e+06   3.08448e-09
  22  beta_A0      5.24820e+06   1.03387e+07  -7.96533e+04  -6.40441e-10
  23  alpha_phi    9.01004e+07   1.54384e+08   1.26049e+06   1.75971e-09
  24  beta_phi     1.50164e+08   2.53697e+08   2.05649e+06   2.15238e-10
 EXTERNAL ERROR MATRIX.    NDIM=  25    NPAR= 11    ERR DEF=1
  7.304e+04 
  5.153e-03  1.047e-08 
  1.493e-02  3.411e-10  8.209e-08 
  1.322e-03  1.244e-09 -5.751e-09  1.029e-08 
  1.206e-04  2.217e-09  2.349e-09 -3.438e-10  1.109e-08 
 -5.348e-04  1.675e-10  2.194e-11  3.000e-10 -9.546e-11  1.067e-08 
  1.413e+01  4.280e-06 -8.820e-08 -3.806e-06  2.712e-06 -2.586e-06  3.439e-02 
  1.239e+10  3.794e+03 -1.344e+03 -3.945e+03  2.703e+03 -2.733e+03  3.449e+07  3.502e+16 
 -5.624e+07  2.221e+02 -7.339e+01 -5.488e+01  2.272e+02 -1.447e+02  6.868e+05  6.999e+14  1.069e+14 
 -9.896e+09 -3.269e+03  1.045e+03  3.245e+03 -2.383e+03  2.339e+03 -2.841e+07 -2.884e+16 -6.657e+14  2.383e+16 
 -1.638e+10 -5.329e+03  1.804e+03  5.333e+03 -3.867e+03  3.788e+03 -4.671e+07 -4.742e+16 -1.063e+15  3.916e+16  6.436e+16 
ERR MATRIX NOT POS-DEF
 PARAMETER  CORRELATION COEFFICIENTS  
       NO.  GLOBAL      1      3      4      6      8      9     20     21     22     23     24
        1  0.52322   1.000  0.186  0.193  0.048  0.004 -0.019  0.282  0.245 -0.020 -0.237 -0.239
        3  0.43545   0.186  1.000  0.012  0.120  0.206  0.016  0.226  0.198  0.210 -0.207 -0.205
        4  0.54793   0.193  0.012  1.000 -0.198  0.078  0.001 -0.002 -0.025 -0.025  0.024  0.025
        6  0.39140   0.048  0.120 -0.198  1.000 -0.032  0.029 -0.202 -0.208 -0.052  0.207  0.207
        8  0.34164   0.004  0.206  0.078 -0.032  1.000 -0.009  0.139  0.137  0.209 -0.147 -0.145
        9  0.31789  -0.019  0.016  0.001  0.029 -0.009  1.000 -0.135 -0.141 -0.135  0.147  0.145
       20  0.99550   0.282  0.226 -0.002 -0.202  0.139 -0.135  1.000  0.994  0.358 -0.992 -0.993
       21  0.99999   0.245  0.198 -0.025 -0.208  0.137 -0.141  0.994  1.000  0.362 -0.998 -0.999
       22  0.99782  -0.020  0.210 -0.025 -0.052  0.209 -0.135  0.358  0.362  1.000 -0.417 -0.405
       23  0.99999  -0.237 -0.207  0.024  0.207 -0.147  0.147 -0.992 -0.998 -0.417  1.000  1.000
       24  0.99999  -0.239 -0.205  0.025  0.207 -0.145  0.145 -0.993 -0.999 -0.405  1.000  1.000
 ERR MATRIX NOT POS-DEF
MINUIT - FIT ONLY 1-y
 **********
 **   51 **RES 
 **********
                   PARAMETER   16  beta_vw RESTORED TO VARIABLE.
                   PARAMETER   14  alpha_vw RESTORED TO VARIABLE.
                   PARAMETER   13  beta_y RESTORED TO VARIABLE.
                   PARAMETER   11  alpha_y RESTORED TO VARIABLE.
                   PARAMETER   10  beta_2CBO RESTORED TO VARIABLE.
 **********
 **   52 **FIX            0
 **********
 PARAMETER    0  IS UNDEFINED. IGNORED.
 **********
 **   53 **FIX            1
 **********
 **********
 **   54 **FIX            2
 **********
 PARAMETER    2  IS CONSTANT.   IGNORED.
 **********
 **   55 **FIX            3
 **********
 **********
 **   56 **FIX            4
 **********
 **********
 **   57 **FIX            5
 **********
 PARAMETER    5  IS CONSTANT.   IGNORED.
 **********
 **   58 **FIX            6
 **********
 **********
 **   59 **FIX            7
 **********
 PARAMETER    7  IS CONSTANT.   IGNORED.
 **********
 **   60 **FIX            8
 **********
 **********
 **   61 **FIX            9
 **********
 **********
 **   62 **FIX           13
 **********
 **********
 **   63 **FIX           14
 **********
 **********
 **   64 **FIX           15
 **********
 PARAMETER   15  IS CONSTANT.   IGNORED.
 **********
 **   65 **FIX           16
 **********
 **********
 **   66 **MIGRAD
 **********
 START MIGRAD MINIMIZATION.  STRATEGY  1.  CONVERGENCE WHEN EDM .LT. 1.00e-04
 FCN=153.558 FROM MIGRAD    STATUS=INITIATE       16 CALLS        6328 TOTAL
                     EDM= unknown      STRATEGY= 1      NO ERROR MATRIX       
  EXT PARAMETER               CURRENT GUESS       STEP         FIRST   
  NO.   NAME      VALUE            ERROR          SIZE      DERIVATIVE 
   1  N0           3.41806e+06     fixed    
   2  tau          6.44063e+01   constant   
   3  A0           3.61984e-01     fixed    
   4  phi          4.12160e+00     fixed    
   5  R           -6.04192e+01   constant   
   6  alpha_CBO    5.00455e-03     fixed    
   7  w_CBO        2.32500e+00   constant   
   8  beta_CBO    -2.90547e-03     fixed    
   9  alpha_2CBO  -2.05560e-04     fixed    
  10  beta_2CBO    4.20266e-04   9.74293e-05   9.74293e-05   3.64730e+04
  11  alpha_y      0.00000e+00   1.00000e-03   1.00000e-03  -4.11443e+04
  12  w_y          1.38860e+01   constant   
  13  beta_y      -8.38992e-04     fixed    
  14  alpha_vw     0.00000e+00     fixed    
  15  w_vw         1.43404e+01   constant   
  16  beta_vw      0.00000e+00     fixed    
  17  LM           8.43198e-05   constant   
  18  zeta_y       0.00000e+00   constant   
  19  zeta_vw      0.00000e+00   constant   
  20  T_CBO        2.58482e+00   1.85435e-01  -2.39430e-05  -5.59590e+01
  21  alpha_A0    -1.16311e+08   1.87125e+08  -1.47650e+06   3.08448e-09
  22  beta_A0      5.24820e+06   1.03387e+07  -7.96533e+04  -6.40440e-10
  23  alpha_phi    9.01004e+07   1.54384e+08   1.26049e+06   1.75971e-09
  24  beta_phi     1.50164e+08   2.53697e+08   2.05649e+06   2.15238e-10
 MIGRAD MINIMIZATION HAS CONVERGED.
 MIGRAD WILL VERIFY CONVERGENCE AND ERROR MATRIX.
 COVARIANCE MATRIX CALCULATED SUCCESSFULLY
 FCN=146.167 FROM MIGRAD    STATUS=CONVERGED     176 CALLS        6488 TOTAL
                     EDM=1.45997e-06    STRATEGY= 1      ERROR MATRIX ACCURATE 
  EXT PARAMETER                                   STEP         FIRST   
  NO.   NAME      VALUE            ERROR          SIZE      DERIVATIVE 
   1  N0           3.41806e+06     fixed    
   2  tau          6.44063e+01   constant   
   3  A0           3.61984e-01     fixed    
   4  phi          4.12160e+00     fixed    
   5  R           -6.04192e+01   constant   
   6  alpha_CBO    5.00455e-03     fixed    
   7  w_CBO        2.32500e+00   constant   
   8  beta_CBO    -2.90547e-03     fixed    
   9  alpha_2CBO  -2.05560e-04     fixed    
  10  beta_2CBO    2.33865e-04   9.78039e-05   5.78014e-07   7.09735e+00
  11  alpha_y      1.93322e-04   9.69922e-05   5.74463e-07  -8.82878e+00
  12  w_y          1.38860e+01   constant   
  13  beta_y      -8.38992e-04     fixed    
  14  alpha_vw     0.00000e+00     fixed    
  15  w_vw         1.43404e+01   constant   
  16  beta_vw      0.00000e+00     fixed    
  17  LM           8.43198e-05   constant   
  18  zeta_y       0.00000e+00   constant   
  19  zeta_vw      0.00000e+00   constant   
  20  T_CBO        2.58642e+00   2.00409e-02   2.31258e-06   3.19137e+00
  21  alpha_A0    -1.20409e+08   1.41421e+00   5.74154e+01   3.05791e-10
  22  beta_A0      1.06504e+07   1.41421e+00   3.43123e+01  -1.07943e-10
  23  alpha_phi    8.81042e+07   1.41421e+00   4.20113e+01  -5.28474e-11
  24  beta_phi     1.30419e+08   1.41421e+00   6.21885e+01  -4.56623e-11
 EXTERNAL ERROR MATRIX.    NDIM=  25    NPAR=  7    ERR DEF=1
  9.566e-09  1.162e-10  1.300e-07  1.498e-12 -4.005e-13  6.077e-13  1.008e-12 
  1.162e-10  9.407e-09 -1.598e-08  5.012e-14 -5.373e-14  4.824e-13 -2.747e-13 
  1.300e-07 -1.598e-08  4.016e-04  5.149e-10 -3.960e-10 -8.154e-10 -5.399e-10 
  1.498e-12  5.012e-14  5.149e-10  2.000e+00 -2.874e-14 -8.439e-15 -9.285e-15 
 -4.005e-13 -5.373e-14 -3.960e-10 -2.874e-14  2.000e+00 -1.121e-14 -6.825e-15 
  6.077e-13  4.824e-13 -8.154e-10 -8.439e-15 -1.121e-14  2.000e+00 -9.406e-15 
  1.008e-12 -2.747e-13 -5.399e-10 -9.285e-15 -6.825e-15 -9.406e-15  2.000e+00 
 PARAMETER  CORRELATION COEFFICIENTS  
       NO.  GLOBAL     10     11     20     21     22     23     24
       10  0.06755   1.000  0.012  0.066  0.000 -0.000  0.000  0.000
       11  0.01523   0.012  1.000 -0.008  0.000 -0.000  0.000 -0.000
       20  0.06694   0.066 -0.008  1.000  0.000 -0.000 -0.000 -0.000
       21  0.00000   0.000  0.000  0.000  1.000 -0.000 -0.000 -0.000
       22  0.00000  -0.000 -0.000 -0.000 -0.000  1.000 -0.000 -0.000
       23  0.00000   0.000  0.000 -0.000 -0.000 -0.000  1.000 -0.000
       24  0.00000   0.000 -0.000 -0.000 -0.000 -0.000 -0.000  1.000
MINUIT - FIT ONLY 2-y
 **********
 **   67 **RES 
 **********
                   PARAMETER   16  beta_vw RESTORED TO VARIABLE.
                   PARAMETER   14  alpha_vw RESTORED TO VARIABLE.
                   PARAMETER   13  beta_y RESTORED TO VARIABLE.
                   PARAMETER    9  alpha_2CBO RESTORED TO VARIABLE.
                   PARAMETER    8  beta_CBO RESTORED TO VARIABLE.
                   PARAMETER    6  alpha_CBO RESTORED TO VARIABLE.
                   PARAMETER    4  phi RESTORED TO VARIABLE.
                   PARAMETER    3  A0 RESTORED TO VARIABLE.
                   PARAMETER    1  N0 RESTORED TO VARIABLE.
 **********
 **   68 **FIX            0
 **********
 PARAMETER    0  IS UNDEFINED. IGNORED.
 **********
 **   69 **FIX            1
 **********
 **********
 **   70 **FIX            2
 **********
 PARAMETER    2  IS CONSTANT.   IGNORED.
 **********
 **   71 **FIX            3
 **********
 **********
 **   72 **FIX            4
 **********
 **********
 **   73 **FIX            5
 **********
 PARAMETER    5  IS CONSTANT.   IGNORED.
 **********
 **   74 **FIX            6
 **********
 **********
 **   75 **FIX            7
 **********
 PARAMETER    7  IS CONSTANT.   IGNORED.
 **********
 **   76 **FIX            8
 **********
 **********
 **   77 **FIX            9
 **********
 **********
 **   78 **FIX           10
 **********
 **********
 **   79 **FIX           11
 **********
 **********
 **   80 **FIX           12
 **********
 PARAMETER   12  IS CONSTANT.   IGNORED.
 **********
 **   81 **FIX           16
 **********
 **********
 **   82 **MIGRAD
 **********
 START MIGRAD MINIMIZATION.  STRATEGY  1.  CONVERGENCE WHEN EDM .LT. 1.00e-04
 FCN=146.167 FROM MIGRAD    STATUS=INITIATE       78 CALLS        6566 TOTAL
                     EDM= unknown      STRATEGY= 1      NO ERROR MATRIX       
  EXT PARAMETER               CURRENT GUESS       STEP         FIRST   
  NO.   NAME      VALUE            ERROR          SIZE      DERIVATIVE 
   1  N0           3.41806e+06     fixed    
   2  tau          6.44063e+01   constant   
   3  A0           3.61984e-01     fixed    
   4  phi          4.12160e+00     fixed    
   5  R           -6.04192e+01   constant   
   6  alpha_CBO    5.00455e-03     fixed    
   7  w_CBO        2.32500e+00   constant   
   8  beta_CBO    -2.90547e-03     fixed    
   9  alpha_2CBO  -2.05560e-04     fixed    
  10  beta_2CBO    2.33865e-04     fixed    
  11  alpha_y      1.93322e-04     fixed    
  12  w_y          1.38860e+01   constant   
  13  beta_y      -8.38992e-04   9.58622e-05   0.00000e+00   1.20135e+04
  14  alpha_vw     0.00000e+00   1.00000e-03   0.00000e+00   1.63386e+05
  15  w_vw         1.43404e+01   constant   
  16  beta_vw      0.00000e+00     fixed    
  17  LM           8.43198e-05   constant   
  18  zeta_y       0.00000e+00   constant   
  19  zeta_vw      0.00000e+00   constant   
  20  T_CBO        2.58642e+00   2.00409e-02   0.00000e+00   9.14149e+00
  21  alpha_A0    -1.20503e+08   1.41421e+00  -5.74601e+01   2.83425e-13
  22  beta_A0      1.06504e+07   1.41421e+00   0.00000e+00  -1.61090e-10
  23  alpha_phi    8.81042e+07   1.41421e+00   0.00000e+00  -2.55121e-10
  24  beta_phi     1.30419e+08   1.41421e+00   0.00000e+00  -9.96705e-11
 MIGRAD MINIMIZATION HAS CONVERGED.
 MIGRAD WILL VERIFY CONVERGENCE AND ERROR MATRIX.
 COVARIANCE MATRIX CALCULATED SUCCESSFULLY
 FCN=78.2982 FROM MIGRAD    STATUS=CONVERGED     223 CALLS        6711 TOTAL
                     EDM=8.56103e-07    STRATEGY= 1      ERROR MATRIX ACCURATE 
  EXT PARAMETER                                   STEP         FIRST   
  NO.   NAME      VALUE            ERROR          SIZE      DERIVATIVE 
   1  N0           3.41806e+06     fixed    
   2  tau          6.44063e+01   constant   
   3  A0           3.61984e-01     fixed    
   4  phi          4.12160e+00     fixed    
   5  R           -6.04192e+01   constant   
   6  alpha_CBO    5.00455e-03     fixed    
   7  w_CBO        2.32500e+00   constant   
   8  beta_CBO    -2.90547e-03     fixed    
   9  alpha_2CBO  -2.05560e-04     fixed    
  10  beta_2CBO    2.33865e-04     fixed    
  11  alpha_y      1.93322e-04     fixed    
  12  w_y          1.38860e+01   constant   
  13  beta_y      -6.37198e-04   1.03197e-04   4.27625e-07   2.14249e-01
