 + ++++++++++++++++++++++++++++++++++++++++++++++++++++++++++++++++++++ +
 +                                                                      +
 +           You have chose to blind your fitting according to          +
 +                omega_ref * (1 + (R +/- deltaR) *10^{-6})             +
 +                                                                      +
 + ++++++++++++++++++++++++++++++++++++++++++++++++++++++++++++++++++++ +
In main()...
reading format from /gm2data/zkhechad/run45/envelope/formats/formatB_sBin_constraintOn.txt
pBinTau 	= 0  
pBinPhi 	= 0  
constraintau 	= 1 
includeMopTerm 	= 0    
constrainMop    = 0   
Parameters after format file: pBinTau 0 pBinPhi 0 constraintau 1 includeMopTerm 0 constrainMop 0 c_e_scale 0.000000 
Opening file /gm2data/tbarrett/gm2fr/studies/run23_bunch_corrections/CorrectedFourier_Run3b.root.
reading full fit data from /gm2data/zkhechad/cboTemplates/Run4CBOTemplates/templateFits0_v2.0/noRF/sBin_constraintOn_cE0.0_seed0_noRF_calo2.root
windowBins = 69
fitting sliding window 540 from bin 676 at 100.710000 to bin 745 at 111.154000 (69 bins)

Reading data from /gm2data/cornell/histograms/aMethod/histogram_a_noRF.root
 **********
 **    1 **SET PRINTOUT            1
 **********
 **********
 **    2 **SET NOWARNINGS 
 **********
 PARAMETER DEFINITIONS:
    NO.   NAME         VALUE      STEP SIZE      LIMITS
     1 N0           3.21271e+06  1.00000e+02     no limits
     2 tau          6.44362e+01  constant
     3 A0           3.64394e-01  1.00000e-04     no limits
     4 phi          4.11820e+00  1.00000e-02     no limits
     5 R           -5.98416e+01  constant
     6 alpha_CBO    0.00000e+00  1.00000e-03     no limits
     7 w_CBO        2.32500e+00  constant
     8 beta_CBO     0.00000e+00  1.00000e-03     no limits
     9 alpha_2CBO   0.00000e+00  1.00000e-03     no limits
    10 beta_2CBO    0.00000e+00  1.00000e-03     no limits
    11 alpha_y      0.00000e+00  1.00000e-03     no limits
    12 w_y          1.44500e+01  constant
    13 beta_y       0.00000e+00  1.00000e-03     no limits
    14 alpha_vw     0.00000e+00  1.00000e-03     no limits
    15 w_vw         1.29000e+01  constant
    16 beta_vw      0.00000e+00  1.00000e-03     no limits
    17 LM           1.16794e-03  constant
    18 zeta_y       0.00000e+00  constant
    19 zeta_vw      0.00000e+00  constant
    20 T_CBO        1.00000e+02  1.00000e+00    0.00000e+00  1.00000e+03
    21 alpha_A0     0.00000e+00  1.00000e-03     no limits
    22 beta_A0      0.00000e+00  1.00000e-03     no limits
    23 alpha_phi    0.00000e+00  1.00000e-03     no limits
    24 beta_phi     0.00000e+00  1.00000e-03     no limits
MINUIT - FIT ONLY WIGGLE
 **********
 **    3 **FIX            5
 **********
 PARAMETER    5  IS CONSTANT.   IGNORED.
 **********
 **    4 **FIX            6
 **********
 **********
 **    5 **FIX            7
 **********
 PARAMETER    7  IS CONSTANT.   IGNORED.
 **********
 **    6 **FIX            8
 **********
 **********
 **    7 **FIX            9
 **********
 **********
 **    8 **FIX           10
 **********
 **********
 **    9 **FIX           11
 **********
 **********
 **   10 **FIX           12
 **********
 PARAMETER   12  IS CONSTANT.   IGNORED.
 **********
 **   11 **FIX           13
 **********
 **********
 **   12 **FIX           14
 **********
 **********
 **   13 **FIX           15
 **********
 PARAMETER   15  IS CONSTANT.   IGNORED.
 **********
 **   14 **FIX           16
 **********
 **********
 **   15 **MIGRAD
 **********
 FIRST CALL TO USER FUNCTION AT NEW START POINT, WITH IFLAG=4.
 START MIGRAD MINIMIZATION.  STRATEGY  1.  CONVERGENCE WHEN EDM .LT. 1.00e-04
 FCN=826.241 FROM MIGRAD    STATUS=INITIATE      429 CALLS         430 TOTAL
                     EDM= unknown      STRATEGY= 1      NO ERROR MATRIX       
  EXT PARAMETER               CURRENT GUESS       STEP         FIRST   
  NO.   NAME      VALUE            ERROR          SIZE      DERIVATIVE 
   1  N0           3.21271e+06   1.00000e+02   0.00000e+00   8.87155e-03
   2  tau          6.44362e+01   constant   
   3  A0           3.64394e-01   1.00000e-04   0.00000e+00   3.17320e+04
   4  phi          4.11820e+00   1.00000e-02   0.00000e+00  -3.26865e+04
   5  R           -5.98416e+01   constant   
   6  alpha_CBO    0.00000e+00     fixed    
   7  w_CBO        2.32500e+00   constant   
   8  beta_CBO     0.00000e+00     fixed    
   9  alpha_2CBO   0.00000e+00     fixed    
  10  beta_2CBO    0.00000e+00     fixed    
  11  alpha_y      0.00000e+00     fixed    
  12  w_y          1.44500e+01   constant   
  13  beta_y       0.00000e+00     fixed    
  14  alpha_vw     0.00000e+00     fixed    
  15  w_vw         1.29000e+01   constant   
  16  beta_vw      0.00000e+00     fixed    
  17  LM           1.16794e-03   constant   
  18  zeta_y       0.00000e+00   constant   
  19  zeta_vw      0.00000e+00   constant   
  20  T_CBO        1.00000e+02   1.00000e+00   0.00000e+00   0.00000e+00
  21  alpha_A0     0.00000e+00   1.00000e-03   0.00000e+00  -2.21718e+03
  22  beta_A0      0.00000e+00   1.00000e-03   0.00000e+00   5.43695e+02
  23  alpha_phi    0.00000e+00   1.00000e-03   0.00000e+00  -2.73202e+03
  24  beta_phi     0.00000e+00   1.00000e-03   0.00000e+00   8.37292e+03
 MIGRAD MINIMIZATION HAS CONVERGED.
 FCN=737.21 FROM MIGRAD    STATUS=CONVERGED    1064 CALLS        1065 TOTAL
                     EDM=2.28118e-06    STRATEGY= 1  ERROR MATRIX UNCERTAINTY   0.7 per cent
  EXT PARAMETER                                   STEP         FIRST   
  NO.   NAME      VALUE            ERROR          SIZE      DERIVATIVE 
   1  N0           3.21247e+06   3.00571e+02   5.47452e-01  -1.01182e-06
   2  tau          6.44362e+01   constant   
   3  A0           3.64082e-01   1.17293e-04  -4.00879e-07  -3.30396e+00
   4  phi          4.12059e+00   3.68324e-04   6.60998e-07  -1.41886e+00
   5  R           -5.98416e+01   constant   
   6  alpha_CBO    0.00000e+00     fixed    
   7  w_CBO        2.32500e+00   constant   
   8  beta_CBO     0.00000e+00     fixed    
   9  alpha_2CBO   0.00000e+00     fixed    
  10  beta_2CBO    0.00000e+00     fixed    
  11  alpha_y      0.00000e+00     fixed    
  12  w_y          1.44500e+01   constant   
  13  beta_y       0.00000e+00     fixed    
  14  alpha_vw     0.00000e+00     fixed    
  15  w_vw         1.29000e+01   constant   
  16  beta_vw      0.00000e+00     fixed    
  17  LM           1.16794e-03   constant   
  18  zeta_y       0.00000e+00   constant   
  19  zeta_vw      0.00000e+00   constant   
  20  T_CBO        9.99984e+02   7.14165e+02   2.28638e-02  -3.16678e-04
  21  alpha_A0     1.71814e-03   6.58924e-04   1.03347e-06   1.14251e+00
  22  beta_A0      7.13144e-04   6.16654e-04  -1.23507e-06  -2.57025e+00
  23  alpha_phi    5.84300e-04   5.04244e-04   1.47644e-06   4.31278e-01
  24  beta_phi    -3.43642e-03   6.53091e-04  -1.70259e-06  -1.10361e-01
 EXTERNAL ERROR MATRIX.    NDIM=  25    NPAR=  8    ERR DEF=1
  9.034e+04  3.615e-03  7.800e-03  2.878e+02  2.216e-02 -2.394e-02 -2.428e-02 -8.666e-03 
  3.615e-03  1.376e-08 -2.805e-09 -3.165e-04  2.736e-09 -8.944e-09  5.146e-09  1.006e-09 
  7.800e-03 -2.805e-09  1.357e-07  4.614e-04  2.433e-08  3.102e-08 -1.002e-08 -1.569e-08 
  2.878e+02 -3.165e-04  4.614e-04  9.427e+02 -3.541e-03 -1.977e-03 -2.434e-04  6.368e-03 
  2.216e-02  2.736e-09  2.433e-08 -3.541e-03  4.342e-07 -9.696e-10 -2.319e-08 -8.667e-08 
 -2.394e-02 -8.944e-09  3.102e-08 -1.977e-03 -9.696e-10  3.803e-07 -7.119e-09 -8.343e-08 
 -2.428e-02  5.146e-09 -1.002e-08 -2.434e-04 -2.319e-08 -7.119e-09  2.543e-07  9.454e-10 
 -8.666e-03  1.006e-09 -1.569e-08  6.368e-03 -8.667e-08 -8.343e-08  9.454e-10  4.265e-07 
 PARAMETER  CORRELATION COEFFICIENTS  
       NO.  GLOBAL      1      3      4     20     21     22     23     24
        1  0.27241   1.000  0.103  0.070  0.031  0.112 -0.129 -0.160 -0.044
        3  0.21570   0.103  1.000 -0.065 -0.088  0.035 -0.124  0.087  0.013
        4  0.21074   0.070 -0.065  1.000  0.041  0.100  0.137 -0.054 -0.065
       20  0.36456   0.031 -0.088  0.041  1.000 -0.175 -0.104 -0.016  0.318
       21  0.28189   0.112  0.035  0.100 -0.175  1.000 -0.002 -0.070 -0.201
       22  0.30855  -0.129 -0.124  0.137 -0.104 -0.002  1.000 -0.023 -0.207
       23  0.20449  -0.160  0.087 -0.054 -0.016 -0.070 -0.023  1.000  0.003
       24  0.40014  -0.044  0.013 -0.065  0.318 -0.201 -0.207  0.003  1.000
MINUIT - FIT ONLY 1-CBO + wiggle
 **********
 **   16 **RES 
 **********
                   PARAMETER   16  beta_vw RESTORED TO VARIABLE.
                   PARAMETER   14  alpha_vw RESTORED TO VARIABLE.
                   PARAMETER   13  beta_y RESTORED TO VARIABLE.
                   PARAMETER   11  alpha_y RESTORED TO VARIABLE.
                   PARAMETER   10  beta_2CBO RESTORED TO VARIABLE.
                   PARAMETER    9  alpha_2CBO RESTORED TO VARIABLE.
                   PARAMETER    8  beta_CBO RESTORED TO VARIABLE.
                   PARAMETER    6  alpha_CBO RESTORED TO VARIABLE.
 **********
 **   17 **FIX            8
 **********
 **********
 **   18 **FIX            9
 **********
 **********
 **   19 **FIX           11
 **********
 **********
 **   20 **FIX           12
 **********
 PARAMETER   12  IS CONSTANT.   IGNORED.
 **********
 **   21 **FIX           14
 **********
 **********
 **   22 **FIX           15
 **********
 PARAMETER   15  IS CONSTANT.   IGNORED.
 **********
 **   23 **FIX           16
 **********
 **********
 **   24 **MIGRAD
 **********
 START MIGRAD MINIMIZATION.  STRATEGY  1.  CONVERGENCE WHEN EDM .LT. 1.00e-04
 FCN=737.21 FROM MIGRAD    STATUS=INITIATE       28 CALLS        1093 TOTAL
                     EDM= unknown      STRATEGY= 1      NO ERROR MATRIX       
  EXT PARAMETER               CURRENT GUESS       STEP         FIRST   
  NO.   NAME      VALUE            ERROR          SIZE      DERIVATIVE 
   1  N0           3.21247e+06   3.00571e+02   5.47452e-01  -1.01182e-06
   2  tau          6.44362e+01   constant   
   3  A0           3.64082e-01   1.17293e-04  -4.00879e-07  -3.30395e+00
   4  phi          4.12059e+00   3.68324e-04   6.60998e-07  -1.41886e+00
   5  R           -5.98416e+01   constant   
   6  alpha_CBO    0.00000e+00   1.00000e-03   1.00000e-03   3.30897e+05
   7  w_CBO        2.32500e+00   constant   
   8  beta_CBO     0.00000e+00     fixed    
   9  alpha_2CBO   0.00000e+00     fixed    
  10  beta_2CBO    0.00000e+00   1.00000e-03   1.00000e-03  -3.66167e+03
  11  alpha_y      0.00000e+00     fixed    
  12  w_y          1.44500e+01   constant   
  13  beta_y       0.00000e+00   1.00000e-03   1.00000e-03  -4.27696e+04
  14  alpha_vw     0.00000e+00     fixed    
  15  w_vw         1.29000e+01   constant   
  16  beta_vw      0.00000e+00     fixed    
  17  LM           1.16794e-03   constant   
  18  zeta_y       0.00000e+00   constant   
  19  zeta_vw      0.00000e+00   constant   
  20  T_CBO        9.99984e+02   7.14165e+02   2.28638e-02  -3.17386e-04
  21  alpha_A0     1.71814e-03   6.58924e-04   1.03347e-06   1.14248e+00
  22  beta_A0      7.13144e-04   6.16654e-04  -1.23507e-06  -2.57022e+00
  23  alpha_phi    5.84300e-04   5.04244e-04   1.47644e-06   4.31277e-01
  24  beta_phi    -3.43642e-03   6.53091e-04  -1.70259e-06  -1.10360e-01
 MIGRAD MINIMIZATION HAS CONVERGED.
 FCN=180.913 FROM MIGRAD    STATUS=CONVERGED     199 CALLS        1264 TOTAL
                     EDM=3.71764e-07    STRATEGY= 1  ERROR MATRIX UNCERTAINTY   3.2 per cent
  EXT PARAMETER                                   STEP         FIRST   
  NO.   NAME      VALUE            ERROR          SIZE      DERIVATIVE 
   1  N0           3.21276e+06   3.12856e+02  -3.70490e-01   2.32538e-06
   2  tau          6.44362e+01   constant   
   3  A0           3.64632e-01   1.22924e-04  -2.90591e-07  -1.62218e+00
   4  phi          4.11926e+00   3.68241e-04   3.64225e-09   1.40586e+00
   5  R           -5.98416e+01   constant   
   6  alpha_CBO   -3.31361e-03   1.41556e-04  -1.23861e-08  -3.70797e-01
   7  w_CBO        2.32500e+00   constant   
   8  beta_CBO     0.00000e+00     fixed    
   9  alpha_2CBO   0.00000e+00     fixed    
  10  beta_2CBO   -3.89363e-05   1.36980e-04   4.84325e-08  -9.66605e-01
  11  alpha_y      0.00000e+00     fixed    
  12  w_y          1.44500e+01   constant   
  13  beta_y       3.77167e-04   1.34322e-04  -1.21985e-07  -5.42869e-01
  14  alpha_vw     0.00000e+00     fixed    
  15  w_vw         1.29000e+01   constant   
  16  beta_vw      0.00000e+00     fixed    
  17  LM           1.16794e-03   constant   
  18  zeta_y       0.00000e+00   constant   
  19  zeta_vw      0.00000e+00   constant   
  20  T_CBO        1.00000e+03   5.83736e+02   4.38503e-03** at limit **
  21  alpha_A0    -4.06835e-04   5.86739e-04  -7.97020e-07   6.46534e-01
  22  beta_A0      1.78998e-04   5.68840e-04   5.17114e-07   3.41649e-01
  23  alpha_phi   -1.53896e-03   4.92850e-04  -3.20381e-07  -9.25991e-01
  24  beta_phi    -2.66802e-03   5.45890e-04   4.70196e-07   4.42455e-01
 EXTERNAL ERROR MATRIX.    NDIM=  25    NPAR= 11    ERR DEF=1
  9.788e+04 
  8.641e-03  1.511e-08 
  4.664e-03 -2.528e-09  1.356e-07 
 -1.599e-03 -3.353e-09  8.246e-09  2.004e-08 
  7.462e-04 -9.186e-10  1.430e-09  4.450e-10  1.876e-08 
  1.202e-03 -2.517e-10  1.744e-09  4.989e-11 -4.008e-11  1.804e-08 
  1.961e+01  5.819e-06 -1.573e-05  1.031e-06  1.698e-05  7.493e-06  1.266e+01 
  1.128e-02 -2.017e-09  2.212e-08  1.296e-08 -6.117e-09  1.732e-09  1.483e-05  3.443e-07 
 -2.937e-02 -6.807e-09  2.471e-08  3.464e-09  7.500e-09  1.490e-09  6.014e-05  2.150e-08  3.236e-07 
 -1.414e-02  5.573e-10  6.121e-09  1.263e-08 -6.073e-09 -1.395e-09 -2.128e-05  4.317e-09 -1.501e-08  2.429e-07 
 -1.328e-02  4.188e-09 -1.695e-08 -4.965e-09 -1.200e-08 -1.209e-09 -7.908e-05 -4.372e-08 -3.261e-08  1.710e-08  2.980e-07 
 PARAMETER  CORRELATION COEFFICIENTS  
       NO.  GLOBAL      1      3      4      6     10     13     20     21     22     23     24
        1  0.31867   1.000  0.225  0.040 -0.036  0.017  0.029  0.018  0.061 -0.165 -0.092 -0.078
        3  0.31160   0.225  1.000 -0.056 -0.193 -0.055 -0.015  0.013 -0.028 -0.097  0.009  0.062
        4  0.22635   0.040 -0.056  1.000  0.158  0.028  0.035 -0.012  0.102  0.118  0.034 -0.084
        6  0.33300  -0.036 -0.193  0.158  1.000  0.023  0.003  0.002  0.156  0.043  0.181 -0.064
       10  0.22883   0.017 -0.055  0.028  0.023  1.000 -0.002  0.035 -0.076  0.096 -0.090 -0.160
       13  0.06037   0.029 -0.015  0.035  0.003 -0.002  1.000  0.016  0.022  0.020 -0.021 -0.016
       20  0.06521   0.018  0.013 -0.012  0.002  0.035  0.016  1.000  0.007  0.030 -0.012 -0.041
       21  0.24926   0.061 -0.028  0.102  0.156 -0.076  0.022  0.007  1.000  0.064  0.015 -0.136
       22  0.26568  -0.165 -0.097  0.118  0.043  0.096  0.020  0.030  0.064  1.000 -0.054 -0.105
       23  0.24348  -0.092  0.009  0.034  0.181 -0.090 -0.021 -0.012  0.015 -0.054  1.000  0.064
       24  0.26524  -0.078  0.062 -0.084 -0.064 -0.160 -0.016 -0.041 -0.136 -0.105  0.064  1.000
MINUIT - FIT ONLY 2-CBO
 **********
 **   25 **RES 
 **********
                   PARAMETER   16  beta_vw RESTORED TO VARIABLE.
                   PARAMETER   14  alpha_vw RESTORED TO VARIABLE.
                   PARAMETER   11  alpha_y RESTORED TO VARIABLE.
                   PARAMETER    9  alpha_2CBO RESTORED TO VARIABLE.
                   PARAMETER    8  beta_CBO RESTORED TO VARIABLE.
 **********
 **   26 **FIX            0
 **********
 PARAMETER    0  IS UNDEFINED. IGNORED.
 **********
 **   27 **FIX            1
 **********
 **********
 **   28 **FIX            2
 **********
 PARAMETER    2  IS CONSTANT.   IGNORED.
 **********
 **   29 **FIX            3
 **********
 **********
 **   30 **FIX            4
 **********
 **********
 **   31 **FIX            5
 **********
 PARAMETER    5  IS CONSTANT.   IGNORED.
 **********
 **   32 **FIX            6
 **********
 **********
 **   33 **FIX            7
 **********
 PARAMETER    7  IS CONSTANT.   IGNORED.
 **********
 **   34 **FIX           10
 **********
 **********
 **   35 **FIX           11
 **********
 **********
 **   36 **FIX           12
 **********
 PARAMETER   12  IS CONSTANT.   IGNORED.
 **********
 **   37 **FIX           13
 **********
 **********
 **   38 **FIX           14
 **********
 **********
 **   39 **FIX           15
 **********
 PARAMETER   15  IS CONSTANT.   IGNORED.
 **********
 **   40 **FIX           16
 **********
 **********
 **   41 **MIGRAD
 **********
 START MIGRAD MINIMIZATION.  STRATEGY  1.  CONVERGENCE WHEN EDM .LT. 1.00e-04
 FCN=180.913 FROM MIGRAD    STATUS=INITIATE       18 CALLS        1282 TOTAL
                     EDM= unknown      STRATEGY= 1      NO ERROR MATRIX       
  EXT PARAMETER               CURRENT GUESS       STEP         FIRST   
  NO.   NAME      VALUE            ERROR          SIZE      DERIVATIVE 
   1  N0           3.21276e+06     fixed    
   2  tau          6.44362e+01   constant   
   3  A0           3.64632e-01     fixed    
   4  phi          4.11926e+00     fixed    
   5  R           -5.98416e+01   constant   
   6  alpha_CBO   -3.31361e-03     fixed    
   7  w_CBO        2.32500e+00   constant   
   8  beta_CBO     0.00000e+00   1.00000e-03   1.00000e-03  -1.57472e+05
   9  alpha_2CBO   0.00000e+00   1.00000e-03   1.00000e-03  -1.02763e+03
  10  beta_2CBO   -3.89363e-05     fixed    
  11  alpha_y      0.00000e+00     fixed    
  12  w_y          1.44500e+01   constant   
  13  beta_y       3.77167e-04     fixed    
  14  alpha_vw     0.00000e+00     fixed    
  15  w_vw         1.29000e+01   constant   
  16  beta_vw      0.00000e+00     fixed    
  17  LM           1.16794e-03   constant   
  18  zeta_y       0.00000e+00   constant   
  19  zeta_vw      0.00000e+00   constant   
  20  T_CBO        1.00000e+03   5.83736e+02   4.38503e-03** at limit **
  21  alpha_A0    -4.06835e-04   5.86739e-04  -7.97020e-07   6.46538e-01
  22  beta_A0      1.78998e-04   5.68840e-04   5.17114e-07   3.41660e-01
  23  alpha_phi   -1.53896e-03   4.92850e-04  -3.20381e-07  -9.25992e-01
  24  beta_phi    -2.66802e-03   5.45890e-04   4.70196e-07   4.42456e-01
 MIGRAD MINIMIZATION HAS CONVERGED.
 MIGRAD WILL VERIFY CONVERGENCE AND ERROR MATRIX.
 COVARIANCE MATRIX CALCULATED SUCCESSFULLY
 FCN=60.2704 FROM MIGRAD    STATUS=CONVERGED     129 CALLS        1393 TOTAL
                     EDM=1.24467e-05    STRATEGY= 1      ERROR MATRIX ACCURATE 
  EXT PARAMETER                                   STEP         FIRST   
  NO.   NAME      VALUE            ERROR          SIZE      DERIVATIVE 
   1  N0           3.21276e+06     fixed    
   2  tau          6.44362e+01   constant   
   3  A0           3.64632e-01     fixed    
   4  phi          4.11926e+00     fixed    
   5  R           -5.98416e+01   constant   
   6  alpha_CBO   -3.31361e-03     fixed    
   7  w_CBO        2.32500e+00   constant   
   8  beta_CBO     1.53221e-03   1.39494e-04   5.21118e-07  -3.15626e-02
   9  alpha_2CBO  -6.84312e-06   1.37304e-04   5.13835e-07   6.74020e+00
  10  beta_2CBO   -3.89363e-05     fixed    
  11  alpha_y      0.00000e+00     fixed    
  12  w_y          1.44500e+01   constant   
  13  beta_y       3.77167e-04     fixed    
  14  alpha_vw     0.00000e+00     fixed    
  15  w_vw         1.29000e+01   constant   
  16  beta_vw      0.00000e+00     fixed    
  17  LM           1.16794e-03   constant   
  18  zeta_y       0.00000e+00   constant   
  19  zeta_vw      0.00000e+00   constant   
  20  T_CBO        1.00000e+03   9.99309e+02   3.52201e-02** at limit **
  21  alpha_A0    -4.45123e-04   5.78606e-04   2.18269e-06   3.57314e+00
  22  beta_A0      5.54663e-04   5.60459e-04   2.09632e-06   9.08805e-02
  23  alpha_phi   -1.70799e-03   4.90553e-04   1.85047e-06  -8.38076e+00
  24  beta_phi    -1.51894e-03   5.41387e-04   2.00954e-06  -1.03602e+00
 EXTERNAL ERROR MATRIX.    NDIM=  25    NPAR=  7    ERR DEF=1
  1.946e-08 -2.128e-10  4.510e-09 -5.372e-10  4.665e-09 -2.083e-09  1.457e-08 
 -2.128e-10  1.885e-08  3.548e-09  8.196e-09  1.038e-08 -8.301e-09  2.160e-09 
  4.510e-09  3.548e-09  4.842e-02 -7.758e-07  1.099e-06 -3.254e-06 -2.901e-06 
 -5.372e-10  8.196e-09 -7.758e-07  3.348e-07  2.864e-08 -1.390e-08 -3.000e-08 
  4.665e-09  1.038e-08  1.099e-06  2.864e-08  3.141e-07 -2.862e-08 -2.419e-08 
 -2.083e-09 -8.301e-09 -3.254e-06 -1.390e-08 -2.862e-08  2.406e-07  5.991e-09 
  1.457e-08  2.160e-09 -2.901e-06 -3.000e-08 -2.419e-08  5.991e-09  2.931e-07 
 PARAMETER  CORRELATION COEFFICIENTS  
       NO.  GLOBAL      8      9     20     21     22     23     24
        8  0.21127   1.000 -0.011  0.000 -0.007  0.060 -0.030  0.193
        9  0.20319  -0.011  1.000  0.000  0.103  0.135 -0.123  0.029
       20  0.04010   0.000  0.000  1.000 -0.006  0.009 -0.030 -0.024
       21  0.16076  -0.007  0.103 -0.006  1.000  0.088 -0.049 -0.096
       22  0.20562   0.060  0.135  0.009  0.088  1.000 -0.104 -0.080
       23  0.16096  -0.030 -0.123 -0.030 -0.049 -0.104  1.000  0.023
       24  0.23840   0.193  0.029 -0.024 -0.096 -0.080  0.023  1.000
MINUIT - FIT wiggle + 1-CBO + 2-CBO
 **********
 **   42 **RES 
 **********
                   PARAMETER   16  beta_vw RESTORED TO VARIABLE.
                   PARAMETER   14  alpha_vw RESTORED TO VARIABLE.
                   PARAMETER   13  beta_y RESTORED TO VARIABLE.
                   PARAMETER   11  alpha_y RESTORED TO VARIABLE.
                   PARAMETER   10  beta_2CBO RESTORED TO VARIABLE.
                   PARAMETER    6  alpha_CBO RESTORED TO VARIABLE.
                   PARAMETER    4  phi RESTORED TO VARIABLE.
                   PARAMETER    3  A0 RESTORED TO VARIABLE.
                   PARAMETER    1  N0 RESTORED TO VARIABLE.
 **********
 **   43 **FIX           10
 **********
 **********
 **   44 **FIX           11
 **********
 **********
 **   45 **FIX           12
 **********
 PARAMETER   12  IS CONSTANT.   IGNORED.
 **********
 **   46 **FIX           13
 **********
 **********
 **   47 **FIX           14
 **********
 **********
 **   48 **FIX           15
 **********
 PARAMETER   15  IS CONSTANT.   IGNORED.
 **********
 **   49 **FIX           16
 **********
 **********
 **   50 **MIGRAD
 **********
 START MIGRAD MINIMIZATION.  STRATEGY  1.  CONVERGENCE WHEN EDM .LT. 1.00e-04
 FCN=60.2704 FROM MIGRAD    STATUS=INITIATE       22 CALLS        1415 TOTAL
                     EDM= unknown      STRATEGY= 1      NO ERROR MATRIX       
  EXT PARAMETER               CURRENT GUESS       STEP         FIRST   
  NO.   NAME      VALUE            ERROR          SIZE      DERIVATIVE 
   1  N0           3.21276e+06   3.12856e+02   3.12856e+02  -1.67164e-03
   2  tau          6.44362e+01   constant   
   3  A0           3.64632e-01   1.22924e-04   1.22924e-04   1.26461e+04
   4  phi          4.11926e+00   3.68241e-04   3.68241e-04   1.17751e+04
   5  R           -5.98416e+01   constant   
   6  alpha_CBO   -3.31361e-03   1.41556e-04   1.41556e-04  -2.63849e+03
   7  w_CBO        2.32500e+00   constant   
   8  beta_CBO     1.53221e-03   1.39494e-04   5.21118e-07  -3.21368e-02
   9  alpha_2CBO  -6.84312e-06   1.37304e-04   5.13835e-07   6.74062e+00
  10  beta_2CBO   -3.89363e-05     fixed    
  11  alpha_y      0.00000e+00     fixed    
  12  w_y          1.44500e+01   constant   
  13  beta_y       3.77167e-04     fixed    
  14  alpha_vw     0.00000e+00     fixed    
  15  w_vw         1.29000e+01   constant   
  16  beta_vw      0.00000e+00     fixed    
  17  LM           1.16794e-03   constant   
  18  zeta_y       0.00000e+00   constant   
  19  zeta_vw      0.00000e+00   constant   
  20  T_CBO        9.99999e+02   9.99309e+02   3.52201e-02  -4.48356e-05
  21  alpha_A0    -4.45123e-04   5.78606e-04   2.18269e-06   3.57368e+00
  22  beta_A0      5.54663e-04   5.60459e-04   2.09632e-06   9.07155e-02
  23  alpha_phi   -1.70799e-03   4.90553e-04   1.85047e-06  -8.37935e+00
  24  beta_phi    -1.51894e-03   5.41387e-04   2.00954e-06  -1.03496e+00
 MIGRAD MINIMIZATION HAS CONVERGED.
 MIGRAD WILL VERIFY CONVERGENCE AND ERROR MATRIX.
 COVARIANCE MATRIX CALCULATED SUCCESSFULLY
 FCN=55.1372 FROM MIGRAD    STATUS=CONVERGED     243 CALLS        1636 TOTAL
                     EDM=9.50943e-06    STRATEGY= 1      ERROR MATRIX ACCURATE 
  EXT PARAMETER                                   STEP         FIRST   
  NO.   NAME      VALUE            ERROR          SIZE      DERIVATIVE 
   1  N0           3.21273e+06   3.27400e+02   1.53195e+00  -5.20783e-06
   2  tau          6.44362e+01   constant   
   3  A0           3.64557e-01   1.22546e-04   4.27513e-07  -1.09088e+01
   4  phi          4.11846e+00   3.77189e-04   1.96384e-06   7.48401e-01
   5  R           -5.98416e+01   constant   
   6  alpha_CBO   -3.31500e-03   1.41551e-04   4.88382e-07   1.33293e+00
   7  w_CBO        2.32500e+00   constant   
   8  beta_CBO     1.59760e-03   1.42455e-04   4.98803e-07   1.76981e-01
   9  alpha_2CBO  -2.71359e-05   1.37732e-04   4.91825e-07   1.98112e+01
  10  beta_2CBO   -3.89363e-05     fixed    
  11  alpha_y      0.00000e+00     fixed    
  12  w_y          1.44500e+01   constant   
  13  beta_y       3.77167e-04     fixed    
  14  alpha_vw     0.00000e+00     fixed    
  15  w_vw         1.29000e+01   constant   
  16  beta_vw      0.00000e+00     fixed    
  17  LM           1.16794e-03   constant   
  18  zeta_y       0.00000e+00   constant   
  19  zeta_vw      0.00000e+00   constant   
  20  T_CBO        1.00000e+03   8.75804e+02   3.92950e-02** at limit **
  21  alpha_A0    -6.32014e-04   5.98293e-04   2.08939e-06   1.81971e-01
  22  beta_A0      4.33450e-04   5.73491e-04   2.00657e-06   4.09769e-01
  23  alpha_phi   -1.68970e-03   5.08053e-04   1.77169e-06   4.57396e+00
  24  beta_phi    -1.39495e-03   5.48006e-04   1.92407e-06   1.90796e-01
 EXTERNAL ERROR MATRIX.    NDIM=  25    NPAR= 11    ERR DEF=1
  1.072e+05 
  7.723e-03  1.502e-08 
  1.183e-02 -3.188e-09  1.423e-07 
 -1.647e-03 -3.323e-09  8.069e-09  2.004e-08 
 -4.368e-04 -9.451e-10 -1.016e-08 -1.421e-11  2.029e-08 
 -7.277e-04 -1.208e-10  3.356e-09 -5.501e-10 -4.716e-10  1.897e-08 
  3.916e-04  3.255e-10 -2.163e-09  5.129e-11  5.412e-10  2.185e-10  2.306e-04 
  2.587e-02 -2.836e-09  4.120e-08  1.284e-08 -2.922e-09  8.526e-09 -1.006e-07  3.580e-07 
 -2.897e-02 -7.326e-09  2.492e-08  2.947e-09  3.187e-09  1.125e-08  7.226e-08  3.025e-08  3.289e-07 
 -2.720e-02  1.495e-09 -5.379e-09  1.298e-08 -1.858e-09 -8.708e-09 -2.780e-07 -1.453e-08 -2.286e-08  2.581e-07 
 -1.301e-02  2.468e-09 -2.657e-08 -4.739e-09  1.616e-08  1.758e-09 -2.271e-07 -4.219e-08 -2.628e-08  8.383e-09  3.003e-07 
 PARAMETER  CORRELATION COEFFICIENTS  
       NO.  GLOBAL      1      3      4      6      8      9     20     21     22     23     24
        1  0.35185   1.000  0.192  0.096 -0.036 -0.009 -0.016  0.000  0.132 -0.154 -0.164 -0.073
        3  0.30117   0.192  1.000 -0.069 -0.192 -0.054 -0.007  0.000 -0.039 -0.104  0.024  0.037
        4  0.33191   0.096 -0.069  1.000  0.151 -0.189  0.065 -0.000  0.183  0.115 -0.028 -0.129
        6  0.33255  -0.036 -0.192  0.151  1.000 -0.001 -0.028  0.000  0.152  0.036  0.181 -0.061
        8  0.28977  -0.009 -0.054 -0.189 -0.001  1.000 -0.024  0.000 -0.034  0.039 -0.026  0.207
        9  0.21746  -0.016 -0.007  0.065 -0.028 -0.024  1.000  0.000  0.103  0.142 -0.124  0.023
       20  0.04900   0.000  0.000 -0.000  0.000  0.000  0.000  1.000 -0.011  0.008 -0.036 -0.027
       21  0.29798   0.132 -0.039  0.183  0.152 -0.034  0.103 -0.011  1.000  0.088 -0.048 -0.129
       22  0.29211  -0.154 -0.104  0.115  0.036  0.039  0.142  0.008  0.088  1.000 -0.078 -0.084
       23  0.30235  -0.164  0.024 -0.028  0.181 -0.026 -0.124 -0.036 -0.048 -0.078  1.000  0.030
       24  0.28099  -0.073  0.037 -0.129 -0.061  0.207  0.023 -0.027 -0.129 -0.084  0.030  1.000
MINUIT - FIT ONLY 1-y
 **********
 **   51 **RES 
 **********
                   PARAMETER   16  beta_vw RESTORED TO VARIABLE.
                   PARAMETER   14  alpha_vw RESTORED TO VARIABLE.
                   PARAMETER   13  beta_y RESTORED TO VARIABLE.
                   PARAMETER   11  alpha_y RESTORED TO VARIABLE.
                   PARAMETER   10  beta_2CBO RESTORED TO VARIABLE.
 **********
 **   52 **FIX            0
 **********
 PARAMETER    0  IS UNDEFINED. IGNORED.
 **********
 **   53 **FIX            1
 **********
 **********
 **   54 **FIX            2
 **********
 PARAMETER    2  IS CONSTANT.   IGNORED.
 **********
 **   55 **FIX            3
 **********
 **********
 **   56 **FIX            4
 **********
 **********
 **   57 **FIX            5
 **********
 PARAMETER    5  IS CONSTANT.   IGNORED.
 **********
 **   58 **FIX            6
 **********
 **********
 **   59 **FIX            7
 **********
 PARAMETER    7  IS CONSTANT.   IGNORED.
 **********
 **   60 **FIX            8
 **********
 **********
 **   61 **FIX            9
 **********
 **********
 **   62 **FIX           13
 **********
 **********
 **   63 **FIX           14
 **********
 **********
 **   64 **FIX           15
 **********
 PARAMETER   15  IS CONSTANT.   IGNORED.
 **********
 **   65 **FIX           16
 **********
 **********
 **   66 **MIGRAD
 **********
 START MIGRAD MINIMIZATION.  STRATEGY  1.  CONVERGENCE WHEN EDM .LT. 1.00e-04
 FCN=55.1372 FROM MIGRAD    STATUS=INITIATE       16 CALLS        1652 TOTAL
                     EDM= unknown      STRATEGY= 1      NO ERROR MATRIX       
  EXT PARAMETER               CURRENT GUESS       STEP         FIRST   
  NO.   NAME      VALUE            ERROR          SIZE      DERIVATIVE 
   1  N0           3.21273e+06     fixed    
   2  tau          6.44362e+01   constant   
   3  A0           3.64557e-01     fixed    
   4  phi          4.11846e+00     fixed    
   5  R           -5.98416e+01   constant   
   6  alpha_CBO   -3.31500e-03     fixed    
   7  w_CBO        2.32500e+00   constant   
   8  beta_CBO     1.59760e-03     fixed    
   9  alpha_2CBO  -2.71359e-05     fixed    
  10  beta_2CBO   -3.89363e-05   1.36980e-04   1.36980e-04  -4.87143e+02
  11  alpha_y      0.00000e+00   1.00000e-03   1.00000e-03  -3.89352e+04
  12  w_y          1.44500e+01   constant   
  13  beta_y       3.77167e-04     fixed    
  14  alpha_vw     0.00000e+00     fixed    
  15  w_vw         1.29000e+01   constant   
  16  beta_vw      0.00000e+00     fixed    
  17  LM           1.16794e-03   constant   
  18  zeta_y       0.00000e+00   constant   
  19  zeta_vw      0.00000e+00   constant   
  20  T_CBO        9.99999e+02   8.75804e+02   3.92950e-02  -3.58167e-05
  21  alpha_A0    -6.32014e-04   5.98293e-04   2.08939e-06   1.82398e-01
  22  beta_A0      4.33450e-04   5.73491e-04   2.00657e-06   4.09646e-01
  23  alpha_phi   -1.68970e-03   5.08053e-04   1.77169e-06   4.57538e+00
  24  beta_phi    -1.39495e-03   5.48006e-04   1.92407e-06   1.91784e-01
 MIGRAD MINIMIZATION HAS CONVERGED.
 MIGRAD WILL VERIFY CONVERGENCE AND ERROR MATRIX.
 COVARIANCE MATRIX CALCULATED SUCCESSFULLY
 FCN=48.1584 FROM MIGRAD    STATUS=CONVERGED     117 CALLS        1753 TOTAL
                     EDM=3.96093e-06    STRATEGY= 1      ERROR MATRIX ACCURATE 
  EXT PARAMETER                                   STEP         FIRST   
  NO.   NAME      VALUE            ERROR          SIZE      DERIVATIVE 
   1  N0           3.21273e+06     fixed    
   2  tau          6.44362e+01   constant   
   3  A0           3.64557e-01     fixed    
   4  phi          4.11846e+00     fixed    
   5  R           -5.98416e+01   constant   
   6  alpha_CBO   -3.31500e-03     fixed    
   7  w_CBO        2.32500e+00   constant   
   8  beta_CBO     1.59760e-03     fixed    
   9  alpha_2CBO  -2.71359e-05     fixed    
  10  beta_2CBO   -3.93272e-05   1.38718e-04   4.63408e-07   5.95248e-01
  11  alpha_y      3.58495e-04   1.35713e-04   4.64406e-07   4.85676e-01
  12  w_y          1.44500e+01   constant   
  13  beta_y       3.77167e-04     fixed    
  14  alpha_vw     0.00000e+00     fixed    
  15  w_vw         1.29000e+01   constant   
  16  beta_vw      0.00000e+00     fixed    
  17  LM           1.16794e-03   constant   
  18  zeta_y       0.00000e+00   constant   
  19  zeta_vw      0.00000e+00   constant   
  20  T_CBO        1.00000e+03   8.24154e+02   3.50311e-02** at limit **
  21  alpha_A0    -6.00676e-04   5.79469e-04   1.95520e-06  -2.86388e-01
  22  beta_A0      4.36199e-04   5.56631e-04   1.87768e-06   3.19121e+00
  23  alpha_phi   -1.69832e-03   4.87313e-04   1.65791e-06  -3.64370e+00
  24  beta_phi    -1.37638e-03   5.37334e-04   1.80048e-06  -1.44123e+00
 EXTERNAL ERROR MATRIX.    NDIM=  25    NPAR=  7    ERR DEF=1
  1.924e-08 -2.627e-10 -6.821e-12 -9.198e-09  7.179e-09 -3.247e-09 -1.131e-08 
 -2.627e-10  1.842e-08 -3.915e-13  1.727e-09  2.024e-11 -3.529e-10  1.110e-09 
 -6.821e-12 -3.915e-13  4.779e-07 -3.951e-09  3.018e-09 -1.159e-08 -9.308e-09 
 -9.198e-09  1.727e-09 -3.951e-09  3.358e-07  2.070e-08 -8.674e-09 -2.508e-08 
  7.179e-09  2.024e-11  3.018e-09  2.070e-08  3.098e-07 -2.473e-08 -3.298e-08 
 -3.247e-09 -3.529e-10 -1.159e-08 -8.674e-09 -2.473e-08  2.375e-07  1.051e-08 
 -1.131e-08  1.110e-09 -9.308e-09 -2.508e-08 -3.298e-08  1.051e-08  2.887e-07 
 PARAMETER  CORRELATION COEFFICIENTS  
       NO.  GLOBAL     10     11     20     21     22     23     24
       10  0.21866   1.000 -0.014 -0.000 -0.114  0.093 -0.048 -0.152
       11  0.02976  -0.014  1.000 -0.000  0.022  0.000 -0.005  0.015
       20  0.04441  -0.000 -0.000  1.000 -0.010  0.008 -0.034 -0.025
       21  0.16922  -0.114  0.022 -0.010  1.000  0.064 -0.031 -0.081
       22  0.17060   0.093  0.000  0.008  0.064  1.000 -0.091 -0.110
       23  0.11149  -0.048 -0.005 -0.034 -0.031 -0.091  1.000  0.040
       24  0.20501  -0.152  0.015 -0.025 -0.081 -0.110  0.040  1.000
MINUIT - FIT ONLY 2-y
 **********
 **   67 **RES 
 **********
                   PARAMETER   16  beta_vw RESTORED TO VARIABLE.
                   PARAMETER   14  alpha_vw RESTORED TO VARIABLE.
                   PARAMETER   13  beta_y RESTORED TO VARIABLE.
                   PARAMETER    9  alpha_2CBO RESTORED TO VARIABLE.
                   PARAMETER    8  beta_CBO RESTORED TO VARIABLE.
                   PARAMETER    6  alpha_CBO RESTORED TO VARIABLE.
                   PARAMETER    4  phi RESTORED TO VARIABLE.
                   PARAMETER    3  A0 RESTORED TO VARIABLE.
                   PARAMETER    1  N0 RESTORED TO VARIABLE.
 **********
 **   68 **FIX            0
 **********
 PARAMETER    0  IS UNDEFINED. IGNORED.
 **********
 **   69 **FIX            1
 **********
 **********
 **   70 **FIX            2
 **********
 PARAMETER    2  IS CONSTANT.   IGNORED.
 **********
 **   71 **FIX            3
 **********
 **********
 **   72 **FIX            4
 **********
 **********
 **   73 **FIX            5
 **********
 PARAMETER    5  IS CONSTANT.   IGNORED.
 **********
 **   74 **FIX            6
 **********
 **********
 **   75 **FIX            7
 **********
 PARAMETER    7  IS CONSTANT.   IGNORED.
 **********
 **   76 **FIX            8
 **********
 **********
 **   77 **FIX            9
 **********
 **********
 **   78 **FIX           10
 **********
 **********
 **   79 **FIX           11
 **********
 **********
 **   80 **FIX           12
 **********
 PARAMETER   12  IS CONSTANT.   IGNORED.
 **********
 **   81 **FIX           16
 **********
 **********
 **   82 **MIGRAD
 **********
 START MIGRAD MINIMIZATION.  STRATEGY  1.  CONVERGENCE WHEN EDM .LT. 1.00e-04
 FCN=48.1584 FROM MIGRAD    STATUS=INITIATE       16 CALLS        1769 TOTAL
                     EDM= unknown      STRATEGY= 1      NO ERROR MATRIX       
  EXT PARAMETER               CURRENT GUESS       STEP         FIRST   
  NO.   NAME      VALUE            ERROR          SIZE      DERIVATIVE 
   1  N0           3.21273e+06     fixed    
   2  tau          6.44362e+01   constant   
   3  A0           3.64557e-01     fixed    
   4  phi          4.11846e+00     fixed    
   5  R           -5.98416e+01   constant   
   6  alpha_CBO   -3.31500e-03     fixed    
   7  w_CBO        2.32500e+00   constant   
   8  beta_CBO     1.59760e-03     fixed    
   9  alpha_2CBO  -2.71359e-05     fixed    
  10  beta_2CBO   -3.93272e-05     fixed    
  11  alpha_y      3.58495e-04     fixed    
  12  w_y          1.44500e+01   constant   
  13  beta_y       3.77167e-04   1.34322e-04   1.34322e-04  -2.25598e+02
  14  alpha_vw     0.00000e+00   1.00000e-03   1.00000e-03  -5.58179e+03
  15  w_vw         1.29000e+01   constant   
  16  beta_vw      0.00000e+00     fixed    
  17  LM           1.16794e-03   constant   
  18  zeta_y       0.00000e+00   constant   
  19  zeta_vw      0.00000e+00   constant   
  20  T_CBO        9.99999e+02   8.24154e+02   3.50311e-02  -3.43097e-05
  21  alpha_A0    -6.00676e-04   5.79469e-04   1.95520e-06  -2.85975e-01
  22  beta_A0      4.36199e-04   5.56631e-04   1.87768e-06   3.19116e+00
  23  alpha_phi   -1.69832e-03   4.87313e-04   1.65791e-06  -3.64228e+00
  24  beta_phi    -1.37638e-03   5.37334e-04   1.80048e-06  -1.44025e+00
 MIGRAD MINIMIZATION HAS CONVERGED.
 MIGRAD WILL VERIFY CONVERGENCE AND ERROR MATRIX.
 COVARIANCE MATRIX CALCULATED SUCCESSFULLY
 FCN=48.0155 FROM MIGRAD    STATUS=CONVERGED     115 CALLS        1868 TOTAL
                     EDM=3.13593e-09    STRATEGY= 1      ERROR MATRIX ACCURATE 
  EXT PARAMETER                                   STEP         FIRST   
  NO.   NAME      VALUE            ERROR          SIZE      DERIVATIVE 
   1  N0           3.21273e+06     fixed    
   2  tau          6.44362e+01   constant   
   3  A0           3.64557e-01     fixed    
   4  phi          4.11846e+00     fixed    
   5  R           -5.98416e+01   constant   
   6  alpha_CBO   -3.31500e-03     fixed    
   7  w_CBO        2.32500e+00   constant   
   8  beta_CBO     1.59760e-03     fixed    
   9  alpha_2CBO  -2.71359e-05     fixed    
  10  beta_2CBO   -3.93272e-05     fixed    
  11  alpha_y      3.58495e-04     fixed    
  12  w_y          1.44500e+01   constant   
  13  beta_y       3.76228e-04   1.34441e-04   4.58644e-07  -7.88655e-02
  14  alpha_vw     5.12109e-05   1.35611e-04   4.62488e-07   7.69777e-02
  15  w_vw         1.29000e+01   constant   
  16  beta_vw      0.00000e+00     fixed    
  17  LM           1.16794e-03   constant   
  18  zeta_y       0.00000e+00   constant   
  19  zeta_vw      0.00000e+00   constant   
  20  T_CBO        1.00000e+03   8.69598e+02   3.64308e-02** at limit **
  21  alpha_A0    -6.03969e-04   5.75618e-04   1.95235e-06  -9.63429e-02
  22  beta_A0      4.30707e-04   5.54474e-04   1.87495e-06   1.06344e-01
  23  alpha_phi   -1.69742e-03   4.86758e-04   1.65550e-06   1.30179e-02
  24  beta_phi    -1.37038e-03   5.31412e-04   1.79786e-06  -7.19682e-03
 EXTERNAL ERROR MATRIX.    NDIM=  25    NPAR=  7    ERR DEF=1
  1.807e-08 -1.065e-09  2.383e-11  5.203e-10  1.460e-09 -2.384e-10 -1.574e-09 
 -1.065e-09  1.839e-08 -4.360e-11 -1.184e-09 -1.835e-09  1.617e-10  2.119e-09 
  2.383e-11 -4.360e-11  6.275e-05 -4.653e-08  3.485e-08 -1.354e-07 -1.084e-07 
  5.203e-10 -1.184e-09 -4.653e-08  3.313e-07  2.428e-08 -1.020e-08 -3.074e-08 
  1.460e-09 -1.835e-09  3.485e-08  2.428e-08  3.074e-07 -2.355e-08 -2.909e-08 
 -2.384e-10  1.617e-10 -1.354e-07 -1.020e-08 -2.355e-08  2.369e-07  8.669e-09 
 -1.574e-09  2.119e-09 -1.084e-07 -3.074e-08 -2.909e-08  8.669e-09  2.824e-07 
 PARAMETER  CORRELATION COEFFICIENTS  
       NO.  GLOBAL     13     14     20     21     22     23     24
       13  0.06405   1.000 -0.058  0.000  0.007  0.020 -0.004 -0.022
       14  0.06888  -0.058  1.000 -0.000 -0.015 -0.024  0.002  0.029
       20  0.04524   0.000 -0.000  1.000 -0.010  0.008 -0.035 -0.026
       21  0.12490   0.007 -0.015 -0.010  1.000  0.076 -0.036 -0.101
       22  0.14679   0.020 -0.024  0.008  0.076  1.000 -0.087 -0.099
       23  0.10088  -0.004  0.002 -0.035 -0.036 -0.087  1.000  0.034
       24  0.14340  -0.022  0.029 -0.026 -0.101 -0.099  0.034  1.000
MINUIT - FIT ALTOGETHER
 **********
 **   83 **RES 
 **********
