 + ++++++++++++++++++++++++++++++++++++++++++++++++++++++++++++++++++++ +
 +                                                                      +
 +           You have chose to blind your fitting according to          +
 +                omega_ref * (1 + (R +/- deltaR) *10^{-6})             +
 +                                                                      +
 + ++++++++++++++++++++++++++++++++++++++++++++++++++++++++++++++++++++ +
In main()...
reading format from /gm2data/zkhechad/run45/envelope/formats/formatB_sBin_constraintOn.txt
pBinTau 	= 0  
pBinPhi 	= 0  
constraintau 	= 1 
includeMopTerm 	= 0    
constrainMop    = 0   
Parameters after format file: pBinTau 0 pBinPhi 0 constraintau 1 includeMopTerm 0 constrainMop 0 c_e_scale 0.000000 
Opening file /gm2data/tbarrett/gm2fr/studies/run23_bunch_corrections/CorrectedFourier_Run3b.root.
reading full fit data from /gm2data/zkhechad/cboTemplates/Run4CBOTemplates/fullFits/noRF/sBin_constraintOn_cE0.0_seed0_noRF_calo10.root
windowBins = 69
fitting sliding window 2310 from bin 2446 at 364.794000 to bin 2515 at 375.238000 (69 bins)

Reading data from /gm2data/cornell/histograms/aMethod/histogram_a_noRF.root
 **********
 **    1 **SET PRINTOUT            1
 **********
 **********
 **    2 **SET NOWARNINGS 
 **********
 PARAMETER DEFINITIONS:
    NO.   NAME         VALUE      STEP SIZE      LIMITS
     1 N0           3.07359e+06  1.00000e+02     no limits
     2 tau          6.44052e+01  constant
     3 A0           3.48563e-01  1.00000e-04     no limits
     4 phi          4.11545e+00  1.00000e-02     no limits
     5 R           -6.12271e+01  constant
     6 alpha_CBO    0.00000e+00  1.00000e-03     no limits
     7 w_CBO        2.32500e+00  constant
     8 beta_CBO     0.00000e+00  1.00000e-03     no limits
     9 alpha_2CBO   0.00000e+00  1.00000e-03     no limits
    10 beta_2CBO    0.00000e+00  1.00000e-03     no limits
    11 alpha_y      0.00000e+00  1.00000e-03     no limits
    12 w_y          1.38860e+01  constant
    13 beta_y       0.00000e+00  1.00000e-03     no limits
    14 alpha_vw     0.00000e+00  1.00000e-03     no limits
    15 w_vw         1.43404e+01  constant
    16 beta_vw      0.00000e+00  1.00000e-03     no limits
    17 LM           5.13638e-05  constant
    18 zeta_y       0.00000e+00  constant
    19 zeta_vw      0.00000e+00  constant
    20 T_CBO        1.00000e+02  1.00000e+00    0.00000e+00  1.00000e+03
    21 alpha_A0     0.00000e+00  1.00000e-03     no limits
    22 beta_A0      0.00000e+00  1.00000e-03     no limits
    23 alpha_phi    0.00000e+00  1.00000e-03     no limits
    24 beta_phi     0.00000e+00  1.00000e-03     no limits
MINUIT - FIT ONLY WIGGLE
 **********
 **    3 **FIX            5
 **********
 PARAMETER    5  IS CONSTANT.   IGNORED.
 **********
 **    4 **FIX            6
 **********
 **********
 **    5 **FIX            7
 **********
 PARAMETER    7  IS CONSTANT.   IGNORED.
 **********
 **    6 **FIX            8
 **********
 **********
 **    7 **FIX            9
 **********
 **********
 **    8 **FIX           10
 **********
 **********
 **    9 **FIX           11
 **********
 **********
 **   10 **FIX           12
 **********
 PARAMETER   12  IS CONSTANT.   IGNORED.
 **********
 **   11 **FIX           13
 **********
 **********
 **   12 **FIX           14
 **********
 **********
 **   13 **FIX           15
 **********
 PARAMETER   15  IS CONSTANT.   IGNORED.
 **********
 **   14 **FIX           16
 **********
 **********
 **   15 **MIGRAD
 **********
 FIRST CALL TO USER FUNCTION AT NEW START POINT, WITH IFLAG=4.
 START MIGRAD MINIMIZATION.  STRATEGY  1.  CONVERGENCE WHEN EDM .LT. 1.00e-04
 FCN=77.0065 FROM MIGRAD    STATUS=INITIATE      437 CALLS         438 TOTAL
                     EDM= unknown      STRATEGY= 1      NO ERROR MATRIX       
  EXT PARAMETER               CURRENT GUESS       STEP         FIRST   
  NO.   NAME      VALUE            ERROR          SIZE      DERIVATIVE 
   1  N0           3.07359e+06   1.00000e+02   0.00000e+00   5.96386e-04
   2  tau          6.44052e+01   constant   
   3  A0           3.48563e-01   1.00000e-04   0.00000e+00   2.20554e+03
   4  phi          4.11545e+00   1.00000e-02   0.00000e+00   8.70542e+02
   5  R           -6.12271e+01   constant   
   6  alpha_CBO    0.00000e+00     fixed    
   7  w_CBO        2.32500e+00   constant   
   8  beta_CBO     0.00000e+00     fixed    
   9  alpha_2CBO   0.00000e+00     fixed    
  10  beta_2CBO    0.00000e+00     fixed    
  11  alpha_y      0.00000e+00     fixed    
  12  w_y          1.38860e+01   constant   
  13  beta_y       0.00000e+00     fixed    
  14  alpha_vw     0.00000e+00     fixed    
  15  w_vw         1.43404e+01   constant   
  16  beta_vw      0.00000e+00     fixed    
  17  LM           5.13638e-05   constant   
  18  zeta_y       0.00000e+00   constant   
  19  zeta_vw      0.00000e+00   constant   
  20  T_CBO        1.00000e+02   1.00000e+00   0.00000e+00   0.00000e+00
  21  alpha_A0     0.00000e+00   1.00000e-03   0.00000e+00   2.78155e+01
  22  beta_A0      0.00000e+00   1.00000e-03   0.00000e+00  -4.01226e+00
  23  alpha_phi    0.00000e+00   1.00000e-03   0.00000e+00   2.58776e+00
  24  beta_phi     0.00000e+00   1.00000e-03   0.00000e+00   1.12667e+01
 MIGRAD MINIMIZATION HAS CONVERGED.
 MIGRAD WILL VERIFY CONVERGENCE AND ERROR MATRIX.
 COVARIANCE MATRIX CALCULATED SUCCESSFULLY
 FCN=66.3885 FROM HESSE     STATUS=OK             61 CALLS         610 TOTAL
                     EDM=0.0129591    STRATEGY= 1      ERROR MATRIX ACCURATE 
  EXT PARAMETER                                   STEP         FIRST   
  NO.   NAME      VALUE            ERROR          SIZE      DERIVATIVE 
   1  N0           3.07169e+06   2.39942e+03   8.37450e+00  -7.56288e-07
   2  tau          6.44052e+01   constant   
   3  A0           3.47868e-01   1.02100e-03   3.97040e-06   1.30393e+00
   4  phi          4.11112e+00   3.07809e-03   1.20210e-05   1.21025e-01
   5  R           -6.12271e+01   constant   
   6  alpha_CBO    0.00000e+00     fixed    
   7  w_CBO        2.32500e+00   constant   
   8  beta_CBO     0.00000e+00     fixed    
   9  alpha_2CBO   0.00000e+00     fixed    
  10  beta_2CBO    0.00000e+00     fixed    
  11  alpha_y      0.00000e+00     fixed    
  12  w_y          1.38860e+01   constant   
  13  beta_y       0.00000e+00     fixed    
  14  alpha_vw     0.00000e+00     fixed    
  15  w_vw         1.43404e+01   constant   
  16  beta_vw      0.00000e+00     fixed    
  17  LM           5.13638e-05   constant   
  18  zeta_y       0.00000e+00   constant   
  19  zeta_vw      0.00000e+00   constant   
  20  T_CBO        1.00109e+02   5.87585e+02   1.29070e-04  -5.07764e-02
  21  alpha_A0    -4.68089e-01   9.06256e+00   7.06893e-04   3.26807e-02
  22  beta_A0      8.58525e-02   1.72755e+00   6.61531e-04  -7.18332e-03
  23  alpha_phi    1.24893e-02   2.63470e-01   6.29229e-04   1.38680e-04
  24  beta_phi    -1.23636e-01   2.37638e+00   6.64600e-04   3.31993e-03
 CALL LIMIT EXCEEDED IN MIGRAD.
 MIGRAD TERMINATED WITHOUT CONVERGENCE.
 FCN=66.3644 FROM MIGRAD    STATUS=CALL LIMIT   1333 CALLS        1334 TOTAL
                     EDM=0.00248944    STRATEGY= 1  ERROR MATRIX UNCERTAINTY  10.5 per cent
  EXT PARAMETER                APPROXIMATE        STEP         FIRST   
  NO.   NAME      VALUE            ERROR          SIZE      DERIVATIVE 
   1  N0           3.07168e+06   2.48788e+03  -4.70338e+01  -5.00210e-06
   2  tau          6.44052e+01   constant   
   3  A0           3.47873e-01   1.03741e-03   1.24508e-05   5.70499e+00
   4  phi          4.11108e+00   3.05367e-03   1.07677e-06   3.72122e-01
   5  R           -6.12271e+01   constant   
   6  alpha_CBO    0.00000e+00     fixed    
   7  w_CBO        2.32500e+00   constant   
   8  beta_CBO     0.00000e+00     fixed    
   9  alpha_2CBO   0.00000e+00     fixed    
  10  beta_2CBO    0.00000e+00     fixed    
  11  alpha_y      0.00000e+00     fixed    
  12  w_y          1.38860e+01   constant   
  13  beta_y       0.00000e+00     fixed    
  14  alpha_vw     0.00000e+00     fixed    
  15  w_vw         1.43404e+01   constant   
  16  beta_vw      0.00000e+00     fixed    
  17  LM           5.13638e-05   constant   
  18  zeta_y       0.00000e+00   constant   
  19  zeta_vw      0.00000e+00   constant   
  20  T_CBO        6.32574e+01   3.38554e+01  -2.60510e-03   1.21449e+00
  21  alpha_A0    -4.04162e+00   1.25443e+01  -2.62619e-01  -5.97490e-03
  22  beta_A0      7.97057e-01   2.54259e+00   5.24733e-02   1.56699e-02
  23  alpha_phi    7.95129e-02   2.60410e-01   3.67242e-03   1.37212e-02
  24  beta_phi    -1.05035e+00   3.20173e+00  -6.63545e-02  -5.10283e-03
 EXTERNAL ERROR MATRIX.    NDIM=  25    NPAR=  8    ERR DEF=1
  6.190e+06 -4.538e-01 -5.430e-01  4.482e+04  1.581e+04 -3.153e+03 -2.514e+02  3.930e+03 
 -4.538e-01  1.076e-06 -1.518e-07 -1.200e-02 -4.276e-03  8.620e-04  7.314e-05 -1.060e-03 
 -5.430e-01 -1.518e-07  9.325e-06  5.012e-04  5.407e-04 -1.502e-04 -7.399e-05  1.383e-04 
  4.482e+04 -1.200e-02  5.012e-04  1.154e+03  4.229e+02 -8.559e+01 -6.939e+00  1.077e+02 
  1.581e+04 -4.276e-03  5.407e-04  4.229e+02  1.574e+02 -3.182e+01 -2.545e+00  4.010e+01 
 -3.153e+03  8.620e-04 -1.502e-04 -8.559e+01 -3.182e+01  6.465e+00  5.151e-01 -8.111e+00 
 -2.514e+02  7.314e-05 -7.399e-05 -6.939e+00 -2.545e+00  5.151e-01  6.781e-02 -6.485e-01 
  3.930e+03 -1.060e-03  1.383e-04  1.077e+02  4.010e+01 -8.111e+00 -6.485e-01  1.025e+01 
ERR MATRIX APPROXIMATE
 PARAMETER  CORRELATION COEFFICIENTS  
       NO.  GLOBAL      1      3      4     20     21     22     23     24
        1  0.60850   1.000 -0.176 -0.071  0.530  0.506 -0.498 -0.388  0.493
        3  0.39091  -0.176  1.000 -0.048 -0.341 -0.329  0.327  0.271 -0.319
        4  0.19975  -0.071 -0.048  1.000  0.005  0.014 -0.019 -0.093  0.014
       20  0.99349   0.530 -0.341  0.005  1.000  0.992 -0.991 -0.784  0.991
       21  0.99911   0.506 -0.329  0.014  0.992  1.000 -0.998 -0.779  0.998
       22  0.99778  -0.498  0.327 -0.019 -0.991 -0.998  1.000  0.778 -0.996
       23  0.79008  -0.388  0.271 -0.093 -0.784 -0.779  0.778  1.000 -0.778
       24  0.99853   0.493 -0.319  0.014  0.991  0.998 -0.996 -0.778  1.000
 ERR MATRIX APPROXIMATE
MINUIT - FIT ONLY 1-CBO + wiggle
 **********
 **   16 **RES 
 **********
                   PARAMETER   16  beta_vw RESTORED TO VARIABLE.
                   PARAMETER   14  alpha_vw RESTORED TO VARIABLE.
                   PARAMETER   13  beta_y RESTORED TO VARIABLE.
                   PARAMETER   11  alpha_y RESTORED TO VARIABLE.
                   PARAMETER   10  beta_2CBO RESTORED TO VARIABLE.
                   PARAMETER    9  alpha_2CBO RESTORED TO VARIABLE.
                   PARAMETER    8  beta_CBO RESTORED TO VARIABLE.
                   PARAMETER    6  alpha_CBO RESTORED TO VARIABLE.
 **********
 **   17 **FIX            8
 **********
 **********
 **   18 **FIX            9
 **********
 **********
 **   19 **FIX           11
 **********
 **********
 **   20 **FIX           12
 **********
 PARAMETER   12  IS CONSTANT.   IGNORED.
 **********
 **   21 **FIX           14
 **********
 **********
 **   22 **FIX           15
 **********
 PARAMETER   15  IS CONSTANT.   IGNORED.
 **********
 **   23 **FIX           16
 **********
 **********
 **   24 **MIGRAD
 **********
 START MIGRAD MINIMIZATION.  STRATEGY  1.  CONVERGENCE WHEN EDM .LT. 1.00e-04
 FCN=66.3644 FROM MIGRAD    STATUS=INITIATE       28 CALLS        1362 TOTAL
                     EDM= unknown      STRATEGY= 1      NO ERROR MATRIX       
  EXT PARAMETER               CURRENT GUESS       STEP         FIRST   
  NO.   NAME      VALUE            ERROR          SIZE      DERIVATIVE 
   1  N0           3.07168e+06   2.48788e+03  -4.70338e+01  -5.00210e-06
   2  tau          6.44052e+01   constant   
   3  A0           3.47873e-01   1.03741e-03   1.24508e-05   5.70499e+00
   4  phi          4.11108e+00   3.05367e-03   1.07677e-06   3.72122e-01
   5  R           -6.12271e+01   constant   
   6  alpha_CBO    0.00000e+00   1.00000e-03   1.00000e-03  -3.28492e+03
   7  w_CBO        2.32500e+00   constant   
   8  beta_CBO     0.00000e+00     fixed    
   9  alpha_2CBO   0.00000e+00     fixed    
  10  beta_2CBO    0.00000e+00   1.00000e-03   1.00000e-03  -3.19526e+03
  11  alpha_y      0.00000e+00     fixed    
  12  w_y          1.38860e+01   constant   
  13  beta_y       0.00000e+00   1.00000e-03   1.00000e-03  -1.17154e+03
  14  alpha_vw     0.00000e+00     fixed    
  15  w_vw         1.43404e+01   constant   
  16  beta_vw      0.00000e+00     fixed    
  17  LM           5.13638e-05   constant   
  18  zeta_y       0.00000e+00   constant   
  19  zeta_vw      0.00000e+00   constant   
  20  T_CBO        6.32574e+01   3.38554e+01  -2.60510e-03   1.21448e+00
  21  alpha_A0    -4.04162e+00   1.25443e+01  -2.62619e-01  -5.97490e-03
  22  beta_A0      7.97057e-01   2.54259e+00   5.24733e-02   1.56699e-02
  23  alpha_phi    7.95129e-02   2.60410e-01   3.67242e-03   1.37212e-02
  24  beta_phi    -1.05035e+00   3.20173e+00  -6.63545e-02  -5.10283e-03
 CALL LIMIT EXCEEDED IN MIGRAD.
 MIGRAD TERMINATED WITHOUT CONVERGENCE.
 FCN=60.3766 FROM MIGRAD    STATUS=CALL LIMIT   1923 CALLS        3257 TOTAL
                     EDM=0.00183786    STRATEGY= 1  ERROR MATRIX UNCERTAINTY  15.0 per cent
  EXT PARAMETER                APPROXIMATE        STEP         FIRST   
  NO.   NAME      VALUE            ERROR          SIZE      DERIVATIVE 
   1  N0           3.07159e+06   2.21182e+03  -7.92682e-02   7.92592e-07
   2  tau          6.44052e+01   constant   
   3  A0           3.47868e-01   9.97921e-04  -1.92196e-07   6.20017e+00
   4  phi          4.11213e+00   3.12501e-03  -1.10446e-06  -2.19577e+00
   5  R           -6.12271e+01   constant   
   6  alpha_CBO    1.72820e-03   1.06338e-03  -5.43660e-08   1.25931e+01
   7  w_CBO        2.32500e+00   constant   
   8  beta_CBO     0.00000e+00     fixed    
   9  alpha_2CBO   0.00000e+00     fixed    
  10  beta_2CBO    1.71172e-03   1.03008e-03  -8.07252e-07   1.40947e+01
  11  alpha_y      0.00000e+00     fixed    
  12  w_y          1.38860e+01   constant   
  13  beta_y       6.13407e-04   1.00428e-03  -2.05114e-07  -1.88282e+01
  14  alpha_vw     0.00000e+00     fixed    
  15  w_vw         1.43404e+01   constant   
  16  beta_vw      0.00000e+00     fixed    
  17  LM           5.13638e-05   constant   
  18  zeta_y       0.00000e+00   constant   
  19  zeta_vw      0.00000e+00   constant   
  20  T_CBO        3.26336e+01   8.81648e+00  -1.31682e-03  -1.12343e+01
  21  alpha_A0    -9.56656e+02   2.65844e+03  -6.91349e+01   1.85546e-04
  22  beta_A0      3.04090e+02   8.71467e+02   2.26587e+01   4.04744e-04
  23  alpha_phi   -1.52598e+02   4.29765e+02  -1.11752e+01   5.27444e-05
  24  beta_phi    -1.98434e+02   5.53169e+02  -1.43805e+01   7.50987e-04
 EXTERNAL ERROR MATRIX.    NDIM=  25    NPAR= 11    ERR DEF=1
  4.892e+06 
 -8.536e-02  9.958e-07 
 -7.456e-01 -1.730e-08  9.766e-06 
 -5.034e-02  3.807e-08  7.212e-07  1.131e-06 
 -8.768e-02 -4.839e-08 -4.585e-08 -9.103e-08  1.061e-06 
  3.986e-02 -4.708e-11  5.370e-08  1.529e-08  5.156e-08  1.009e-06 
 -1.406e+03  1.814e-04  5.595e-04 -1.866e-04 -5.893e-04  7.346e-04  7.779e+01 
 -3.960e+05  2.488e-02  2.290e-01 -9.958e-02 -2.120e-01  2.797e-01  2.340e+04  7.067e+06 
  1.306e+05 -8.423e-03 -7.558e-02  3.255e-02  6.983e-02 -9.180e-02 -7.669e+03 -2.317e+06  7.595e+05 
 -6.391e+04  4.090e-03  3.649e-02 -1.623e-02 -3.451e-02  4.521e-02  3.782e+03  1.142e+06 -3.745e+05  1.847e+05 
 -8.302e+04  5.336e-03  4.786e-02 -2.073e-02 -4.423e-02  5.836e-02  4.868e+03  1.471e+06 -4.821e+05  2.377e+05  3.060e+05 
ERR MATRIX APPROXIMATE
 PARAMETER  CORRELATION COEFFICIENTS  
       NO.  GLOBAL      1      3      4      6     10     13     20     21     22     23     24
        1  0.29494   1.000 -0.039 -0.108 -0.021 -0.038  0.018 -0.072 -0.067  0.068 -0.067 -0.068
        3  0.27538  -0.039  1.000 -0.006  0.036 -0.047 -0.000  0.021  0.009 -0.010  0.010  0.010
        4  0.32213  -0.108 -0.006  1.000  0.217 -0.014  0.017  0.020  0.028 -0.028  0.027  0.028
        6  0.39507  -0.021  0.036  0.217  1.000 -0.083  0.014 -0.020 -0.035  0.035 -0.036 -0.035
       10  0.34340  -0.038 -0.047 -0.014 -0.083  1.000  0.050 -0.065 -0.077  0.078 -0.078 -0.078
       13  0.38727   0.018 -0.000  0.017  0.014  0.050  1.000  0.083  0.105 -0.105  0.105  0.105
       20  0.99849  -0.072  0.021  0.020 -0.020 -0.065  0.083  1.000  0.998 -0.998  0.998  0.998
       21  1.00000  -0.067  0.009  0.028 -0.035 -0.077  0.105  0.998  1.000 -1.000  1.000  1.000
       22  1.00000   0.068 -0.010 -0.028  0.035  0.078 -0.105 -0.998 -1.000  1.000 -1.000 -1.000
       23  0.99999  -0.067  0.010  0.027 -0.036 -0.078  0.105  0.998  1.000 -1.000  1.000  1.000
       24  0.99999  -0.068  0.010  0.028 -0.035 -0.078  0.105  0.998  1.000 -1.000  1.000  1.000
 ERR MATRIX APPROXIMATE
MINUIT - FIT ONLY 2-CBO
 **********
 **   25 **RES 
 **********
                   PARAMETER   16  beta_vw RESTORED TO VARIABLE.
                   PARAMETER   14  alpha_vw RESTORED TO VARIABLE.
                   PARAMETER   11  alpha_y RESTORED TO VARIABLE.
                   PARAMETER    9  alpha_2CBO RESTORED TO VARIABLE.
                   PARAMETER    8  beta_CBO RESTORED TO VARIABLE.
 **********
 **   26 **FIX            0
 **********
 PARAMETER    0  IS UNDEFINED. IGNORED.
 **********
 **   27 **FIX            1
 **********
 **********
 **   28 **FIX            2
 **********
 PARAMETER    2  IS CONSTANT.   IGNORED.
 **********
 **   29 **FIX            3
 **********
 **********
 **   30 **FIX            4
 **********
 **********
 **   31 **FIX            5
 **********
 PARAMETER    5  IS CONSTANT.   IGNORED.
 **********
 **   32 **FIX            6
 **********
 **********
 **   33 **FIX            7
 **********
 PARAMETER    7  IS CONSTANT.   IGNORED.
 **********
 **   34 **FIX           10
 **********
 **********
 **   35 **FIX           11
 **********
 **********
 **   36 **FIX           12
 **********
 PARAMETER   12  IS CONSTANT.   IGNORED.
 **********
 **   37 **FIX           13
 **********
 **********
 **   38 **FIX           14
 **********
 **********
 **   39 **FIX           15
 **********
 PARAMETER   15  IS CONSTANT.   IGNORED.
 **********
 **   40 **FIX           16
 **********
 **********
 **   41 **MIGRAD
 **********
 START MIGRAD MINIMIZATION.  STRATEGY  1.  CONVERGENCE WHEN EDM .LT. 1.00e-04
 FCN=60.3766 FROM MIGRAD    STATUS=INITIATE       18 CALLS        3275 TOTAL
                     EDM= unknown      STRATEGY= 1      NO ERROR MATRIX       
  EXT PARAMETER               CURRENT GUESS       STEP         FIRST   
  NO.   NAME      VALUE            ERROR          SIZE      DERIVATIVE 
   1  N0           3.07159e+06     fixed    
   2  tau          6.44052e+01   constant   
   3  A0           3.47868e-01     fixed    
   4  phi          4.11213e+00     fixed    
   5  R           -6.12271e+01   constant   
   6  alpha_CBO    1.72820e-03     fixed    
   7  w_CBO        2.32500e+00   constant   
   8  beta_CBO     0.00000e+00   1.00000e-03   1.00000e-03   1.77876e+03
   9  alpha_2CBO   0.00000e+00   1.00000e-03   1.00000e-03   4.07228e+03
  10  beta_2CBO    1.71172e-03     fixed    
  11  alpha_y      0.00000e+00     fixed    
  12  w_y          1.38860e+01   constant   
  13  beta_y       6.13407e-04     fixed    
  14  alpha_vw     0.00000e+00     fixed    
  15  w_vw         1.43404e+01   constant   
  16  beta_vw      0.00000e+00     fixed    
  17  LM           5.13638e-05   constant   
  18  zeta_y       0.00000e+00   constant   
  19  zeta_vw      0.00000e+00   constant   
  20  T_CBO        3.26336e+01   8.81648e+00  -1.31682e-03  -1.12343e+01
  21  alpha_A0    -9.56656e+02   2.65844e+03  -6.91349e+01   1.85546e-04
  22  beta_A0      3.04090e+02   8.71467e+02   2.26587e+01   4.04744e-04
  23  alpha_phi   -1.52598e+02   4.29765e+02  -1.11752e+01   5.27444e-05
  24  beta_phi    -1.98434e+02   5.53169e+02  -1.43805e+01   7.50987e-04
 CALL LIMIT EXCEEDED IN MIGRAD.
 MIGRAD TERMINATED WITHOUT CONVERGENCE.
 FCN=54.6197 FROM MIGRAD    STATUS=CALL LIMIT   1152 CALLS        4409 TOTAL
                     EDM=0.00271281    STRATEGY= 1  ERROR MATRIX UNCERTAINTY  41.3 per cent
  EXT PARAMETER                APPROXIMATE        STEP         FIRST   
  NO.   NAME      VALUE            ERROR          SIZE      DERIVATIVE 
   1  N0           3.07159e+06     fixed    
   2  tau          6.44052e+01   constant   
   3  A0           3.47868e-01     fixed    
   4  phi          4.11213e+00     fixed    
   5  R           -6.12271e+01   constant   
   6  alpha_CBO    1.72820e-03     fixed    
   7  w_CBO        2.32500e+00   constant   
   8  beta_CBO    -1.05646e-03   1.05718e-03   1.63846e-05  -2.27478e+01
   9  alpha_2CBO  -2.30282e-03   1.06463e-03   6.64836e-06  -1.96991e+01
  10  beta_2CBO    1.71172e-03     fixed    
  11  alpha_y      0.00000e+00     fixed    
  12  w_y          1.38860e+01   constant   
  13  beta_y       6.13407e-04     fixed    
  14  alpha_vw     0.00000e+00     fixed    
  15  w_vw         1.43404e+01   constant   
  16  beta_vw      0.00000e+00     fixed    
  17  LM           5.13638e-05   constant   
  18  zeta_y       0.00000e+00   constant   
  19  zeta_vw      0.00000e+00   constant   
  20  T_CBO        2.40870e+01   3.69201e+00   1.06366e-03   4.19507e+00
  21  alpha_A0    -6.04478e+04   1.43853e+05   6.35606e+03  -4.60498e-07
  22  beta_A0      2.23772e+04   5.74806e+04  -2.70678e+03   1.71906e-06
  23  alpha_phi   -9.07050e+03   2.20816e+04   9.99531e+02   2.04365e-06
  24  beta_phi    -1.70245e+04   3.30034e+04   6.17838e+02   2.40423e-06
 EXTERNAL ERROR MATRIX.    NDIM=  25    NPAR=  7    ERR DEF=1
  1.118e-06  8.004e-08  7.918e-04  3.485e+01 -1.393e+01  5.332e+00  6.984e+00 
  8.004e-08  1.133e-06  3.404e-04  1.984e+01 -7.290e+00  2.948e+00  6.418e+00 
  7.918e-04  3.404e-04  1.363e+01  5.290e+05 -2.106e+05  8.114e+04  1.069e+05 
  3.485e+01  1.984e+01  5.290e+05  2.069e+10 -8.246e+09  3.175e+09  4.152e+09 
 -1.393e+01 -7.290e+00 -2.106e+05 -8.246e+09  3.304e+09 -1.268e+09 -1.587e+09 
  5.332e+00  2.948e+00  8.114e+04  3.175e+09 -1.268e+09  4.876e+08  6.274e+08 
  6.984e+00  6.418e+00  1.069e+05  4.152e+09 -1.587e+09  6.274e+08  1.089e+09 
ERR MATRIX APPROXIMATE
 PARAMETER  CORRELATION COEFFICIENTS  
       NO.  GLOBAL      8      9     20     21     22     23     24
        8  0.40051   1.000  0.071  0.203  0.229 -0.229  0.228  0.200
        9  0.54813   0.071  1.000  0.087  0.130 -0.119  0.125  0.183
       20  0.99740   0.203  0.087  1.000  0.996 -0.992  0.995  0.877
       21  0.99999   0.229  0.130  0.996  1.000 -0.997  1.000  0.874
       22  0.99998  -0.229 -0.119 -0.992 -0.997  1.000 -0.999 -0.836
       23  0.99989   0.228  0.125  0.995  1.000 -0.999  1.000  0.861
       24  0.99912   0.200  0.183  0.877  0.874 -0.836  0.861  1.000
 ERR MATRIX APPROXIMATE
MINUIT - FIT wiggle + 1-CBO + 2-CBO
 **********
 **   42 **RES 
 **********
                   PARAMETER   16  beta_vw RESTORED TO VARIABLE.
                   PARAMETER   14  alpha_vw RESTORED TO VARIABLE.
                   PARAMETER   13  beta_y RESTORED TO VARIABLE.
                   PARAMETER   11  alpha_y RESTORED TO VARIABLE.
                   PARAMETER   10  beta_2CBO RESTORED TO VARIABLE.
                   PARAMETER    6  alpha_CBO RESTORED TO VARIABLE.
                   PARAMETER    4  phi RESTORED TO VARIABLE.
                   PARAMETER    3  A0 RESTORED TO VARIABLE.
                   PARAMETER    1  N0 RESTORED TO VARIABLE.
 **********
 **   43 **FIX           10
 **********
 **********
 **   44 **FIX           11
 **********
 **********
 **   45 **FIX           12
 **********
 PARAMETER   12  IS CONSTANT.   IGNORED.
 **********
 **   46 **FIX           13
 **********
 **********
 **   47 **FIX           14
 **********
 **********
 **   48 **FIX           15
 **********
 PARAMETER   15  IS CONSTANT.   IGNORED.
 **********
 **   49 **FIX           16
 **********
 **********
 **   50 **MIGRAD
 **********
 START MIGRAD MINIMIZATION.  STRATEGY  1.  CONVERGENCE WHEN EDM .LT. 1.00e-04
 FCN=54.6197 FROM MIGRAD    STATUS=INITIATE       22 CALLS        4431 TOTAL
                     EDM= unknown      STRATEGY= 1      NO ERROR MATRIX       
  EXT PARAMETER               CURRENT GUESS       STEP         FIRST   
  NO.   NAME      VALUE            ERROR          SIZE      DERIVATIVE 
   1  N0           3.07159e+06   2.21182e+03   2.21182e+03  -8.74390e-05
   2  tau          6.44052e+01   constant   
   3  A0           3.47868e-01   9.97921e-04   9.97921e-04  -4.75534e+02
   4  phi          4.11213e+00   3.12501e-03   3.12501e-03   1.60404e+02
   5  R           -6.12271e+01   constant   
   6  alpha_CBO    1.72820e-03   1.06338e-03   1.06338e-03  -7.01324e+01
   7  w_CBO        2.32500e+00   constant   
   8  beta_CBO    -1.05646e-03   1.05718e-03   1.63846e-05  -2.27478e+01
   9  alpha_2CBO  -2.30282e-03   1.06463e-03   6.64836e-06  -1.96991e+01
  10  beta_2CBO    1.71172e-03     fixed    
  11  alpha_y      0.00000e+00     fixed    
  12  w_y          1.38860e+01   constant   
  13  beta_y       6.13407e-04     fixed    
  14  alpha_vw     0.00000e+00     fixed    
  15  w_vw         1.43404e+01   constant   
  16  beta_vw      0.00000e+00     fixed    
  17  LM           5.13638e-05   constant   
  18  zeta_y       0.00000e+00   constant   
  19  zeta_vw      0.00000e+00   constant   
  20  T_CBO        2.40870e+01   3.69201e+00   1.06366e-03   4.19507e+00
  21  alpha_A0    -6.04478e+04   1.43853e+05   6.35606e+03  -4.60498e-07
  22  beta_A0      2.23772e+04   5.74806e+04  -2.70678e+03   1.71906e-06
  23  alpha_phi   -9.07050e+03   2.20816e+04   9.99531e+02   2.04365e-06
  24  beta_phi    -1.70245e+04   3.30034e+04   6.17838e+02   2.40423e-06
 CALL LIMIT EXCEEDED IN MIGRAD.
 MIGRAD TERMINATED WITHOUT CONVERGENCE.
 FCN=54.2911 FROM MIGRAD    STATUS=CALL LIMIT   1912 CALLS        6321 TOTAL
                     EDM=0.000873893    STRATEGY= 1  ERROR MATRIX UNCERTAINTY  23.3 per cent
  EXT PARAMETER                APPROXIMATE        STEP         FIRST   
  NO.   NAME      VALUE            ERROR          SIZE      DERIVATIVE 
   1  N0           3.07182e+06   2.27154e+03   9.82600e+00  -1.82494e-06
   2  tau          6.44052e+01   constant   
   3  A0           3.48153e-01   1.02074e-03   5.38141e-06   6.54162e+00
   4  phi          4.11120e+00   3.09154e-03  -8.53454e-06  -1.68601e+00
   5  R           -6.12271e+01   constant   
   6  alpha_CBO    1.74827e-03   1.04953e-03  -1.38521e-06   4.65030e+00
   7  w_CBO        2.32500e+00   constant   
   8  beta_CBO    -1.18246e-03   1.07017e-03  -3.19555e-06  -2.48377e+00
   9  alpha_2CBO  -2.31355e-03   1.02500e-03  -1.53808e-06  -1.07304e+01
  10  beta_2CBO    1.71172e-03     fixed    
  11  alpha_y      0.00000e+00     fixed    
  12  w_y          1.38860e+01   constant   
  13  beta_y       6.13407e-04     fixed    
  14  alpha_vw     0.00000e+00     fixed    
  15  w_vw         1.43404e+01   constant   
  16  beta_vw      0.00000e+00     fixed    
  17  LM           5.13638e-05   constant   
  18  zeta_y       0.00000e+00   constant   
  19  zeta_vw      0.00000e+00   constant   
  20  T_CBO        1.75681e+01   3.31846e+00  -7.67035e-04  -2.66946e+01
  21  alpha_A0    -1.77954e+07   6.46235e+07  -1.89115e+06   1.90562e-08
  22  beta_A0      7.53263e+06   2.85277e+07   8.34355e+05   2.11942e-08
  23  alpha_phi   -3.52375e+06   1.36487e+07  -3.99106e+05  -3.68648e-08
  24  beta_phi    -4.24579e+06   1.53237e+07  -4.48366e+05   3.83174e-08
 EXTERNAL ERROR MATRIX.    NDIM=  25    NPAR= 11    ERR DEF=1
  5.160e+06 
 -1.505e-01  1.042e-06 
 -5.930e-01 -1.963e-07  9.558e-06 
  5.835e-02  3.849e-08  6.453e-07  1.102e-06 
 -2.274e-01 -2.148e-07  3.736e-07 -1.638e-08  1.145e-06 
  5.367e-02 -6.266e-08  1.163e-07  8.748e-09  6.818e-08  1.051e-06 
 -5.584e+02 -1.461e-04  3.640e-04  3.086e-05  1.746e-04  4.198e-06  1.101e+01 
 -1.020e+10 -3.824e+03  8.897e+03  3.049e+02  3.883e+03  1.170e+03  2.140e+08  4.176e+15 
  4.522e+09  1.687e+03 -3.936e+03 -1.372e+02 -1.718e+03 -5.170e+02 -9.447e+07 -1.844e+15  8.138e+14 
 -2.160e+09 -8.060e+02  1.876e+03  6.473e+01  8.198e+02  2.461e+02  4.520e+07  8.820e+14 -3.894e+14  1.863e+14 
 -2.430e+09 -9.034e+02  2.105e+03  7.101e+01  9.203e+02  2.783e+02  5.075e+07  9.903e+14 -4.372e+14  2.091e+14  2.348e+14 
ERR MATRIX APPROXIMATE
 PARAMETER  CORRELATION COEFFICIENTS  
       NO.  GLOBAL      1      3      4      6      8      9     20     21     22     23     24
        1  0.34469   1.000 -0.065 -0.084  0.024 -0.094  0.023 -0.074 -0.069  0.070 -0.070 -0.070
        3  0.36582  -0.065  1.000 -0.062  0.036 -0.197 -0.060 -0.043 -0.058  0.058 -0.058 -0.058
        4  0.31981  -0.084 -0.062  1.000  0.199  0.113  0.037  0.035  0.045 -0.045  0.044  0.044
        6  0.27093   0.024  0.036  0.199  1.000 -0.015  0.008  0.009  0.004 -0.005  0.005  0.004
        8  0.26603  -0.094 -0.197  0.113 -0.015  1.000  0.062  0.049  0.056 -0.056  0.056  0.056
        9  0.32137   0.023 -0.060  0.037  0.008  0.062  1.000  0.001  0.018 -0.018  0.018  0.018
       20  0.99883  -0.074 -0.043  0.035  0.009  0.049  0.001  1.000  0.998 -0.998  0.998  0.998
       21  1.00000  -0.069 -0.058  0.045  0.004  0.056  0.018  0.998  1.000 -1.000  1.000  1.000
       22  1.00000   0.070  0.058 -0.045 -0.005 -0.056 -0.018 -0.998 -1.000  1.000 -1.000 -1.000
       23  1.00000  -0.070 -0.058  0.044  0.005  0.056  0.018  0.998  1.000 -1.000  1.000  1.000
       24  1.00000  -0.070 -0.058  0.044  0.004  0.056  0.018  0.998  1.000 -1.000  1.000  1.000
 ERR MATRIX APPROXIMATE
MINUIT - FIT ONLY 1-y
 **********
 **   51 **RES 
 **********
                   PARAMETER   16  beta_vw RESTORED TO VARIABLE.
                   PARAMETER   14  alpha_vw RESTORED TO VARIABLE.
                   PARAMETER   13  beta_y RESTORED TO VARIABLE.
                   PARAMETER   11  alpha_y RESTORED TO VARIABLE.
                   PARAMETER   10  beta_2CBO RESTORED TO VARIABLE.
 **********
 **   52 **FIX            0
 **********
 PARAMETER    0  IS UNDEFINED. IGNORED.
 **********
 **   53 **FIX            1
 **********
 **********
 **   54 **FIX            2
 **********
 PARAMETER    2  IS CONSTANT.   IGNORED.
 **********
 **   55 **FIX            3
 **********
 **********
 **   56 **FIX            4
 **********
 **********
 **   57 **FIX            5
 **********
 PARAMETER    5  IS CONSTANT.   IGNORED.
 **********
 **   58 **FIX            6
 **********
 **********
 **   59 **FIX            7
 **********
 PARAMETER    7  IS CONSTANT.   IGNORED.
 **********
 **   60 **FIX            8
 **********
 **********
 **   61 **FIX            9
 **********
 **********
 **   62 **FIX           13
 **********
 **********
 **   63 **FIX           14
 **********
 **********
 **   64 **FIX           15
 **********
 PARAMETER   15  IS CONSTANT.   IGNORED.
 **********
 **   65 **FIX           16
 **********
 **********
 **   66 **MIGRAD
 **********
 START MIGRAD MINIMIZATION.  STRATEGY  1.  CONVERGENCE WHEN EDM .LT. 1.00e-04
 FCN=54.2907 FROM MIGRAD    STATUS=INITIATE       37 CALLS        6358 TOTAL
                     EDM= unknown      STRATEGY= 1      NO ERROR MATRIX       
  EXT PARAMETER               CURRENT GUESS       STEP         FIRST   
  NO.   NAME      VALUE            ERROR          SIZE      DERIVATIVE 
   1  N0           3.07182e+06     fixed    
   2  tau          6.44052e+01   constant   
   3  A0           3.48153e-01     fixed    
   4  phi          4.11120e+00     fixed    
   5  R           -6.12271e+01   constant   
   6  alpha_CBO    1.74827e-03     fixed    
   7  w_CBO        2.32500e+00   constant   
   8  beta_CBO    -1.18246e-03     fixed    
   9  alpha_2CBO  -2.31355e-03     fixed    
  10  beta_2CBO    1.71172e-03   1.03008e-03   0.00000e+00   5.85663e+00
  11  alpha_y      0.00000e+00   1.00000e-03   0.00000e+00  -3.32734e+02
  12  w_y          1.38860e+01   constant   
  13  beta_y       6.13407e-04     fixed    
  14  alpha_vw     0.00000e+00     fixed    
  15  w_vw         1.43404e+01   constant   
  16  beta_vw      0.00000e+00     fixed    
  17  LM           5.13638e-05   constant   
  18  zeta_y       0.00000e+00   constant   
  19  zeta_vw      0.00000e+00   constant   
  20  T_CBO        1.75681e+01   3.31846e+00   0.00000e+00  -2.34102e+01
  21  alpha_A0    -1.78165e+07   6.46235e+07  -2.10316e+04   1.78529e-08
  22  beta_A0      7.53263e+06   2.85277e+07   0.00000e+00   2.11299e-08
  23  alpha_phi   -3.52375e+06   1.36487e+07   0.00000e+00  -3.69292e-08
  24  beta_phi    -4.24579e+06   1.53237e+07   0.00000e+00   3.82830e-08
 CALL LIMIT EXCEEDED IN MIGRAD.
 MIGRAD TERMINATED WITHOUT CONVERGENCE.
 FCN=54.0568 FROM MIGRAD    STATUS=CALL LIMIT   1149 CALLS        7470 TOTAL
                     EDM=0.00395459    STRATEGY= 1  ERROR MATRIX UNCERTAINTY  27.7 per cent
  EXT PARAMETER                APPROXIMATE        STEP         FIRST   
  NO.   NAME      VALUE            ERROR          SIZE      DERIVATIVE 
   1  N0           3.07182e+06     fixed    
   2  tau          6.44052e+01   constant   
   3  A0           3.48153e-01     fixed    
   4  phi          4.11120e+00     fixed    
   5  R           -6.12271e+01   constant   
   6  alpha_CBO    1.74827e-03     fixed    
   7  w_CBO        2.32500e+00   constant   
   8  beta_CBO    -1.18246e-03     fixed    
   9  alpha_2CBO  -2.31355e-03     fixed    
  10  beta_2CBO    1.69281e-03   1.06106e-03   5.30694e-06  -8.81256e+00
  11  alpha_y      1.69402e-04   1.00886e-03   7.78837e-06  -2.24656e+01
  12  w_y          1.38860e+01   constant   
  13  beta_y       6.13407e-04     fixed    
  14  alpha_vw     0.00000e+00     fixed    
  15  w_vw         1.43404e+01   constant   
  16  beta_vw      0.00000e+00     fixed    
  17  LM           5.13638e-05   constant   
  18  zeta_y       0.00000e+00   constant   
  19  zeta_vw      0.00000e+00   constant   
  20  T_CBO        1.41517e+01   9.87032e-01  -5.94077e-05   1.55600e+01
  21  alpha_A0    -2.88340e+09   5.36851e+09  -6.92344e+07  -4.45385e-12
  22  beta_A0      1.20135e+09   2.27349e+09   2.94056e+07   3.80048e-13
  23  alpha_phi   -5.62939e+08   1.09322e+09  -1.41736e+07  -1.16853e-10
  24  beta_phi    -7.24429e+08   1.28088e+09  -1.63568e+07   5.79898e-11
 EXTERNAL ERROR MATRIX.    NDIM=  25    NPAR=  7    ERR DEF=1
  1.126e-06 -4.002e-08  1.429e-05  5.056e+04 -2.027e+04  9.089e+03  1.235e+04 
 -4.002e-08  1.018e-06  1.741e-04  8.871e+05 -3.756e+05  1.807e+05  2.119e+05 
  1.429e-05  1.741e-04  9.743e-01  5.240e+09 -2.219e+09  1.067e+09  1.251e+09 
  5.056e+04  8.871e+05  5.240e+09  2.882e+19 -1.221e+19  5.869e+18  6.876e+18 
 -2.027e+04 -3.756e+05 -2.219e+09 -1.221e+19  5.169e+18 -2.485e+18 -2.912e+18 
  9.089e+03  1.807e+05  1.067e+09  5.869e+18 -2.485e+18  1.195e+18  1.400e+18 
  1.235e+04  2.119e+05  1.251e+09  6.876e+18 -2.912e+18  1.400e+18  1.641e+18 
ERR MATRIX APPROXIMATE
 PARAMETER  CORRELATION COEFFICIENTS  
       NO.  GLOBAL     10     11     20     21     22     23     24
       10  0.22455   1.000 -0.037  0.014  0.009 -0.008  0.008  0.009
       11  0.19315  -0.037  1.000  0.175  0.164 -0.164  0.164  0.164
       20  0.99213   0.014  0.175  1.000  0.989 -0.989  0.989  0.989
       21  1.00000   0.009  0.164  0.989  1.000 -1.000  1.000  1.000
       22  1.00000  -0.008 -0.164 -0.989 -1.000  1.000 -1.000 -1.000
       23  0.99999   0.008  0.164  0.989  1.000 -1.000  1.000  1.000
       24  0.99998   0.009  0.164  0.989  1.000 -1.000  1.000  1.000
 ERR MATRIX APPROXIMATE
MINUIT - FIT ONLY 2-y
 **********
 **   67 **RES 
 **********
                   PARAMETER   16  beta_vw RESTORED TO VARIABLE.
                   PARAMETER   14  alpha_vw RESTORED TO VARIABLE.
                   PARAMETER   13  beta_y RESTORED TO VARIABLE.
                   PARAMETER    9  alpha_2CBO RESTORED TO VARIABLE.
                   PARAMETER    8  beta_CBO RESTORED TO VARIABLE.
                   PARAMETER    6  alpha_CBO RESTORED TO VARIABLE.
                   PARAMETER    4  phi RESTORED TO VARIABLE.
                   PARAMETER    3  A0 RESTORED TO VARIABLE.
                   PARAMETER    1  N0 RESTORED TO VARIABLE.
 **********
 **   68 **FIX            0
 **********
 PARAMETER    0  IS UNDEFINED. IGNORED.
 **********
 **   69 **FIX            1
 **********
 **********
 **   70 **FIX            2
 **********
 PARAMETER    2  IS CONSTANT.   IGNORED.
 **********
 **   71 **FIX            3
 **********
 **********
 **   72 **FIX            4
 **********
 **********
 **   73 **FIX            5
 **********
 PARAMETER    5  IS CONSTANT.   IGNORED.
 **********
 **   74 **FIX            6
 **********
 **********
 **   75 **FIX            7
 **********
 PARAMETER    7  IS CONSTANT.   IGNORED.
 **********
 **   76 **FIX            8
 **********
 **********
 **   77 **FIX            9
 **********
 **********
 **   78 **FIX           10
 **********
 **********
 **   79 **FIX           11
 **********
 **********
 **   80 **FIX           12
 **********
 PARAMETER   12  IS CONSTANT.   IGNORED.
 **********
 **   81 **FIX           16
 **********
 **********
 **   82 **MIGRAD
 **********
 START MIGRAD MINIMIZATION.  STRATEGY  1.  CONVERGENCE WHEN EDM .LT. 1.00e-04
 FCN=54.0568 FROM MIGRAD    STATUS=INITIATE       16 CALLS        7486 TOTAL
                     EDM= unknown      STRATEGY= 1      NO ERROR MATRIX       
  EXT PARAMETER               CURRENT GUESS       STEP         FIRST   
  NO.   NAME      VALUE            ERROR          SIZE      DERIVATIVE 
   1  N0           3.07182e+06     fixed    
   2  tau          6.44052e+01   constant   
   3  A0           3.48153e-01     fixed    
   4  phi          4.11120e+00     fixed    
   5  R           -6.12271e+01   constant   
   6  alpha_CBO    1.74827e-03     fixed    
   7  w_CBO        2.32500e+00   constant   
   8  beta_CBO    -1.18246e-03     fixed    
   9  alpha_2CBO  -2.31355e-03     fixed    
  10  beta_2CBO    1.69281e-03     fixed    
  11  alpha_y      1.69402e-04     fixed    
  12  w_y          1.38860e+01   constant   
  13  beta_y       6.13407e-04   1.00428e-03   1.00428e-03  -9.07087e+01
  14  alpha_vw     0.00000e+00   1.00000e-03   1.00000e-03   6.17599e+02
  15  w_vw         1.43404e+01   constant   
  16  beta_vw      0.00000e+00     fixed    
  17  LM           5.13638e-05   constant   
  18  zeta_y       0.00000e+00   constant   
  19  zeta_vw      0.00000e+00   constant   
  20  T_CBO        1.41517e+01   9.87032e-01  -5.94077e-05   1.55599e+01
  21  alpha_A0    -2.88340e+09   5.36851e+09  -6.92344e+07  -4.45385e-12
  22  beta_A0      1.20135e+09   2.27349e+09   2.94056e+07   3.80048e-13
  23  alpha_phi   -5.62939e+08   1.09322e+09  -1.41736e+07  -1.16853e-10
  24  beta_phi    -7.24429e+08   1.28088e+09  -1.63568e+07   5.79898e-11
 MIGRAD MINIMIZATION HAS CONVERGED.
 MIGRAD WILL VERIFY CONVERGENCE AND ERROR MATRIX.
 COVARIANCE MATRIX CALCULATED SUCCESSFULLY
 FCN=53.9324 FROM MIGRAD    STATUS=CONVERGED     113 CALLS        7583 TOTAL
                     EDM=1.47241e-06    STRATEGY= 1      ERROR MATRIX ACCURATE 
  EXT PARAMETER                                   STEP         FIRST   
  NO.   NAME      VALUE            ERROR          SIZE      DERIVATIVE 
   1  N0           3.07182e+06     fixed    
   2  tau          6.44052e+01   constant   
   3  A0           3.48153e-01     fixed    
   4  phi          4.11120e+00     fixed    
   5  R           -6.12271e+01   constant   
   6  alpha_CBO    1.74827e-03     fixed    
   7  w_CBO        2.32500e+00   constant   
   8  beta_CBO    -1.18246e-03     fixed    
   9  alpha_2CBO  -2.31355e-03     fixed    
  10  beta_2CBO    1.69281e-03     fixed    
  11  alpha_y      1.69402e-04     fixed    
  12  w_y          1.38860e+01   constant   
  13  beta_y       7.61275e-04   1.06686e-03   3.71531e-06   1.14584e+00
