 + ++++++++++++++++++++++++++++++++++++++++++++++++++++++++++++++++++++ +
 +                                                                      +
 +           You have chose to blind your fitting according to          +
 +                omega_ref * (1 + (R +/- deltaR) *10^{-6})             +
 +                                                                      +
 + ++++++++++++++++++++++++++++++++++++++++++++++++++++++++++++++++++++ +
In main()...
reading format from /gm2data/zkhechad/run45/envelope/formats/formatB_sBin_constraintOn.txt
pBinTau 	= 0  
pBinPhi 	= 0  
constraintau 	= 1 
includeMopTerm 	= 0    
constrainMop    = 0   
Parameters after format file: pBinTau 0 pBinPhi 0 constraintau 1 includeMopTerm 0 constrainMop 0 c_e_scale 0.000000 
Opening file /gm2data/tbarrett/gm2fr/studies/run23_bunch_corrections/CorrectedFourier_Run3b.root.
reading full fit data from /gm2data/zkhechad/cboTemplates/Run4CBOTemplates/fullFits/noRF/sBin_constraintOn_cE0.0_seed0_noRF_calo13.root
windowBins = 69
fitting sliding window 2170 from bin 2306 at 343.906000 to bin 2375 at 354.350000 (69 bins)

Reading data from /gm2data/cornell/histograms/aMethod/histogram_a_noRF.root
 **********
 **    1 **SET PRINTOUT            1
 **********
 **********
 **    2 **SET NOWARNINGS 
 **********
 PARAMETER DEFINITIONS:
    NO.   NAME         VALUE      STEP SIZE      LIMITS
     1 N0           3.45227e+06  1.00000e+02     no limits
     2 tau          6.44025e+01  constant
     3 A0           3.52708e-01  1.00000e-04     no limits
     4 phi          4.13064e+00  1.00000e-02     no limits
     5 R           -6.08848e+01  constant
     6 alpha_CBO    0.00000e+00  1.00000e-03     no limits
     7 w_CBO        2.32500e+00  constant
     8 beta_CBO     0.00000e+00  1.00000e-03     no limits
     9 alpha_2CBO   0.00000e+00  1.00000e-03     no limits
    10 beta_2CBO    0.00000e+00  1.00000e-03     no limits
    11 alpha_y      0.00000e+00  1.00000e-03     no limits
    12 w_y          1.38860e+01  constant
    13 beta_y       0.00000e+00  1.00000e-03     no limits
    14 alpha_vw     0.00000e+00  1.00000e-03     no limits
    15 w_vw         1.43404e+01  constant
    16 beta_vw      0.00000e+00  1.00000e-03     no limits
    17 LM          -3.36503e-05  constant
    18 zeta_y       0.00000e+00  constant
    19 zeta_vw      0.00000e+00  constant
    20 T_CBO        1.00000e+02  1.00000e+00    0.00000e+00  1.00000e+03
    21 alpha_A0     0.00000e+00  1.00000e-03     no limits
    22 beta_A0      0.00000e+00  1.00000e-03     no limits
    23 alpha_phi    0.00000e+00  1.00000e-03     no limits
    24 beta_phi     0.00000e+00  1.00000e-03     no limits
MINUIT - FIT ONLY WIGGLE
 **********
 **    3 **FIX            5
 **********
 PARAMETER    5  IS CONSTANT.   IGNORED.
 **********
 **    4 **FIX            6
 **********
 **********
 **    5 **FIX            7
 **********
 PARAMETER    7  IS CONSTANT.   IGNORED.
 **********
 **    6 **FIX            8
 **********
 **********
 **    7 **FIX            9
 **********
 **********
 **    8 **FIX           10
 **********
 **********
 **    9 **FIX           11
 **********
 **********
 **   10 **FIX           12
 **********
 PARAMETER   12  IS CONSTANT.   IGNORED.
 **********
 **   11 **FIX           13
 **********
 **********
 **   12 **FIX           14
 **********
 **********
 **   13 **FIX           15
 **********
 PARAMETER   15  IS CONSTANT.   IGNORED.
 **********
 **   14 **FIX           16
 **********
 **********
 **   15 **MIGRAD
 **********
 FIRST CALL TO USER FUNCTION AT NEW START POINT, WITH IFLAG=4.
 START MIGRAD MINIMIZATION.  STRATEGY  1.  CONVERGENCE WHEN EDM .LT. 1.00e-04
 FCN=99.9358 FROM MIGRAD    STATUS=INITIATE      437 CALLS         438 TOTAL
                     EDM= unknown      STRATEGY= 1      NO ERROR MATRIX       
  EXT PARAMETER               CURRENT GUESS       STEP         FIRST   
  NO.   NAME      VALUE            ERROR          SIZE      DERIVATIVE 
   1  N0           3.45227e+06   1.00000e+02   0.00000e+00   9.52837e-05
   2  tau          6.44025e+01   constant   
   3  A0           3.52708e-01   1.00000e-04   0.00000e+00   3.65619e+03
   4  phi          4.13064e+00   1.00000e-02   0.00000e+00   2.37253e+02
   5  R           -6.08848e+01   constant   
   6  alpha_CBO    0.00000e+00     fixed    
   7  w_CBO        2.32500e+00   constant   
   8  beta_CBO     0.00000e+00     fixed    
   9  alpha_2CBO   0.00000e+00     fixed    
  10  beta_2CBO    0.00000e+00     fixed    
  11  alpha_y      0.00000e+00     fixed    
  12  w_y          1.38860e+01   constant   
  13  beta_y       0.00000e+00     fixed    
  14  alpha_vw     0.00000e+00     fixed    
  15  w_vw         1.43404e+01   constant   
  16  beta_vw      0.00000e+00     fixed    
  17  LM          -3.36503e-05   constant   
  18  zeta_y       0.00000e+00   constant   
  19  zeta_vw      0.00000e+00   constant   
  20  T_CBO        1.00000e+02   1.00000e+00   0.00000e+00   0.00000e+00
  21  alpha_A0     0.00000e+00   1.00000e-03   0.00000e+00  -2.19673e+01
  22  beta_A0      0.00000e+00   1.00000e-03   0.00000e+00  -3.57285e+00
  23  alpha_phi    0.00000e+00   1.00000e-03   0.00000e+00   2.06309e+01
  24  beta_phi     0.00000e+00   1.00000e-03   0.00000e+00  -2.63093e+01
 CALL LIMIT EXCEEDED IN MIGRAD.
 MIGRAD TERMINATED WITHOUT CONVERGENCE.
 FCN=93.4362 FROM MIGRAD    STATUS=CALL LIMIT   1333 CALLS        1334 TOTAL
                     EDM=0.00213784    STRATEGY= 1  ERROR MATRIX UNCERTAINTY   0.2 per cent
  EXT PARAMETER                APPROXIMATE        STEP         FIRST   
  NO.   NAME      VALUE            ERROR          SIZE      DERIVATIVE 
   1  N0           3.45145e+06   2.03181e+03  -7.45110e+00   3.24682e-06
   2  tau          6.44025e+01   constant   
   3  A0           3.51596e-01   8.22881e-04  -2.36700e-06   4.16705e+00
   4  phi          4.13005e+00   2.35460e-03   8.31561e-07   3.41098e-01
   5  R           -6.08848e+01   constant   
   6  alpha_CBO    0.00000e+00     fixed    
   7  w_CBO        2.32500e+00   constant   
   8  beta_CBO     0.00000e+00     fixed    
   9  alpha_2CBO   0.00000e+00     fixed    
  10  beta_2CBO    0.00000e+00     fixed    
  11  alpha_y      0.00000e+00     fixed    
  12  w_y          1.38860e+01   constant   
  13  beta_y       0.00000e+00     fixed    
  14  alpha_vw     0.00000e+00     fixed    
  15  w_vw         1.43404e+01   constant   
  16  beta_vw      0.00000e+00     fixed    
  17  LM          -3.36503e-05   constant   
  18  zeta_y       0.00000e+00   constant   
  19  zeta_vw      0.00000e+00   constant   
  20  T_CBO        5.84411e+02   7.44507e+02   3.70929e-02  -3.20155e-02
  21  alpha_A0     7.01938e-03   1.33490e-02  -9.17195e-05  -5.91663e+00
  22  beta_A0      1.36762e-03   7.56850e-03  -5.53627e-05   5.15841e-01
  23  alpha_phi   -6.23806e-03   8.19749e-03  -1.09955e-04  -5.57413e+00
  24  beta_phi     7.07966e-03   1.16709e-02   3.97203e-06   4.13582e-01
 EXTERNAL ERROR MATRIX.    NDIM=  25    NPAR=  8    ERR DEF=1
  4.128e+06  2.731e-01 -3.690e-01 -1.711e+05  4.103e+00  1.685e+00  5.825e-02 -1.063e+00 
  2.731e-01  6.771e-07 -2.252e-08  5.804e-03 -1.487e-07  4.348e-07  4.202e-07  1.056e-06 
 -3.690e-01 -2.252e-08  5.544e-06  7.772e-02 -1.418e-06  2.125e-08  1.873e-07  5.046e-07 
 -1.711e+05  5.804e-03  7.772e-02  1.362e+06 -1.365e+01 -2.511e+00  6.668e+00 -1.011e+01 
  4.103e+00 -1.487e-07 -1.418e-06 -1.365e+01  1.782e-04  2.763e-05 -7.759e-05  9.054e-05 
  1.685e+00  4.348e-07  2.125e-08 -2.511e+00  2.763e-05  5.728e-05 -1.849e-05  1.773e-05 
  5.825e-02  4.202e-07  1.873e-07  6.668e+00 -7.759e-05 -1.849e-05  6.720e-05 -3.643e-05 
 -1.063e+00  1.056e-06  5.046e-07 -1.011e+01  9.054e-05  1.773e-05 -3.643e-05  1.362e-04 
ERR MATRIX APPROXIMATE
 PARAMETER  CORRELATION COEFFICIENTS  
       NO.  GLOBAL      1      3      4     20     21     22     23     24
        1  0.34891   1.000  0.163 -0.077 -0.072  0.151  0.110  0.003 -0.045
        3  0.26457   0.163  1.000 -0.012  0.006 -0.014  0.070  0.062  0.110
        4  0.10182  -0.077 -0.012  1.000  0.028 -0.045  0.001  0.010  0.018
       20  0.93056  -0.072  0.006  0.028  1.000 -0.876 -0.284  0.697 -0.742
       21  0.89381   0.151 -0.014 -0.045 -0.876  1.000  0.273 -0.709  0.581
       22  0.34061   0.110  0.070  0.001 -0.284  0.273  1.000 -0.298  0.201
       23  0.76007   0.003  0.062  0.010  0.697 -0.709 -0.298  1.000 -0.381
       24  0.78737  -0.045  0.110  0.018 -0.742  0.581  0.201 -0.381  1.000
 ERR MATRIX APPROXIMATE
MINUIT - FIT ONLY 1-CBO + wiggle
 **********
 **   16 **RES 
 **********
                   PARAMETER   16  beta_vw RESTORED TO VARIABLE.
                   PARAMETER   14  alpha_vw RESTORED TO VARIABLE.
                   PARAMETER   13  beta_y RESTORED TO VARIABLE.
                   PARAMETER   11  alpha_y RESTORED TO VARIABLE.
                   PARAMETER   10  beta_2CBO RESTORED TO VARIABLE.
                   PARAMETER    9  alpha_2CBO RESTORED TO VARIABLE.
                   PARAMETER    8  beta_CBO RESTORED TO VARIABLE.
                   PARAMETER    6  alpha_CBO RESTORED TO VARIABLE.
 **********
 **   17 **FIX            8
 **********
 **********
 **   18 **FIX            9
 **********
 **********
 **   19 **FIX           11
 **********
 **********
 **   20 **FIX           12
 **********
 PARAMETER   12  IS CONSTANT.   IGNORED.
 **********
 **   21 **FIX           14
 **********
 **********
 **   22 **FIX           15
 **********
 PARAMETER   15  IS CONSTANT.   IGNORED.
 **********
 **   23 **FIX           16
 **********
 **********
 **   24 **MIGRAD
 **********
 START MIGRAD MINIMIZATION.  STRATEGY  1.  CONVERGENCE WHEN EDM .LT. 1.00e-04
 FCN=93.4362 FROM MIGRAD    STATUS=INITIATE       26 CALLS        1360 TOTAL
                     EDM= unknown      STRATEGY= 1      NO ERROR MATRIX       
  EXT PARAMETER               CURRENT GUESS       STEP         FIRST   
  NO.   NAME      VALUE            ERROR          SIZE      DERIVATIVE 
   1  N0           3.45145e+06   2.03181e+03  -7.45110e+00   3.24682e-06
   2  tau          6.44025e+01   constant   
   3  A0           3.51596e-01   8.22881e-04  -2.36700e-06   4.16705e+00
   4  phi          4.13005e+00   2.35460e-03   8.31561e-07   3.41098e-01
   5  R           -6.08848e+01   constant   
   6  alpha_CBO    0.00000e+00   1.00000e-03   1.00000e-03  -3.08217e+03
   7  w_CBO        2.32500e+00   constant   
   8  beta_CBO     0.00000e+00     fixed    
   9  alpha_2CBO   0.00000e+00     fixed    
  10  beta_2CBO    0.00000e+00   1.00000e-03   1.00000e-03  -3.83239e+03
  11  alpha_y      0.00000e+00     fixed    
  12  w_y          1.38860e+01   constant   
  13  beta_y       0.00000e+00   1.00000e-03   1.00000e-03   2.05599e+03
  14  alpha_vw     0.00000e+00     fixed    
  15  w_vw         1.43404e+01   constant   
  16  beta_vw      0.00000e+00     fixed    
  17  LM          -3.36503e-05   constant   
  18  zeta_y       0.00000e+00   constant   
  19  zeta_vw      0.00000e+00   constant   
  20  T_CBO        5.84411e+02   7.44507e+02   3.70929e-02  -3.20195e-02
  21  alpha_A0     7.01938e-03   1.33490e-02  -9.17195e-05  -5.91663e+00
  22  beta_A0      1.36762e-03   7.56850e-03  -5.53627e-05   5.15841e-01
  23  alpha_phi   -6.23806e-03   8.19749e-03  -1.09955e-04  -5.57413e+00
  24  beta_phi     7.07966e-03   1.16709e-02   3.97203e-06   4.13582e-01
 MIGRAD MINIMIZATION HAS CONVERGED.
 FCN=87.4972 FROM MIGRAD    STATUS=CONVERGED     442 CALLS        1776 TOTAL
                     EDM=9.17662e-06    STRATEGY= 1  ERROR MATRIX UNCERTAINTY   1.5 per cent
  EXT PARAMETER                                   STEP         FIRST   
  NO.   NAME      VALUE            ERROR          SIZE      DERIVATIVE 
   1  N0           3.45183e+06   2.20003e+03  -4.20412e+00  -7.82718e-07
   2  tau          6.44025e+01   constant   
   3  A0           3.51892e-01   8.69537e-04  -6.03232e-07   1.86225e+00
   4  phi          4.13093e+00   2.43898e-03   7.37251e-07   2.91837e-01
   5  R           -6.08848e+01   constant   
   6  alpha_CBO    1.34552e-03   9.22984e-04  -1.03641e-06  -2.10464e+00
   7  w_CBO        2.32500e+00   constant   
   8  beta_CBO     0.00000e+00     fixed    
   9  alpha_2CBO   0.00000e+00     fixed    
  10  beta_2CBO    1.58593e-03   8.97095e-04   1.25893e-06   3.50717e+00
  11  alpha_y      0.00000e+00     fixed    
  12  w_y          1.38860e+01   constant   
  13  beta_y      -7.91795e-04   8.64287e-04   9.21232e-07   2.16950e+00
  14  alpha_vw     0.00000e+00     fixed    
  15  w_vw         1.43404e+01   constant   
  16  beta_vw      0.00000e+00     fixed    
  17  LM          -3.36503e-05   constant   
  18  zeta_y       0.00000e+00   constant   
  19  zeta_vw      0.00000e+00   constant   
  20  T_CBO        9.99852e+02   5.03453e+02   8.37238e-02  -3.12197e-04
  21  alpha_A0     4.91311e-03   5.73790e-03   1.75083e-07  -4.09921e-01
  22  beta_A0      2.82786e-03   5.86308e-03  -2.23159e-07  -2.11675e-01
  23  alpha_phi   -4.54041e-03   5.58859e-03   6.98460e-06   4.80726e-01
  24  beta_phi     7.06437e-03   5.60730e-03  -2.02785e-05  -7.34169e-01
 EXTERNAL ERROR MATRIX.    NDIM=  25    NPAR= 11    ERR DEF=1
  4.840e+06 
  1.816e-01  7.561e-07 
 -6.430e-01  2.185e-07  5.949e-06 
  9.860e-02  1.457e-07  3.707e-07  8.519e-07 
  1.156e-01  2.563e-08  1.521e-07  1.959e-08  8.048e-07 
 -2.128e-02 -2.505e-08 -2.997e-08  1.875e-09 -1.467e-08  7.470e-07 
 -1.602e+04 -1.073e-03  5.398e-03 -1.569e-03  3.030e-03  2.092e-03  2.395e+04 
  1.037e+00 -3.223e-07 -7.949e-07 -1.035e-06  3.987e-07  1.251e-07 -1.797e-01  3.292e-05 
  1.060e+00  3.977e-07  3.525e-07  3.567e-07  8.482e-07 -3.499e-08 -7.614e-02 -5.473e-06  3.438e-05 
  1.180e+00  3.538e-07  4.905e-07  8.479e-07 -4.497e-07 -5.219e-08  1.377e-01 -1.932e-06 -4.332e-07  3.123e-05 
 -2.051e+00  8.949e-07  1.734e-06  3.444e-07  5.970e-07 -5.758e-08 -1.848e-01 -1.981e-06  5.223e-06  8.090e-06  3.144e-05 
 PARAMETER  CORRELATION COEFFICIENTS  
       NO.  GLOBAL      1      3      4      6     10     13     20     21     22     23     24
        1  0.34084   1.000  0.095 -0.120  0.049  0.059 -0.011 -0.047  0.082  0.082  0.096 -0.166
        3  0.29170   0.095  1.000  0.103  0.182  0.033 -0.033 -0.008 -0.065  0.078  0.073  0.184
        4  0.24905  -0.120  0.103  1.000  0.165  0.070 -0.014  0.014 -0.057  0.025  0.036  0.127
        6  0.34045   0.049  0.182  0.165  1.000  0.024  0.002 -0.011 -0.195  0.066  0.164  0.067
       10  0.29069   0.059  0.033  0.070  0.024  1.000 -0.019  0.022  0.077  0.161 -0.090  0.119
       13  0.05662  -0.011 -0.033 -0.014  0.002 -0.019  1.000  0.016  0.025 -0.007 -0.011 -0.012
       20  0.41298  -0.047 -0.008  0.014 -0.011  0.022  0.016  1.000 -0.202 -0.084  0.159 -0.213
       21  0.36906   0.082 -0.065 -0.057 -0.195  0.077  0.025 -0.202  1.000 -0.163 -0.060 -0.062
       22  0.31038   0.082  0.078  0.025  0.066  0.161 -0.007 -0.084 -0.163  1.000 -0.013  0.159
       23  0.43005   0.096  0.073  0.036  0.164 -0.090 -0.011  0.159 -0.060 -0.013  1.000  0.258
       24  0.50785  -0.166  0.184  0.127  0.067  0.119 -0.012 -0.213 -0.062  0.159  0.258  1.000
MINUIT - FIT ONLY 2-CBO
 **********
 **   25 **RES 
 **********
                   PARAMETER   16  beta_vw RESTORED TO VARIABLE.
                   PARAMETER   14  alpha_vw RESTORED TO VARIABLE.
                   PARAMETER   11  alpha_y RESTORED TO VARIABLE.
                   PARAMETER    9  alpha_2CBO RESTORED TO VARIABLE.
                   PARAMETER    8  beta_CBO RESTORED TO VARIABLE.
 **********
 **   26 **FIX            0
 **********
 PARAMETER    0  IS UNDEFINED. IGNORED.
 **********
 **   27 **FIX            1
 **********
 **********
 **   28 **FIX            2
 **********
 PARAMETER    2  IS CONSTANT.   IGNORED.
 **********
 **   29 **FIX            3
 **********
 **********
 **   30 **FIX            4
 **********
 **********
 **   31 **FIX            5
 **********
 PARAMETER    5  IS CONSTANT.   IGNORED.
 **********
 **   32 **FIX            6
 **********
 **********
 **   33 **FIX            7
 **********
 PARAMETER    7  IS CONSTANT.   IGNORED.
 **********
 **   34 **FIX           10
 **********
 **********
 **   35 **FIX           11
 **********
 **********
 **   36 **FIX           12
 **********
 PARAMETER   12  IS CONSTANT.   IGNORED.
 **********
 **   37 **FIX           13
 **********
 **********
 **   38 **FIX           14
 **********
 **********
 **   39 **FIX           15
 **********
 PARAMETER   15  IS CONSTANT.   IGNORED.
 **********
 **   40 **FIX           16
 **********
 **********
 **   41 **MIGRAD
 **********
 START MIGRAD MINIMIZATION.  STRATEGY  1.  CONVERGENCE WHEN EDM .LT. 1.00e-04
 FCN=87.4972 FROM MIGRAD    STATUS=INITIATE       18 CALLS        1794 TOTAL
                     EDM= unknown      STRATEGY= 1      NO ERROR MATRIX       
  EXT PARAMETER               CURRENT GUESS       STEP         FIRST   
  NO.   NAME      VALUE            ERROR          SIZE      DERIVATIVE 
   1  N0           3.45183e+06     fixed    
   2  tau          6.44025e+01   constant   
   3  A0           3.51892e-01     fixed    
   4  phi          4.13093e+00     fixed    
   5  R           -6.08848e+01   constant   
   6  alpha_CBO    1.34552e-03     fixed    
   7  w_CBO        2.32500e+00   constant   
   8  beta_CBO     0.00000e+00   1.00000e-03   1.00000e-03   9.45133e+03
   9  alpha_2CBO   0.00000e+00   1.00000e-03   1.00000e-03  -2.18289e+03
  10  beta_2CBO    1.58593e-03     fixed    
  11  alpha_y      0.00000e+00     fixed    
  12  w_y          1.38860e+01   constant   
  13  beta_y      -7.91795e-04     fixed    
  14  alpha_vw     0.00000e+00     fixed    
  15  w_vw         1.43404e+01   constant   
  16  beta_vw      0.00000e+00     fixed    
  17  LM          -3.36503e-05   constant   
  18  zeta_y       0.00000e+00   constant   
  19  zeta_vw      0.00000e+00   constant   
  20  T_CBO        9.99852e+02   5.03453e+02   8.37238e-02  -3.13565e-04
  21  alpha_A0     4.91311e-03   5.73790e-03   1.75083e-07  -4.09920e-01
  22  beta_A0      2.82786e-03   5.86308e-03  -2.23159e-07  -2.11676e-01
  23  alpha_phi   -4.54041e-03   5.58859e-03   6.98460e-06   4.80726e-01
  24  beta_phi     7.06437e-03   5.60730e-03  -2.02785e-05  -7.34169e-01
 MIGRAD MINIMIZATION HAS CONVERGED.
 MIGRAD WILL VERIFY CONVERGENCE AND ERROR MATRIX.
 COVARIANCE MATRIX CALCULATED SUCCESSFULLY
 FCN=68.592 FROM MIGRAD    STATUS=CONVERGED     136 CALLS        1912 TOTAL
                     EDM=7.46869e-06    STRATEGY= 1      ERROR MATRIX ACCURATE 
  EXT PARAMETER                                   STEP         FIRST   
  NO.   NAME      VALUE            ERROR          SIZE      DERIVATIVE 
   1  N0           3.45183e+06     fixed    
   2  tau          6.44025e+01   constant   
   3  A0           3.51892e-01     fixed    
   4  phi          4.13093e+00     fixed    
   5  R           -6.08848e+01   constant   
   6  alpha_CBO    1.34552e-03     fixed    
   7  w_CBO        2.32500e+00   constant   
   8  beta_CBO    -3.81038e-03   8.99523e-04   3.60219e-06   3.25201e-01
   9  alpha_2CBO   8.24919e-04   8.96038e-04   3.57220e-06   1.94961e+00
  10  beta_2CBO    1.58593e-03     fixed    
  11  alpha_y      0.00000e+00     fixed    
  12  w_y          1.38860e+01   constant   
  13  beta_y      -7.91795e-04     fixed    
  14  alpha_vw     0.00000e+00     fixed    
  15  w_vw         1.43404e+01   constant   
  16  beta_vw      0.00000e+00     fixed    
  17  LM          -3.36503e-05   constant   
  18  zeta_y       0.00000e+00   constant   
  19  zeta_vw      0.00000e+00   constant   
  20  T_CBO        9.99999e+02   6.30867e+02   6.50627e-02  -1.70585e-05
  21  alpha_A0     4.59419e-03   4.85556e-03   1.95884e-05  -4.23812e-02
  22  beta_A0      5.55498e-03   4.79209e-03   1.90713e-05   2.68461e-01
  23  alpha_phi   -4.29339e-03   4.50898e-03   1.80919e-05   3.53078e-02
  24  beta_phi     5.86432e-03   4.97723e-03   1.97385e-05   5.81749e-01
 EXTERNAL ERROR MATRIX.    NDIM=  25    NPAR=  7    ERR DEF=1
  8.091e-07  1.117e-08  4.664e-07  1.694e-07 -6.390e-07  5.820e-08  3.900e-07 
  1.117e-08  8.029e-07  1.608e-06  4.472e-07 -2.730e-07  4.803e-07  5.560e-07 
  4.664e-07  1.608e-06  1.178e+02  3.699e-03  4.440e-03 -3.367e-03  4.650e-03 
  1.694e-07  4.472e-07  3.699e-03  2.358e-05 -8.203e-07  2.807e-07 -3.865e-07 
 -6.390e-07 -2.730e-07  4.440e-03 -8.203e-07  2.296e-05 -7.984e-07  2.115e-06 
  5.820e-08  4.803e-07 -3.367e-03  2.807e-07 -7.984e-07  2.033e-05  2.382e-06 
  3.900e-07  5.560e-07  4.650e-03 -3.865e-07  2.115e-06  2.382e-06  2.477e-05 
 PARAMETER  CORRELATION COEFFICIENTS  
       NO.  GLOBAL      8      9     20     21     22     23     24
        8  0.18299   1.000  0.014  0.000  0.039 -0.148  0.014  0.087
        9  0.20519   0.014  1.000  0.000  0.103 -0.064  0.119  0.125
       20  0.15744   0.000  0.000  1.000  0.070  0.085 -0.069  0.086
       21  0.13823   0.039  0.103  0.070  1.000 -0.035  0.013 -0.016
       22  0.21311  -0.148 -0.064  0.085 -0.035  1.000 -0.037  0.089
       23  0.17230   0.014  0.119 -0.069  0.013 -0.037  1.000  0.106
       24  0.22831   0.087  0.125  0.086 -0.016  0.089  0.106  1.000
MINUIT - FIT wiggle + 1-CBO + 2-CBO
 **********
 **   42 **RES 
 **********
                   PARAMETER   16  beta_vw RESTORED TO VARIABLE.
                   PARAMETER   14  alpha_vw RESTORED TO VARIABLE.
                   PARAMETER   13  beta_y RESTORED TO VARIABLE.
                   PARAMETER   11  alpha_y RESTORED TO VARIABLE.
                   PARAMETER   10  beta_2CBO RESTORED TO VARIABLE.
                   PARAMETER    6  alpha_CBO RESTORED TO VARIABLE.
                   PARAMETER    4  phi RESTORED TO VARIABLE.
                   PARAMETER    3  A0 RESTORED TO VARIABLE.
                   PARAMETER    1  N0 RESTORED TO VARIABLE.
 **********
 **   43 **FIX           10
 **********
 **********
 **   44 **FIX           11
 **********
 **********
 **   45 **FIX           12
 **********
 PARAMETER   12  IS CONSTANT.   IGNORED.
 **********
 **   46 **FIX           13
 **********
 **********
 **   47 **FIX           14
 **********
 **********
 **   48 **FIX           15
 **********
 PARAMETER   15  IS CONSTANT.   IGNORED.
 **********
 **   49 **FIX           16
 **********
 **********
 **   50 **MIGRAD
 **********
 START MIGRAD MINIMIZATION.  STRATEGY  1.  CONVERGENCE WHEN EDM .LT. 1.00e-04
 FCN=68.592 FROM MIGRAD    STATUS=INITIATE       22 CALLS        1934 TOTAL
                     EDM= unknown      STRATEGY= 1      NO ERROR MATRIX       
  EXT PARAMETER               CURRENT GUESS       STEP         FIRST   
  NO.   NAME      VALUE            ERROR          SIZE      DERIVATIVE 
   1  N0           3.45183e+06   2.20003e+03   2.20003e+03  -1.95965e-06
   2  tau          6.44025e+01   constant   
   3  A0           3.51892e-01   8.69537e-04   8.69537e-04  -1.92325e+03
   4  phi          4.13093e+00   2.43898e-03   2.43898e-03   3.58549e+02
   5  R           -6.08848e+01   constant   
   6  alpha_CBO    1.34552e-03   9.22984e-04   9.22984e-04   2.37697e+02
   7  w_CBO        2.32500e+00   constant   
   8  beta_CBO    -3.81038e-03   8.99523e-04   3.60219e-06   3.25201e-01
   9  alpha_2CBO   8.24919e-04   8.96038e-04   3.57220e-06   1.94961e+00
  10  beta_2CBO    1.58593e-03     fixed    
  11  alpha_y      0.00000e+00     fixed    
  12  w_y          1.38860e+01   constant   
  13  beta_y      -7.91795e-04     fixed    
  14  alpha_vw     0.00000e+00     fixed    
  15  w_vw         1.43404e+01   constant   
  16  beta_vw      0.00000e+00     fixed    
  17  LM          -3.36503e-05   constant   
  18  zeta_y       0.00000e+00   constant   
  19  zeta_vw      0.00000e+00   constant   
  20  T_CBO        9.99999e+02   6.30867e+02   6.50627e-02  -1.72100e-05
  21  alpha_A0     4.59419e-03   4.85556e-03   1.95884e-05  -4.23846e-02
  22  beta_A0      5.55498e-03   4.79209e-03   1.90713e-05   2.68464e-01
  23  alpha_phi   -4.29339e-03   4.50898e-03   1.80919e-05   3.53078e-02
  24  beta_phi     5.86432e-03   4.97723e-03   1.97385e-05   5.81750e-01
 MIGRAD MINIMIZATION HAS CONVERGED.
 MIGRAD WILL VERIFY CONVERGENCE AND ERROR MATRIX.
 COVARIANCE MATRIX CALCULATED SUCCESSFULLY
 FCN=67.751 FROM MIGRAD    STATUS=CONVERGED     218 CALLS        2130 TOTAL
                     EDM=1.49722e-05    STRATEGY= 1      ERROR MATRIX ACCURATE 
  EXT PARAMETER                                   STEP         FIRST   
  NO.   NAME      VALUE            ERROR          SIZE      DERIVATIVE 
   1  N0           3.45219e+06   2.29565e+03   8.14935e+00   1.33684e-06
   2  tau          6.44025e+01   constant   
   3  A0           3.52577e-01   8.70733e-04   3.29218e-06  -9.53207e-01
   4  phi          4.12993e+00   2.46253e-03   9.57324e-06  -6.74510e-01
   5  R           -6.08848e+01   constant   
   6  alpha_CBO    1.31579e-03   9.29277e-04   3.54023e-06   6.77176e-01
   7  w_CBO        2.32500e+00   constant   
   8  beta_CBO    -3.97587e-03   9.17372e-04   3.58029e-06   1.16766e+00
   9  alpha_2CBO   8.73608e-04   8.99082e-04   3.55060e-06  -9.48884e-01
  10  beta_2CBO    1.58593e-03     fixed    
  11  alpha_y      0.00000e+00     fixed    
  12  w_y          1.38860e+01   constant   
  13  beta_y      -7.91795e-04     fixed    
  14  alpha_vw     0.00000e+00     fixed    
  15  w_vw         1.43404e+01   constant   
  16  beta_vw      0.00000e+00     fixed    
  17  LM          -3.36503e-05   constant   
  18  zeta_y       0.00000e+00   constant   
  19  zeta_vw      0.00000e+00   constant   
  20  T_CBO        1.00000e+03   5.18330e+02   5.67230e-02** at limit **
  21  alpha_A0     4.67758e-03   5.00180e-03   1.94504e-05   2.95028e-01
  22  beta_A0      5.93374e-03   4.82811e-03   1.89353e-05   2.12455e-01
  23  alpha_phi   -3.97672e-03   4.61671e-03   1.79449e-05  -3.23700e-01
  24  beta_phi     6.46940e-03   5.17711e-03   1.95766e-05  -3.84352e-01
 EXTERNAL ERROR MATRIX.    NDIM=  25    NPAR= 11    ERR DEF=1
  5.270e+06 
  2.074e-01  7.582e-07 
 -9.298e-01  1.479e-07  6.064e-06 
  1.263e-01  1.508e-07  4.020e-07  8.636e-07 
 -7.092e-02 -1.306e-07  2.136e-07  1.407e-08  8.416e-07 
 -7.079e-03  6.045e-08  2.303e-08  3.216e-08  1.832e-09  8.083e-07 
  1.115e-01 -1.244e-08 -5.750e-08  1.765e-08  5.486e-09  1.180e-08  1.270e-02 
  1.933e+00 -2.260e-07 -1.134e-06 -7.512e-07  1.450e-07  4.030e-07  3.397e-05  2.502e-05 
  9.142e-01  4.514e-07  1.401e-07  2.483e-07 -7.063e-07 -2.359e-07  4.292e-05 -8.226e-07  2.331e-05 
  1.510e+00  4.031e-07 -1.122e-07  7.494e-07  2.120e-09  5.208e-07 -2.810e-05  1.813e-07 -2.014e-07  2.131e-05 
 -1.864e+00  9.391e-07  1.338e-06  3.364e-07  2.721e-07  6.435e-07  4.637e-05 -1.706e-06  2.411e-06  2.447e-06  2.680e-05 
 PARAMETER  CORRELATION COEFFICIENTS  
       NO.  GLOBAL      1      3      4      6      8      9     20     21     22     23     24
        1  0.35443   1.000  0.104 -0.164  0.059 -0.034 -0.003  0.000  0.168  0.082  0.142 -0.157
        3  0.35759   0.104  1.000  0.069  0.186 -0.164  0.077 -0.000 -0.052  0.107  0.100  0.208
        4  0.27931  -0.164  0.069  1.000  0.176  0.095  0.010 -0.000 -0.092  0.012 -0.010  0.105
        6  0.33850   0.059  0.186  0.176  1.000  0.016  0.038  0.000 -0.162  0.055  0.175  0.070
        8  0.26603  -0.034 -0.164  0.095  0.016  1.000  0.002  0.000  0.032 -0.159  0.001  0.057
        9  0.22036  -0.003  0.077  0.010  0.038  0.002  1.000  0.000  0.090 -0.054  0.125  0.138
       20  0.14306   0.000 -0.000 -0.000  0.000  0.000  0.000  1.000  0.060  0.079 -0.054  0.079
       21  0.27835   0.168 -0.052 -0.092 -0.162  0.032  0.090  0.060  1.000 -0.034  0.008 -0.066
       22  0.24831   0.082  0.107  0.012  0.055 -0.159 -0.054  0.079 -0.034  1.000 -0.009  0.096
       23  0.27983   0.142  0.100 -0.010  0.175  0.001  0.125 -0.054  0.008 -0.009  1.000  0.102
       24  0.35734  -0.157  0.208  0.105  0.070  0.057  0.138  0.079 -0.066  0.096  0.102  1.000
MINUIT - FIT ONLY 1-y
 **********
 **   51 **RES 
 **********
                   PARAMETER   16  beta_vw RESTORED TO VARIABLE.
                   PARAMETER   14  alpha_vw RESTORED TO VARIABLE.
                   PARAMETER   13  beta_y RESTORED TO VARIABLE.
                   PARAMETER   11  alpha_y RESTORED TO VARIABLE.
                   PARAMETER   10  beta_2CBO RESTORED TO VARIABLE.
 **********
 **   52 **FIX            0
 **********
 PARAMETER    0  IS UNDEFINED. IGNORED.
 **********
 **   53 **FIX            1
 **********
 **********
 **   54 **FIX            2
 **********
 PARAMETER    2  IS CONSTANT.   IGNORED.
 **********
 **   55 **FIX            3
 **********
 **********
 **   56 **FIX            4
 **********
 **********
 **   57 **FIX            5
 **********
 PARAMETER    5  IS CONSTANT.   IGNORED.
 **********
 **   58 **FIX            6
 **********
 **********
 **   59 **FIX            7
 **********
 PARAMETER    7  IS CONSTANT.   IGNORED.
 **********
 **   60 **FIX            8
 **********
 **********
 **   61 **FIX            9
 **********
 **********
 **   62 **FIX           13
 **********
 **********
 **   63 **FIX           14
 **********
 **********
 **   64 **FIX           15
 **********
 PARAMETER   15  IS CONSTANT.   IGNORED.
 **********
 **   65 **FIX           16
 **********
 **********
 **   66 **MIGRAD
 **********
 START MIGRAD MINIMIZATION.  STRATEGY  1.  CONVERGENCE WHEN EDM .LT. 1.00e-04
 FCN=67.751 FROM MIGRAD    STATUS=INITIATE       16 CALLS        2146 TOTAL
                     EDM= unknown      STRATEGY= 1      NO ERROR MATRIX       
  EXT PARAMETER               CURRENT GUESS       STEP         FIRST   
  NO.   NAME      VALUE            ERROR          SIZE      DERIVATIVE 
   1  N0           3.45219e+06     fixed    
   2  tau          6.44025e+01   constant   
   3  A0           3.52577e-01     fixed    
   4  phi          4.12993e+00     fixed    
   5  R           -6.08848e+01   constant   
   6  alpha_CBO    1.31579e-03     fixed    
   7  w_CBO        2.32500e+00   constant   
   8  beta_CBO    -3.97587e-03     fixed    
   9  alpha_2CBO   8.73608e-04     fixed    
  10  beta_2CBO    1.58593e-03   8.97095e-04   8.97095e-04   7.86594e+02
  11  alpha_y      0.00000e+00   1.00000e-03   1.00000e-03  -1.48135e+03
  12  w_y          1.38860e+01   constant   
  13  beta_y      -7.91795e-04     fixed    
  14  alpha_vw     0.00000e+00     fixed    
  15  w_vw         1.43404e+01   constant   
  16  beta_vw      0.00000e+00     fixed    
  17  LM          -3.36503e-05   constant   
  18  zeta_y       0.00000e+00   constant   
  19  zeta_vw      0.00000e+00   constant   
  20  T_CBO        9.99999e+02   5.18330e+02   5.67230e-02  -2.41093e-05
  21  alpha_A0     4.67758e-03   5.00180e-03   1.94504e-05   2.94880e-01
  22  beta_A0      5.93374e-03   4.82811e-03   1.89353e-05   2.12300e-01
  23  alpha_phi   -3.97672e-03   4.61671e-03   1.79449e-05  -3.23552e-01
  24  beta_phi     6.46940e-03   5.17711e-03   1.95766e-05  -3.84533e-01
 MIGRAD MINIMIZATION HAS CONVERGED.
 MIGRAD WILL VERIFY CONVERGENCE AND ERROR MATRIX.
 COVARIANCE MATRIX CALCULATED SUCCESSFULLY
 FCN=67.1999 FROM MIGRAD    STATUS=CONVERGED     112 CALLS        2242 TOTAL
                     EDM=1.09815e-06    STRATEGY= 1      ERROR MATRIX ACCURATE 
  EXT PARAMETER                                   STEP         FIRST   
  NO.   NAME      VALUE            ERROR          SIZE      DERIVATIVE 
   1  N0           3.45219e+06     fixed    
   2  tau          6.44025e+01   constant   
   3  A0           3.52577e-01     fixed    
   4  phi          4.12993e+00     fixed    
   5  R           -6.08848e+01   constant   
   6  alpha_CBO    1.31579e-03     fixed    
   7  w_CBO        2.32500e+00   constant   
   8  beta_CBO    -3.97587e-03     fixed    
   9  alpha_2CBO   8.73608e-04     fixed    
  10  beta_2CBO    1.26942e-03   9.04097e-04   3.55532e-06   4.33407e-01
  11  alpha_y      5.75876e-04   8.83770e-04   3.56233e-06  -2.95916e-02
  12  w_y          1.38860e+01   constant   
  13  beta_y      -7.91795e-04     fixed    
  14  alpha_vw     0.00000e+00     fixed    
  15  w_vw         1.43404e+01   constant   
  16  beta_vw      0.00000e+00     fixed    
  17  LM          -3.36503e-05   constant   
  18  zeta_y       0.00000e+00   constant   
  19  zeta_vw      0.00000e+00   constant   
  20  T_CBO        1.00000e+03   5.10219e+02   5.45186e-02** at limit **
  21  alpha_A0     4.56764e-03   4.82701e-03   1.93726e-05  -1.97360e-01
  22  beta_A0      5.71006e-03   4.77120e-03   1.88596e-05  -1.60266e-01
  23  alpha_phi   -3.85603e-03   4.49706e-03   1.78726e-05  -1.80944e-01
  24  beta_phi     6.26426e-03   4.93381e-03   1.94970e-05   5.83712e-02
 EXTERNAL ERROR MATRIX.    NDIM=  25    NPAR=  7    ERR DEF=1
  8.174e-07  6.637e-09 -6.286e-09  2.688e-07  6.246e-07 -4.922e-07  4.696e-07 
  6.637e-09  7.810e-07 -1.539e-09  2.313e-09  3.441e-08 -1.008e-07 -3.496e-08 
 -6.286e-09 -1.539e-09  5.140e-03  2.008e-05  2.503e-05 -1.653e-05  2.729e-05 
  2.688e-07  2.313e-09  2.008e-05  2.330e-05 -3.753e-07 -1.051e-07 -6.525e-07 
  6.246e-07  3.441e-08  2.503e-05 -3.753e-07  2.276e-05 -9.217e-07  2.941e-06 
 -4.922e-07 -1.008e-07 -1.653e-05 -1.051e-07 -9.217e-07  2.022e-05  1.791e-06 
  4.696e-07 -3.496e-08  2.729e-05 -6.525e-07  2.941e-06  1.791e-06  2.434e-05 
 PARAMETER  CORRELATION COEFFICIENTS  
       NO.  GLOBAL     10     11     20     21     22     23     24
       10  0.22124   1.000  0.008 -0.000  0.062  0.145 -0.121  0.105
       11  0.02773   0.008  1.000 -0.000  0.001  0.008 -0.025 -0.008
       20  0.13226  -0.000 -0.000  1.000  0.058  0.073 -0.051  0.077
       21  0.09698   0.062  0.001  0.058  1.000 -0.016 -0.005 -0.027
       22  0.19767   0.145  0.008  0.073 -0.016  1.000 -0.043  0.125
       23  0.16916  -0.121 -0.025 -0.051 -0.005 -0.043  1.000  0.081
       24  0.19904   0.105 -0.008  0.077 -0.027  0.125  0.081  1.000
MINUIT - FIT ONLY 2-y
 **********
 **   67 **RES 
 **********
                   PARAMETER   16  beta_vw RESTORED TO VARIABLE.
                   PARAMETER   14  alpha_vw RESTORED TO VARIABLE.
                   PARAMETER   13  beta_y RESTORED TO VARIABLE.
                   PARAMETER    9  alpha_2CBO RESTORED TO VARIABLE.
                   PARAMETER    8  beta_CBO RESTORED TO VARIABLE.
                   PARAMETER    6  alpha_CBO RESTORED TO VARIABLE.
                   PARAMETER    4  phi RESTORED TO VARIABLE.
                   PARAMETER    3  A0 RESTORED TO VARIABLE.
                   PARAMETER    1  N0 RESTORED TO VARIABLE.
 **********
 **   68 **FIX            0
 **********
 PARAMETER    0  IS UNDEFINED. IGNORED.
 **********
 **   69 **FIX            1
 **********
 **********
 **   70 **FIX            2
 **********
 PARAMETER    2  IS CONSTANT.   IGNORED.
 **********
 **   71 **FIX            3
 **********
 **********
 **   72 **FIX            4
 **********
 **********
 **   73 **FIX            5
 **********
 PARAMETER    5  IS CONSTANT.   IGNORED.
 **********
 **   74 **FIX            6
 **********
 **********
 **   75 **FIX            7
 **********
 PARAMETER    7  IS CONSTANT.   IGNORED.
 **********
 **   76 **FIX            8
 **********
 **********
 **   77 **FIX            9
 **********
 **********
 **   78 **FIX           10
 **********
 **********
 **   79 **FIX           11
 **********
 **********
 **   80 **FIX           12
 **********
 PARAMETER   12  IS CONSTANT.   IGNORED.
 **********
 **   81 **FIX           16
 **********
 **********
 **   82 **MIGRAD
 **********
 START MIGRAD MINIMIZATION.  STRATEGY  1.  CONVERGENCE WHEN EDM .LT. 1.00e-04
 FCN=67.1999 FROM MIGRAD    STATUS=INITIATE       16 CALLS        2258 TOTAL
                     EDM= unknown      STRATEGY= 1      NO ERROR MATRIX       
  EXT PARAMETER               CURRENT GUESS       STEP         FIRST   
  NO.   NAME      VALUE            ERROR          SIZE      DERIVATIVE 
   1  N0           3.45219e+06     fixed    
   2  tau          6.44025e+01   constant   
   3  A0           3.52577e-01     fixed    
   4  phi          4.12993e+00     fixed    
   5  R           -6.08848e+01   constant   
   6  alpha_CBO    1.31579e-03     fixed    
   7  w_CBO        2.32500e+00   constant   
   8  beta_CBO    -3.97587e-03     fixed    
   9  alpha_2CBO   8.73608e-04     fixed    
  10  beta_2CBO    1.26942e-03     fixed    
  11  alpha_y      5.75876e-04     fixed    
  12  w_y          1.38860e+01   constant   
  13  beta_y      -7.91795e-04   8.64287e-04   8.64287e-04  -2.22672e+02
  14  alpha_vw     0.00000e+00   1.00000e-03   1.00000e-03   2.34800e+03
  15  w_vw         1.43404e+01   constant   
  16  beta_vw      0.00000e+00     fixed    
  17  LM          -3.36503e-05   constant   
  18  zeta_y       0.00000e+00   constant   
  19  zeta_vw      0.00000e+00   constant   
  20  T_CBO        9.99999e+02   5.10219e+02   5.45186e-02  -2.44010e-05
  21  alpha_A0     4.56764e-03   4.82701e-03   1.93726e-05  -1.97505e-01
  22  beta_A0      5.71006e-03   4.77120e-03   1.88596e-05  -1.60415e-01
  23  alpha_phi   -3.85603e-03   4.49706e-03   1.78726e-05  -1.80801e-01
  24  beta_phi     6.26426e-03   4.93381e-03   1.94970e-05   5.81959e-02
 MIGRAD MINIMIZATION HAS CONVERGED.
 MIGRAD WILL VERIFY CONVERGENCE AND ERROR MATRIX.
 COVARIANCE MATRIX CALCULATED SUCCESSFULLY
 FCN=66.0852 FROM MIGRAD    STATUS=CONVERGED     114 CALLS        2356 TOTAL
                     EDM=5.5993e-07    STRATEGY= 1      ERROR MATRIX ACCURATE 
  EXT PARAMETER                                   STEP         FIRST   
  NO.   NAME      VALUE            ERROR          SIZE      DERIVATIVE 
   1  N0           3.45219e+06     fixed    
   2  tau          6.44025e+01   constant   
   3  A0           3.52577e-01     fixed    
   4  phi          4.12993e+00     fixed    
   5  R           -6.08848e+01   constant   
   6  alpha_CBO    1.31579e-03     fixed    
   7  w_CBO        2.32500e+00   constant   
   8  beta_CBO    -3.97587e-03     fixed    
   9  alpha_2CBO   8.73608e-04     fixed    
  10  beta_2CBO    1.26942e-03     fixed    
  11  alpha_y      5.75876e-04     fixed    
  12  w_y          1.38860e+01   constant   
  13  beta_y      -1.00626e-03   9.20960e-04   3.50081e-06   3.99211e-02
  14  alpha_vw    -9.69838e-04   9.22520e-04   3.50757e-06   2.48889e-03
  15  w_vw         1.43404e+01   constant   
  16  beta_vw      0.00000e+00     fixed    
  17  LM          -3.36503e-05   constant   
  18  zeta_y       0.00000e+00   constant   
  19  zeta_vw      0.00000e+00   constant   
  20  T_CBO        1.00000e+03   5.31740e+02   4.34621e-02** at limit **
  21  alpha_A0     4.59121e-03   4.81519e-03   1.92141e-05   1.71682e-01
  22  beta_A0      5.78792e-03   4.71767e-03   1.87045e-05   4.53251e-03
  23  alpha_phi   -3.88932e-03   4.46086e-03   1.77262e-05  -1.48702e-01
  24  beta_phi     6.33761e-03   4.90325e-03   1.93372e-05   3.98282e-02
 EXTERNAL ERROR MATRIX.    NDIM=  25    NPAR=  7    ERR DEF=1
  8.482e-07  2.631e-07 -2.259e-08 -7.788e-09 -8.931e-08 -1.298e-08 -1.215e-07 
  2.631e-07  8.510e-07 -6.327e-09 -1.802e-08 -7.365e-08  2.687e-08 -7.327e-08 
 -2.259e-08 -6.327e-09  1.171e+00  2.453e-04  3.083e-04 -2.025e-04  3.353e-04 
 -7.788e-09 -1.802e-08  2.453e-04  2.319e-05 -6.120e-07  7.839e-08 -8.415e-07 
 -8.931e-08 -7.365e-08  3.083e-04 -6.120e-07  2.226e-05 -5.149e-07  2.555e-06 
 -1.298e-08  2.687e-08 -2.025e-04  7.839e-08 -5.149e-07  1.990e-05  2.099e-06 
 -1.215e-07 -7.327e-08  3.353e-04 -8.415e-07  2.555e-06  2.099e-06  2.404e-05 
 PARAMETER  CORRELATION COEFFICIENTS  
       NO.  GLOBAL     13     14     20     21     22     23     24
       13  0.31077   1.000  0.310 -0.000 -0.002 -0.021 -0.003 -0.027
       14  0.31008   0.310  1.000 -0.000 -0.004 -0.017  0.007 -0.016
       20  0.10786  -0.000 -0.000  1.000  0.047  0.060 -0.042  0.063
       21  0.06697  -0.002 -0.004  0.047  1.000 -0.027  0.004 -0.036
       22  0.13114  -0.021 -0.017  0.060 -0.027  1.000 -0.024  0.110
       23  0.11289  -0.003  0.007 -0.042  0.004 -0.024  1.000  0.096
       24  0.16609  -0.027 -0.016  0.063 -0.036  0.110  0.096  1.000
MINUIT - FIT ALTOGETHER
