 + ++++++++++++++++++++++++++++++++++++++++++++++++++++++++++++++++++++ +
 +                                                                      +
 +           You have chose to blind your fitting according to          +
 +                omega_ref * (1 + (R +/- deltaR) *10^{-6})             +
 +                                                                      +
 + ++++++++++++++++++++++++++++++++++++++++++++++++++++++++++++++++++++ +
In main()...
reading format from /gm2data/zkhechad/run45/envelope/formats/formatB_sBin_constraintOn.txt
pBinTau 	= 0  
pBinPhi 	= 0  
constraintau 	= 1 
includeMopTerm 	= 0    
constrainMop    = 0   
Parameters after format file: pBinTau 0 pBinPhi 0 constraintau 1 includeMopTerm 0 constrainMop 0 c_e_scale 0.000000 
Opening file /gm2data/tbarrett/gm2fr/studies/run23_bunch_corrections/CorrectedFourier_Run3b.root.
reading full fit data from /gm2data/zkhechad/cboTemplates/Run4CBOTemplates/templateFits0_v2.0/noRF/sBin_constraintOn_cE0.0_seed0_noRF_calo3.root
windowBins = 69
fitting sliding window 2468 from bin 2604 at 388.367600 to bin 2673 at 398.811600 (69 bins)

Reading data from /gm2data/cornell/histograms/aMethod/histogram_a_noRF.root
 **********
 **    1 **SET PRINTOUT            1
 **********
 **********
 **    2 **SET NOWARNINGS 
 **********
 PARAMETER DEFINITIONS:
    NO.   NAME         VALUE      STEP SIZE      LIMITS
     1 N0           2.88814e+06  1.00000e+02     no limits
     2 tau          6.44131e+01  constant
     3 A0           3.56394e-01  1.00000e-04     no limits
     4 phi          4.11722e+00  1.00000e-02     no limits
     5 R           -6.09726e+01  constant
     6 alpha_CBO    0.00000e+00  1.00000e-03     no limits
     7 w_CBO        2.32500e+00  constant
     8 beta_CBO     0.00000e+00  1.00000e-03     no limits
     9 alpha_2CBO   0.00000e+00  1.00000e-03     no limits
    10 beta_2CBO    0.00000e+00  1.00000e-03     no limits
    11 alpha_y      0.00000e+00  1.00000e-03     no limits
    12 w_y          1.44500e+01  constant
    13 beta_y       0.00000e+00  1.00000e-03     no limits
    14 alpha_vw     0.00000e+00  1.00000e-03     no limits
    15 w_vw         1.29000e+01  constant
    16 beta_vw      0.00000e+00  1.00000e-03     no limits
    17 LM           2.63157e-04  constant
    18 zeta_y       0.00000e+00  constant
    19 zeta_vw      0.00000e+00  constant
    20 T_CBO        1.00000e+02  1.00000e+00    0.00000e+00  1.00000e+03
    21 alpha_A0     0.00000e+00  1.00000e-03     no limits
    22 beta_A0      0.00000e+00  1.00000e-03     no limits
    23 alpha_phi    0.00000e+00  1.00000e-03     no limits
    24 beta_phi     0.00000e+00  1.00000e-03     no limits
MINUIT - FIT ONLY WIGGLE
 **********
 **    3 **FIX            5
 **********
 PARAMETER    5  IS CONSTANT.   IGNORED.
 **********
 **    4 **FIX            6
 **********
 **********
 **    5 **FIX            7
 **********
 PARAMETER    7  IS CONSTANT.   IGNORED.
 **********
 **    6 **FIX            8
 **********
 **********
 **    7 **FIX            9
 **********
 **********
 **    8 **FIX           10
 **********
 **********
 **    9 **FIX           11
 **********
 **********
 **   10 **FIX           12
 **********
 PARAMETER   12  IS CONSTANT.   IGNORED.
 **********
 **   11 **FIX           13
 **********
 **********
 **   12 **FIX           14
 **********
 **********
 **   13 **FIX           15
 **********
 PARAMETER   15  IS CONSTANT.   IGNORED.
 **********
 **   14 **FIX           16
 **********
 **********
 **   15 **MIGRAD
 **********
 FIRST CALL TO USER FUNCTION AT NEW START POINT, WITH IFLAG=4.
 START MIGRAD MINIMIZATION.  STRATEGY  1.  CONVERGENCE WHEN EDM .LT. 1.00e-04
 FCN=76.1136 FROM MIGRAD    STATUS=INITIATE      437 CALLS         438 TOTAL
                     EDM= unknown      STRATEGY= 1      NO ERROR MATRIX       
  EXT PARAMETER               CURRENT GUESS       STEP         FIRST   
  NO.   NAME      VALUE            ERROR          SIZE      DERIVATIVE 
   1  N0           2.88814e+06   1.00000e+02   0.00000e+00   1.16980e-03
   2  tau          6.44131e+01   constant   
   3  A0           3.56394e-01   1.00000e-04   0.00000e+00   7.98480e+02
   4  phi          4.11722e+00   1.00000e-02   0.00000e+00  -1.23050e+03
   5  R           -6.09726e+01   constant   
   6  alpha_CBO    0.00000e+00     fixed    
   7  w_CBO        2.32500e+00   constant   
   8  beta_CBO     0.00000e+00     fixed    
   9  alpha_2CBO   0.00000e+00     fixed    
  10  beta_2CBO    0.00000e+00     fixed    
  11  alpha_y      0.00000e+00     fixed    
  12  w_y          1.44500e+01   constant   
  13  beta_y       0.00000e+00     fixed    
  14  alpha_vw     0.00000e+00     fixed    
  15  w_vw         1.29000e+01   constant   
  16  beta_vw      0.00000e+00     fixed    
  17  LM           2.63157e-04   constant   
  18  zeta_y       0.00000e+00   constant   
  19  zeta_vw      0.00000e+00   constant   
  20  T_CBO        1.00000e+02   1.00000e+00   0.00000e+00   0.00000e+00
  21  alpha_A0     0.00000e+00   1.00000e-03   0.00000e+00  -9.86205e+00
  22  beta_A0      0.00000e+00   1.00000e-03   0.00000e+00   6.56736e-01
  23  alpha_phi    0.00000e+00   1.00000e-03   0.00000e+00  -1.80900e+01
  24  beta_phi     0.00000e+00   1.00000e-03   0.00000e+00  -5.18467e+00
 CALL LIMIT EXCEEDED IN MIGRAD.
 MIGRAD TERMINATED WITHOUT CONVERGENCE.
 FCN=62.8847 FROM MIGRAD    STATUS=CALL LIMIT   1327 CALLS        1328 TOTAL
                     EDM=0.0113375    STRATEGY= 1  ERROR MATRIX UNCERTAINTY   0.3 per cent
  EXT PARAMETER                APPROXIMATE        STEP         FIRST   
  NO.   NAME      VALUE            ERROR          SIZE      DERIVATIVE 
   1  N0           2.88348e+06   2.62629e+03  -8.30293e+00   4.17156e-06
   2  tau          6.44131e+01   constant   
   3  A0           3.55338e-01   1.13246e-03  -2.90003e-05  -1.45990e+01
   4  phi          4.12408e+00   3.29591e-03  -5.83312e-06   4.24203e+00
   5  R           -6.09726e+01   constant   
   6  alpha_CBO    0.00000e+00     fixed    
   7  w_CBO        2.32500e+00   constant   
   8  beta_CBO     0.00000e+00     fixed    
   9  alpha_2CBO   0.00000e+00     fixed    
  10  beta_2CBO    0.00000e+00     fixed    
  11  alpha_y      0.00000e+00     fixed    
  12  w_y          1.44500e+01   constant   
  13  beta_y       0.00000e+00     fixed    
  14  alpha_vw     0.00000e+00     fixed    
  15  w_vw         1.29000e+01   constant   
  16  beta_vw      0.00000e+00     fixed    
  17  LM           2.63157e-04   constant   
  18  zeta_y       0.00000e+00   constant   
  19  zeta_vw      0.00000e+00   constant   
  20  T_CBO        3.33560e+02   3.67277e+02   3.93300e-02   8.08605e-02
  21  alpha_A0     2.34188e-02   3.76141e-02  -9.13309e-04   3.55255e+00
  22  beta_A0     -7.69568e-03   2.79336e-02   4.77235e-04   1.66154e+00
  23  alpha_phi    2.71415e-02   4.47476e-02  -1.09831e-03   1.23911e+00
  24  beta_phi     3.74120e-03   3.04833e-02   3.90312e-05   1.54482e+00
 EXTERNAL ERROR MATRIX.    NDIM=  25    NPAR=  8    ERR DEF=1
  6.897e+06  5.749e-01  2.100e-01  4.807e+04 -1.683e+01  1.222e+01 -1.142e+00  1.191e+01 
  5.749e-01  1.282e-06 -2.641e-08 -1.099e-01  1.022e-05 -1.654e-06  1.068e-05  1.371e-06 
  2.100e-01 -2.641e-08  1.086e-05 -1.578e-02 -7.792e-06 -1.005e-05  8.049e-07 -1.415e-06 
  4.807e+04 -1.099e-01 -1.578e-02  1.773e+05 -1.283e+01  7.561e+00 -1.753e+01  3.459e-01 
 -1.683e+01  1.022e-05 -7.792e-06 -1.283e+01  1.415e-03 -7.012e-04  1.243e-03 -4.444e-04 
  1.222e+01 -1.654e-06 -1.005e-05  7.561e+00 -7.012e-04  7.803e-04 -7.455e-04  2.201e-04 
 -1.142e+00  1.068e-05  8.049e-07 -1.753e+01  1.243e-03 -7.455e-04  2.002e-03 -1.173e-04 
  1.191e+01  1.371e-06 -1.415e-06  3.459e-01 -4.444e-04  2.201e-04 -1.173e-04  9.292e-04 
ERR MATRIX APPROXIMATE
 PARAMETER  CORRELATION COEFFICIENTS  
       NO.  GLOBAL      1      3      4     20     21     22     23     24
        1  0.34560   1.000  0.193  0.024  0.043 -0.170  0.167 -0.010  0.149
        3  0.38438   0.193  1.000 -0.007 -0.231  0.240 -0.052  0.211  0.040
        4  0.24823   0.024 -0.007  1.000 -0.011 -0.063 -0.109  0.005 -0.014
       20  0.96348   0.043 -0.231 -0.011  1.000 -0.810  0.643 -0.930  0.027
       21  0.90934  -0.170  0.240 -0.063 -0.810  1.000 -0.667  0.739 -0.388
       22  0.71977   0.167 -0.052 -0.109  0.643 -0.667  1.000 -0.596  0.259
       23  0.93669  -0.010  0.211  0.005 -0.930  0.739 -0.596  1.000 -0.086
       24  0.67960   0.149  0.040 -0.014  0.027 -0.388  0.259 -0.086  1.000
 ERR MATRIX APPROXIMATE
MINUIT - FIT ONLY 1-CBO + wiggle
 **********
 **   16 **RES 
 **********
                   PARAMETER   16  beta_vw RESTORED TO VARIABLE.
                   PARAMETER   14  alpha_vw RESTORED TO VARIABLE.
                   PARAMETER   13  beta_y RESTORED TO VARIABLE.
                   PARAMETER   11  alpha_y RESTORED TO VARIABLE.
                   PARAMETER   10  beta_2CBO RESTORED TO VARIABLE.
                   PARAMETER    9  alpha_2CBO RESTORED TO VARIABLE.
                   PARAMETER    8  beta_CBO RESTORED TO VARIABLE.
                   PARAMETER    6  alpha_CBO RESTORED TO VARIABLE.
 **********
 **   17 **FIX            8
 **********
 **********
 **   18 **FIX            9
 **********
 **********
 **   19 **FIX           11
 **********
 **********
 **   20 **FIX           12
 **********
 PARAMETER   12  IS CONSTANT.   IGNORED.
 **********
 **   21 **FIX           14
 **********
 **********
 **   22 **FIX           15
 **********
 PARAMETER   15  IS CONSTANT.   IGNORED.
 **********
 **   23 **FIX           16
 **********
 **********
 **   24 **MIGRAD
 **********
 START MIGRAD MINIMIZATION.  STRATEGY  1.  CONVERGENCE WHEN EDM .LT. 1.00e-04
 FCN=62.8847 FROM MIGRAD    STATUS=INITIATE       26 CALLS        1354 TOTAL
                     EDM= unknown      STRATEGY= 1      NO ERROR MATRIX       
  EXT PARAMETER               CURRENT GUESS       STEP         FIRST   
  NO.   NAME      VALUE            ERROR          SIZE      DERIVATIVE 
   1  N0           2.88348e+06   2.62629e+03  -8.30293e+00   4.17156e-06
   2  tau          6.44131e+01   constant   
   3  A0           3.55338e-01   1.13246e-03  -2.90003e-05  -1.45990e+01
   4  phi          4.12408e+00   3.29591e-03  -5.83312e-06   4.24203e+00
   5  R           -6.09726e+01   constant   
   6  alpha_CBO    0.00000e+00   1.00000e-03   1.00000e-03   2.06032e+03
   7  w_CBO        2.32500e+00   constant   
   8  beta_CBO     0.00000e+00     fixed    
   9  alpha_2CBO   0.00000e+00     fixed    
  10  beta_2CBO    0.00000e+00   1.00000e-03   1.00000e-03   1.36553e+03
  11  alpha_y      0.00000e+00     fixed    
  12  w_y          1.44500e+01   constant   
  13  beta_y       0.00000e+00   1.00000e-03   1.00000e-03  -2.86620e+02
  14  alpha_vw     0.00000e+00     fixed    
  15  w_vw         1.29000e+01   constant   
  16  beta_vw      0.00000e+00     fixed    
  17  LM           2.63157e-04   constant   
  18  zeta_y       0.00000e+00   constant   
  19  zeta_vw      0.00000e+00   constant   
  20  T_CBO        3.33560e+02   3.67277e+02   3.93300e-02   8.08588e-02
  21  alpha_A0     2.34188e-02   3.76141e-02  -9.13309e-04   3.55255e+00
  22  beta_A0     -7.69568e-03   2.79336e-02   4.77235e-04   1.66154e+00
  23  alpha_phi    2.71415e-02   4.47476e-02  -1.09831e-03   1.23911e+00
  24  beta_phi     3.74120e-03   3.04833e-02   3.90312e-05   1.54482e+00
 MIGRAD MINIMIZATION HAS CONVERGED.
 FCN=60.0818 FROM MIGRAD    STATUS=CONVERGED     739 CALLS        2067 TOTAL
                     EDM=6.49974e-06    STRATEGY= 1  ERROR MATRIX UNCERTAINTY   0.6 per cent
  EXT PARAMETER                                   STEP         FIRST   
  NO.   NAME      VALUE            ERROR          SIZE      DERIVATIVE 
   1  N0           2.88337e+06   2.63766e+03  -4.31722e+00  -1.58065e-07
   2  tau          6.44131e+01   constant   
   3  A0           3.55211e-01   1.08569e-03   7.09450e-07   1.16696e+00
   4  phi          4.12500e+00   3.54448e-03  -1.55922e-06  -4.75564e-02
   5  R           -6.09726e+01   constant   
   6  alpha_CBO   -1.86109e-03   1.33191e-03   1.55748e-06   3.46679e-01
   7  w_CBO        2.32500e+00   constant   
   8  beta_CBO     0.00000e+00     fixed    
   9  alpha_2CBO   0.00000e+00     fixed    
  10  beta_2CBO   -1.17214e-03   1.29874e-03  -1.79457e-06  -2.49724e-01
  11  alpha_y      0.00000e+00     fixed    
  12  w_y          1.44500e+01   constant   
  13  beta_y       2.33426e-04   1.26630e-03   1.27704e-06   1.34254e+00
  14  alpha_vw     0.00000e+00     fixed    
  15  w_vw         1.29000e+01   constant   
  16  beta_vw      0.00000e+00     fixed    
  17  LM           2.63157e-04   constant   
  18  zeta_y       0.00000e+00   constant   
  19  zeta_vw      0.00000e+00   constant   
  20  T_CBO        9.99718e+02   6.63753e+02   3.90600e-02  -3.71035e-04
  21  alpha_A0     9.01153e-03   9.28301e-03  -4.79219e-06  -2.28239e-01
  22  beta_A0     -3.24456e-03   7.74167e-03  -7.66546e-06  -6.75191e-02
  23  alpha_phi    9.65970e-03   7.48352e-03   2.99674e-05  -4.89228e-02
  24  beta_phi     1.35331e-03   6.55875e-03  -1.47295e-05  -3.40188e-01
 EXTERNAL ERROR MATRIX.    NDIM=  25    NPAR= 11    ERR DEF=1
  6.957e+06 
  5.120e-01  1.179e-06 
 -3.974e-01 -1.394e-07  1.256e-05 
  6.514e-02  1.601e-07 -8.936e-07  1.774e-06 
  4.036e-02 -4.311e-08  3.015e-08  2.470e-08  1.687e-06 
  2.815e-02  8.298e-10 -7.264e-08 -3.070e-09 -4.092e-09  1.604e-06 
 -1.690e+04  1.024e-02 -2.093e-03  1.102e-02 -1.167e-02  9.506e-03  5.336e+04 
 -2.749e+00 -1.564e-07 -4.452e-06  7.291e-07  1.002e-06  2.553e-07 -8.211e-01  8.617e-05 
  3.084e+00  2.471e-07 -4.242e-06  4.144e-07 -1.192e-06  3.243e-07  1.683e-01  7.668e-06  5.993e-05 
  1.673e+00 -3.513e-07 -1.766e-06  1.941e-06  9.272e-07 -7.273e-08 -5.836e-01  2.091e-05 -7.830e-07  5.600e-05 
  1.770e+00  5.499e-08 -3.491e-07 -1.695e-07  7.944e-07  6.887e-08 -1.761e-01 -1.835e-06 -1.517e-06  1.798e-06  4.302e-05 
 PARAMETER  CORRELATION COEFFICIENTS  
       NO.  GLOBAL      1      3      4      6     10     13     20     21     22     23     24
        1  0.32234   1.000  0.179 -0.043  0.019  0.012  0.008 -0.028 -0.112  0.151  0.085  0.102
        3  0.22869   0.179  1.000 -0.036  0.111 -0.031  0.001  0.041 -0.016  0.029 -0.043  0.008
        4  0.26905  -0.043 -0.036  1.000 -0.189  0.007 -0.016 -0.003 -0.135 -0.155 -0.067 -0.015
        6  0.30469   0.019  0.111 -0.189  1.000  0.014 -0.002  0.036  0.059  0.040  0.195 -0.019
       10  0.19828   0.012 -0.031  0.007  0.014  1.000 -0.002 -0.039  0.083 -0.119  0.095  0.093
       13  0.05901   0.008  0.001 -0.016 -0.002 -0.002  1.000  0.032  0.022  0.033 -0.008  0.008
       20  0.49553  -0.028  0.041 -0.003  0.036 -0.039  0.032  1.000 -0.383  0.094 -0.338 -0.116
       21  0.49776  -0.112 -0.016 -0.135  0.059  0.083  0.022 -0.383  1.000  0.107  0.301 -0.030
       22  0.31063   0.151  0.029 -0.155  0.040 -0.119  0.033  0.094  0.107  1.000 -0.014 -0.030
       23  0.45189   0.085 -0.043 -0.067  0.195  0.095 -0.008 -0.338  0.301 -0.014  1.000  0.037
       24  0.19473   0.102  0.008 -0.015 -0.019  0.093  0.008 -0.116 -0.030 -0.030  0.037  1.000
MINUIT - FIT ONLY 2-CBO
 **********
 **   25 **RES 
 **********
                   PARAMETER   16  beta_vw RESTORED TO VARIABLE.
                   PARAMETER   14  alpha_vw RESTORED TO VARIABLE.
                   PARAMETER   11  alpha_y RESTORED TO VARIABLE.
                   PARAMETER    9  alpha_2CBO RESTORED TO VARIABLE.
                   PARAMETER    8  beta_CBO RESTORED TO VARIABLE.
 **********
 **   26 **FIX            0
 **********
 PARAMETER    0  IS UNDEFINED. IGNORED.
 **********
 **   27 **FIX            1
 **********
 **********
 **   28 **FIX            2
 **********
 PARAMETER    2  IS CONSTANT.   IGNORED.
 **********
 **   29 **FIX            3
 **********
 **********
 **   30 **FIX            4
 **********
 **********
 **   31 **FIX            5
 **********
 PARAMETER    5  IS CONSTANT.   IGNORED.
 **********
 **   32 **FIX            6
 **********
 **********
 **   33 **FIX            7
 **********
 PARAMETER    7  IS CONSTANT.   IGNORED.
 **********
 **   34 **FIX           10
 **********
 **********
 **   35 **FIX           11
 **********
 **********
 **   36 **FIX           12
 **********
 PARAMETER   12  IS CONSTANT.   IGNORED.
 **********
 **   37 **FIX           13
 **********
 **********
 **   38 **FIX           14
 **********
 **********
 **   39 **FIX           15
 **********
 PARAMETER   15  IS CONSTANT.   IGNORED.
 **********
 **   40 **FIX           16
 **********
 **********
 **   41 **MIGRAD
 **********
 START MIGRAD MINIMIZATION.  STRATEGY  1.  CONVERGENCE WHEN EDM .LT. 1.00e-04
 FCN=60.0818 FROM MIGRAD    STATUS=INITIATE       18 CALLS        2085 TOTAL
                     EDM= unknown      STRATEGY= 1      NO ERROR MATRIX       
  EXT PARAMETER               CURRENT GUESS       STEP         FIRST   
  NO.   NAME      VALUE            ERROR          SIZE      DERIVATIVE 
   1  N0           2.88337e+06     fixed    
   2  tau          6.44131e+01   constant   
   3  A0           3.55211e-01     fixed    
   4  phi          4.12500e+00     fixed    
   5  R           -6.09726e+01   constant   
   6  alpha_CBO   -1.86109e-03     fixed    
   7  w_CBO        2.32500e+00   constant   
   8  beta_CBO     0.00000e+00   1.00000e-03   1.00000e-03   3.64973e+03
   9  alpha_2CBO   0.00000e+00   1.00000e-03   1.00000e-03   1.16241e+03
  10  beta_2CBO   -1.17214e-03     fixed    
  11  alpha_y      0.00000e+00     fixed    
  12  w_y          1.44500e+01   constant   
  13  beta_y       2.33426e-04     fixed    
  14  alpha_vw     0.00000e+00     fixed    
  15  w_vw         1.29000e+01   constant   
  16  beta_vw      0.00000e+00     fixed    
  17  LM           2.63157e-04   constant   
  18  zeta_y       0.00000e+00   constant   
  19  zeta_vw      0.00000e+00   constant   
  20  T_CBO        9.99718e+02   6.63753e+02   3.90600e-02  -3.74594e-04
  21  alpha_A0     9.01153e-03   9.28301e-03  -4.79219e-06  -2.28240e-01
  22  beta_A0     -3.24456e-03   7.74167e-03  -7.66546e-06  -6.75198e-02
  23  alpha_phi    9.65970e-03   7.48352e-03   2.99674e-05  -4.89228e-02
  24  beta_phi     1.35331e-03   6.55875e-03  -1.47295e-05  -3.40188e-01
 MIGRAD MINIMIZATION HAS CONVERGED.
 MIGRAD WILL VERIFY CONVERGENCE AND ERROR MATRIX.
 COVARIANCE MATRIX CALCULATED SUCCESSFULLY
 FCN=53.8558 FROM MIGRAD    STATUS=CONVERGED     131 CALLS        2198 TOTAL
                     EDM=1.28429e-07    STRATEGY= 1      ERROR MATRIX ACCURATE 
  EXT PARAMETER                                   STEP         FIRST   
  NO.   NAME      VALUE            ERROR          SIZE      DERIVATIVE 
   1  N0           2.88337e+06     fixed    
   2  tau          6.44131e+01   constant   
   3  A0           3.55211e-01     fixed    
   4  phi          4.12500e+00     fixed    
   5  R           -6.09726e+01   constant   
   6  alpha_CBO   -1.86109e-03     fixed    
   7  w_CBO        2.32500e+00   constant   
   8  beta_CBO    -3.12157e-03   1.31248e-03   4.61609e-06   2.65601e-02
   9  alpha_2CBO  -9.12305e-04   1.29867e-03   4.59951e-06  -1.78633e-01
  10  beta_2CBO   -1.17214e-03     fixed    
  11  alpha_y      0.00000e+00     fixed    
  12  w_y          1.44500e+01   constant   
  13  beta_y       2.33426e-04     fixed    
  14  alpha_vw     0.00000e+00     fixed    
  15  w_vw         1.29000e+01   constant   
  16  beta_vw      0.00000e+00     fixed    
  17  LM           2.63157e-04   constant   
  18  zeta_y       0.00000e+00   constant   
  19  zeta_vw      0.00000e+00   constant   
  20  T_CBO        1.00000e+03   8.73495e+02   4.45314e-02** at limit **
  21  alpha_A0     9.80937e-03   7.57511e-03   2.67766e-05  -1.08417e-02
  22  beta_A0     -1.78302e-03   7.39057e-03   2.61720e-05  -5.09031e-03
  23  alpha_phi    9.84840e-03   6.51288e-03   2.32778e-05   7.21842e-02
  24  beta_phi    -1.96772e-03   6.68213e-03   2.34093e-05  -4.80112e-03
 EXTERNAL ERROR MATRIX.    NDIM=  25    NPAR=  7    ERR DEF=1
  1.723e-06 -3.702e-08 -1.400e-08 -5.577e-08 -3.995e-07 -3.118e-07  2.013e-06 
 -3.702e-08  1.687e-06  7.251e-09 -1.190e-06 -1.295e-06  6.527e-07 -5.959e-07 
 -1.400e-08  7.251e-09  6.278e-02  1.577e-04 -2.800e-05  1.581e-04 -3.236e-05 
 -5.577e-08 -1.190e-06  1.577e-04  5.738e-05  8.292e-06  3.427e-06 -6.899e-07 
 -3.995e-07 -1.295e-06 -2.800e-05  8.292e-06  5.462e-05 -3.444e-07 -2.636e-06 
 -3.118e-07  6.527e-07  1.581e-04  3.427e-06 -3.444e-07  4.242e-05 -2.385e-06 
  2.013e-06 -5.959e-07 -3.236e-05 -6.899e-07 -2.636e-06 -2.385e-06  4.465e-05 
 PARAMETER  CORRELATION COEFFICIENTS  
       NO.  GLOBAL      8      9     20     21     22     23     24
        8  0.23280   1.000 -0.022 -0.000 -0.006 -0.041 -0.036  0.229
        9  0.20223  -0.022  1.000  0.000 -0.121 -0.135  0.077 -0.069
       20  0.12722  -0.000  0.000  1.000  0.083 -0.015  0.097 -0.019
       21  0.21125  -0.006 -0.121  0.083  1.000  0.148  0.069 -0.014
       22  0.20285  -0.041 -0.135 -0.015  0.148  1.000 -0.007 -0.053
       23  0.15253  -0.036  0.077  0.097  0.069 -0.007  1.000 -0.055
       24  0.24821   0.229 -0.069 -0.019 -0.014 -0.053 -0.055  1.000
MINUIT - FIT wiggle + 1-CBO + 2-CBO
 **********
 **   42 **RES 
 **********
                   PARAMETER   16  beta_vw RESTORED TO VARIABLE.
                   PARAMETER   14  alpha_vw RESTORED TO VARIABLE.
                   PARAMETER   13  beta_y RESTORED TO VARIABLE.
                   PARAMETER   11  alpha_y RESTORED TO VARIABLE.
                   PARAMETER   10  beta_2CBO RESTORED TO VARIABLE.
                   PARAMETER    6  alpha_CBO RESTORED TO VARIABLE.
                   PARAMETER    4  phi RESTORED TO VARIABLE.
                   PARAMETER    3  A0 RESTORED TO VARIABLE.
                   PARAMETER    1  N0 RESTORED TO VARIABLE.
 **********
 **   43 **FIX           10
 **********
 **********
 **   44 **FIX           11
 **********
 **********
 **   45 **FIX           12
 **********
 PARAMETER   12  IS CONSTANT.   IGNORED.
 **********
 **   46 **FIX           13
 **********
 **********
 **   47 **FIX           14
 **********
 **********
 **   48 **FIX           15
 **********
 PARAMETER   15  IS CONSTANT.   IGNORED.
 **********
 **   49 **FIX           16
 **********
 **********
 **   50 **MIGRAD
 **********
 START MIGRAD MINIMIZATION.  STRATEGY  1.  CONVERGENCE WHEN EDM .LT. 1.00e-04
 FCN=53.8558 FROM MIGRAD    STATUS=INITIATE       22 CALLS        2220 TOTAL
                     EDM= unknown      STRATEGY= 1      NO ERROR MATRIX       
  EXT PARAMETER               CURRENT GUESS       STEP         FIRST   
  NO.   NAME      VALUE            ERROR          SIZE      DERIVATIVE 
   1  N0           2.88337e+06   2.63766e+03   2.63766e+03   2.39357e-06
   2  tau          6.44131e+01   constant   
   3  A0           3.55211e-01   1.08569e-03   1.08569e-03   5.07005e+02
   4  phi          4.12500e+00   3.54448e-03   3.54448e-03   2.79719e+02
   5  R           -6.09726e+01   constant   
   6  alpha_CBO   -1.86109e-03   1.33191e-03   1.33191e-03   8.14998e+01
   7  w_CBO        2.32500e+00   constant   
   8  beta_CBO    -3.12157e-03   1.31248e-03   4.61609e-06   2.65032e-02
   9  alpha_2CBO  -9.12305e-04   1.29867e-03   4.59951e-06  -1.78615e-01
  10  beta_2CBO   -1.17214e-03     fixed    
  11  alpha_y      0.00000e+00     fixed    
  12  w_y          1.44500e+01   constant   
  13  beta_y       2.33426e-04     fixed    
  14  alpha_vw     0.00000e+00     fixed    
  15  w_vw         1.29000e+01   constant   
  16  beta_vw      0.00000e+00     fixed    
  17  LM           2.63157e-04   constant   
  18  zeta_y       0.00000e+00   constant   
  19  zeta_vw      0.00000e+00   constant   
  20  T_CBO        9.99999e+02   8.73495e+02   4.45314e-02  -1.90336e-05
  21  alpha_A0     9.80937e-03   7.57511e-03   2.67766e-05  -1.09698e-02
  22  beta_A0     -1.78302e-03   7.39057e-03   2.61720e-05  -5.04271e-03
  23  alpha_phi    9.84840e-03   6.51288e-03   2.32778e-05   7.20197e-02
  24  beta_phi    -1.96772e-03   6.68213e-03   2.34093e-05  -4.77175e-03
 MIGRAD MINIMIZATION HAS CONVERGED.
 MIGRAD WILL VERIFY CONVERGENCE AND ERROR MATRIX.
 COVARIANCE MATRIX CALCULATED SUCCESSFULLY
 FCN=53.5022 FROM MIGRAD    STATUS=CONVERGED     218 CALLS        2416 TOTAL
                     EDM=8.51684e-06    STRATEGY= 1      ERROR MATRIX ACCURATE 
  EXT PARAMETER                                   STEP         FIRST   
  NO.   NAME      VALUE            ERROR          SIZE      DERIVATIVE 
   1  N0           2.88317e+06   2.78709e+03   8.57865e+00  -9.60633e-07
   2  tau          6.44131e+01   constant   
   3  A0           3.54862e-01   1.14168e-03   3.94264e-06  -1.70927e-01
   4  phi          4.12311e+00   3.70359e-03   1.25958e-05   1.38694e-01
   5  R           -6.09726e+01   constant   
   6  alpha_CBO   -1.85674e-03   1.35074e-03   4.62925e-06  -2.05571e+00
   7  w_CBO        2.32500e+00   constant   
   8  beta_CBO    -3.30050e-03   1.34687e-03   4.60129e-06   2.59464e-01
   9  alpha_2CBO  -9.59036e-04   1.30193e-03   4.58468e-06  -6.84683e-01
  10  beta_2CBO   -1.17214e-03     fixed    
  11  alpha_y      0.00000e+00     fixed    
  12  w_y          1.44500e+01   constant   
  13  beta_y       2.33426e-04     fixed    
  14  alpha_vw     0.00000e+00     fixed    
  15  w_vw         1.29000e+01   constant   
  16  beta_vw      0.00000e+00     fixed    
  17  LM           2.63157e-04   constant   
  18  zeta_y       0.00000e+00   constant   
  19  zeta_vw      0.00000e+00   constant   
  20  T_CBO        1.00000e+03   9.60178e+02   5.20285e-02** at limit **
  21  alpha_A0     1.06141e-02   7.81671e-03   2.67107e-05  -8.80717e-02
  22  beta_A0     -1.15926e-03   7.58028e-03   2.60965e-05   8.40926e-02
  23  alpha_phi    1.00333e-02   6.75822e-03   2.32247e-05   1.03040e-03
  24  beta_phi    -2.13066e-03   6.73775e-03   2.33598e-05   5.12692e-02
 EXTERNAL ERROR MATRIX.    NDIM=  25    NPAR= 11    ERR DEF=1
  7.768e+06 
  7.083e-01  1.303e-06 
 -1.352e-02  7.144e-08  1.372e-05 
  5.685e-02  1.790e-07 -9.018e-07  1.825e-06 
  1.037e-01  1.923e-07  9.325e-07 -2.243e-10  1.814e-06 
  2.697e-02 -2.680e-09  3.379e-07 -1.084e-08 -1.442e-08  1.695e-06 
 -5.011e-03 -4.319e-08 -1.714e-08  2.907e-10 -1.024e-08  1.365e-09  2.927e-03 
 -3.228e+00 -4.572e-07 -5.115e-06  6.790e-07 -4.610e-07 -1.322e-06  4.440e-05  6.110e-05 
  3.096e+00  2.100e-08 -4.605e-06  3.418e-07 -6.892e-07 -1.397e-06 -4.624e-06  8.756e-06  5.746e-05 
  1.913e+00 -1.814e-07 -1.635e-06  2.029e-06 -4.084e-07  6.370e-07  4.197e-05  3.996e-06  1.063e-06  4.567e-05 
  2.048e+00  2.704e-07  7.615e-07 -2.935e-07  2.105e-06 -5.718e-07 -9.099e-06 -1.980e-06 -2.037e-06 -2.352e-06  4.540e-05 
 PARAMETER  CORRELATION COEFFICIENTS  
       NO.  GLOBAL      1      3      4      6      8      9     20     21     22     23     24
        1  0.35052   1.000  0.223 -0.001  0.015  0.028  0.007 -0.000 -0.148  0.147  0.102  0.109
        3  0.28676   0.223  1.000  0.017  0.116  0.125 -0.002 -0.001 -0.051  0.002 -0.024  0.035
        4  0.33147  -0.001  0.017  1.000 -0.180  0.187  0.070 -0.000 -0.177 -0.164 -0.065  0.031
        6  0.30999   0.015  0.116 -0.180  1.000 -0.000 -0.006  0.000  0.064  0.033  0.222 -0.032
        8  0.31912   0.028  0.125  0.187 -0.000  1.000 -0.008 -0.000 -0.044 -0.068 -0.045  0.232
        9  0.21376   0.007 -0.002  0.070 -0.006 -0.008  1.000  0.000 -0.130 -0.142  0.072 -0.065
       20  0.15823  -0.000 -0.001 -0.000  0.000 -0.000  0.000  1.000  0.105 -0.011  0.115 -0.025
       21  0.31843  -0.148 -0.051 -0.177  0.064 -0.044 -0.130  0.105  1.000  0.148  0.076 -0.038
       22  0.29649   0.147  0.002 -0.164  0.033 -0.068 -0.142 -0.011  0.148  1.000  0.021 -0.040
       23  0.30198   0.102 -0.024 -0.065  0.222 -0.045  0.072  0.115  0.076  0.021  1.000 -0.052
       24  0.27384   0.109  0.035  0.031 -0.032  0.232 -0.065 -0.025 -0.038 -0.040 -0.052  1.000
MINUIT - FIT ONLY 1-y
 **********
 **   51 **RES 
 **********
                   PARAMETER   16  beta_vw RESTORED TO VARIABLE.
                   PARAMETER   14  alpha_vw RESTORED TO VARIABLE.
                   PARAMETER   13  beta_y RESTORED TO VARIABLE.
                   PARAMETER   11  alpha_y RESTORED TO VARIABLE.
                   PARAMETER   10  beta_2CBO RESTORED TO VARIABLE.
 **********
 **   52 **FIX            0
 **********
 PARAMETER    0  IS UNDEFINED. IGNORED.
 **********
 **   53 **FIX            1
 **********
 **********
 **   54 **FIX            2
 **********
 PARAMETER    2  IS CONSTANT.   IGNORED.
 **********
 **   55 **FIX            3
 **********
 **********
 **   56 **FIX            4
 **********
 **********
 **   57 **FIX            5
 **********
 PARAMETER    5  IS CONSTANT.   IGNORED.
 **********
 **   58 **FIX            6
 **********
 **********
 **   59 **FIX            7
 **********
 PARAMETER    7  IS CONSTANT.   IGNORED.
 **********
 **   60 **FIX            8
 **********
 **********
 **   61 **FIX            9
 **********
 **********
 **   62 **FIX           13
 **********
 **********
 **   63 **FIX           14
 **********
 **********
 **   64 **FIX           15
 **********
 PARAMETER   15  IS CONSTANT.   IGNORED.
 **********
 **   65 **FIX           16
 **********
 **********
 **   66 **MIGRAD
 **********
 START MIGRAD MINIMIZATION.  STRATEGY  1.  CONVERGENCE WHEN EDM .LT. 1.00e-04
 FCN=53.5022 FROM MIGRAD    STATUS=INITIATE       16 CALLS        2432 TOTAL
                     EDM= unknown      STRATEGY= 1      NO ERROR MATRIX       
  EXT PARAMETER               CURRENT GUESS       STEP         FIRST   
  NO.   NAME      VALUE            ERROR          SIZE      DERIVATIVE 
   1  N0           2.88317e+06     fixed    
   2  tau          6.44131e+01   constant   
   3  A0           3.54862e-01     fixed    
   4  phi          4.12311e+00     fixed    
   5  R           -6.09726e+01   constant   
   6  alpha_CBO   -1.85674e-03     fixed    
   7  w_CBO        2.32500e+00   constant   
   8  beta_CBO    -3.30050e-03     fixed    
   9  alpha_2CBO  -9.59036e-04     fixed    
  10  beta_2CBO   -1.17214e-03   1.29874e-03   1.29874e-03  -6.59617e+01
  11  alpha_y      0.00000e+00   1.00000e-03   1.00000e-03   7.65563e+02
  12  w_y          1.44500e+01   constant   
  13  beta_y       2.33426e-04     fixed    
  14  alpha_vw     0.00000e+00     fixed    
  15  w_vw         1.29000e+01   constant   
  16  beta_vw      0.00000e+00     fixed    
  17  LM           2.63157e-04   constant   
  18  zeta_y       0.00000e+00   constant   
  19  zeta_vw      0.00000e+00   constant   
  20  T_CBO        9.99999e+02   9.60178e+02   5.20285e-02  -1.71879e-05
  21  alpha_A0     1.06141e-02   7.81671e-03   2.67107e-05  -8.82076e-02
  22  beta_A0     -1.15926e-03   7.58028e-03   2.60965e-05   8.41299e-02
  23  alpha_phi    1.00333e-02   6.75822e-03   2.32247e-05   8.63591e-04
  24  beta_phi    -2.13066e-03   6.73775e-03   2.33598e-05   5.13004e-02
 MIGRAD MINIMIZATION HAS CONVERGED.
 MIGRAD WILL VERIFY CONVERGENCE AND ERROR MATRIX.
 COVARIANCE MATRIX CALCULATED SUCCESSFULLY
 FCN=53.2569 FROM MIGRAD    STATUS=CONVERGED      97 CALLS        2513 TOTAL
                     EDM=1.93925e-06    STRATEGY= 1      ERROR MATRIX ACCURATE 
  EXT PARAMETER                                   STEP         FIRST   
  NO.   NAME      VALUE            ERROR          SIZE      DERIVATIVE 
   1  N0           2.88317e+06     fixed    
   2  tau          6.44131e+01   constant   
   3  A0           3.54862e-01     fixed    
   4  phi          4.12311e+00     fixed    
   5  R           -6.09726e+01   constant   
   6  alpha_CBO   -1.85674e-03     fixed    
   7  w_CBO        2.32500e+00   constant   
   8  beta_CBO    -3.30050e-03     fixed    
   9  alpha_2CBO  -9.59036e-04     fixed    
  10  beta_2CBO   -1.12138e-03   1.32270e-03   4.63591e-06   7.43086e-01
  11  alpha_y     -6.36402e-04   1.29015e-03   4.63827e-06   4.70778e-02
  12  w_y          1.44500e+01   constant   
  13  beta_y       2.33426e-04     fixed    
  14  alpha_vw     0.00000e+00     fixed    
  15  w_vw         1.29000e+01   constant   
  16  beta_vw      0.00000e+00     fixed    
  17  LM           2.63157e-04   constant   
  18  zeta_y       0.00000e+00   constant   
  19  zeta_vw      0.00000e+00   constant   
  20  T_CBO        1.00000e+03   9.84242e+02   5.76655e-02** at limit **
  21  alpha_A0     1.06131e-02   7.61103e-03   2.66502e-05  -9.39790e-02
  22  beta_A0     -1.12085e-03   7.37060e-03   2.60373e-05   4.23319e-02
  23  alpha_phi    1.00307e-02   6.55680e-03   2.31721e-05   1.18478e-01
  24  beta_phi    -2.12564e-03   6.53402e-03   2.33069e-05   2.04311e-01
 EXTERNAL ERROR MATRIX.    NDIM=  25    NPAR=  7    ERR DEF=1
  1.750e-06  2.016e-08 -7.355e-10  1.212e-06 -1.155e-06  8.665e-07  9.017e-07 
  2.016e-08  1.664e-06 -1.528e-10  1.084e-07 -2.053e-07  8.805e-08  7.355e-08 
 -7.355e-10 -1.528e-10  2.949e-06  1.584e-06 -1.593e-07  1.497e-06 -3.236e-07 
  1.212e-06  1.084e-07  1.584e-06  5.793e-05  6.522e-06  4.931e-06 -5.048e-07 
 -1.155e-06 -2.053e-07 -1.593e-07  6.522e-06  5.433e-05 -5.343e-07 -3.150e-06 
  8.665e-07  8.805e-08  1.497e-06  4.931e-06 -5.343e-07  4.299e-05 -1.448e-06 
  9.017e-07  7.355e-08 -3.236e-07 -5.048e-07 -3.150e-06 -1.448e-06  4.269e-05 
 PARAMETER  CORRELATION COEFFICIENTS  
       NO.  GLOBAL     10     11     20     21     22     23     24
       10  0.22444   1.000  0.012 -0.000  0.120 -0.118  0.100  0.104
       11  0.02887   0.012  1.000 -0.000  0.011 -0.022  0.010  0.009
       20  0.17724  -0.000 -0.000  1.000  0.121 -0.013  0.133 -0.029
       21  0.22847   0.120  0.011  0.121  1.000  0.116  0.099 -0.010
       22  0.18789  -0.118 -0.022 -0.013  0.116  1.000 -0.011 -0.065
       23  0.18576   0.100  0.010  0.133  0.099 -0.011  1.000 -0.034
       24  0.12811   0.104  0.009 -0.029 -0.010 -0.065 -0.034  1.000
MINUIT - FIT ONLY 2-y
 **********
 **   67 **RES 
 **********
                   PARAMETER   16  beta_vw RESTORED TO VARIABLE.
                   PARAMETER   14  alpha_vw RESTORED TO VARIABLE.
                   PARAMETER   13  beta_y RESTORED TO VARIABLE.
                   PARAMETER    9  alpha_2CBO RESTORED TO VARIABLE.
                   PARAMETER    8  beta_CBO RESTORED TO VARIABLE.
                   PARAMETER    6  alpha_CBO RESTORED TO VARIABLE.
                   PARAMETER    4  phi RESTORED TO VARIABLE.
                   PARAMETER    3  A0 RESTORED TO VARIABLE.
                   PARAMETER    1  N0 RESTORED TO VARIABLE.
 **********
 **   68 **FIX            0
 **********
 PARAMETER    0  IS UNDEFINED. IGNORED.
 **********
 **   69 **FIX            1
 **********
 **********
 **   70 **FIX            2
 **********
 PARAMETER    2  IS CONSTANT.   IGNORED.
 **********
 **   71 **FIX            3
 **********
 **********
 **   72 **FIX            4
 **********
 **********
 **   73 **FIX            5
 **********
 PARAMETER    5  IS CONSTANT.   IGNORED.
 **********
 **   74 **FIX            6
 **********
 **********
 **   75 **FIX            7
 **********
 PARAMETER    7  IS CONSTANT.   IGNORED.
 **********
 **   76 **FIX            8
 **********
 **********
 **   77 **FIX            9
 **********
 **********
 **   78 **FIX           10
 **********
 **********
 **   79 **FIX           11
 **********
 **********
 **   80 **FIX           12
 **********
 PARAMETER   12  IS CONSTANT.   IGNORED.
 **********
 **   81 **FIX           16
 **********
 **********
 **   82 **MIGRAD
 **********
 START MIGRAD MINIMIZATION.  STRATEGY  1.  CONVERGENCE WHEN EDM .LT. 1.00e-04
 FCN=53.2569 FROM MIGRAD    STATUS=INITIATE       16 CALLS        2529 TOTAL
                     EDM= unknown      STRATEGY= 1      NO ERROR MATRIX       
  EXT PARAMETER               CURRENT GUESS       STEP         FIRST   
  NO.   NAME      VALUE            ERROR          SIZE      DERIVATIVE 
   1  N0           2.88317e+06     fixed    
   2  tau          6.44131e+01   constant   
   3  A0           3.54862e-01     fixed    
   4  phi          4.12311e+00     fixed    
   5  R           -6.09726e+01   constant   
   6  alpha_CBO   -1.85674e-03     fixed    
   7  w_CBO        2.32500e+00   constant   
   8  beta_CBO    -3.30050e-03     fixed    
   9  alpha_2CBO  -9.59036e-04     fixed    
  10  beta_2CBO   -1.12138e-03     fixed    
  11  alpha_y     -6.36402e-04     fixed    
  12  w_y          1.44500e+01   constant   
  13  beta_y       2.33426e-04   1.26630e-03   1.26630e-03   2.28086e+01
  14  alpha_vw     0.00000e+00   1.00000e-03   1.00000e-03   1.09195e+03
  15  w_vw         1.29000e+01   constant   
  16  beta_vw      0.00000e+00     fixed    
  17  LM           2.63157e-04   constant   
  18  zeta_y       0.00000e+00   constant   
  19  zeta_vw      0.00000e+00   constant   
  20  T_CBO        9.99999e+02   9.84242e+02   5.76655e-02  -1.75379e-05
  21  alpha_A0     1.06131e-02   7.61103e-03   2.66502e-05  -9.41141e-02
  22  beta_A0     -1.12085e-03   7.37060e-03   2.60373e-05   4.23705e-02
  23  alpha_phi    1.00307e-02   6.55680e-03   2.31721e-05   1.18312e-01
  24  beta_phi    -2.12564e-03   6.53402e-03   2.33069e-05   2.04342e-01
 MIGRAD MINIMIZATION HAS CONVERGED.
 MIGRAD WILL VERIFY CONVERGENCE AND ERROR MATRIX.
 COVARIANCE MATRIX CALCULATED SUCCESSFULLY
 FCN=52.7711 FROM MIGRAD    STATUS=CONVERGED      97 CALLS        2610 TOTAL
                     EDM=6.79351e-06    STRATEGY= 1      ERROR MATRIX ACCURATE 
  EXT PARAMETER                                   STEP         FIRST   
  NO.   NAME      VALUE            ERROR          SIZE      DERIVATIVE 
   1  N0           2.88317e+06     fixed    
   2  tau          6.44131e+01   constant   
   3  A0           3.54862e-01     fixed    
   4  phi          4.12311e+00     fixed    
   5  R           -6.09726e+01   constant   
   6  alpha_CBO   -1.85674e-03     fixed    
   7  w_CBO        2.32500e+00   constant   
   8  beta_CBO    -3.30050e-03     fixed    
   9  alpha_2CBO  -9.59036e-04     fixed    
  10  beta_2CBO   -1.12138e-03     fixed    
  11  alpha_y     -6.36402e-04     fixed    
  12  w_y          1.44500e+01   constant   
  13  beta_y       2.05842e-04   1.27163e-03   4.55190e-06  -1.54490e+00
  14  alpha_vw    -8.89396e-04   1.27612e-03   4.56773e-06  -1.56613e-01
  15  w_vw         1.29000e+01   constant   
  16  beta_vw      0.00000e+00     fixed    
  17  LM           2.63157e-04   constant   
  18  zeta_y       0.00000e+00   constant   
  19  zeta_vw      0.00000e+00   constant   
  20  T_CBO        1.00000e+03   8.43208e+02   4.47506e-02** at limit **
  21  alpha_A0     1.06649e-02   7.53073e-03   2.65308e-05  -3.73660e-01
  22  beta_A0     -1.01909e-03   7.31913e-03   2.59195e-05   8.90751e-02
  23  alpha_phi    1.00399e-02   6.49681e-03   2.30682e-05  -1.05027e-01
  24  beta_phi    -2.15885e-03   6.49715e-03   2.32023e-05   1.40248e-01
 EXTERNAL ERROR MATRIX.    NDIM=  25    NPAR=  7    ERR DEF=1
  1.617e-06  1.442e-08 -2.533e-09  1.354e-07  1.550e-07  3.323e-08 -1.815e-08 
  1.442e-08  1.628e-06 -2.027e-09 -1.117e-07 -1.903e-07 -2.750e-08  5.872e-08 
 -2.533e-09 -2.027e-09  5.782e-02  1.633e-04 -1.481e-05  1.537e-04 -3.370e-05 
  1.354e-07 -1.117e-07  1.633e-04  5.671e-05  7.401e-06  3.960e-06 -1.062e-06 
  1.550e-07 -1.903e-07 -1.481e-05  7.401e-06  5.357e-05  9.399e-08 -2.568e-06 
  3.323e-08 -2.750e-08  1.537e-04  3.960e-06  9.399e-08  4.221e-05 -1.824e-06 
 -1.815e-08  5.872e-08 -3.370e-05 -1.062e-06 -2.568e-06 -1.824e-06  4.221e-05 
 PARAMETER  CORRELATION COEFFICIENTS  
       NO.  GLOBAL     13     14     20     21     22     23     24
       13  0.02283   1.000  0.009 -0.000  0.014  0.017  0.004 -0.002
       14  0.02497   0.009  1.000 -0.000 -0.012 -0.020 -0.003  0.007
       20  0.13101  -0.000 -0.000  1.000  0.090 -0.008  0.098 -0.022
       21  0.17848   0.014 -0.012  0.090  1.000  0.134  0.081 -0.022
       22  0.14749   0.017 -0.020 -0.008  0.134  1.000  0.002 -0.054
       23  0.12880   0.004 -0.003  0.098  0.081  0.002  1.000 -0.043
       24  0.07226  -0.002  0.007 -0.022 -0.022 -0.054 -0.043  1.000
