 + ++++++++++++++++++++++++++++++++++++++++++++++++++++++++++++++++++++ +
 +                                                                      +
 +           You have chose to blind your fitting according to          +
 +                omega_ref * (1 + (R +/- deltaR) *10^{-6})             +
 +                                                                      +
 + ++++++++++++++++++++++++++++++++++++++++++++++++++++++++++++++++++++ +
In main()...
reading format from /gm2data/zkhechad/run45/envelope/formats/formatB_sBin_constraintOn.txt
pBinTau 	= 0  
pBinPhi 	= 0  
constraintau 	= 1 
includeMopTerm 	= 0    
constrainMop    = 0   
Parameters after format file: pBinTau 0 pBinPhi 0 constraintau 1 includeMopTerm 0 constrainMop 0 c_e_scale 0.000000 
Opening file /gm2data/tbarrett/gm2fr/studies/run23_bunch_corrections/CorrectedFourier_Run3b.root.
reading full fit data from /gm2data/zkhechad/cboTemplates/Run4CBOTemplates/fullFits/noRF/sBin_constraintOn_cE0.0_seed0_noRF_calo0.root
windowBins = 69
fitting sliding window 2170 from bin 2306 at 343.906000 to bin 2375 at 354.350000 (69 bins)

Reading data from /gm2data/cornell/histograms/aMethod/histogram_a_noRF.root
 **********
 **    1 **SET PRINTOUT            1
 **********
 **********
 **    2 **SET NOWARNINGS 
 **********
 PARAMETER DEFINITIONS:
    NO.   NAME         VALUE      STEP SIZE      LIMITS
     1 N0           7.53894e+07  1.00000e+02     no limits
     2 tau          6.44000e+01  constant
     3 A0           3.53538e-01  1.00000e-04     no limits
     4 phi          4.11945e+00  1.00000e-02     no limits
     5 R           -6.07615e+01  constant
     6 alpha_CBO    0.00000e+00  1.00000e-03     no limits
     7 w_CBO        2.32500e+00  constant
     8 beta_CBO     0.00000e+00  1.00000e-03     no limits
     9 alpha_2CBO   0.00000e+00  1.00000e-03     no limits
    10 beta_2CBO    0.00000e+00  1.00000e-03     no limits
    11 alpha_y      0.00000e+00  1.00000e-03     no limits
    12 w_y          1.38860e+01  constant
    13 beta_y       0.00000e+00  1.00000e-03     no limits
    14 alpha_vw     0.00000e+00  1.00000e-03     no limits
    15 w_vw         1.43404e+01  constant
    16 beta_vw      0.00000e+00  1.00000e-03     no limits
    17 LM          -1.74374e-04  constant
    18 zeta_y       0.00000e+00  constant
    19 zeta_vw      0.00000e+00  constant
    20 T_CBO        1.00000e+02  1.00000e+00    0.00000e+00  1.00000e+03
    21 alpha_A0     0.00000e+00  1.00000e-03     no limits
    22 beta_A0      0.00000e+00  1.00000e-03     no limits
    23 alpha_phi    0.00000e+00  1.00000e-03     no limits
    24 beta_phi     0.00000e+00  1.00000e-03     no limits
MINUIT - FIT ONLY WIGGLE
 **********
 **    3 **FIX            5
 **********
 PARAMETER    5  IS CONSTANT.   IGNORED.
 **********
 **    4 **FIX            6
 **********
 **********
 **    5 **FIX            7
 **********
 PARAMETER    7  IS CONSTANT.   IGNORED.
 **********
 **    6 **FIX            8
 **********
 **********
 **    7 **FIX            9
 **********
 **********
 **    8 **FIX           10
 **********
 **********
 **    9 **FIX           11
 **********
 **********
 **   10 **FIX           12
 **********
 PARAMETER   12  IS CONSTANT.   IGNORED.
 **********
 **   11 **FIX           13
 **********
 **********
 **   12 **FIX           14
 **********
 **********
 **   13 **FIX           15
 **********
 PARAMETER   15  IS CONSTANT.   IGNORED.
 **********
 **   14 **FIX           16
 **********
 **********
 **   15 **MIGRAD
 **********
 FIRST CALL TO USER FUNCTION AT NEW START POINT, WITH IFLAG=4.
 START MIGRAD MINIMIZATION.  STRATEGY  1.  CONVERGENCE WHEN EDM .LT. 1.00e-04
 FCN=81.4042 FROM MIGRAD    STATUS=INITIATE      435 CALLS         436 TOTAL
                     EDM= unknown      STRATEGY= 1      NO ERROR MATRIX       
  EXT PARAMETER               CURRENT GUESS       STEP         FIRST   
  NO.   NAME      VALUE            ERROR          SIZE      DERIVATIVE 
   1  N0           7.53894e+07   1.00000e+02   0.00000e+00   1.79421e-04
   2  tau          6.44000e+01   constant   
   3  A0           3.53538e-01   1.00000e-04   0.00000e+00   3.03837e+03
   4  phi          4.11945e+00   1.00000e-02   0.00000e+00   2.93441e+01
   5  R           -6.07615e+01   constant   
   6  alpha_CBO    0.00000e+00     fixed    
   7  w_CBO        2.32500e+00   constant   
   8  beta_CBO     0.00000e+00     fixed    
   9  alpha_2CBO   0.00000e+00     fixed    
  10  beta_2CBO    0.00000e+00     fixed    
  11  alpha_y      0.00000e+00     fixed    
  12  w_y          1.38860e+01   constant   
  13  beta_y       0.00000e+00     fixed    
  14  alpha_vw     0.00000e+00     fixed    
  15  w_vw         1.43404e+01   constant   
  16  beta_vw      0.00000e+00     fixed    
  17  LM          -1.74374e-04   constant   
  18  zeta_y       0.00000e+00   constant   
  19  zeta_vw      0.00000e+00   constant   
  20  T_CBO        1.00000e+02   1.00000e+00   0.00000e+00   0.00000e+00
  21  alpha_A0     0.00000e+00   1.00000e-03   0.00000e+00  -4.28204e+01
  22  beta_A0      0.00000e+00   1.00000e-03   0.00000e+00  -6.32017e+01
  23  alpha_phi    0.00000e+00   1.00000e-03   0.00000e+00   2.63631e+02
  24  beta_phi     0.00000e+00   1.00000e-03   0.00000e+00   1.52135e+02
 CALL LIMIT EXCEEDED IN MIGRAD.
 MIGRAD TERMINATED WITHOUT CONVERGENCE.
 FCN=67.4544 FROM MIGRAD    STATUS=CALL LIMIT   1322 CALLS        1323 TOTAL
                     EDM=0.00135702    STRATEGY= 1  ERROR MATRIX UNCERTAINTY   6.2 per cent
  EXT PARAMETER                APPROXIMATE        STEP         FIRST   
  NO.   NAME      VALUE            ERROR          SIZE      DERIVATIVE 
   1  N0           7.53799e+07   9.74898e+03  -1.47341e+01  -2.55433e-06
   2  tau          6.44000e+01   constant   
   3  A0           3.53387e-01   1.71197e-04   1.88321e-07   8.70818e+01
   4  phi          4.11953e+00   4.92802e-04   7.02554e-07   2.94751e+01
   5  R           -6.07615e+01   constant   
   6  alpha_CBO    0.00000e+00     fixed    
   7  w_CBO        2.32500e+00   constant   
   8  beta_CBO     0.00000e+00     fixed    
   9  alpha_2CBO   0.00000e+00     fixed    
  10  beta_2CBO    0.00000e+00     fixed    
  11  alpha_y      0.00000e+00     fixed    
  12  w_y          1.38860e+01   constant   
  13  beta_y       0.00000e+00     fixed    
  14  alpha_vw     0.00000e+00     fixed    
  15  w_vw         1.43404e+01   constant   
  16  beta_vw      0.00000e+00     fixed    
  17  LM          -1.74374e-04   constant   
  18  zeta_y       0.00000e+00   constant   
  19  zeta_vw      0.00000e+00   constant   
  20  T_CBO        5.97517e+01   2.02015e+01   2.08425e-04  -2.54855e-01
  21  alpha_A0     8.82153e-02   1.91750e-01   3.28306e-04  -7.61875e-02
  22  beta_A0      9.84568e-02   2.27267e-01   3.41718e-04   4.77210e-02
  23  alpha_phi   -7.05698e-01   1.37186e+00  -3.17135e-04   3.10060e-02
  24  beta_phi    -4.83409e-01   9.16773e-01  -8.35691e-05   2.19971e-02
 EXTERNAL ERROR MATRIX.    NDIM=  25    NPAR=  8    ERR DEF=1
  9.504e+07  2.747e-01 -5.472e-01  8.685e+04 -6.552e+02 -8.257e+02  6.087e+03  4.051e+03 
  2.747e-01  2.931e-08  1.602e-09 -8.016e-04  7.599e-06  9.354e-06 -5.082e-05 -3.316e-05 
 -5.472e-01  1.602e-09  2.429e-07 -3.434e-03  3.051e-05  3.728e-05 -2.392e-04 -1.594e-04 
  8.685e+04 -8.016e-04 -3.434e-03  4.091e+02 -3.362e+00 -4.134e+00  2.747e+01  1.836e+01 
 -6.552e+02  7.599e-06  3.051e-05 -3.362e+00  3.677e-02  4.291e-02 -2.310e-01 -1.524e-01 
 -8.257e+02  9.354e-06  3.728e-05 -4.134e+00  4.291e-02  5.165e-02 -2.838e-01 -1.875e-01 
  6.087e+03 -5.082e-05 -2.392e-04  2.747e+01 -2.310e-01 -2.838e-01  1.882e+00  1.257e+00 
  4.051e+03 -3.316e-05 -1.594e-04  1.836e+01 -1.524e-01 -1.875e-01  1.257e+00  8.405e-01 
ERR MATRIX APPROXIMATE
 PARAMETER  CORRELATION COEFFICIENTS  
       NO.  GLOBAL      1      3      4     20     21     22     23     24
        1  0.55997   1.000  0.165 -0.114  0.440 -0.350 -0.373  0.455  0.453
        3  0.41938   0.165  1.000  0.019 -0.231  0.231  0.240 -0.216 -0.211
        4  0.36948  -0.114  0.019  1.000 -0.345  0.323  0.333 -0.354 -0.353
       20  0.99060   0.440 -0.231 -0.345  1.000 -0.867 -0.899  0.990  0.990
       21  0.98558  -0.350  0.231  0.323 -0.867  1.000  0.985 -0.878 -0.867
       22  0.98996  -0.373  0.240  0.333 -0.899  0.985  1.000 -0.910 -0.900
       23  0.99960   0.455 -0.216 -0.354  0.990 -0.878 -0.910  1.000  0.999
       24  0.99956   0.453 -0.211 -0.353  0.990 -0.867 -0.900  0.999  1.000
 ERR MATRIX APPROXIMATE
MINUIT - FIT ONLY 1-CBO + wiggle
 **********
 **   16 **RES 
 **********
                   PARAMETER   16  beta_vw RESTORED TO VARIABLE.
                   PARAMETER   14  alpha_vw RESTORED TO VARIABLE.
                   PARAMETER   13  beta_y RESTORED TO VARIABLE.
                   PARAMETER   11  alpha_y RESTORED TO VARIABLE.
                   PARAMETER   10  beta_2CBO RESTORED TO VARIABLE.
                   PARAMETER    9  alpha_2CBO RESTORED TO VARIABLE.
                   PARAMETER    8  beta_CBO RESTORED TO VARIABLE.
                   PARAMETER    6  alpha_CBO RESTORED TO VARIABLE.
 **********
 **   17 **FIX            8
 **********
 **********
 **   18 **FIX            9
 **********
 **********
 **   19 **FIX           11
 **********
 **********
 **   20 **FIX           12
 **********
 PARAMETER   12  IS CONSTANT.   IGNORED.
 **********
 **   21 **FIX           14
 **********
 **********
 **   22 **FIX           15
 **********
 PARAMETER   15  IS CONSTANT.   IGNORED.
 **********
 **   23 **FIX           16
 **********
 **********
 **   24 **MIGRAD
 **********
 START MIGRAD MINIMIZATION.  STRATEGY  1.  CONVERGENCE WHEN EDM .LT. 1.00e-04
 FCN=67.4544 FROM MIGRAD    STATUS=INITIATE       28 CALLS        1351 TOTAL
                     EDM= unknown      STRATEGY= 1      NO ERROR MATRIX       
  EXT PARAMETER               CURRENT GUESS       STEP         FIRST   
  NO.   NAME      VALUE            ERROR          SIZE      DERIVATIVE 
   1  N0           7.53799e+07   9.74898e+03  -1.47341e+01  -2.55433e-06
   2  tau          6.44000e+01   constant   
   3  A0           3.53387e-01   1.71197e-04   1.88321e-07   8.70818e+01
   4  phi          4.11953e+00   4.92802e-04   7.02554e-07   2.94751e+01
   5  R           -6.07615e+01   constant   
   6  alpha_CBO    0.00000e+00   1.00000e-03   1.00000e-03  -1.68692e+04
   7  w_CBO        2.32500e+00   constant   
   8  beta_CBO     0.00000e+00     fixed    
   9  alpha_2CBO   0.00000e+00     fixed    
  10  beta_2CBO    0.00000e+00   1.00000e-03   1.00000e-03  -2.12400e+04
  11  alpha_y      0.00000e+00     fixed    
  12  w_y          1.38860e+01   constant   
  13  beta_y       0.00000e+00   1.00000e-03   1.00000e-03  -3.15358e+03
  14  alpha_vw     0.00000e+00     fixed    
  15  w_vw         1.43404e+01   constant   
  16  beta_vw      0.00000e+00     fixed    
  17  LM          -1.74374e-04   constant   
  18  zeta_y       0.00000e+00   constant   
  19  zeta_vw      0.00000e+00   constant   
  20  T_CBO        5.97517e+01   2.02015e+01   2.08425e-04  -2.54859e-01
  21  alpha_A0     8.82153e-02   1.91750e-01   3.28306e-04  -7.61874e-02
  22  beta_A0      9.84568e-02   2.27267e-01   3.41718e-04   4.77211e-02
  23  alpha_phi   -7.05698e-01   1.37186e+00  -3.17135e-04   3.10060e-02
  24  beta_phi    -4.83409e-01   9.16773e-01  -8.35691e-05   2.19971e-02
 MIGRAD MINIMIZATION HAS CONVERGED.
 FCN=60.797 FROM MIGRAD    STATUS=CONVERGED     170 CALLS        1493 TOTAL
                     EDM=6.61488e-06    STRATEGY= 1  ERROR MATRIX UNCERTAINTY   6.6 per cent
  EXT PARAMETER                                   STEP         FIRST   
  NO.   NAME      VALUE            ERROR          SIZE      DERIVATIVE 
   1  N0           7.53818e+07   1.01086e+04  -3.57763e+01  -4.53608e-08
   2  tau          6.44000e+01   constant   
   3  A0           3.53450e-01   1.79185e-04   3.61764e-08   7.66739e+00
   4  phi          4.11971e+00   5.02761e-04   1.34259e-06   1.55497e+00
   5  R           -6.07615e+01   constant   
   6  alpha_CBO    3.10877e-04   1.86371e-04  -3.57883e-08  -5.43332e+00
   7  w_CBO        2.32500e+00   constant   
   8  beta_CBO     0.00000e+00     fixed    
   9  alpha_2CBO   0.00000e+00     fixed    
  10  beta_2CBO    3.73305e-04   1.83381e-04   4.28238e-08   2.61223e+00
  11  alpha_y      0.00000e+00     fixed    
  12  w_y          1.38860e+01   constant   
  13  beta_y       4.92636e-05   1.81265e-04   1.53291e-07  -2.26781e-01
  14  alpha_vw     0.00000e+00     fixed    
  15  w_vw         1.43404e+01   constant   
  16  beta_vw      0.00000e+00     fixed    
  17  LM          -1.74374e-04   constant   
  18  zeta_y       0.00000e+00   constant   
  19  zeta_vw      0.00000e+00   constant   
  20  T_CBO        5.94628e+01   2.86772e+00  -2.37868e-05   2.21045e-01
  21  alpha_A0     5.68970e-02   2.45938e-01  -6.29401e-04  -8.10236e-03
  22  beta_A0      1.98992e-01   2.40229e-01   2.98298e-05  -3.19147e-03
  23  alpha_phi   -7.12246e-01   2.26636e-01  -2.68018e-04   1.30909e-02
  24  beta_phi    -4.18103e-01   2.46176e-01  -5.41620e-04   9.81285e-04
 EXTERNAL ERROR MATRIX.    NDIM=  25    NPAR= 11    ERR DEF=1
  1.022e+08 
  1.822e-01  3.211e-08 
 -8.607e-01  6.386e-09  2.528e-07 
 -3.732e-02  4.757e-09  1.778e-08  3.473e-08 
  1.938e-01  2.339e-09  3.866e-09  1.839e-09  3.363e-08 
 -5.346e-02 -1.360e-09 -6.929e-10  2.850e-11 -2.608e-10  3.286e-08 
  8.334e+03 -3.986e-05 -3.203e-04 -6.976e-05  2.505e-05 -2.321e-05  8.224e+00 
  4.591e+02 -2.879e-06 -8.447e-06 -5.876e-06  1.476e-06  6.497e-07  1.479e-01  6.049e-02 
  3.865e+01  4.096e-06  9.086e-06  5.895e-06  5.045e-06 -5.477e-07 -7.844e-02 -3.929e-03  5.771e-02 
  7.881e+02 -2.044e-07 -2.586e-05  3.967e-07 -1.121e-06 -2.206e-06  2.785e-01  1.289e-02  1.082e-03  5.136e-02 
  6.919e+01  9.013e-06 -1.201e-06  4.291e-06  2.926e-06 -1.843e-06  1.426e-01  1.679e-03  7.235e-03  5.912e-03  6.060e-02 
 PARAMETER  CORRELATION COEFFICIENTS  
       NO.  GLOBAL      1      3      4      6     10     13     20     21     22     23     24
        1  0.43077   1.000  0.101 -0.169 -0.020  0.105 -0.029  0.287  0.185  0.016  0.344  0.028
        3  0.30718   0.101  1.000  0.071  0.142  0.071 -0.042 -0.078 -0.065  0.095 -0.005  0.204
        4  0.33608  -0.169  0.071  1.000  0.190  0.042 -0.008 -0.222 -0.068  0.075 -0.227 -0.010
        6  0.30910  -0.020  0.142  0.190  1.000  0.054  0.001 -0.131 -0.128  0.132  0.009  0.094
       10  0.20170   0.105  0.071  0.042  0.054  1.000 -0.008  0.048  0.033  0.115 -0.027  0.065
       13  0.08640  -0.029 -0.042 -0.008  0.001 -0.008  1.000 -0.045  0.015 -0.013 -0.054 -0.041
       20  0.54115   0.287 -0.078 -0.222 -0.131  0.048 -0.045  1.000  0.210 -0.114  0.428  0.202
       21  0.31280   0.185 -0.065 -0.068 -0.128  0.033  0.015  0.210  1.000 -0.066  0.231  0.028
       22  0.25935   0.016  0.095  0.075  0.132  0.115 -0.013 -0.114 -0.066  1.000  0.020  0.122
       23  0.53060   0.344 -0.005 -0.227  0.009 -0.027 -0.054  0.428  0.231  0.020  1.000  0.106
       24  0.34356   0.028  0.204 -0.010  0.094  0.065 -0.041  0.202  0.028  0.122  0.106  1.000
MINUIT - FIT ONLY 2-CBO
 **********
 **   25 **RES 
 **********
                   PARAMETER   16  beta_vw RESTORED TO VARIABLE.
                   PARAMETER   14  alpha_vw RESTORED TO VARIABLE.
                   PARAMETER   11  alpha_y RESTORED TO VARIABLE.
                   PARAMETER    9  alpha_2CBO RESTORED TO VARIABLE.
                   PARAMETER    8  beta_CBO RESTORED TO VARIABLE.
 **********
 **   26 **FIX            0
 **********
 PARAMETER    0  IS UNDEFINED. IGNORED.
 **********
 **   27 **FIX            1
 **********
 **********
 **   28 **FIX            2
 **********
 PARAMETER    2  IS CONSTANT.   IGNORED.
 **********
 **   29 **FIX            3
 **********
 **********
 **   30 **FIX            4
 **********
 **********
 **   31 **FIX            5
 **********
 PARAMETER    5  IS CONSTANT.   IGNORED.
 **********
 **   32 **FIX            6
 **********
 **********
 **   33 **FIX            7
 **********
 PARAMETER    7  IS CONSTANT.   IGNORED.
 **********
 **   34 **FIX           10
 **********
 **********
 **   35 **FIX           11
 **********
 **********
 **   36 **FIX           12
 **********
 PARAMETER   12  IS CONSTANT.   IGNORED.
 **********
 **   37 **FIX           13
 **********
 **********
 **   38 **FIX           14
 **********
 **********
 **   39 **FIX           15
 **********
 PARAMETER   15  IS CONSTANT.   IGNORED.
 **********
 **   40 **FIX           16
 **********
 **********
 **   41 **MIGRAD
 **********
 START MIGRAD MINIMIZATION.  STRATEGY  1.  CONVERGENCE WHEN EDM .LT. 1.00e-04
 FCN=60.797 FROM MIGRAD    STATUS=INITIATE       18 CALLS        1511 TOTAL
                     EDM= unknown      STRATEGY= 1      NO ERROR MATRIX       
  EXT PARAMETER               CURRENT GUESS       STEP         FIRST   
  NO.   NAME      VALUE            ERROR          SIZE      DERIVATIVE 
   1  N0           7.53818e+07     fixed    
   2  tau          6.44000e+01   constant   
   3  A0           3.53450e-01     fixed    
   4  phi          4.11971e+00     fixed    
   5  R           -6.07615e+01   constant   
   6  alpha_CBO    3.10877e-04     fixed    
   7  w_CBO        2.32500e+00   constant   
   8  beta_CBO     0.00000e+00   1.00000e-03   1.00000e-03   2.56238e+04
   9  alpha_2CBO   0.00000e+00   1.00000e-03   1.00000e-03  -2.99710e+03
  10  beta_2CBO    3.73305e-04     fixed    
  11  alpha_y      0.00000e+00     fixed    
  12  w_y          1.38860e+01   constant   
  13  beta_y       4.92636e-05     fixed    
  14  alpha_vw     0.00000e+00     fixed    
  15  w_vw         1.43404e+01   constant   
  16  beta_vw      0.00000e+00     fixed    
  17  LM          -1.74374e-04   constant   
  18  zeta_y       0.00000e+00   constant   
  19  zeta_vw      0.00000e+00   constant   
  20  T_CBO        5.94628e+01   2.86772e+00  -2.37868e-05   2.21043e-01
  21  alpha_A0     5.68970e-02   2.45938e-01  -6.29401e-04  -8.10240e-03
  22  beta_A0      1.98992e-01   2.40229e-01   2.98298e-05  -3.19166e-03
  23  alpha_phi   -7.12246e-01   2.26636e-01  -2.68018e-04   1.30909e-02
  24  beta_phi    -4.18103e-01   2.46176e-01  -5.41620e-04   9.81285e-04
 CALL LIMIT EXCEEDED IN MIGRAD.
 MIGRAD TERMINATED WITHOUT CONVERGENCE.
 FCN=54.9635 FROM MIGRAD    STATUS=CALL LIMIT   1150 CALLS        2643 TOTAL
                     EDM=0.0134999    STRATEGY= 1  ERROR MATRIX UNCERTAINTY  18.9 per cent
  EXT PARAMETER                APPROXIMATE        STEP         FIRST   
  NO.   NAME      VALUE            ERROR          SIZE      DERIVATIVE 
   1  N0           7.53818e+07     fixed    
   2  tau          6.44000e+01   constant   
   3  A0           3.53450e-01     fixed    
   4  phi          4.11971e+00     fixed    
   5  R           -6.07615e+01   constant   
   6  alpha_CBO    3.10877e-04     fixed    
   7  w_CBO        2.32500e+00   constant   
   8  beta_CBO    -4.48622e-04   1.84502e-04  -5.67012e-06  -2.94875e+02
   9  alpha_2CBO   4.09336e-05   1.83872e-04  -5.06324e-06  -2.71055e+02
  10  beta_2CBO    3.73305e-04     fixed    
  11  alpha_y      0.00000e+00     fixed    
  12  w_y          1.38860e+01   constant   
  13  beta_y       4.92636e-05     fixed    
  14  alpha_vw     0.00000e+00     fixed    
  15  w_vw         1.43404e+01   constant   
  16  beta_vw      0.00000e+00     fixed    
  17  LM          -1.74374e-04   constant   
  18  zeta_y       0.00000e+00   constant   
  19  zeta_vw      0.00000e+00   constant   
  20  T_CBO        3.33992e+01   6.93377e+00  -2.45173e-03   9.90137e+00
  21  alpha_A0     5.71251e+00   1.26735e+01   8.73384e-01   8.84061e-03
  22  beta_A0      2.82398e+01   6.08474e+01   4.20921e+00   3.35822e-03
  23  alpha_phi   -6.92358e+01   1.44280e+02  -9.97173e+00   3.23877e-03
  24  beta_phi    -4.63582e+01   9.44366e+01  -6.51480e+00  -4.85225e-03
 EXTERNAL ERROR MATRIX.    NDIM=  25    NPAR=  7    ERR DEF=1
  3.404e-08 -5.586e-10  7.639e-04 -1.320e-03 -6.323e-03  1.500e-02  9.835e-03 
 -5.586e-10  3.381e-08  7.065e-04 -1.230e-03 -5.903e-03  1.401e-02  9.186e-03 
  7.639e-04  7.065e-04  4.810e+01 -8.733e+01 -4.192e+02  9.941e+02  6.509e+02 
 -1.320e-03 -1.230e-03 -8.733e+01  1.606e+02  7.710e+02 -1.828e+03 -1.197e+03 
 -6.323e-03 -5.903e-03 -4.192e+02  7.710e+02  3.702e+03 -8.779e+03 -5.746e+03 
  1.500e-02  1.401e-02  9.941e+02 -1.828e+03 -8.779e+03  2.082e+04  1.363e+04 
  9.835e-03  9.186e-03  6.509e+02 -1.197e+03 -5.746e+03  1.363e+04  8.918e+03 
ERR MATRIX APPROXIMATE
 PARAMETER  CORRELATION COEFFICIENTS  
       NO.  GLOBAL      8      9     20     21     22     23     24
        8  0.81654   1.000 -0.016  0.597 -0.565 -0.563  0.563  0.564
        9  0.78971  -0.016  1.000  0.554 -0.528 -0.528  0.528  0.529
       20  0.99736   0.597  0.554  1.000 -0.994 -0.993  0.993  0.994
       21  0.99978  -0.565 -0.528 -0.994  1.000  1.000 -1.000 -1.000
       22  0.99999  -0.563 -0.528 -0.993  1.000  1.000 -1.000 -1.000
       23  1.00000   0.563  0.528  0.993 -1.000 -1.000  1.000  1.000
       24  0.99999   0.564  0.529  0.994 -1.000 -1.000  1.000  1.000
 ERR MATRIX APPROXIMATE
MINUIT - FIT wiggle + 1-CBO + 2-CBO
 **********
 **   42 **RES 
 **********
                   PARAMETER   16  beta_vw RESTORED TO VARIABLE.
                   PARAMETER   14  alpha_vw RESTORED TO VARIABLE.
                   PARAMETER   13  beta_y RESTORED TO VARIABLE.
                   PARAMETER   11  alpha_y RESTORED TO VARIABLE.
                   PARAMETER   10  beta_2CBO RESTORED TO VARIABLE.
                   PARAMETER    6  alpha_CBO RESTORED TO VARIABLE.
                   PARAMETER    4  phi RESTORED TO VARIABLE.
                   PARAMETER    3  A0 RESTORED TO VARIABLE.
                   PARAMETER    1  N0 RESTORED TO VARIABLE.
 **********
 **   43 **FIX           10
 **********
 **********
 **   44 **FIX           11
 **********
 **********
 **   45 **FIX           12
 **********
 PARAMETER   12  IS CONSTANT.   IGNORED.
 **********
 **   46 **FIX           13
 **********
 **********
 **   47 **FIX           14
 **********
 **********
 **   48 **FIX           15
 **********
 PARAMETER   15  IS CONSTANT.   IGNORED.
 **********
 **   49 **FIX           16
 **********
 **********
 **   50 **MIGRAD
 **********
 START MIGRAD MINIMIZATION.  STRATEGY  1.  CONVERGENCE WHEN EDM .LT. 1.00e-04
 FCN=54.9635 FROM MIGRAD    STATUS=INITIATE       22 CALLS        2665 TOTAL
                     EDM= unknown      STRATEGY= 1      NO ERROR MATRIX       
  EXT PARAMETER               CURRENT GUESS       STEP         FIRST   
  NO.   NAME      VALUE            ERROR          SIZE      DERIVATIVE 
   1  N0           7.53818e+07   1.01086e+04   1.01086e+04  -5.32586e-06
   2  tau          6.44000e+01   constant   
   3  A0           3.53450e-01   1.79185e-04   1.79185e-04  -4.45819e+03
   4  phi          4.11971e+00   5.02761e-04   5.02761e-04   8.25787e+02
   5  R           -6.07615e+01   constant   
   6  alpha_CBO    3.10877e-04   1.86371e-04   1.86371e-04   9.89951e+02
   7  w_CBO        2.32500e+00   constant   
   8  beta_CBO    -4.48622e-04   1.84502e-04  -5.67012e-06  -2.94875e+02
   9  alpha_2CBO   4.09336e-05   1.83872e-04  -5.06324e-06  -2.71055e+02
  10  beta_2CBO    3.73305e-04     fixed    
  11  alpha_y      0.00000e+00     fixed    
  12  w_y          1.38860e+01   constant   
  13  beta_y       4.92636e-05     fixed    
  14  alpha_vw     0.00000e+00     fixed    
  15  w_vw         1.43404e+01   constant   
  16  beta_vw      0.00000e+00     fixed    
  17  LM          -1.74374e-04   constant   
  18  zeta_y       0.00000e+00   constant   
  19  zeta_vw      0.00000e+00   constant   
  20  T_CBO        3.33992e+01   6.93377e+00  -2.45173e-03   9.90131e+00
  21  alpha_A0     5.71251e+00   1.26735e+01   8.73384e-01   8.84061e-03
  22  beta_A0      2.82398e+01   6.08474e+01   4.20921e+00   3.35822e-03
  23  alpha_phi   -6.92358e+01   1.44280e+02  -9.97173e+00   3.23877e-03
  24  beta_phi    -4.63582e+01   9.44366e+01  -6.51480e+00  -4.85225e-03
 MIGRAD MINIMIZATION HAS CONVERGED.
 MIGRAD WILL VERIFY CONVERGENCE AND ERROR MATRIX.
 FCN=54.7463 FROM HESSE     STATUS=NOT POSDEF    100 CALLS        2882 TOTAL
                     EDM=0.00232571    STRATEGY= 1      ERR MATRIX NOT POS-DEF
  EXT PARAMETER                APPROXIMATE        STEP         FIRST   
  NO.   NAME      VALUE            ERROR          SIZE      DERIVATIVE 
   1  N0           7.53824e+07   1.02943e+04   3.59451e+01   2.11880e-07
   2  tau          6.44000e+01   constant   
   3  A0           3.53519e-01   1.79789e-04   6.09199e-07   3.41606e+00
   4  phi          4.11962e+00   5.03889e-04   1.96439e-06   5.21099e-01
   5  R           -6.07615e+01   constant   
   6  alpha_CBO    3.04167e-04   1.91126e-04   6.55950e-07   2.40165e+00
   7  w_CBO        2.32500e+00   constant   
   8  beta_CBO    -4.58572e-04   1.88637e-04   6.63642e-07   7.55895e+00
   9  alpha_2CBO   4.97203e-05   1.84877e-04   6.58026e-07  -1.68043e+00
  10  beta_2CBO    3.73305e-04     fixed    
  11  alpha_y      0.00000e+00     fixed    
  12  w_y          1.38860e+01   constant   
  13  beta_y       4.92636e-05     fixed    
  14  alpha_vw     0.00000e+00     fixed    
  15  w_vw         1.43404e+01   constant   
  16  beta_vw      0.00000e+00     fixed    
  17  LM          -1.74374e-04   constant   
  18  zeta_y       0.00000e+00   constant   
  19  zeta_vw      0.00000e+00   constant   
  20  T_CBO        3.33549e+01   1.31480e+01   1.75283e-05   6.39417e-01
  21  alpha_A0     3.16151e+00   2.76504e+01   8.65034e-02  -6.30786e-05
  22  beta_A0      2.87292e+01   1.21420e+02   8.56557e-02  -3.88711e-05
  23  alpha_phi   -6.99126e+01   2.88811e+02   8.22182e-02   1.13280e-04
  24  beta_phi    -4.36725e+01   1.80784e+02   8.67919e-02   6.37316e-05
 CALL LIMIT EXCEEDED IN MIGRAD.
 MIGRAD TERMINATED WITHOUT CONVERGENCE.
 FCN=54.6674 FROM MIGRAD    STATUS=CALL LIMIT   1921 CALLS        4564 TOTAL
                     EDM=0.000736969    STRATEGY= 1      ERR MATRIX NOT POS-DEF
  EXT PARAMETER                APPROXIMATE        STEP         FIRST   
  NO.   NAME      VALUE            ERROR          SIZE      DERIVATIVE 
   1  N0           7.53821e+07   9.81118e+03  -1.62906e+02  -2.62950e-06
   2  tau          6.44000e+01   constant   
   3  A0           3.53516e-01   1.76159e-04   1.45604e-06   1.21653e+01
   4  phi          4.11964e+00   5.01068e-04   1.53994e-06  -1.03242e+01
   5  R           -6.07615e+01   constant   
   6  alpha_CBO    3.03864e-04   1.89134e-04   2.41235e-06   8.53520e+01
   7  w_CBO        2.32500e+00   constant   
   8  beta_CBO    -4.62193e-04   1.84930e-04  -2.47689e-06  -1.24781e+02
   9  alpha_2CBO   4.93814e-05   1.85698e-04  -4.47949e-07  -2.04412e+01
  10  beta_2CBO    3.73305e-04     fixed    
  11  alpha_y      0.00000e+00     fixed    
  12  w_y          1.38860e+01   constant   
  13  beta_y       4.92636e-05     fixed    
  14  alpha_vw     0.00000e+00     fixed    
  15  w_vw         1.43404e+01   constant   
  16  beta_vw      0.00000e+00     fixed    
  17  LM          -1.74374e-04   constant   
  18  zeta_y       0.00000e+00   constant   
  19  zeta_vw      0.00000e+00   constant   
  20  T_CBO        2.42311e+01   8.26078e+00  -1.55164e-03  -5.03688e+00
  21  alpha_A0     1.41551e+02   1.15392e+03   6.88015e+00   2.75358e-05
  22  beta_A0      1.46506e+03   6.34599e+03   1.96353e+02  -1.82411e-05
  23  alpha_phi   -3.58759e+03   1.56146e+04  -4.70783e+02   1.55027e-05
  24  beta_phi    -2.22260e+03   9.63030e+03  -2.91760e+02  -2.89038e-06
 EXTERNAL ERROR MATRIX.    NDIM=  25    NPAR= 11    ERR DEF=1
  9.626e+07 
  2.765e-01  3.103e-08 
 -7.285e-01  3.953e-09  2.511e-07 
  2.081e-01  5.610e-09  1.498e-08  3.577e-08 
 -1.258e-01 -4.787e-09  9.205e-09  1.670e-09  3.420e-08 
 -9.583e-03  2.575e-09  7.103e-10  1.024e-09  1.113e-10  3.448e-08 
  4.567e+03 -2.420e-06 -2.137e-04 -1.931e-05  4.558e-05 -2.332e-05  6.831e+01 
  8.272e+05 -1.901e-02  9.002e-03 -3.441e-02  1.662e-02  1.658e-02 -6.090e+03  1.332e+06 
 -4.731e+06  6.751e-03  1.694e-01  3.094e-02 -6.156e-02 -4.320e-03 -5.199e+04  4.159e+06  4.027e+07 
  1.060e+07  1.739e-03 -4.107e-01 -4.248e-02  1.297e-01 -3.875e-03  1.284e+05 -1.100e+07 -9.895e+07  2.438e+08 
  6.615e+06 -1.940e-04 -2.530e-01 -3.020e-02  8.269e-02 -3.100e-04  7.914e+04 -6.697e+06 -6.106e+07  1.504e+08  9.274e+07 
ERR MATRIX NOT POS-DEF
 PARAMETER  CORRELATION COEFFICIENTS  
       NO.  GLOBAL      1      3      4      6      8      9     20     21     22     23     24
        1  0.40755   1.000  0.160 -0.148  0.112 -0.069 -0.005  0.056  0.073 -0.076  0.069  0.070
        3  0.37001   0.160  1.000  0.045  0.168 -0.147  0.079 -0.002 -0.094  0.006  0.001 -0.000
        4  0.26137  -0.148  0.045  1.000  0.158  0.099  0.008 -0.052  0.016  0.053 -0.052 -0.052
        6  0.34876   0.112  0.168  0.158  1.000  0.048  0.029 -0.012 -0.158  0.026 -0.014 -0.017
        8  0.29767  -0.069 -0.147  0.099  0.048  1.000  0.003  0.030  0.078 -0.052  0.045  0.046
        9  0.19095  -0.005  0.079  0.008  0.029  0.003  1.000 -0.015  0.077 -0.004 -0.001 -0.000
       20  0.99590   0.056 -0.002 -0.052 -0.012  0.030 -0.015  1.000 -0.639 -0.991  0.995  0.994
       21  0.99810   0.073 -0.094  0.016 -0.158  0.078  0.077 -0.639  1.000  0.568 -0.611 -0.603
       22  0.99999  -0.076  0.006  0.053  0.026 -0.052 -0.004 -0.991  0.568  1.000 -0.999 -0.999
       23  1.00000   0.069  0.001 -0.052 -0.014  0.045 -0.001  0.995 -0.611 -0.999  1.000  1.000
       24  1.00000   0.070 -0.000 -0.052 -0.017  0.046 -0.000  0.994 -0.603 -0.999  1.000  1.000
 ERR MATRIX NOT POS-DEF
MINUIT - FIT ONLY 1-y
 **********
 **   51 **RES 
 **********
                   PARAMETER   16  beta_vw RESTORED TO VARIABLE.
                   PARAMETER   14  alpha_vw RESTORED TO VARIABLE.
                   PARAMETER   13  beta_y RESTORED TO VARIABLE.
                   PARAMETER   11  alpha_y RESTORED TO VARIABLE.
                   PARAMETER   10  beta_2CBO RESTORED TO VARIABLE.
 **********
 **   52 **FIX            0
 **********
 PARAMETER    0  IS UNDEFINED. IGNORED.
 **********
 **   53 **FIX            1
 **********
 **********
 **   54 **FIX            2
 **********
 PARAMETER    2  IS CONSTANT.   IGNORED.
 **********
 **   55 **FIX            3
 **********
 **********
 **   56 **FIX            4
 **********
 **********
 **   57 **FIX            5
 **********
 PARAMETER    5  IS CONSTANT.   IGNORED.
 **********
 **   58 **FIX            6
 **********
 **********
 **   59 **FIX            7
 **********
 PARAMETER    7  IS CONSTANT.   IGNORED.
 **********
 **   60 **FIX            8
 **********
 **********
 **   61 **FIX            9
 **********
 **********
 **   62 **FIX           13
 **********
 **********
 **   63 **FIX           14
 **********
 **********
 **   64 **FIX           15
 **********
 PARAMETER   15  IS CONSTANT.   IGNORED.
 **********
 **   65 **FIX           16
 **********
 **********
 **   66 **MIGRAD
 **********
 START MIGRAD MINIMIZATION.  STRATEGY  1.  CONVERGENCE WHEN EDM .LT. 1.00e-04
 FCN=54.6674 FROM MIGRAD    STATUS=INITIATE       16 CALLS        4580 TOTAL
                     EDM= unknown      STRATEGY= 1      NO ERROR MATRIX       
  EXT PARAMETER               CURRENT GUESS       STEP         FIRST   
  NO.   NAME      VALUE            ERROR          SIZE      DERIVATIVE 
   1  N0           7.53821e+07     fixed    
   2  tau          6.44000e+01   constant   
   3  A0           3.53516e-01     fixed    
   4  phi          4.11964e+00     fixed    
   5  R           -6.07615e+01   constant   
   6  alpha_CBO    3.03864e-04     fixed    
   7  w_CBO        2.32500e+00   constant   
   8  beta_CBO    -4.62193e-04     fixed    
   9  alpha_2CBO   4.93814e-05     fixed    
  10  beta_2CBO    3.73305e-04   1.83381e-04   1.83381e-04   2.00478e+03
  11  alpha_y      0.00000e+00   1.00000e-03   1.00000e-03   9.49949e+03
  12  w_y          1.38860e+01   constant   
  13  beta_y       4.92636e-05     fixed    
  14  alpha_vw     0.00000e+00     fixed    
  15  w_vw         1.43404e+01   constant   
  16  beta_vw      0.00000e+00     fixed    
  17  LM          -1.74374e-04   constant   
  18  zeta_y       0.00000e+00   constant   
  19  zeta_vw      0.00000e+00   constant   
  20  T_CBO        2.42311e+01   8.26078e+00  -1.55164e-03  -5.03692e+00
  21  alpha_A0     1.41551e+02   1.15392e+03   6.88015e+00   2.75358e-05
  22  beta_A0      1.46506e+03   6.34599e+03   1.96353e+02  -1.82411e-05
  23  alpha_phi   -3.58759e+03   1.56146e+04  -4.70783e+02   1.55027e-05
  24  beta_phi    -2.22260e+03   9.63030e+03  -2.91760e+02  -2.89038e-06
 MIGRAD MINIMIZATION HAS CONVERGED.
 MIGRAD WILL VERIFY CONVERGENCE AND ERROR MATRIX.
 FCN=53.8851 FROM HESSE     STATUS=NOT POSDEF     50 CALLS        4693 TOTAL
                     EDM=0.00157078    STRATEGY= 1      ERR MATRIX NOT POS-DEF
  EXT PARAMETER                APPROXIMATE        STEP         FIRST   
  NO.   NAME      VALUE            ERROR          SIZE      DERIVATIVE 
   1  N0           7.53821e+07     fixed    
   2  tau          6.44000e+01   constant   
   3  A0           3.53516e-01     fixed    
   4  phi          4.11964e+00     fixed    
   5  R           -6.07615e+01   constant   
   6  alpha_CBO    3.03864e-04     fixed    
   7  w_CBO        2.32500e+00   constant   
   8  beta_CBO    -4.62193e-04     fixed    
   9  alpha_2CBO   4.93814e-05     fixed    
  10  beta_2CBO    3.37592e-04   1.86297e-04   6.56383e-07  -6.95809e+00
  11  alpha_y     -1.57175e-04   1.81618e-04   6.57553e-07   1.51034e+00
  12  w_y          1.38860e+01   constant   
  13  beta_y       4.92636e-05     fixed    
  14  alpha_vw     0.00000e+00     fixed    
  15  w_vw         1.43404e+01   constant   
  16  beta_vw      0.00000e+00     fixed    
  17  LM          -1.74374e-04   constant   
  18  zeta_y       0.00000e+00   constant   
  19  zeta_vw      0.00000e+00   constant   
  20  T_CBO        2.42225e+01   7.17043e+00   1.07732e-05   7.67557e-01
  21  alpha_A0     1.07834e+02   1.28825e+03   4.28213e+00  -1.11151e-07
  22  beta_A0      1.44054e+03   6.28157e+03   4.26974e+00  -1.18193e-06
  23  alpha_phi   -3.56883e+03   1.52205e+04   4.12361e+00   1.40764e-06
  24  beta_phi    -2.25188e+03   9.61759e+03   4.29610e+00   1.54026e-06
 CALL LIMIT EXCEEDED IN MIGRAD.
 MIGRAD TERMINATED WITHOUT CONVERGENCE.
 FCN=53.8306 FROM MIGRAD    STATUS=CALL LIMIT   1151 CALLS        5715 TOTAL
                     EDM=0.000960113    STRATEGY= 1      ERR MATRIX NOT POS-DEF
  EXT PARAMETER                APPROXIMATE        STEP         FIRST   
  NO.   NAME      VALUE            ERROR          SIZE      DERIVATIVE 
   1  N0           7.53821e+07     fixed    
   2  tau          6.44000e+01   constant   
   3  A0           3.53516e-01     fixed    
   4  phi          4.11964e+00     fixed    
   5  R           -6.07615e+01   constant   
   6  alpha_CBO    3.03864e-04     fixed    
   7  w_CBO        2.32500e+00   constant   
   8  beta_CBO    -4.62193e-04     fixed    
   9  alpha_2CBO   4.93814e-05     fixed    
  10  beta_2CBO    3.38192e-04   1.81764e-04  -5.99595e-09  -2.02100e+01
  11  alpha_y     -1.57447e-04   1.86611e-04  -6.15670e-08   2.10577e+01
  12  w_y          1.38860e+01   constant   
  13  beta_y       4.92636e-05     fixed    
  14  alpha_vw     0.00000e+00     fixed    
  15  w_vw         1.43404e+01   constant   
  16  beta_vw      0.00000e+00     fixed    
  17  LM          -1.74374e-04   constant   
  18  zeta_y       0.00000e+00   constant   
  19  zeta_vw      0.00000e+00   constant   
  20  T_CBO        1.93606e+01   3.27926e+00   3.53240e-05   1.17461e+00
  21  alpha_A0     3.02855e+03   8.51790e+03  -1.44909e+01   2.19889e-07
  22  beta_A0      5.35247e+04   1.61842e+05  -5.35360e+01  -1.45536e-07
  23  alpha_phi   -1.32845e+05   4.01270e+05   1.42497e+02  -4.82441e-07
  24  beta_phi    -8.22318e+04   2.51976e+05   2.41443e+01   7.25746e-07
 EXTERNAL ERROR MATRIX.    NDIM=  25    NPAR=  7    ERR DEF=1
  3.304e-08 -5.536e-10  6.293e-06  1.082e-01  7.321e-03 -5.634e-03  5.571e-01 
 -5.536e-10  3.482e-08  6.527e-06 -2.159e-02 -2.794e-01  6.833e-01  4.014e-01 
  6.293e-06  6.527e-06  1.076e+01 -2.596e+04 -5.287e+05  1.311e+06  8.211e+05 
  1.082e-01 -2.159e-02 -2.596e+04  7.255e+07  1.280e+09 -3.180e+09 -1.945e+09 
  7.321e-03 -2.794e-01 -5.287e+05  1.280e+09  2.619e+10 -6.494e+10 -4.071e+10 
 -5.634e-03  6.833e-01  1.311e+06 -3.180e+09 -6.494e+10  1.610e+11  1.009e+11 
  5.571e-01  4.014e-01  8.211e+05 -1.945e+09 -4.071e+10  1.009e+11  6.349e+10 
ERR MATRIX NOT POS-DEF
 PARAMETER  CORRELATION COEFFICIENTS  
       NO.  GLOBAL     10     11     20     21     22     23     24
       10  0.27650   1.000 -0.016  0.011  0.070  0.000 -0.000  0.012
       11  0.03676  -0.016  1.000  0.011 -0.014 -0.009  0.009  0.009
       20  0.99634   0.011  0.011  1.000 -0.929 -0.996  0.996  0.994
       21  0.98948   0.070 -0.014 -0.929  1.000  0.928 -0.930 -0.906
       22  0.99997   0.000 -0.009 -0.996  0.928  1.000 -1.000 -0.998
       23  0.99997  -0.000  0.009  0.996 -0.930 -1.000  1.000  0.998
       24  0.99969   0.012  0.009  0.994 -0.906 -0.998  0.998  1.000
 ERR MATRIX NOT POS-DEF
MINUIT - FIT ONLY 2-y
 **********
 **   67 **RES 
 **********
                   PARAMETER   16  beta_vw RESTORED TO VARIABLE.
                   PARAMETER   14  alpha_vw RESTORED TO VARIABLE.
                   PARAMETER   13  beta_y RESTORED TO VARIABLE.
                   PARAMETER    9  alpha_2CBO RESTORED TO VARIABLE.
                   PARAMETER    8  beta_CBO RESTORED TO VARIABLE.
                   PARAMETER    6  alpha_CBO RESTORED TO VARIABLE.
                   PARAMETER    4  phi RESTORED TO VARIABLE.
                   PARAMETER    3  A0 RESTORED TO VARIABLE.
                   PARAMETER    1  N0 RESTORED TO VARIABLE.
 **********
 **   68 **FIX            0
 **********
 PARAMETER    0  IS UNDEFINED. IGNORED.
 **********
 **   69 **FIX            1
 **********
 **********
 **   70 **FIX            2
 **********
 PARAMETER    2  IS CONSTANT.   IGNORED.
 **********
 **   71 **FIX            3
 **********
 **********
 **   72 **FIX            4
 **********
 **********
 **   73 **FIX            5
 **********
 PARAMETER    5  IS CONSTANT.   IGNORED.
 **********
 **   74 **FIX            6
 **********
 **********
 **   75 **FIX            7
 **********
 PARAMETER    7  IS CONSTANT.   IGNORED.
 **********
 **   76 **FIX            8
 **********
 **********
 **   77 **FIX            9
 **********
 **********
 **   78 **FIX           10
 **********
 **********
 **   79 **FIX           11
 **********
 **********
 **   80 **FIX           12
 **********
 PARAMETER   12  IS CONSTANT.   IGNORED.
 **********
 **   81 **FIX           16
 **********
 **********
 **   82 **MIGRAD
 **********
 START MIGRAD MINIMIZATION.  STRATEGY  1.  CONVERGENCE WHEN EDM .LT. 1.00e-04
 FCN=53.8306 FROM MIGRAD    STATUS=INITIATE       16 CALLS        5731 TOTAL
                     EDM= unknown      STRATEGY= 1      NO ERROR MATRIX       
  EXT PARAMETER               CURRENT GUESS       STEP         FIRST   
  NO.   NAME      VALUE            ERROR          SIZE      DERIVATIVE 
   1  N0           7.53821e+07     fixed    
   2  tau          6.44000e+01   constant   
   3  A0           3.53516e-01     fixed    
   4  phi          4.11964e+00     fixed    
   5  R           -6.07615e+01   constant   
   6  alpha_CBO    3.03864e-04     fixed    
   7  w_CBO        2.32500e+00   constant   
   8  beta_CBO    -4.62193e-04     fixed    
   9  alpha_2CBO   4.93814e-05     fixed    
  10  beta_2CBO    3.38192e-04     fixed    
  11  alpha_y     -1.57447e-04     fixed    
  12  w_y          1.38860e+01   constant   
  13  beta_y       4.92636e-05   1.81265e-04   1.81265e-04  -5.98736e+02
  14  alpha_vw     0.00000e+00   1.00000e-03   1.00000e-03   1.57423e+04
  15  w_vw         1.43404e+01   constant   
  16  beta_vw      0.00000e+00     fixed    
