 + ++++++++++++++++++++++++++++++++++++++++++++++++++++++++++++++++++++ +
 +                                                                      +
 +           You have chose to blind your fitting according to          +
 +                omega_ref * (1 + (R +/- deltaR) *10^{-6})             +
 +                                                                      +
 + ++++++++++++++++++++++++++++++++++++++++++++++++++++++++++++++++++++ +
In main()...
reading format from /gm2data/zkhechad/run45/envelope/formats/formatB_sBin_constraintOn.txt
pBinTau 	= 0  
pBinPhi 	= 0  
constraintau 	= 1 
includeMopTerm 	= 0    
constrainMop    = 0   
Parameters after format file: pBinTau 0 pBinPhi 0 constraintau 1 includeMopTerm 0 constrainMop 0 c_e_scale 0.000000 
Opening file /gm2data/tbarrett/gm2fr/studies/run23_bunch_corrections/CorrectedFourier_Run3b.root.
reading full fit data from /gm2data/zkhechad/cboTemplates/Run4CBOTemplates/fullFits/noRF/sBin_constraintOn_cE0.0_seed0_noRF_calo12.root
windowBins = 69
fitting sliding window 210 from bin 346 at 51.474000 to bin 415 at 61.918000 (69 bins)

Reading data from /gm2data/cornell/histograms/aMethod/histogram_a_noRF.root
 **********
 **    1 **SET PRINTOUT            1
 **********
 **********
 **    2 **SET NOWARNINGS 
 **********
 PARAMETER DEFINITIONS:
    NO.   NAME         VALUE      STEP SIZE      LIMITS
     1 N0           3.55331e+06  1.00000e+02     no limits
     2 tau          6.44114e+01  constant
     3 A0           3.53594e-01  1.00000e-04     no limits
     4 phi          4.11780e+00  1.00000e-02     no limits
     5 R           -6.01273e+01  constant
     6 alpha_CBO    0.00000e+00  1.00000e-03     no limits
     7 w_CBO        2.32500e+00  constant
     8 beta_CBO     0.00000e+00  1.00000e-03     no limits
     9 alpha_2CBO   0.00000e+00  1.00000e-03     no limits
    10 beta_2CBO    0.00000e+00  1.00000e-03     no limits
    11 alpha_y      0.00000e+00  1.00000e-03     no limits
    12 w_y          1.38860e+01  constant
    13 beta_y       0.00000e+00  1.00000e-03     no limits
    14 alpha_vw     0.00000e+00  1.00000e-03     no limits
    15 w_vw         1.43404e+01  constant
    16 beta_vw      0.00000e+00  1.00000e-03     no limits
    17 LM           2.37201e-04  constant
    18 zeta_y       0.00000e+00  constant
    19 zeta_vw      0.00000e+00  constant
    20 T_CBO        1.00000e+02  1.00000e+00    0.00000e+00  1.00000e+03
    21 alpha_A0     0.00000e+00  1.00000e-04   -1.00000e-02  1.00000e-02
    22 beta_A0      0.00000e+00  1.00000e-04   -1.00000e-02  1.00000e-02
    23 alpha_phi    0.00000e+00  1.00000e-04   -1.00000e-02  1.00000e-02
    24 beta_phi     0.00000e+00  1.00000e-04   -1.00000e-02  1.00000e-02
MINUIT - FIT ONLY WIGGLE
 **********
 **    3 **FIX            5
 **********
 PARAMETER    5  IS CONSTANT.   IGNORED.
 **********
 **    4 **FIX            6
 **********
 **********
 **    5 **FIX            7
 **********
 PARAMETER    7  IS CONSTANT.   IGNORED.
 **********
 **    6 **FIX            8
 **********
 **********
 **    7 **FIX            9
 **********
 **********
 **    8 **FIX           10
 **********
 **********
 **    9 **FIX           11
 **********
 **********
 **   10 **FIX           12
 **********
 PARAMETER   12  IS CONSTANT.   IGNORED.
 **********
 **   11 **FIX           13
 **********
 **********
 **   12 **FIX           14
 **********
 **********
 **   13 **FIX           15
 **********
 PARAMETER   15  IS CONSTANT.   IGNORED.
 **********
 **   14 **FIX           16
 **********
 **********
 **   15 **MIGRAD
 **********
 FIRST CALL TO USER FUNCTION AT NEW START POINT, WITH IFLAG=4.
 START MIGRAD MINIMIZATION.  STRATEGY  1.  CONVERGENCE WHEN EDM .LT. 1.00e-04
 FCN=6711.75 FROM MIGRAD    STATUS=INITIATE      435 CALLS         436 TOTAL
                     EDM= unknown      STRATEGY= 1      NO ERROR MATRIX       
  EXT PARAMETER               CURRENT GUESS       STEP         FIRST   
  NO.   NAME      VALUE            ERROR          SIZE      DERIVATIVE 
   1  N0           3.55331e+06   1.00000e+02   0.00000e+00   4.04031e-02
   2  tau          6.44114e+01   constant   
   3  A0           3.53594e-01   1.00000e-04   0.00000e+00   1.80028e+05
   4  phi          4.11780e+00   1.00000e-02   0.00000e+00   1.41879e+05
   5  R           -6.01273e+01   constant   
   6  alpha_CBO    0.00000e+00     fixed    
   7  w_CBO        2.32500e+00   constant   
   8  beta_CBO     0.00000e+00     fixed    
   9  alpha_2CBO   0.00000e+00     fixed    
  10  beta_2CBO    0.00000e+00     fixed    
  11  alpha_y      0.00000e+00     fixed    
  12  w_y          1.38860e+01   constant   
  13  beta_y       0.00000e+00     fixed    
  14  alpha_vw     0.00000e+00     fixed    
  15  w_vw         1.43404e+01   constant   
  16  beta_vw      0.00000e+00     fixed    
  17  LM           2.37201e-04   constant   
  18  zeta_y       0.00000e+00   constant   
  19  zeta_vw      0.00000e+00   constant   
  20  T_CBO        1.00000e+02   1.00000e+00   0.00000e+00   0.00000e+00
  21  alpha_A0     0.00000e+00   1.00000e-04   0.00000e+00  -1.23127e+02
  22  beta_A0      0.00000e+00   1.00000e-04   0.00000e+00   2.85244e+02
  23  alpha_phi    0.00000e+00   1.00000e-04   0.00000e+00  -1.14632e+02
  24  beta_phi     0.00000e+00   1.00000e-04   0.00000e+00  -7.52585e+02
 MIGRAD MINIMIZATION HAS CONVERGED.
 FCN=5858.56 FROM MIGRAD    STATUS=CONVERGED     782 CALLS         783 TOTAL
                     EDM=3.81274e-06    STRATEGY= 1  ERROR MATRIX UNCERTAINTY   0.2 per cent
  EXT PARAMETER                                   STEP         FIRST   
  NO.   NAME      VALUE            ERROR          SIZE      DERIVATIVE 
   1  N0           3.55220e+06   2.34170e+02   2.67213e-02  -4.68692e-06
   2  tau          6.44114e+01   constant   
   3  A0           3.52876e-01   8.45965e-05  -1.50345e-07  -7.53378e+00
   4  phi          4.11403e+00   2.44527e-04  -4.50496e-07  -4.49050e+00
   5  R           -6.01273e+01   constant   
   6  alpha_CBO    0.00000e+00     fixed    
   7  w_CBO        2.32500e+00   constant   
   8  beta_CBO     0.00000e+00     fixed    
   9  alpha_2CBO   0.00000e+00     fixed    
  10  beta_2CBO    0.00000e+00     fixed    
  11  alpha_y      0.00000e+00     fixed    
  12  w_y          1.38860e+01   constant   
  13  beta_y       0.00000e+00     fixed    
  14  alpha_vw     0.00000e+00     fixed    
  15  w_vw         1.43404e+01   constant   
  16  beta_vw      0.00000e+00     fixed    
  17  LM           2.37201e-04   constant   
  18  zeta_y       0.00000e+00   constant   
  19  zeta_vw      0.00000e+00   constant   
  20  T_CBO        1.21888e+02   1.25938e+01  -1.28174e-04  -7.19716e-02
  21  alpha_A0     1.60300e-03   5.01101e-04   1.80266e-05   1.64427e-02
  22  beta_A0     -4.45438e-03   5.74992e-04  -4.26376e-05   7.98474e-03
  23  alpha_phi    1.54160e-04   5.58101e-04   5.31617e-05   3.28882e-02
  24  beta_phi     1.00000e-02   3.44745e-03   6.68449e-03** at limit **
 EXTERNAL ERROR MATRIX.    NDIM=  25    NPAR=  8    ERR DEF=1
  5.484e+04  1.650e-03 -1.012e-02 -5.338e+02  1.305e-02 -2.927e-02 -1.590e-02 -2.087e-05 
  1.650e-03  7.157e-09  1.221e-09 -3.263e-05  4.244e-09  1.546e-09  1.164e-08 -7.751e-12 
 -1.012e-02  1.221e-09  5.979e-08  6.230e-05  5.594e-09  1.003e-08  1.504e-08 -1.261e-11 
 -5.338e+02 -3.263e-05  6.230e-05  1.587e+02 -7.648e-04  3.068e-03  1.614e-04 -1.117e-05 
  1.305e-02  4.244e-09  5.594e-09 -7.648e-04  2.513e-07 -1.027e-09  3.495e-08  9.507e-11 
 -2.927e-02  1.546e-09  1.003e-08  3.068e-03 -1.027e-09  3.311e-07  2.805e-08 -1.052e-10 
 -1.590e-02  1.164e-08  1.504e-08  1.614e-04  3.495e-08  2.805e-08  3.118e-07  1.627e-10 
 -2.087e-05 -7.751e-12 -1.261e-11 -1.117e-05  9.507e-11 -1.052e-10  1.627e-10  5.373e-11 
 PARAMETER  CORRELATION COEFFICIENTS  
       NO.  GLOBAL      1      3      4     20     21     22     23     24
        1  0.34352   1.000  0.083 -0.177 -0.181  0.111 -0.217 -0.122 -0.012
        3  0.28548   0.083  1.000  0.059 -0.031  0.100  0.032  0.246 -0.013
        4  0.21390  -0.177  0.059  1.000  0.020  0.046  0.071  0.110 -0.007
       20  0.46099  -0.181 -0.031  0.020  1.000 -0.121  0.423  0.023 -0.121
       21  0.22569   0.111  0.100  0.046 -0.121  1.000 -0.004  0.125  0.026
       22  0.45701  -0.217  0.032  0.071  0.423 -0.004  1.000  0.087 -0.025
       23  0.31982  -0.122  0.246  0.110  0.023  0.125  0.087  1.000  0.040
       24  0.13678  -0.012 -0.013 -0.007 -0.121  0.026 -0.025  0.040  1.000
MINUIT - FIT ONLY 1-CBO + wiggle
 **********
 **   16 **RES 
 **********
                   PARAMETER   16  beta_vw RESTORED TO VARIABLE.
                   PARAMETER   14  alpha_vw RESTORED TO VARIABLE.
                   PARAMETER   13  beta_y RESTORED TO VARIABLE.
                   PARAMETER   11  alpha_y RESTORED TO VARIABLE.
                   PARAMETER   10  beta_2CBO RESTORED TO VARIABLE.
                   PARAMETER    9  alpha_2CBO RESTORED TO VARIABLE.
                   PARAMETER    8  beta_CBO RESTORED TO VARIABLE.
                   PARAMETER    6  alpha_CBO RESTORED TO VARIABLE.
 **********
 **   17 **FIX            8
 **********
 **********
 **   18 **FIX            9
 **********
 **********
 **   19 **FIX           11
 **********
 **********
 **   20 **FIX           12
 **********
 PARAMETER   12  IS CONSTANT.   IGNORED.
 **********
 **   21 **FIX           14
 **********
 **********
 **   22 **FIX           15
 **********
 PARAMETER   15  IS CONSTANT.   IGNORED.
 **********
 **   23 **FIX           16
 **********
 **********
 **   24 **MIGRAD
 **********
 START MIGRAD MINIMIZATION.  STRATEGY  1.  CONVERGENCE WHEN EDM .LT. 1.00e-04
 FCN=5858.56 FROM MIGRAD    STATUS=INITIATE       28 CALLS         811 TOTAL
                     EDM= unknown      STRATEGY= 1      NO ERROR MATRIX       
  EXT PARAMETER               CURRENT GUESS       STEP         FIRST   
  NO.   NAME      VALUE            ERROR          SIZE      DERIVATIVE 
   1  N0           3.55220e+06   2.34170e+02   2.67213e-02  -4.68693e-06
   2  tau          6.44114e+01   constant   
   3  A0           3.52876e-01   8.45965e-05  -1.50345e-07  -7.53379e+00
   4  phi          4.11403e+00   2.44527e-04  -4.50496e-07  -4.49049e+00
   5  R           -6.01273e+01   constant   
   6  alpha_CBO    0.00000e+00   1.00000e-03   1.00000e-03  -9.04475e+05
   7  w_CBO        2.32500e+00   constant   
   8  beta_CBO     0.00000e+00     fixed    
   9  alpha_2CBO   0.00000e+00     fixed    
  10  beta_2CBO    0.00000e+00   1.00000e-03   1.00000e-03  -1.38488e+05
  11  alpha_y      0.00000e+00     fixed    
  12  w_y          1.38860e+01   constant   
  13  beta_y       0.00000e+00   1.00000e-03   1.00000e-03  -3.69947e+05
  14  alpha_vw     0.00000e+00     fixed    
  15  w_vw         1.43404e+01   constant   
  16  beta_vw      0.00000e+00     fixed    
  17  LM           2.37201e-04   constant   
  18  zeta_y       0.00000e+00   constant   
  19  zeta_vw      0.00000e+00   constant   
  20  T_CBO        1.21888e+02   1.25938e+01  -1.28174e-04  -7.19671e-02
  21  alpha_A0     1.60300e-03   5.01101e-04   1.80266e-05   1.64426e-02
  22  beta_A0     -4.45438e-03   5.74992e-04  -4.26376e-05   7.98510e-03
  23  alpha_phi    1.54160e-04   5.58101e-04   5.31617e-05   3.28881e-02
  24  beta_phi     1.00000e-02   3.44745e-03   6.68449e-03** at limit **
 MIGRAD MINIMIZATION HAS CONVERGED.
 FCN=3834.24 FROM MIGRAD    STATUS=CONVERGED     225 CALLS        1008 TOTAL
                     EDM=4.51666e-07    STRATEGY= 1  ERROR MATRIX UNCERTAINTY   1.3 per cent
  EXT PARAMETER                                   STEP         FIRST   
  NO.   NAME      VALUE            ERROR          SIZE      DERIVATIVE 
   1  N0           3.55199e+06   2.32292e+02   9.86749e-02   1.37788e-06
   2  tau          6.44114e+01   constant   
   3  A0           3.52448e-01   8.15218e-05   8.04986e-08   2.31858e-01
   4  phi          4.11527e+00   2.41382e-04   1.04128e-07  -1.77584e+00
   5  R           -6.01273e+01   constant   
   6  alpha_CBO    3.84746e-03   9.21360e-05  -1.94928e-08  -6.14912e+00
   7  w_CBO        2.32500e+00   constant   
   8  beta_CBO     0.00000e+00     fixed    
   9  alpha_2CBO   0.00000e+00     fixed    
  10  beta_2CBO    3.10312e-04   8.94018e-05  -1.10481e-07   1.07820e+00
  11  alpha_y      0.00000e+00     fixed    
  12  w_y          1.38860e+01   constant   
  13  beta_y       1.42142e-03   8.82936e-05  -5.92300e-08  -2.22944e+00
  14  alpha_vw     0.00000e+00     fixed    
  15  w_vw         1.43404e+01   constant   
  16  beta_vw      0.00000e+00     fixed    
  17  LM           2.37201e-04   constant   
  18  zeta_y       0.00000e+00   constant   
  19  zeta_vw      0.00000e+00   constant   
  20  T_CBO        1.05991e+02   1.04021e+01   5.21029e-05  -7.75416e-03
  21  alpha_A0    -1.79162e-03   5.92383e-04   2.19141e-04  -2.25445e-03
  22  beta_A0     -5.36525e-03   6.53531e-04   4.43763e-05  -3.64297e-03
  23  alpha_phi    2.26466e-03   5.33973e-04  -3.16609e-06  -1.64119e-02
  24  beta_phi     1.00000e-02   2.62836e-03   1.37252e-03** at limit **
 EXTERNAL ERROR MATRIX.    NDIM=  25    NPAR= 11    ERR DEF=1
  5.396e+04 
  2.918e-03  6.646e-09 
 -7.363e-03  1.406e-10  5.827e-08 
 -2.540e-04 -8.701e-10  2.554e-09  8.489e-09 
 -9.579e-04 -2.515e-10 -8.355e-10 -5.193e-10  7.993e-09 
  2.128e-04  4.345e-12 -1.819e-10 -5.698e-11  4.369e-11  7.796e-09 
 -4.153e+02  6.831e-06  1.110e-04 -1.848e-05 -8.094e-05 -1.723e-05  1.082e+02 
  1.242e-02  4.597e-09 -9.579e-10 -6.830e-09 -7.587e-09 -2.913e-10  1.106e-03  3.513e-07 
 -2.959e-02 -4.034e-10  4.167e-09 -2.727e-09  3.376e-09 -1.137e-09  3.232e-03  3.461e-08  4.280e-07 
  2.729e-04  3.563e-09 -3.941e-09  4.534e-09 -3.540e-09 -4.799e-10 -1.156e-03  2.378e-08 -5.201e-08  2.854e-07 
 -1.494e-07  8.114e-14  4.203e-13  5.581e-14 -5.765e-15  4.372e-16  3.707e-08  5.534e-13  1.160e-12  2.025e-12  4.034e-14 
 PARAMETER  CORRELATION COEFFICIENTS  
       NO.  GLOBAL      1      3      4      6     10     13     20     21     22     23     24
        1  0.32244   1.000  0.154 -0.131 -0.012 -0.046  0.010 -0.172  0.090 -0.195  0.002 -0.003
        3  0.22958   0.154  1.000  0.007 -0.116 -0.035  0.001  0.008  0.095 -0.008  0.082  0.005
        4  0.18900  -0.131  0.007  1.000  0.115 -0.039 -0.009  0.044 -0.007  0.026 -0.031  0.009
        6  0.24483  -0.012 -0.116  0.115  1.000 -0.063 -0.007 -0.019 -0.125 -0.045  0.092  0.003
       10  0.22412  -0.046 -0.035 -0.039 -0.063  1.000  0.006 -0.087 -0.143  0.058 -0.074 -0.000
       13  0.02932   0.010  0.001 -0.009 -0.007  0.006  1.000 -0.019 -0.006 -0.020 -0.010  0.000
       20  0.53940  -0.172  0.008  0.044 -0.019 -0.087 -0.019  1.000  0.179  0.475 -0.208  0.018
       21  0.30971   0.090  0.095 -0.007 -0.125 -0.143 -0.006  0.179  1.000  0.089  0.075  0.005
       22  0.50140  -0.195 -0.008  0.026 -0.045  0.058 -0.020  0.475  0.089  1.000 -0.149  0.009
       23  0.29710   0.002  0.082 -0.031  0.092 -0.074 -0.010 -0.208  0.075 -0.149  1.000  0.019
       24  0.03077  -0.003  0.005  0.009  0.003 -0.000  0.000  0.018  0.005  0.009  0.019  1.000
MINUIT - FIT ONLY 2-CBO
 **********
 **   25 **RES 
 **********
                   PARAMETER   16  beta_vw RESTORED TO VARIABLE.
                   PARAMETER   14  alpha_vw RESTORED TO VARIABLE.
                   PARAMETER   11  alpha_y RESTORED TO VARIABLE.
                   PARAMETER    9  alpha_2CBO RESTORED TO VARIABLE.
                   PARAMETER    8  beta_CBO RESTORED TO VARIABLE.
 **********
 **   26 **FIX            0
 **********
 PARAMETER    0  IS UNDEFINED. IGNORED.
 **********
 **   27 **FIX            1
 **********
 **********
 **   28 **FIX            2
 **********
 PARAMETER    2  IS CONSTANT.   IGNORED.
 **********
 **   29 **FIX            3
 **********
 **********
 **   30 **FIX            4
 **********
 **********
 **   31 **FIX            5
 **********
 PARAMETER    5  IS CONSTANT.   IGNORED.
 **********
 **   32 **FIX            6
 **********
 **********
 **   33 **FIX            7
 **********
 PARAMETER    7  IS CONSTANT.   IGNORED.
 **********
 **   34 **FIX           10
 **********
 **********
 **   35 **FIX           11
 **********
 **********
 **   36 **FIX           12
 **********
 PARAMETER   12  IS CONSTANT.   IGNORED.
 **********
 **   37 **FIX           13
 **********
 **********
 **   38 **FIX           14
 **********
 **********
 **   39 **FIX           15
 **********
 PARAMETER   15  IS CONSTANT.   IGNORED.
 **********
 **   40 **FIX           16
 **********
 **********
 **   41 **MIGRAD
 **********
 START MIGRAD MINIMIZATION.  STRATEGY  1.  CONVERGENCE WHEN EDM .LT. 1.00e-04
 FCN=3834.24 FROM MIGRAD    STATUS=INITIATE       18 CALLS        1026 TOTAL
                     EDM= unknown      STRATEGY= 1      NO ERROR MATRIX       
  EXT PARAMETER               CURRENT GUESS       STEP         FIRST   
  NO.   NAME      VALUE            ERROR          SIZE      DERIVATIVE 
   1  N0           3.55199e+06     fixed    
   2  tau          6.44114e+01   constant   
   3  A0           3.52448e-01     fixed    
   4  phi          4.11527e+00     fixed    
   5  R           -6.01273e+01   constant   
   6  alpha_CBO    3.84746e-03     fixed    
   7  w_CBO        2.32500e+00   constant   
   8  beta_CBO     0.00000e+00   1.00000e-03   1.00000e-03   1.26880e+06
   9  alpha_2CBO   0.00000e+00   1.00000e-03   1.00000e-03  -5.06189e+04
  10  beta_2CBO    3.10312e-04     fixed    
  11  alpha_y      0.00000e+00     fixed    
  12  w_y          1.38860e+01   constant   
  13  beta_y       1.42142e-03     fixed    
  14  alpha_vw     0.00000e+00     fixed    
  15  w_vw         1.43404e+01   constant   
  16  beta_vw      0.00000e+00     fixed    
  17  LM           2.37201e-04   constant   
  18  zeta_y       0.00000e+00   constant   
  19  zeta_vw      0.00000e+00   constant   
  20  T_CBO        1.05991e+02   1.04021e+01   5.21029e-05  -9.96201e-03
  21  alpha_A0    -1.79162e-03   5.92383e-04   2.19141e-04  -2.20104e-03
  22  beta_A0     -5.36525e-03   6.53531e-04   4.43763e-05  -3.62978e-03
  23  alpha_phi    2.26466e-03   5.33973e-04  -3.16609e-06  -1.64878e-02
  24  beta_phi     9.99998e-03   2.62836e-03   1.37252e-03  -6.90024e-03
 MIGRAD MINIMIZATION HAS CONVERGED.
 MIGRAD WILL VERIFY CONVERGENCE AND ERROR MATRIX.
 COVARIANCE MATRIX CALCULATED SUCCESSFULLY
 FCN=597.072 FROM MIGRAD    STATUS=CONVERGED     679 CALLS        1687 TOTAL
                     EDM=2.62259e-06    STRATEGY= 1      ERROR MATRIX ACCURATE 
  EXT PARAMETER                                   STEP         FIRST   
  NO.   NAME      VALUE            ERROR          SIZE      DERIVATIVE 
   1  N0           3.55199e+06     fixed    
   2  tau          6.44114e+01   constant   
   3  A0           3.52448e-01     fixed    
   4  phi          4.11527e+00     fixed    
   5  R           -6.01273e+01   constant   
   6  alpha_CBO    3.84746e-03     fixed    
   7  w_CBO        2.32500e+00   constant   
   8  beta_CBO    -5.09868e-03   8.96523e-05   1.04084e-06  -1.01418e+01
   9  alpha_2CBO   5.60779e-05   9.10342e-05   1.06067e-06   1.94868e+00
  10  beta_2CBO    3.10312e-04     fixed    
  11  alpha_y      0.00000e+00     fixed    
  12  w_y          1.38860e+01   constant   
  13  beta_y       1.42142e-03     fixed    
  14  alpha_vw     0.00000e+00     fixed    
  15  w_vw         1.43404e+01   constant   
  16  beta_vw      0.00000e+00     fixed    
  17  LM           2.37201e-04   constant   
  18  zeta_y       0.00000e+00   constant   
  19  zeta_vw      0.00000e+00   constant   
  20  T_CBO        1.00000e+03   9.54118e+02   4.49839e-02** at limit **
  21  alpha_A0    -5.17677e-04   3.54296e-04   4.18607e-04   2.01965e-02
  22  beta_A0      3.03897e-04   3.68269e-04   4.31128e-04   4.72458e-03
  23  alpha_phi    2.18005e-03   3.73208e-04   4.50075e-04  -1.84740e-02
  24  beta_phi     3.27342e-03   3.34632e-04   4.12199e-04  -5.08470e-02
 EXTERNAL ERROR MATRIX.    NDIM=  25    NPAR=  7    ERR DEF=1
  8.038e-09  2.480e-10  6.746e-10 -8.305e-10 -5.480e-09 -1.240e-09  4.772e-09 
  2.480e-10  8.287e-09  4.185e-10  3.157e-09  3.013e-09 -3.463e-09  4.373e-09 
  6.746e-10  4.185e-10  7.750e-03 -8.852e-08  4.562e-08  4.387e-07  6.897e-07 
 -8.305e-10  3.157e-09 -8.852e-08  1.256e-07  4.748e-09  1.274e-08  5.778e-09 
 -5.480e-09  3.013e-09  4.562e-08  4.748e-09  1.357e-07  6.838e-09  7.443e-10 
 -1.240e-09 -3.463e-09  4.387e-07  1.274e-08  6.838e-09  1.394e-07 -8.944e-09 
  4.772e-09  4.373e-09  6.897e-07  5.778e-09  7.443e-10 -8.944e-09  1.120e-07 
 PARAMETER  CORRELATION COEFFICIENTS  
       NO.  GLOBAL      8      9     20     21     22     23     24
        8  0.23395   1.000  0.030  0.000 -0.026 -0.166 -0.037  0.159
        9  0.21900   0.030  1.000  0.000  0.098  0.090 -0.102  0.144
       20  0.02862   0.000  0.000  1.000 -0.003  0.001  0.013  0.023
       21  0.15505  -0.026  0.098 -0.003  1.000  0.036  0.096  0.049
       22  0.20045  -0.166  0.090  0.001  0.036  1.000  0.050  0.006
       23  0.17040  -0.037 -0.102  0.013  0.096  0.050  1.000 -0.072
       24  0.22439   0.159  0.144  0.023  0.049  0.006 -0.072  1.000
MINUIT - FIT wiggle + 1-CBO + 2-CBO
 **********
 **   42 **RES 
 **********
                   PARAMETER   16  beta_vw RESTORED TO VARIABLE.
                   PARAMETER   14  alpha_vw RESTORED TO VARIABLE.
                   PARAMETER   13  beta_y RESTORED TO VARIABLE.
                   PARAMETER   11  alpha_y RESTORED TO VARIABLE.
                   PARAMETER   10  beta_2CBO RESTORED TO VARIABLE.
                   PARAMETER    6  alpha_CBO RESTORED TO VARIABLE.
                   PARAMETER    4  phi RESTORED TO VARIABLE.
                   PARAMETER    3  A0 RESTORED TO VARIABLE.
                   PARAMETER    1  N0 RESTORED TO VARIABLE.
 **********
 **   43 **FIX           10
 **********
 **********
 **   44 **FIX           11
 **********
 **********
 **   45 **FIX           12
 **********
 PARAMETER   12  IS CONSTANT.   IGNORED.
 **********
 **   46 **FIX           13
 **********
 **********
 **   47 **FIX           14
 **********
 **********
 **   48 **FIX           15
 **********
 PARAMETER   15  IS CONSTANT.   IGNORED.
 **********
 **   49 **FIX           16
 **********
 **********
 **   50 **MIGRAD
 **********
 START MIGRAD MINIMIZATION.  STRATEGY  1.  CONVERGENCE WHEN EDM .LT. 1.00e-04
 FCN=597.072 FROM MIGRAD    STATUS=INITIATE       22 CALLS        1709 TOTAL
                     EDM= unknown      STRATEGY= 1      NO ERROR MATRIX       
  EXT PARAMETER               CURRENT GUESS       STEP         FIRST   
  NO.   NAME      VALUE            ERROR          SIZE      DERIVATIVE 
   1  N0           3.55199e+06   2.32292e+02   2.32292e+02  -3.28706e-02
   2  tau          6.44114e+01   constant   
   3  A0           3.52448e-01   8.15218e-05   8.15218e-05  -2.67608e+05
   4  phi          4.11527e+00   2.41382e-04   2.41382e-04  -7.06878e+04
   5  R           -6.01273e+01   constant   
   6  alpha_CBO    3.84746e-03   9.21360e-05   9.21360e-05  -3.17141e+04
   7  w_CBO        2.32500e+00   constant   
   8  beta_CBO    -5.09868e-03   8.96523e-05   1.04084e-06  -1.01401e+01
   9  alpha_2CBO   5.60779e-05   9.10342e-05   1.06067e-06   1.94940e+00
  10  beta_2CBO    3.10312e-04     fixed    
  11  alpha_y      0.00000e+00     fixed    
  12  w_y          1.38860e+01   constant   
  13  beta_y       1.42142e-03     fixed    
  14  alpha_vw     0.00000e+00     fixed    
  15  w_vw         1.43404e+01   constant   
  16  beta_vw      0.00000e+00     fixed    
  17  LM           2.37201e-04   constant   
  18  zeta_y       0.00000e+00   constant   
  19  zeta_vw      0.00000e+00   constant   
  20  T_CBO        9.99999e+02   9.54118e+02   4.49839e-02  -2.77263e-04
  21  alpha_A0    -5.17677e-04   3.54296e-04   4.18607e-04   2.02113e-02
  22  beta_A0      3.03897e-04   3.68269e-04   4.31128e-04   4.71860e-03
  23  alpha_phi    2.18005e-03   3.73208e-04   4.50075e-04  -1.85228e-02
  24  beta_phi     3.27342e-03   3.34632e-04   4.12199e-04  -5.09268e-02
 MIGRAD MINIMIZATION HAS CONVERGED.
 MIGRAD WILL VERIFY CONVERGENCE AND ERROR MATRIX.
 COVARIANCE MATRIX CALCULATED SUCCESSFULLY
 FCN=354.402 FROM MIGRAD    STATUS=CONVERGED     268 CALLS        1955 TOTAL
                     EDM=5.69964e-06    STRATEGY= 1      ERROR MATRIX ACCURATE 
  EXT PARAMETER                                   STEP         FIRST   
  NO.   NAME      VALUE            ERROR          SIZE      DERIVATIVE 
   1  N0           3.55289e+06   1.39731e+00   2.04276e+00   5.01057e-06
   2  tau          6.44114e+01   constant   
   3  A0           3.53537e-01   8.63013e-05   7.48544e-07   5.17239e-01
   4  phi          4.11754e+00   2.44109e-04   2.18169e-06  -1.56194e+00
   5  R           -6.01273e+01   constant   
   6  alpha_CBO    3.95005e-03   9.26471e-05   8.25152e-07  -5.14484e+00
   7  w_CBO        2.32500e+00   constant   
   8  beta_CBO    -5.48461e-03   9.28256e-05   8.02178e-07  -2.73780e+00
   9  alpha_2CBO   1.70284e-05   9.12465e-05   8.17456e-07  -3.47255e+01
  10  beta_2CBO    3.10312e-04     fixed    
  11  alpha_y      0.00000e+00     fixed    
  12  w_y          1.38860e+01   constant   
  13  beta_y       1.42142e-03     fixed    
  14  alpha_vw     0.00000e+00     fixed    
  15  w_vw         1.43404e+01   constant   
  16  beta_vw      0.00000e+00     fixed    
  17  LM           2.37201e-04   constant   
  18  zeta_y       0.00000e+00   constant   
  19  zeta_vw      0.00000e+00   constant   
  20  T_CBO        1.00000e+03   7.11425e+02   8.81726e-02   3.23069e-05
  21  alpha_A0     2.19372e-05   3.57524e-04   3.21460e-04   1.81375e-02
  22  beta_A0      7.17201e-04   3.70117e-04   3.32426e-04  -4.36862e-03
  23  alpha_phi    3.32096e-03   3.84135e-04   3.57880e-04  -2.44770e-02
  24  beta_phi     2.95903e-03   3.33502e-04   3.13267e-04   2.69808e-02
 EXTERNAL ERROR MATRIX.    NDIM=  25    NPAR= 11    ERR DEF=1
  1.952e+00 
  7.900e-08  7.448e-09 
 -3.240e-07  1.969e-09  5.959e-08 
 -1.349e-08 -9.594e-10  2.858e-09  8.583e-09 
 -4.582e-08 -1.671e-09 -3.908e-09 -1.632e-10  8.617e-09 
  1.458e-08 -4.973e-10  4.900e-10  2.550e-10  3.195e-10  8.326e-09 
  6.517e-07  2.640e-08  1.203e-08  4.239e-09  2.517e-10  1.559e-09  8.505e-01 
  3.407e-07  2.785e-09  2.036e-09 -4.337e-09 -1.431e-09  2.914e-09  1.740e-08  1.279e-07 
 -4.649e-07  2.849e-09  7.374e-09 -7.618e-10 -6.534e-09  2.853e-09  1.028e-06  6.267e-09  1.370e-07 
 -3.997e-07  7.318e-09  8.309e-09  2.818e-09 -3.334e-09 -3.800e-09  5.151e-06  1.358e-08  1.008e-08  1.476e-07 
 -4.808e-07 -7.305e-10  5.219e-10 -6.172e-10  4.842e-09  4.395e-09  4.730e-06  5.913e-09  4.253e-10 -9.820e-09  1.113e-07 
 PARAMETER  CORRELATION COEFFICIENTS  
       NO.  GLOBAL      1      3      4      6      8      9     20     21     22     23     24
        1  0.00222   1.000  0.001 -0.001 -0.000 -0.000  0.000  0.000  0.001 -0.001 -0.001 -0.001
        3  0.33489   0.001  1.000  0.093 -0.120 -0.209 -0.063  0.000  0.090  0.089  0.221 -0.025
        4  0.23944  -0.001  0.093  1.000  0.126 -0.172  0.022  0.000  0.023  0.082  0.089  0.006
        6  0.25269  -0.000 -0.120  0.126  1.000 -0.019  0.030  0.000 -0.131 -0.022  0.079 -0.020
        8  0.34446  -0.000 -0.209 -0.172 -0.019  1.000  0.038  0.000 -0.043 -0.190 -0.093  0.156
        9  0.22981   0.000 -0.063  0.022  0.030  0.038  1.000  0.000  0.089  0.084 -0.108  0.144
       20  0.02256   0.000  0.000  0.000  0.000  0.000  0.000  1.000  0.000  0.003  0.015  0.015
       21  0.21662   0.001  0.090  0.023 -0.131 -0.043  0.089  0.000  1.000  0.047  0.099  0.050
       22  0.23221  -0.001  0.089  0.082 -0.022 -0.190  0.084  0.003  0.047  1.000  0.071  0.003
       23  0.29957  -0.001  0.221  0.089  0.079 -0.093 -0.108  0.015  0.099  0.071  1.000 -0.077
       24  0.22526  -0.001 -0.025  0.006 -0.020  0.156  0.144  0.015  0.050  0.003 -0.077  1.000
MINUIT - FIT ONLY 1-y
 **********
 **   51 **RES 
 **********
                   PARAMETER   16  beta_vw RESTORED TO VARIABLE.
                   PARAMETER   14  alpha_vw RESTORED TO VARIABLE.
                   PARAMETER   13  beta_y RESTORED TO VARIABLE.
                   PARAMETER   11  alpha_y RESTORED TO VARIABLE.
                   PARAMETER   10  beta_2CBO RESTORED TO VARIABLE.
 **********
 **   52 **FIX            0
 **********
 PARAMETER    0  IS UNDEFINED. IGNORED.
 **********
 **   53 **FIX            1
 **********
 **********
 **   54 **FIX            2
 **********
 PARAMETER    2  IS CONSTANT.   IGNORED.
 **********
 **   55 **FIX            3
 **********
 **********
 **   56 **FIX            4
 **********
 **********
 **   57 **FIX            5
 **********
 PARAMETER    5  IS CONSTANT.   IGNORED.
 **********
 **   58 **FIX            6
 **********
 **********
 **   59 **FIX            7
 **********
 PARAMETER    7  IS CONSTANT.   IGNORED.
 **********
 **   60 **FIX            8
 **********
 **********
 **   61 **FIX            9
 **********
 **********
 **   62 **FIX           13
 **********
 **********
 **   63 **FIX           14
 **********
 **********
 **   64 **FIX           15
 **********
 PARAMETER   15  IS CONSTANT.   IGNORED.
 **********
 **   65 **FIX           16
 **********
 **********
 **   66 **MIGRAD
 **********
 START MIGRAD MINIMIZATION.  STRATEGY  1.  CONVERGENCE WHEN EDM .LT. 1.00e-04
 FCN=354.401 FROM MIGRAD    STATUS=INITIATE       39 CALLS        1994 TOTAL
                     EDM= unknown      STRATEGY= 1      NO ERROR MATRIX       
  EXT PARAMETER               CURRENT GUESS       STEP         FIRST   
  NO.   NAME      VALUE            ERROR          SIZE      DERIVATIVE 
   1  N0           3.55289e+06     fixed    
   2  tau          6.44114e+01   constant   
   3  A0           3.53537e-01     fixed    
   4  phi          4.11754e+00     fixed    
   5  R           -6.01273e+01   constant   
   6  alpha_CBO    3.95005e-03     fixed    
   7  w_CBO        2.32500e+00   constant   
   8  beta_CBO    -5.48461e-03     fixed    
   9  alpha_2CBO   1.70284e-05     fixed    
  10  beta_2CBO    3.10312e-04   8.94018e-05   0.00000e+00   1.64416e+04
  11  alpha_y      0.00000e+00   1.00000e-03   0.00000e+00   1.66195e+05
  12  w_y          1.38860e+01   constant   
  13  beta_y       1.42142e-03     fixed    
  14  alpha_vw     0.00000e+00     fixed    
  15  w_vw         1.43404e+01   constant   
  16  beta_vw      0.00000e+00     fixed    
  17  LM           2.37201e-04   constant   
  18  zeta_y       0.00000e+00   constant   
  19  zeta_vw      0.00000e+00   constant   
  20  T_CBO        9.56793e+02   7.11425e+02  -4.17477e-01  -2.93308e-04
  21  alpha_A0     2.19372e-05   3.57524e-04   0.00000e+00   2.19363e-01
  22  beta_A0      7.17201e-04   3.70117e-04   0.00000e+00  -1.62166e-01
  23  alpha_phi    3.32096e-03   3.84135e-04   0.00000e+00  -1.23983e+00
  24  beta_phi     2.95903e-03   3.33502e-04   0.00000e+00  -1.42113e+00
 MIGRAD MINIMIZATION HAS CONVERGED.
 MIGRAD WILL VERIFY CONVERGENCE AND ERROR MATRIX.
 COVARIANCE MATRIX CALCULATED SUCCESSFULLY
 FCN=299.346 FROM MIGRAD    STATUS=CONVERGED    1046 CALLS        3001 TOTAL
                     EDM=7.59403e-06    STRATEGY= 1      ERROR MATRIX ACCURATE 
  EXT PARAMETER                                   STEP         FIRST   
  NO.   NAME      VALUE            ERROR          SIZE      DERIVATIVE 
   1  N0           3.55289e+06     fixed    
   2  tau          6.44114e+01   constant   
   3  A0           3.53537e-01     fixed    
   4  phi          4.11754e+00     fixed    
   5  R           -6.01273e+01   constant   
   6  alpha_CBO    3.95005e-03     fixed    
   7  w_CBO        2.32500e+00   constant   
   8  beta_CBO    -5.48461e-03     fixed    
   9  alpha_2CBO   1.70284e-05     fixed    
  10  beta_2CBO    2.46435e-04   8.99967e-05   7.44112e-07  -1.29959e+01
  11  alpha_y     -6.49476e-04   8.83814e-05   7.47530e-07   1.86930e+00
  12  w_y          1.38860e+01   constant   
  13  beta_y       1.42142e-03     fixed    
  14  alpha_vw     0.00000e+00     fixed    
  15  w_vw         1.43404e+01   constant   
  16  beta_vw      0.00000e+00     fixed    
  17  LM           2.37201e-04   constant   
  18  zeta_y       0.00000e+00   constant   
  19  zeta_vw      0.00000e+00   constant   
  20  T_CBO        4.86775e+01   4.86035e+00   1.23702e-04  -1.41878e-02
  21  alpha_A0     2.77919e-04   1.06179e-03   8.89049e-04   3.12106e-03
  22  beta_A0      1.90829e-03   1.08560e-03   9.24557e-04  -1.88092e-02
  23  alpha_phi    9.99982e-03   1.96425e-02   2.41751e-02  -8.29535e-04
  24  beta_phi     9.10070e-03   1.45552e-03   2.01699e-03   2.52074e-03
 EXTERNAL ERROR MATRIX.    NDIM=  25    NPAR=  7    ERR DEF=1
  8.099e-09 -7.817e-11  5.475e-05 -1.253e-08  9.192e-09  1.854e-11  3.712e-09 
 -7.817e-11  7.811e-09  7.994e-06 -1.935e-09 -2.476e-10  5.043e-12  1.377e-09 
  5.475e-05  7.994e-06  2.363e+01 -4.899e-04  7.890e-04 -1.929e-04  5.389e-03 
 -1.253e-08 -1.935e-09 -4.899e-04  1.132e-06 -7.386e-10 -1.184e-09 -6.262e-08 
  9.192e-09 -2.476e-10  7.890e-04 -7.386e-10  1.183e-06 -7.829e-09  1.753e-07 
  1.854e-11  5.043e-12 -1.929e-04 -1.184e-09 -7.829e-09  4.514e-08 -4.192e-08 
  3.712e-09  1.377e-09  5.389e-03 -6.262e-08  1.753e-07 -4.192e-08  2.212e-06 
 PARAMETER  CORRELATION COEFFICIENTS  
       NO.  GLOBAL     10     11     20     21     22     23     24
       10  0.21286   1.000 -0.010  0.125 -0.131  0.094  0.001  0.028
       11  0.03129  -0.010  1.000  0.019 -0.021 -0.003  0.000  0.010
       20  0.76220   0.125  0.019  1.000 -0.095  0.149 -0.187  0.745
       21  0.16101  -0.131 -0.021 -0.095  1.000 -0.001 -0.005 -0.040
       22  0.16915   0.094 -0.003  0.149 -0.001  1.000 -0.034  0.108
       23  0.19015   0.001  0.000 -0.187 -0.005 -0.034  1.000 -0.133
       24  0.74881   0.028  0.010  0.745 -0.040  0.108 -0.133  1.000
MINUIT - FIT ONLY 2-y
 **********
 **   67 **RES 
 **********
                   PARAMETER   16  beta_vw RESTORED TO VARIABLE.
                   PARAMETER   14  alpha_vw RESTORED TO VARIABLE.
                   PARAMETER   13  beta_y RESTORED TO VARIABLE.
                   PARAMETER    9  alpha_2CBO RESTORED TO VARIABLE.
                   PARAMETER    8  beta_CBO RESTORED TO VARIABLE.
                   PARAMETER    6  alpha_CBO RESTORED TO VARIABLE.
                   PARAMETER    4  phi RESTORED TO VARIABLE.
                   PARAMETER    3  A0 RESTORED TO VARIABLE.
                   PARAMETER    1  N0 RESTORED TO VARIABLE.
 **********
 **   68 **FIX            0
 **********
 PARAMETER    0  IS UNDEFINED. IGNORED.
 **********
 **   69 **FIX            1
 **********
 **********
 **   70 **FIX            2
 **********
 PARAMETER    2  IS CONSTANT.   IGNORED.
 **********
 **   71 **FIX            3
 **********
 **********
 **   72 **FIX            4
 **********
 **********
 **   73 **FIX            5
 **********
 PARAMETER    5  IS CONSTANT.   IGNORED.
 **********
 **   74 **FIX            6
 **********
 **********
 **   75 **FIX            7
 **********
 PARAMETER    7  IS CONSTANT.   IGNORED.
 **********
 **   76 **FIX            8
 **********
 **********
 **   77 **FIX            9
 **********
 **********
 **   78 **FIX           10
 **********
 **********
 **   79 **FIX           11
 **********
 **********
 **   80 **FIX           12
 **********
 PARAMETER   12  IS CONSTANT.   IGNORED.
 **********
 **   81 **FIX           16
 **********
 **********
 **   82 **MIGRAD
 **********
 START MIGRAD MINIMIZATION.  STRATEGY  1.  CONVERGENCE WHEN EDM .LT. 1.00e-04
 FCN=299.346 FROM MIGRAD    STATUS=INITIATE       16 CALLS        3017 TOTAL
                     EDM= unknown      STRATEGY= 1      NO ERROR MATRIX       
  EXT PARAMETER               CURRENT GUESS       STEP         FIRST   
  NO.   NAME      VALUE            ERROR          SIZE      DERIVATIVE 
   1  N0           3.55289e+06     fixed    
   2  tau          6.44114e+01   constant   
   3  A0           3.53537e-01     fixed    
   4  phi          4.11754e+00     fixed    
   5  R           -6.01273e+01   constant   
   6  alpha_CBO    3.95005e-03     fixed    
   7  w_CBO        2.32500e+00   constant   
   8  beta_CBO    -5.48461e-03     fixed    
   9  alpha_2CBO   1.70284e-05     fixed    
  10  beta_2CBO    2.46435e-04     fixed    
  11  alpha_y     -6.49476e-04     fixed    
  12  w_y          1.38860e+01   constant   
  13  beta_y       1.42142e-03   8.82936e-05   8.82936e-05   3.38000e+03
  14  alpha_vw     0.00000e+00   1.00000e-03   1.00000e-03   2.74844e+05
  15  w_vw         1.43404e+01   constant   
  16  beta_vw      0.00000e+00     fixed    
  17  LM           2.37201e-04   constant   
  18  zeta_y       0.00000e+00   constant   
  19  zeta_vw      0.00000e+00   constant   
  20  T_CBO        4.86775e+01   4.86035e+00   1.23702e-04   1.40697e-02
  21  alpha_A0     2.77919e-04   1.06179e-03   8.89049e-04   3.11857e-03
  22  beta_A0      1.90829e-03   1.08560e-03   9.24557e-04  -1.88221e-02
  23  alpha_phi    9.99982e-03   1.96425e-02   2.41751e-02  -8.76496e-04
  24  beta_phi     9.10070e-03   1.45552e-03   2.01699e-03   2.49583e-03
 MIGRAD MINIMIZATION HAS CONVERGED.
 MIGRAD WILL VERIFY CONVERGENCE AND ERROR MATRIX.
 COVARIANCE MATRIX CALCULATED SUCCESSFULLY
 FCN=147.163 FROM MIGRAD    STATUS=CONVERGED     152 CALLS        3153 TOTAL
                     EDM=1.25045e-05    STRATEGY= 1      ERROR MATRIX ACCURATE 
  EXT PARAMETER                                   STEP         FIRST   
  NO.   NAME      VALUE            ERROR          SIZE      DERIVATIVE 
   1  N0           3.55289e+06     fixed    
   2  tau          6.44114e+01   constant   
   3  A0           3.53537e-01     fixed    
   4  phi          4.11754e+00     fixed    
   5  R           -6.01273e+01   constant   
   6  alpha_CBO    3.95005e-03     fixed    
   7  w_CBO        2.32500e+00   constant   
   8  beta_CBO    -5.48461e-03     fixed    
   9  alpha_2CBO   1.70284e-05     fixed    
  10  beta_2CBO    2.46435e-04     fixed    
  11  alpha_y     -6.49476e-04     fixed    
  12  w_y          1.38860e+01   constant   
  13  beta_y       1.22672e-03   8.97000e-05   5.25749e-07  -7.65476e-01
  14  alpha_vw    -1.10501e-03   8.95814e-05   5.25206e-07   9.51040e-01
  15  w_vw         1.43404e+01   constant   
  16  beta_vw      0.00000e+00     fixed    
  17  LM           2.37201e-04   constant   
  18  zeta_y       0.00000e+00   constant   
  19  zeta_vw      0.00000e+00   constant   
  20  T_CBO        4.83275e+01   5.07529e+00   8.62448e-05   1.20003e-01
  21  alpha_A0     2.45872e-04   1.06164e-03   6.29268e-04   6.47665e-03
  22  beta_A0      1.96905e-03   1.09307e-03   6.55138e-04   2.71794e-03
  23  alpha_phi    9.99998e-03   1.80458e-02   1.78217e-02   2.63501e-04
  24  beta_phi     9.19002e-03   1.51322e-03   1.49012e-03  -4.83935e-03
 EXTERNAL ERROR MATRIX.    NDIM=  25    NPAR=  7    ERR DEF=1
  8.046e-09  1.318e-09  7.165e-06 -1.573e-10 -5.653e-10  3.581e-13 -3.318e-09 
  1.318e-09  8.025e-09  2.558e-06  2.268e-10 -4.191e-10  2.750e-13 -6.287e-10 
  7.165e-06  2.558e-06  2.576e+01  4.111e-04 -8.809e-04  1.583e-04 -6.053e-03 
 -1.573e-10  2.268e-10  4.111e-04  1.131e-06  1.301e-08 -8.094e-10 -6.034e-08 
 -5.653e-10 -4.191e-10 -8.809e-04  1.301e-08  1.200e-06 -6.750e-09  2.100e-07 
  3.581e-13  2.750e-13  1.583e-04 -8.094e-10 -6.750e-09  7.054e-09 -3.524e-08 
 -3.318e-09 -6.287e-10 -6.053e-03 -6.034e-08  2.100e-07 -3.524e-08  2.412e-06 
 PARAMETER  CORRELATION COEFFICIENTS  
       NO.  GLOBAL     13     14     20     21     22     23     24
       13  0.16582   1.000  0.164  0.016 -0.002 -0.006  0.000 -0.024
       14  0.16410   0.164  1.000  0.006  0.002 -0.004  0.000 -0.005
       20  0.79030   0.016  0.006  1.000  0.076 -0.158  0.371 -0.768
       21  0.09587  -0.002  0.002  0.076  1.000  0.011 -0.009 -0.037
       22  0.16090  -0.006 -0.004 -0.158  0.011  1.000 -0.073  0.123
       23  0.37425   0.000  0.000  0.371 -0.009 -0.073  1.000 -0.270
       24  0.76847  -0.024 -0.005 -0.768 -0.037  0.123 -0.270  1.000
MINUIT - FIT ALTOGETHER
 **********
 **   83 **RES 
