 + ++++++++++++++++++++++++++++++++++++++++++++++++++++++++++++++++++++ +
 +                                                                      +
 +           You have chose to blind your fitting according to          +
 +                omega_ref * (1 + (R +/- deltaR) *10^{-6})             +
 +                                                                      +
 + ++++++++++++++++++++++++++++++++++++++++++++++++++++++++++++++++++++ +
In main()...
reading format from /gm2data/zkhechad/run45/envelope/formats/formatB_sBin_constraintOn.txt
pBinTau 	= 0  
pBinPhi 	= 0  
constraintau 	= 1 
includeMopTerm 	= 0    
constrainMop    = 0   
Parameters after format file: pBinTau 0 pBinPhi 0 constraintau 1 includeMopTerm 0 constrainMop 0 c_e_scale 0.000000 
Opening file /gm2data/tbarrett/gm2fr/studies/run23_bunch_corrections/CorrectedFourier_Run3b.root.
reading full fit data from /gm2data/zkhechad/cboTemplates/Run4CBOTemplates/fullFits/noRF/sBin_constraintOn_cE0.0_seed0_noRF_calo16.root
windowBins = 69
fitting sliding window 1400 from bin 1536 at 229.022000 to bin 1605 at 239.466000 (69 bins)

Reading data from /gm2data/cornell/histograms/aMethod/histogram_a_noRF.root
 **********
 **    1 **SET PRINTOUT            1
 **********
 **********
 **    2 **SET NOWARNINGS 
 **********
 PARAMETER DEFINITIONS:
    NO.   NAME         VALUE      STEP SIZE      LIMITS
     1 N0           3.09937e+06  1.00000e+02     no limits
     2 tau          6.44027e+01  constant
     3 A0           3.49546e-01  1.00000e-04     no limits
     4 phi          4.11716e+00  1.00000e-02     no limits
     5 R           -6.26367e+01  constant
     6 alpha_CBO    0.00000e+00  1.00000e-03     no limits
     7 w_CBO        2.32500e+00  constant
     8 beta_CBO     0.00000e+00  1.00000e-03     no limits
     9 alpha_2CBO   0.00000e+00  1.00000e-03     no limits
    10 beta_2CBO    0.00000e+00  1.00000e-03     no limits
    11 alpha_y      0.00000e+00  1.00000e-03     no limits
    12 w_y          1.38860e+01  constant
    13 beta_y       0.00000e+00  1.00000e-03     no limits
    14 alpha_vw     0.00000e+00  1.00000e-03     no limits
    15 w_vw         1.43404e+01  constant
    16 beta_vw      0.00000e+00  1.00000e-03     no limits
    17 LM          -1.31878e-04  constant
    18 zeta_y       0.00000e+00  constant
    19 zeta_vw      0.00000e+00  constant
    20 T_CBO        1.00000e+02  1.00000e+00    0.00000e+00  1.00000e+03
    21 alpha_A0     0.00000e+00  1.00000e-04   -1.00000e-02  1.00000e-02
    22 beta_A0      0.00000e+00  1.00000e-04   -1.00000e-02  1.00000e-02
    23 alpha_phi    0.00000e+00  1.00000e-04   -1.00000e-02  1.00000e-02
    24 beta_phi     0.00000e+00  1.00000e-04   -1.00000e-02  1.00000e-02
MINUIT - FIT ONLY WIGGLE
 **********
 **    3 **FIX            5
 **********
 PARAMETER    5  IS CONSTANT.   IGNORED.
 **********
 **    4 **FIX            6
 **********
 **********
 **    5 **FIX            7
 **********
 PARAMETER    7  IS CONSTANT.   IGNORED.
 **********
 **    6 **FIX            8
 **********
 **********
 **    7 **FIX            9
 **********
 **********
 **    8 **FIX           10
 **********
 **********
 **    9 **FIX           11
 **********
 **********
 **   10 **FIX           12
 **********
 PARAMETER   12  IS CONSTANT.   IGNORED.
 **********
 **   11 **FIX           13
 **********
 **********
 **   12 **FIX           14
 **********
 **********
 **   13 **FIX           15
 **********
 PARAMETER   15  IS CONSTANT.   IGNORED.
 **********
 **   14 **FIX           16
 **********
 **********
 **   15 **MIGRAD
 **********
 FIRST CALL TO USER FUNCTION AT NEW START POINT, WITH IFLAG=4.
 START MIGRAD MINIMIZATION.  STRATEGY  1.  CONVERGENCE WHEN EDM .LT. 1.00e-04
 FCN=187.236 FROM MIGRAD    STATUS=INITIATE      437 CALLS         438 TOTAL
                     EDM= unknown      STRATEGY= 1      NO ERROR MATRIX       
  EXT PARAMETER               CURRENT GUESS       STEP         FIRST   
  NO.   NAME      VALUE            ERROR          SIZE      DERIVATIVE 
   1  N0           3.09937e+06   1.00000e+02   0.00000e+00  -8.27792e-03
   2  tau          6.44027e+01   constant   
   3  A0           3.49546e-01   1.00000e-04   0.00000e+00  -2.02773e+04
   4  phi          4.11716e+00   1.00000e-02   0.00000e+00  -2.20610e+03
   5  R           -6.26367e+01   constant   
   6  alpha_CBO    0.00000e+00     fixed    
   7  w_CBO        2.32500e+00   constant   
   8  beta_CBO     0.00000e+00     fixed    
   9  alpha_2CBO   0.00000e+00     fixed    
  10  beta_2CBO    0.00000e+00     fixed    
  11  alpha_y      0.00000e+00     fixed    
  12  w_y          1.38860e+01   constant   
  13  beta_y       0.00000e+00     fixed    
  14  alpha_vw     0.00000e+00     fixed    
  15  w_vw         1.43404e+01   constant   
  16  beta_vw      0.00000e+00     fixed    
  17  LM          -1.31878e-04   constant   
  18  zeta_y       0.00000e+00   constant   
  19  zeta_vw      0.00000e+00   constant   
  20  T_CBO        1.00000e+02   1.00000e+00   0.00000e+00   0.00000e+00
  21  alpha_A0     0.00000e+00   1.00000e-04   0.00000e+00   2.97668e-01
  22  beta_A0      0.00000e+00   1.00000e-04   0.00000e+00  -1.30991e+00
  23  alpha_phi    0.00000e+00   1.00000e-04   0.00000e+00   4.02166e+00
  24  beta_phi     0.00000e+00   1.00000e-04   0.00000e+00  -2.11219e+00
 MIGRAD MINIMIZATION HAS CONVERGED.
 FCN=153.011 FROM MIGRAD    STATUS=CONVERGED     682 CALLS         683 TOTAL
                     EDM=2.2442e-06    STRATEGY= 1  ERROR MATRIX UNCERTAINTY   0.9 per cent
  EXT PARAMETER                                   STEP         FIRST   
  NO.   NAME      VALUE            ERROR          SIZE      DERIVATIVE 
   1  N0           3.10167e+06   7.90537e+02   5.60823e-01  -4.99735e-07
   2  tau          6.44027e+01   constant   
   3  A0           3.50665e-01   3.44257e-04   6.68074e-07   1.89874e+00
   4  phi          4.11871e+00   1.07767e-03   1.01933e-07  -2.52473e-01
   5  R           -6.26367e+01   constant   
   6  alpha_CBO    0.00000e+00     fixed    
   7  w_CBO        2.32500e+00   constant   
   8  beta_CBO     0.00000e+00     fixed    
   9  alpha_2CBO   0.00000e+00     fixed    
  10  beta_2CBO    0.00000e+00     fixed    
  11  alpha_y      0.00000e+00     fixed    
  12  w_y          1.38860e+01   constant   
  13  beta_y       0.00000e+00     fixed    
  14  alpha_vw     0.00000e+00     fixed    
  15  w_vw         1.43404e+01   constant   
  16  beta_vw      0.00000e+00     fixed    
  17  LM          -1.31878e-04   constant   
  18  zeta_y       0.00000e+00   constant   
  19  zeta_vw      0.00000e+00   constant   
  20  T_CBO        2.67352e+02   1.03381e+02   5.18500e-04  -6.94623e-03
  21  alpha_A0     1.72604e-04   3.88580e-03  -3.37140e-04  -1.53345e-03
  22  beta_A0      2.27442e-03   4.05196e-03   1.26725e-04  -7.55667e-05
  23  alpha_phi   -9.98908e-03   1.88673e-03   2.26957e-04   5.36362e-03
  24  beta_phi     4.72931e-03   3.90300e-03   9.53907e-04   1.04988e-03
 EXTERNAL ERROR MATRIX.    NDIM=  25    NPAR=  8    ERR DEF=1
  6.249e+05 -2.367e-02  3.564e-02  1.253e+04  9.201e-01 -4.856e-01  5.419e-02  6.864e-01 
 -2.367e-02  1.185e-07  2.407e-09 -3.079e-03 -1.526e-07  6.747e-08 -3.146e-08 -2.473e-07 
  3.564e-02  2.407e-09  1.161e-06  1.147e-02 -1.779e-07 -6.496e-07  4.138e-08  1.853e-07 
  1.253e+04 -3.079e-03  1.147e-02  1.089e+04  3.232e-02 -9.232e-02  1.420e-02  2.033e-01 
  9.201e-01 -1.526e-07 -1.779e-07  3.232e-02  1.593e-05 -8.769e-09  1.954e-08  1.217e-06 
 -4.856e-01  6.747e-08 -6.496e-07 -9.232e-02 -8.769e-09  1.746e-05 -2.216e-07 -4.314e-06 
  5.419e-02 -3.146e-08  4.138e-08  1.420e-02  1.954e-08 -2.216e-07  8.517e-08  2.955e-07 
  6.864e-01 -2.473e-07  1.853e-07  2.033e-01  1.217e-06 -4.314e-06  2.955e-07  1.635e-05 
 PARAMETER  CORRELATION COEFFICIENTS  
       NO.  GLOBAL      1      3      4     20     21     22     23     24
        1  0.40855   1.000 -0.087  0.042  0.152  0.292 -0.147  0.235  0.215
        3  0.37155  -0.087  1.000  0.006 -0.086 -0.111  0.047 -0.313 -0.178
        4  0.19411   0.042  0.006  1.000  0.102 -0.041 -0.144  0.132  0.043
       20  0.61470   0.152 -0.086  0.102  1.000  0.078 -0.212  0.466  0.482
       21  0.32919   0.292 -0.111 -0.041  0.078  1.000 -0.001  0.017  0.075
       22  0.32224  -0.147  0.047 -0.144 -0.212 -0.001  1.000 -0.182 -0.255
       23  0.57690   0.235 -0.313  0.132  0.466  0.017 -0.182  1.000  0.250
       24  0.53918   0.215 -0.178  0.043  0.482  0.075 -0.255  0.250  1.000
MINUIT - FIT ONLY 1-CBO + wiggle
 **********
 **   16 **RES 
 **********
                   PARAMETER   16  beta_vw RESTORED TO VARIABLE.
                   PARAMETER   14  alpha_vw RESTORED TO VARIABLE.
                   PARAMETER   13  beta_y RESTORED TO VARIABLE.
                   PARAMETER   11  alpha_y RESTORED TO VARIABLE.
                   PARAMETER   10  beta_2CBO RESTORED TO VARIABLE.
                   PARAMETER    9  alpha_2CBO RESTORED TO VARIABLE.
                   PARAMETER    8  beta_CBO RESTORED TO VARIABLE.
                   PARAMETER    6  alpha_CBO RESTORED TO VARIABLE.
 **********
 **   17 **FIX            8
 **********
 **********
 **   18 **FIX            9
 **********
 **********
 **   19 **FIX           11
 **********
 **********
 **   20 **FIX           12
 **********
 PARAMETER   12  IS CONSTANT.   IGNORED.
 **********
 **   21 **FIX           14
 **********
 **********
 **   22 **FIX           15
 **********
 PARAMETER   15  IS CONSTANT.   IGNORED.
 **********
 **   23 **FIX           16
 **********
 **********
 **   24 **MIGRAD
 **********
 START MIGRAD MINIMIZATION.  STRATEGY  1.  CONVERGENCE WHEN EDM .LT. 1.00e-04
 FCN=153.011 FROM MIGRAD    STATUS=INITIATE       28 CALLS         711 TOTAL
                     EDM= unknown      STRATEGY= 1      NO ERROR MATRIX       
  EXT PARAMETER               CURRENT GUESS       STEP         FIRST   
  NO.   NAME      VALUE            ERROR          SIZE      DERIVATIVE 
   1  N0           3.10167e+06   7.90537e+02   5.60823e-01  -4.99734e-07
   2  tau          6.44027e+01   constant   
   3  A0           3.50665e-01   3.44257e-04   6.68074e-07   1.89874e+00
   4  phi          4.11871e+00   1.07767e-03   1.01933e-07  -2.52473e-01
   5  R           -6.26367e+01   constant   
   6  alpha_CBO    0.00000e+00   1.00000e-03   1.00000e-03  -1.59507e+04
   7  w_CBO        2.32500e+00   constant   
   8  beta_CBO     0.00000e+00     fixed    
   9  alpha_2CBO   0.00000e+00     fixed    
  10  beta_2CBO    0.00000e+00   1.00000e-03   1.00000e-03   4.61683e+02
  11  alpha_y      0.00000e+00     fixed    
  12  w_y          1.38860e+01   constant   
  13  beta_y       0.00000e+00   1.00000e-03   1.00000e-03  -6.72148e+02
  14  alpha_vw     0.00000e+00     fixed    
  15  w_vw         1.43404e+01   constant   
  16  beta_vw      0.00000e+00     fixed    
  17  LM          -1.31878e-04   constant   
  18  zeta_y       0.00000e+00   constant   
  19  zeta_vw      0.00000e+00   constant   
  20  T_CBO        2.67352e+02   1.03381e+02   5.18500e-04  -6.94635e-03
  21  alpha_A0     1.72604e-04   3.88580e-03  -3.37140e-04  -1.53346e-03
  22  beta_A0      2.27442e-03   4.05196e-03   1.26725e-04  -7.55751e-05
  23  alpha_phi   -9.98908e-03   1.88673e-03   2.26957e-04   5.37971e-03
  24  beta_phi     4.72931e-03   3.90300e-03   9.53907e-04  -1.04983e-03
 MIGRAD MINIMIZATION HAS CONVERGED.
 FCN=144.287 FROM MIGRAD    STATUS=CONVERGED     198 CALLS         881 TOTAL
                     EDM=7.06907e-07    STRATEGY= 1  ERROR MATRIX UNCERTAINTY   1.6 per cent
  EXT PARAMETER                                   STEP         FIRST   
  NO.   NAME      VALUE            ERROR          SIZE      DERIVATIVE 
   1  N0           3.10156e+06   8.06589e+02   4.75851e-01  -4.31680e-07
   2  tau          6.44027e+01   constant   
   3  A0           3.50567e-01   3.42783e-04  -1.89987e-06  -4.58482e-01
   4  phi          4.11945e+00   1.09938e-03  -7.91442e-07  -1.87477e-01
   5  R           -6.26367e+01   constant   
   6  alpha_CBO    1.08932e-03   3.69079e-04   1.34040e-07   2.83418e-03
   7  w_CBO        2.32500e+00   constant   
   8  beta_CBO     0.00000e+00     fixed    
   9  alpha_2CBO   0.00000e+00     fixed    
  10  beta_2CBO   -1.00962e-04   3.65448e-04   1.04464e-06   9.66368e-01
  11  alpha_y      0.00000e+00     fixed    
  12  w_y          1.38860e+01   constant   
  13  beta_y       3.82959e-05   3.54426e-04  -5.98924e-07   5.86253e-01
  14  alpha_vw     0.00000e+00     fixed    
  15  w_vw         1.43404e+01   constant   
  16  beta_vw      0.00000e+00     fixed    
  17  LM          -1.31878e-04   constant   
  18  zeta_y       0.00000e+00   constant   
  19  zeta_vw      0.00000e+00   constant   
  20  T_CBO        3.03417e+02   1.13831e+02   3.30610e-04  -2.67838e-05
  21  alpha_A0    -7.23473e-05   3.39323e-03  -5.69393e-04   1.77912e-04
  22  beta_A0      1.56023e-03   3.49374e-03  -1.32899e-04  -8.27613e-04
  23  alpha_phi   -9.99960e-03   1.49011e-02   1.63624e-03  -9.45955e-04
  24  beta_phi     4.46037e-03   3.60189e-03  -4.85981e-04   2.52781e-04
 EXTERNAL ERROR MATRIX.    NDIM=  25    NPAR= 11    ERR DEF=1
  6.506e+05 
 -2.731e-02  1.175e-07 
  3.374e-02 -6.052e-09  1.209e-06 
 -1.325e-02 -1.224e-08  9.211e-08  1.362e-07 
  2.308e-02 -2.867e-09 -1.577e-08 -8.633e-09  1.336e-07 
 -3.353e-03 -1.958e-10  6.196e-09 -5.373e-10 -7.247e-10  1.256e-07 
  1.665e+04 -5.031e-03  1.287e-02  4.753e-03  3.616e-03  2.233e-04  1.323e+04 
  3.131e-01 -9.108e-08 -2.270e-07 -2.396e-08  6.529e-08 -1.887e-08  5.190e-02  1.199e-05 
 -1.018e-01  2.999e-08 -5.243e-07 -8.288e-08  4.876e-08 -3.633e-08 -7.485e-02 -1.284e-06  1.275e-05 
  1.670e-02 -6.356e-09 -6.124e-10  1.081e-09  5.913e-09 -7.345e-10 -8.834e-04  2.064e-08  1.697e-08  1.888e-08 
 -7.774e-01  2.380e-07 -2.114e-07 -3.935e-08 -7.653e-08 -1.613e-11 -1.998e-01 -3.739e-07  1.192e-06 -4.424e-08  1.374e-05 
 PARAMETER  CORRELATION COEFFICIENTS  
       NO.  GLOBAL      1      3      4      6     10     13     20     21     22     23     24
        1  0.32585   1.000 -0.099  0.038 -0.044  0.078 -0.012  0.179  0.112 -0.035  0.151 -0.260
        3  0.25431  -0.099  1.000 -0.016 -0.097 -0.023 -0.002 -0.128 -0.077  0.025 -0.135  0.187
        4  0.27816   0.038 -0.016  1.000  0.227 -0.039  0.016  0.102 -0.060 -0.134 -0.004 -0.052
        6  0.28015  -0.044 -0.097  0.227  1.000 -0.064 -0.004  0.112 -0.019 -0.063  0.021 -0.029
       10  0.18464   0.078 -0.023 -0.039 -0.064  1.000 -0.006  0.086  0.052  0.037  0.118 -0.056
       13  0.04093  -0.012 -0.002  0.016 -0.004 -0.006  1.000  0.005 -0.015 -0.029 -0.015 -0.000
       20  0.53045   0.179 -0.128  0.102  0.112  0.086  0.005  1.000  0.130 -0.182 -0.056 -0.469
       21  0.22120   0.112 -0.077 -0.060 -0.019  0.052 -0.015  0.130  1.000 -0.104  0.043 -0.029
       22  0.24279  -0.035  0.025 -0.134 -0.063  0.037 -0.029 -0.182 -0.104  1.000  0.035  0.090
       23  0.26251   0.151 -0.135 -0.004  0.021  0.118 -0.015 -0.056  0.043  0.035  1.000 -0.087
       24  0.52336  -0.260  0.187 -0.052 -0.029 -0.056 -0.000 -0.469 -0.029  0.090 -0.087  1.000
MINUIT - FIT ONLY 2-CBO
 **********
 **   25 **RES 
 **********
                   PARAMETER   16  beta_vw RESTORED TO VARIABLE.
                   PARAMETER   14  alpha_vw RESTORED TO VARIABLE.
                   PARAMETER   11  alpha_y RESTORED TO VARIABLE.
                   PARAMETER    9  alpha_2CBO RESTORED TO VARIABLE.
                   PARAMETER    8  beta_CBO RESTORED TO VARIABLE.
 **********
 **   26 **FIX            0
 **********
 PARAMETER    0  IS UNDEFINED. IGNORED.
 **********
 **   27 **FIX            1
 **********
 **********
 **   28 **FIX            2
 **********
 PARAMETER    2  IS CONSTANT.   IGNORED.
 **********
 **   29 **FIX            3
 **********
 **********
 **   30 **FIX            4
 **********
 **********
 **   31 **FIX            5
 **********
 PARAMETER    5  IS CONSTANT.   IGNORED.
 **********
 **   32 **FIX            6
 **********
 **********
 **   33 **FIX            7
 **********
 PARAMETER    7  IS CONSTANT.   IGNORED.
 **********
 **   34 **FIX           10
 **********
 **********
 **   35 **FIX           11
 **********
 **********
 **   36 **FIX           12
 **********
 PARAMETER   12  IS CONSTANT.   IGNORED.
 **********
 **   37 **FIX           13
 **********
 **********
 **   38 **FIX           14
 **********
 **********
 **   39 **FIX           15
 **********
 PARAMETER   15  IS CONSTANT.   IGNORED.
 **********
 **   40 **FIX           16
 **********
 **********
 **   41 **MIGRAD
 **********
 START MIGRAD MINIMIZATION.  STRATEGY  1.  CONVERGENCE WHEN EDM .LT. 1.00e-04
 FCN=144.287 FROM MIGRAD    STATUS=INITIATE       18 CALLS         899 TOTAL
                     EDM= unknown      STRATEGY= 1      NO ERROR MATRIX       
  EXT PARAMETER               CURRENT GUESS       STEP         FIRST   
  NO.   NAME      VALUE            ERROR          SIZE      DERIVATIVE 
   1  N0           3.10156e+06     fixed    
   2  tau          6.44027e+01   constant   
   3  A0           3.50567e-01     fixed    
   4  phi          4.11945e+00     fixed    
   5  R           -6.26367e+01   constant   
   6  alpha_CBO    1.08932e-03     fixed    
   7  w_CBO        2.32500e+00   constant   
   8  beta_CBO     0.00000e+00   1.00000e-03   1.00000e-03  -4.57916e+04
   9  alpha_2CBO   0.00000e+00   1.00000e-03   1.00000e-03  -1.21397e+04
  10  beta_2CBO   -1.00962e-04     fixed    
  11  alpha_y      0.00000e+00     fixed    
  12  w_y          1.38860e+01   constant   
  13  beta_y       3.82959e-05     fixed    
  14  alpha_vw     0.00000e+00     fixed    
  15  w_vw         1.43404e+01   constant   
  16  beta_vw      0.00000e+00     fixed    
  17  LM          -1.31878e-04   constant   
  18  zeta_y       0.00000e+00   constant   
  19  zeta_vw      0.00000e+00   constant   
  20  T_CBO        3.03417e+02   1.13831e+02   3.30610e-04  -2.69231e-05
  21  alpha_A0    -7.23473e-05   3.39323e-03  -5.69393e-04   1.77894e-04
  22  beta_A0      1.56023e-03   3.49374e-03  -1.32899e-04  -8.27622e-04
  23  alpha_phi   -9.99960e-03   1.49011e-02   1.63624e-03   9.49191e-04
  24  beta_phi     4.46037e-03   3.60189e-03  -4.85981e-04   2.52801e-04
 MIGRAD MINIMIZATION HAS CONVERGED.
 MIGRAD WILL VERIFY CONVERGENCE AND ERROR MATRIX.
 COVARIANCE MATRIX CALCULATED SUCCESSFULLY
 FCN=69.8877 FROM MIGRAD    STATUS=CONVERGED     153 CALLS        1034 TOTAL
                     EDM=9.20129e-06    STRATEGY= 1      ERROR MATRIX ACCURATE 
  EXT PARAMETER                                   STEP         FIRST   
  NO.   NAME      VALUE            ERROR          SIZE      DERIVATIVE 
   1  N0           3.10156e+06     fixed    
   2  tau          6.44027e+01   constant   
   3  A0           3.50567e-01     fixed    
   4  phi          4.11945e+00     fixed    
   5  R           -6.26367e+01   constant   
   6  alpha_CBO    1.08932e-03     fixed    
   7  w_CBO        2.32500e+00   constant   
   8  beta_CBO     3.01064e-03   3.61037e-04   1.47712e-06  -2.74891e+00
   9  alpha_2CBO   9.00537e-04   3.63021e-04   1.45863e-06   2.31431e+00
  10  beta_2CBO   -1.00962e-04     fixed    
  11  alpha_y      0.00000e+00     fixed    
  12  w_y          1.38860e+01   constant   
  13  beta_y       3.82959e-05     fixed    
  14  alpha_vw     0.00000e+00     fixed    
  15  w_vw         1.43404e+01   constant   
  16  beta_vw      0.00000e+00     fixed    
  17  LM          -1.31878e-04   constant   
  18  zeta_y       0.00000e+00   constant   
  19  zeta_vw      0.00000e+00   constant   
  20  T_CBO        3.02549e+02   1.16520e+02   9.38626e-04  -6.06938e-03
  21  alpha_A0     7.78710e-04   3.23306e-03   1.34513e-03   6.50056e-03
  22  beta_A0      2.93242e-03   3.25300e-03   1.37892e-03  -1.32210e-03
  23  alpha_phi   -9.99980e-03   1.52472e-02   1.55830e-02   5.97916e-04
  24  beta_phi     3.17362e-03   3.19893e-03   1.31467e-03   4.45416e-03
 EXTERNAL ERROR MATRIX.    NDIM=  25    NPAR=  7    ERR DEF=1
  1.303e-07  4.383e-09 -6.372e-04 -7.439e-09  3.383e-08  1.682e-11 -8.309e-08 
  4.383e-09  1.318e-07  2.353e-03  1.692e-07  9.698e-08 -2.091e-11  9.697e-08 
 -6.372e-04  2.353e-03  1.388e+04 -6.772e-03 -9.386e-02  7.639e-03 -1.327e-01 
 -7.439e-09  1.692e-07 -6.772e-03  1.084e-05  1.789e-07 -1.514e-08 -7.224e-08 
  3.383e-08  9.698e-08 -9.386e-02  1.789e-07  1.102e-05 -5.777e-08  1.613e-06 
  1.682e-11 -2.091e-11  7.639e-03 -1.514e-08 -5.777e-08  8.793e-08 -6.240e-08 
 -8.309e-08  9.697e-08 -1.327e-01 -7.224e-08  1.613e-06 -6.240e-08  1.065e-05 
 PARAMETER  CORRELATION COEFFICIENTS  
       NO.  GLOBAL      8      9     20     21     22     23     24
        8  0.09791   1.000  0.033 -0.015 -0.006  0.028  0.000 -0.071
        9  0.21155   0.033  1.000  0.055  0.142  0.080 -0.000  0.082
       20  0.44936  -0.015  0.055  1.000 -0.017 -0.240  0.219 -0.345
       21  0.14773  -0.006  0.142 -0.017  1.000  0.016 -0.016 -0.007
       22  0.26618   0.028  0.080 -0.240  0.016  1.000 -0.059  0.149
       23  0.21977   0.000 -0.000  0.219 -0.016 -0.059  1.000 -0.064
       24  0.37464  -0.071  0.082 -0.345 -0.007  0.149 -0.064  1.000
MINUIT - FIT wiggle + 1-CBO + 2-CBO
 **********
 **   42 **RES 
 **********
                   PARAMETER   16  beta_vw RESTORED TO VARIABLE.
                   PARAMETER   14  alpha_vw RESTORED TO VARIABLE.
                   PARAMETER   13  beta_y RESTORED TO VARIABLE.
                   PARAMETER   11  alpha_y RESTORED TO VARIABLE.
                   PARAMETER   10  beta_2CBO RESTORED TO VARIABLE.
                   PARAMETER    6  alpha_CBO RESTORED TO VARIABLE.
                   PARAMETER    4  phi RESTORED TO VARIABLE.
                   PARAMETER    3  A0 RESTORED TO VARIABLE.
                   PARAMETER    1  N0 RESTORED TO VARIABLE.
 **********
 **   43 **FIX           10
 **********
 **********
 **   44 **FIX           11
 **********
 **********
 **   45 **FIX           12
 **********
 PARAMETER   12  IS CONSTANT.   IGNORED.
 **********
 **   46 **FIX           13
 **********
 **********
 **   47 **FIX           14
 **********
 **********
 **   48 **FIX           15
 **********
 PARAMETER   15  IS CONSTANT.   IGNORED.
 **********
 **   49 **FIX           16
 **********
 **********
 **   50 **MIGRAD
 **********
 START MIGRAD MINIMIZATION.  STRATEGY  1.  CONVERGENCE WHEN EDM .LT. 1.00e-04
 FCN=69.8877 FROM MIGRAD    STATUS=INITIATE       22 CALLS        1056 TOTAL
                     EDM= unknown      STRATEGY= 1      NO ERROR MATRIX       
  EXT PARAMETER               CURRENT GUESS       STEP         FIRST   
  NO.   NAME      VALUE            ERROR          SIZE      DERIVATIVE 
   1  N0           3.10156e+06   8.06589e+02   8.06589e+02   1.49563e-03
   2  tau          6.44027e+01   constant   
   3  A0           3.50567e-01   3.42783e-04   3.42783e-04   8.44295e+03
   4  phi          4.11945e+00   1.09938e-03   1.09938e-03   2.42349e+03
   5  R           -6.26367e+01   constant   
   6  alpha_CBO    1.08932e-03   3.69079e-04   3.69079e-04  -1.68170e+03
   7  w_CBO        2.32500e+00   constant   
   8  beta_CBO     3.01064e-03   3.61037e-04   1.47712e-06  -2.74891e+00
   9  alpha_2CBO   9.00537e-04   3.63021e-04   1.45863e-06   2.31431e+00
  10  beta_2CBO   -1.00962e-04     fixed    
  11  alpha_y      0.00000e+00     fixed    
  12  w_y          1.38860e+01   constant   
  13  beta_y       3.82959e-05     fixed    
  14  alpha_vw     0.00000e+00     fixed    
  15  w_vw         1.43404e+01   constant   
  16  beta_vw      0.00000e+00     fixed    
  17  LM          -1.31878e-04   constant   
  18  zeta_y       0.00000e+00   constant   
  19  zeta_vw      0.00000e+00   constant   
  20  T_CBO        3.02549e+02   1.16520e+02   9.38626e-04  -6.09281e-03
  21  alpha_A0     7.78710e-04   3.23306e-03   1.34513e-03   6.49929e-03
  22  beta_A0      2.93242e-03   3.25300e-03   1.37892e-03  -1.32705e-03
  23  alpha_phi   -9.99980e-03   1.52472e-02   1.55830e-02   6.23149e-04
  24  beta_phi     3.17362e-03   3.19893e-03   1.31467e-03   4.44873e-03
 MIGRAD MINIMIZATION HAS CONVERGED.
 MIGRAD WILL VERIFY CONVERGENCE AND ERROR MATRIX.
 COVARIANCE MATRIX CALCULATED SUCCESSFULLY
 FCN=65.6063 FROM MIGRAD    STATUS=CONVERGED     250 CALLS        1284 TOTAL
                     EDM=7.17001e-07    STRATEGY= 1      ERROR MATRIX ACCURATE 
  EXT PARAMETER                                   STEP         FIRST   
  NO.   NAME      VALUE            ERROR          SIZE      DERIVATIVE 
   1  N0           3.10119e+06   8.41119e+02   3.09127e+00  -5.85453e-07
   2  tau          6.44027e+01   constant   
   3  A0           3.50045e-01   3.57506e-04   1.35600e-06  -4.31459e-01
   4  phi          4.11801e+00   1.11081e-03   4.19994e-06   7.39970e-02
   5  R           -6.26367e+01   constant   
   6  alpha_CBO    1.15612e-03   3.68789e-04   1.41381e-06  -1.52093e+00
   7  w_CBO        2.32500e+00   constant   
   8  beta_CBO     3.18768e-03   3.71069e-04   1.43202e-06  -4.60622e-02
   9  alpha_2CBO   9.39991e-04   3.63814e-04   1.41413e-06   1.25793e+00
  10  beta_2CBO   -1.00962e-04     fixed    
  11  alpha_y      0.00000e+00     fixed    
  12  w_y          1.38860e+01   constant   
  13  beta_y       3.82959e-05     fixed    
  14  alpha_vw     0.00000e+00     fixed    
  15  w_vw         1.43404e+01   constant   
  16  beta_vw      0.00000e+00     fixed    
  17  LM          -1.31878e-04   constant   
  18  zeta_y       0.00000e+00   constant   
  19  zeta_vw      0.00000e+00   constant   
  20  T_CBO        2.94537e+02   1.26554e+02   8.90303e-04  -1.28919e-03
  21  alpha_A0     1.28211e-03   3.42904e-03   1.33649e-03  -7.91777e-04
  22  beta_A0      3.69108e-03   3.52886e-03   1.40232e-03   3.14606e-04
  23  alpha_phi   -9.99999e-03   1.01692e-02   2.76647e-02  -1.36505e-05
  24  beta_phi     2.68618e-03   3.37562e-03   1.27954e-03   8.43167e-04
 EXTERNAL ERROR MATRIX.    NDIM=  25    NPAR= 11    ERR DEF=1
  7.075e+05 
 -4.398e-02  1.278e-07 
  1.237e-02  4.007e-09  1.234e-06 
 -1.378e-02 -1.246e-08  9.104e-08  1.360e-07 
 -1.586e-02 -2.207e-08 -5.684e-08  3.637e-09  1.377e-07 
 -3.813e-03 -2.395e-09 -2.374e-08 -2.612e-09  5.968e-09  1.324e-07 
  1.207e+04 -3.536e-03  1.483e-02  5.106e-03 -8.755e-04  1.958e-03  1.645e+04 
  6.784e-01 -1.657e-07 -3.103e-07 -5.869e-08  1.377e-08  1.749e-07 -2.469e-02  1.226e-05 
 -5.530e-01  9.012e-08 -6.778e-07 -9.622e-08  6.674e-08  1.097e-07 -1.697e-01  6.495e-08  1.310e-05 
  8.699e-05 -1.704e-10 -5.091e-11  1.749e-11  4.942e-11 -1.498e-11  7.795e-03 -2.638e-08 -7.877e-08  1.789e-08 
 -6.507e-01  2.406e-07 -4.507e-08 -2.604e-08 -1.062e-07  1.024e-07 -1.521e-01 -6.622e-07  2.656e-06 -5.743e-08  1.189e-05 
 PARAMETER  CORRELATION COEFFICIENTS  
       NO.  GLOBAL      1      3      4      6      8      9     20     21     22     23     24
        1  0.36594   1.000 -0.146  0.013 -0.044 -0.051 -0.012  0.112  0.230 -0.182  0.001 -0.224
        3  0.30671  -0.146  1.000  0.010 -0.095 -0.166 -0.018 -0.077 -0.132  0.070 -0.004  0.195
        4  0.31586   0.013  0.010  1.000  0.222 -0.138 -0.059  0.104 -0.080 -0.169 -0.000 -0.012
        6  0.27296  -0.044 -0.095  0.222  1.000  0.027 -0.019  0.108 -0.045 -0.072  0.000 -0.020
        8  0.24928  -0.051 -0.166 -0.138  0.027  1.000  0.044 -0.018  0.011  0.050  0.001 -0.083
        9  0.22046  -0.012 -0.018 -0.059 -0.019  0.044  1.000  0.042  0.137  0.083 -0.000  0.082
       20  0.60853   0.112 -0.077  0.104  0.108 -0.018  0.042  1.000 -0.055 -0.365  0.455 -0.344
       21  0.31095   0.230 -0.132 -0.080 -0.045  0.011  0.137 -0.055  1.000  0.005 -0.056 -0.055
       22  0.42828  -0.182  0.070 -0.169 -0.072  0.050  0.083 -0.365  0.005  1.000 -0.163  0.213
       23  0.46415   0.001 -0.004 -0.000  0.000  0.001 -0.000  0.455 -0.056 -0.163  1.000 -0.125
       24  0.44159  -0.224  0.195 -0.012 -0.020 -0.083  0.082 -0.344 -0.055  0.213 -0.125  1.000
MINUIT - FIT ONLY 1-y
 **********
 **   51 **RES 
 **********
                   PARAMETER   16  beta_vw RESTORED TO VARIABLE.
                   PARAMETER   14  alpha_vw RESTORED TO VARIABLE.
                   PARAMETER   13  beta_y RESTORED TO VARIABLE.
                   PARAMETER   11  alpha_y RESTORED TO VARIABLE.
                   PARAMETER   10  beta_2CBO RESTORED TO VARIABLE.
 **********
 **   52 **FIX            0
 **********
 PARAMETER    0  IS UNDEFINED. IGNORED.
 **********
 **   53 **FIX            1
 **********
 **********
 **   54 **FIX            2
 **********
 PARAMETER    2  IS CONSTANT.   IGNORED.
 **********
 **   55 **FIX            3
 **********
 **********
 **   56 **FIX            4
 **********
 **********
 **   57 **FIX            5
 **********
 PARAMETER    5  IS CONSTANT.   IGNORED.
 **********
 **   58 **FIX            6
 **********
 **********
 **   59 **FIX            7
 **********
 PARAMETER    7  IS CONSTANT.   IGNORED.
 **********
 **   60 **FIX            8
 **********
 **********
 **   61 **FIX            9
 **********
 **********
 **   62 **FIX           13
 **********
 **********
 **   63 **FIX           14
 **********
 **********
 **   64 **FIX           15
 **********
 PARAMETER   15  IS CONSTANT.   IGNORED.
 **********
 **   65 **FIX           16
 **********
 **********
 **   66 **MIGRAD
 **********
 START MIGRAD MINIMIZATION.  STRATEGY  1.  CONVERGENCE WHEN EDM .LT. 1.00e-04
 FCN=65.6063 FROM MIGRAD    STATUS=INITIATE       16 CALLS        1300 TOTAL
                     EDM= unknown      STRATEGY= 1      NO ERROR MATRIX       
  EXT PARAMETER               CURRENT GUESS       STEP         FIRST   
  NO.   NAME      VALUE            ERROR          SIZE      DERIVATIVE 
   1  N0           3.10119e+06     fixed    
   2  tau          6.44027e+01   constant   
   3  A0           3.50045e-01     fixed    
   4  phi          4.11801e+00     fixed    
   5  R           -6.26367e+01   constant   
   6  alpha_CBO    1.15612e-03     fixed    
   7  w_CBO        2.32500e+00   constant   
   8  beta_CBO     3.18768e-03     fixed    
   9  alpha_2CBO   9.39991e-04     fixed    
  10  beta_2CBO   -1.00962e-04   3.65448e-04   3.65448e-04   3.60223e+03
  11  alpha_y      0.00000e+00   1.00000e-03   1.00000e-03  -1.09691e+04
  12  w_y          1.38860e+01   constant   
  13  beta_y       3.82959e-05     fixed    
  14  alpha_vw     0.00000e+00     fixed    
  15  w_vw         1.43404e+01   constant   
  16  beta_vw      0.00000e+00     fixed    
  17  LM          -1.31878e-04   constant   
  18  zeta_y       0.00000e+00   constant   
  19  zeta_vw      0.00000e+00   constant   
  20  T_CBO        2.94537e+02   1.26554e+02   8.90303e-04  -1.31078e-03
  21  alpha_A0     1.28211e-03   3.42904e-03   1.33649e-03  -7.93664e-04
  22  beta_A0      3.69108e-03   3.52886e-03   1.40232e-03   3.08598e-04
  23  alpha_phi   -9.99999e-03   1.01692e-02   2.76647e-02   1.51193e-05
  24  beta_phi     2.68618e-03   3.37562e-03   1.27954e-03   8.38919e-04
 MIGRAD MINIMIZATION HAS CONVERGED.
 MIGRAD WILL VERIFY CONVERGENCE AND ERROR MATRIX.
 COVARIANCE MATRIX CALCULATED SUCCESSFULLY
 FCN=61.286 FROM MIGRAD    STATUS=CONVERGED     149 CALLS        1433 TOTAL
                     EDM=1.50835e-06    STRATEGY= 1      ERROR MATRIX ACCURATE 
  EXT PARAMETER                                   STEP         FIRST   
  NO.   NAME      VALUE            ERROR          SIZE      DERIVATIVE 
   1  N0           3.10119e+06     fixed    
   2  tau          6.44027e+01   constant   
   3  A0           3.50045e-01     fixed    
   4  phi          4.11801e+00     fixed    
   5  R           -6.26367e+01   constant   
   6  alpha_CBO    1.15612e-03     fixed    
   7  w_CBO        2.32500e+00   constant   
   8  beta_CBO     3.18768e-03     fixed    
   9  alpha_2CBO   9.39991e-04     fixed    
  10  beta_2CBO   -3.39843e-04   3.69204e-04   1.38448e-06  -1.38140e+00
  11  alpha_y      7.09289e-04   3.60169e-04   1.38748e-06   1.36164e-01
  12  w_y          1.38860e+01   constant   
  13  beta_y       3.82959e-05     fixed    
  14  alpha_vw     0.00000e+00     fixed    
  15  w_vw         1.43404e+01   constant   
  16  beta_vw      0.00000e+00     fixed    
  17  LM          -1.31878e-04   constant   
  18  zeta_y       0.00000e+00   constant   
  19  zeta_vw      0.00000e+00   constant   
  20  T_CBO        2.87469e+02   2.00953e+02   8.41183e-04   9.73424e-04
  21  alpha_A0     1.42484e-03   3.42623e-03   1.32086e-03  -1.33652e-03
  22  beta_A0      3.52595e-03   3.83275e-03   1.37276e-03   6.38916e-04
  23  alpha_phi   -9.99991e-03   1.99778e-02   3.71395e-02   3.30093e-05
  24  beta_phi     2.83999e-03   3.56985e-03   1.26762e-03  -2.17688e-03
 EXTERNAL ERROR MATRIX.    NDIM=  25    NPAR=  7    ERR DEF=1
  1.363e-07  1.223e-09  4.787e-03 -1.356e-07  1.469e-07 -3.354e-10 -1.337e-07 
  1.223e-09  1.297e-07  3.101e-04 -1.782e-08  1.745e-08 -2.640e-11 -1.516e-08 
  4.787e-03  3.101e-04  4.336e+04 -1.603e-01 -4.235e-01  1.678e-01 -3.771e-01 
 -1.356e-07 -1.782e-08 -1.603e-01  1.224e-05  1.394e-06 -6.688e-07  1.128e-06 
  1.469e-07  1.745e-08 -4.235e-01  1.394e-06  1.559e-05 -1.700e-06  4.235e-06 
 -3.354e-10 -2.640e-11  1.678e-01 -6.688e-07 -1.700e-06  8.951e-07 -1.362e-06 
 -1.337e-07 -1.516e-08 -3.771e-01  1.128e-06  4.235e-06 -1.362e-06  1.338e-05 
 PARAMETER  CORRELATION COEFFICIENTS  
       NO.  GLOBAL     10     11     20     21     22     23     24
       10  0.23040   1.000  0.009  0.062 -0.105  0.101 -0.001 -0.099
       11  0.02589   0.009  1.000  0.004 -0.014  0.012 -0.000 -0.012
       20  0.88044   0.062  0.004  1.000 -0.220 -0.515  0.852 -0.495
       21  0.24334  -0.105 -0.014 -0.220  1.000  0.101 -0.202  0.088
       22  0.53532   0.101  0.012 -0.515  0.101  1.000 -0.455  0.293
       23  0.85408  -0.001 -0.000  0.852 -0.202 -0.455  1.000 -0.393
       24  0.50593  -0.099 -0.012 -0.495  0.088  0.293 -0.393  1.000
MINUIT - FIT ONLY 2-y
 **********
 **   67 **RES 
 **********
                   PARAMETER   16  beta_vw RESTORED TO VARIABLE.
                   PARAMETER   14  alpha_vw RESTORED TO VARIABLE.
                   PARAMETER   13  beta_y RESTORED TO VARIABLE.
                   PARAMETER    9  alpha_2CBO RESTORED TO VARIABLE.
                   PARAMETER    8  beta_CBO RESTORED TO VARIABLE.
                   PARAMETER    6  alpha_CBO RESTORED TO VARIABLE.
                   PARAMETER    4  phi RESTORED TO VARIABLE.
                   PARAMETER    3  A0 RESTORED TO VARIABLE.
                   PARAMETER    1  N0 RESTORED TO VARIABLE.
 **********
 **   68 **FIX            0
 **********
 PARAMETER    0  IS UNDEFINED. IGNORED.
 **********
 **   69 **FIX            1
 **********
 **********
 **   70 **FIX            2
 **********
 PARAMETER    2  IS CONSTANT.   IGNORED.
 **********
 **   71 **FIX            3
 **********
 **********
 **   72 **FIX            4
 **********
 **********
 **   73 **FIX            5
 **********
 PARAMETER    5  IS CONSTANT.   IGNORED.
 **********
 **   74 **FIX            6
 **********
 **********
 **   75 **FIX            7
 **********
 PARAMETER    7  IS CONSTANT.   IGNORED.
 **********
 **   76 **FIX            8
 **********
 **********
 **   77 **FIX            9
 **********
 **********
 **   78 **FIX           10
 **********
 **********
 **   79 **FIX           11
 **********
 **********
 **   80 **FIX           12
 **********
 PARAMETER   12  IS CONSTANT.   IGNORED.
 **********
 **   81 **FIX           16
 **********
 **********
 **   82 **MIGRAD
 **********
 START MIGRAD MINIMIZATION.  STRATEGY  1.  CONVERGENCE WHEN EDM .LT. 1.00e-04
 FCN=61.286 FROM MIGRAD    STATUS=INITIATE       16 CALLS        1449 TOTAL
                     EDM= unknown      STRATEGY= 1      NO ERROR MATRIX       
  EXT PARAMETER               CURRENT GUESS       STEP         FIRST   
  NO.   NAME      VALUE            ERROR          SIZE      DERIVATIVE 
   1  N0           3.10119e+06     fixed    
   2  tau          6.44027e+01   constant   
   3  A0           3.50045e-01     fixed    
   4  phi          4.11801e+00     fixed    
   5  R           -6.26367e+01   constant   
   6  alpha_CBO    1.15612e-03     fixed    
   7  w_CBO        2.32500e+00   constant   
   8  beta_CBO     3.18768e-03     fixed    
   9  alpha_2CBO   9.39991e-04     fixed    
  10  beta_2CBO   -3.39843e-04     fixed    
  11  alpha_y      7.09289e-04     fixed    
  12  w_y          1.38860e+01   constant   
  13  beta_y       3.82959e-05   3.54426e-04   3.54426e-04  -3.36591e+02
  14  alpha_vw     0.00000e+00   1.00000e-03   1.00000e-03  -3.75304e+03
  15  w_vw         1.43404e+01   constant   
  16  beta_vw      0.00000e+00     fixed    
  17  LM          -1.31878e-04   constant   
  18  zeta_y       0.00000e+00   constant   
  19  zeta_vw      0.00000e+00   constant   
  20  T_CBO        2.87469e+02   2.00953e+02   8.41183e-04   9.53498e-04
  21  alpha_A0     1.42484e-03   3.42623e-03   1.32086e-03  -1.33850e-03
  22  beta_A0      3.52595e-03   3.83275e-03   1.37276e-03   6.33523e-04
  23  alpha_phi   -9.99991e-03   1.99778e-02   3.71395e-02   4.31294e-05
  24  beta_phi     2.83999e-03   3.56985e-03   1.26762e-03  -2.18110e-03
 MIGRAD MINIMIZATION HAS CONVERGED.
 MIGRAD WILL VERIFY CONVERGENCE AND ERROR MATRIX.
 FCN=60.8356 FROM HESSE     STATUS=NOT POSDEF     54 CALLS        1549 TOTAL
                     EDM=0.000406638    STRATEGY= 1      ERR MATRIX NOT POS-DEF
  EXT PARAMETER                APPROXIMATE        STEP         FIRST   
  NO.   NAME      VALUE            ERROR          SIZE      DERIVATIVE 
   1  N0           3.10119e+06     fixed    
   2  tau          6.44027e+01   constant   
   3  A0           3.50045e-01     fixed    
   4  phi          4.11801e+00     fixed    
   5  R           -6.26367e+01   constant   
   6  alpha_CBO    1.15612e-03     fixed    
   7  w_CBO        2.32500e+00   constant   
   8  beta_CBO     3.18768e-03     fixed    
   9  alpha_2CBO   9.39991e-04     fixed    
  10  beta_2CBO   -3.39843e-04     fixed    
  11  alpha_y      7.09289e-04     fixed    
  12  w_y          1.38860e+01   constant   
  13  beta_y       2.66205e-05   3.47448e-04   1.35905e-06  -4.75324e-01
  14  alpha_vw     2.41059e-04   3.50536e-04   1.37107e-06  -1.84451e-01
  15  w_vw         1.43404e+01   constant   
  16  beta_vw      0.00000e+00     fixed    
  17  LM          -1.31878e-04   constant   
  18  zeta_y       0.00000e+00   constant   
  19  zeta_vw      0.00000e+00   constant   
  20  T_CBO        2.86941e+02   7.65344e+02   8.36070e-04   1.17101e-02
  21  alpha_A0     1.46690e-03   6.42280e-03   1.31914e-03   2.13677e-04
  22  beta_A0      3.49673e-03   1.64879e-02   1.36802e-03  -3.55454e-06
  23  alpha_phi   -1.00000e-02   1.47208e-02   4.46509e-02** at limit **
  24  beta_phi     2.86921e-03   1.55681e-02   1.26661e-03  -6.83185e-04
 MIGRAD MINIMIZATION HAS CONVERGED.
 MIGRAD WILL VERIFY CONVERGENCE AND ERROR MATRIX.
 COVARIANCE MATRIX CALCULATED SUCCESSFULLY
 FCN=60.8356 FROM MIGRAD    STATUS=CONVERGED     185 CALLS        1618 TOTAL
                     EDM=1.02829e-06    STRATEGY= 1      ERROR MATRIX ACCURATE 
  EXT PARAMETER                                   STEP         FIRST   
  NO.   NAME      VALUE            ERROR          SIZE      DERIVATIVE 
   1  N0           3.10119e+06     fixed    
   2  tau          6.44027e+01   constant   
   3  A0           3.50045e-01     fixed    
   4  phi          4.11801e+00     fixed    
   5  R           -6.26367e+01   constant   
   6  alpha_CBO    1.15612e-03     fixed    
   7  w_CBO        2.32500e+00   constant   
   8  beta_CBO     3.18768e-03     fixed    
   9  alpha_2CBO   9.39991e-04     fixed    
  10  beta_2CBO   -3.39843e-04     fixed    
  11  alpha_y      7.09289e-04     fixed    
  12  w_y          1.38860e+01   constant   
  13  beta_y       2.66207e-05   3.57462e-04   1.35905e-06  -4.51558e-01
  14  alpha_vw     2.41059e-04   3.60624e-04   1.37107e-06  -2.28101e-01
  15  w_vw         1.43404e+01   constant   
  16  beta_vw      0.00000e+00     fixed    
  17  LM          -1.31878e-04   constant   
  18  zeta_y       0.00000e+00   constant   
