 + ++++++++++++++++++++++++++++++++++++++++++++++++++++++++++++++++++++ +
 +                                                                      +
 +           You have chose to blind your fitting according to          +
 +                omega_ref * (1 + (R +/- deltaR) *10^{-6})             +
 +                                                                      +
 + ++++++++++++++++++++++++++++++++++++++++++++++++++++++++++++++++++++ +
In main()...
reading format from /gm2data/zkhechad/run45/envelope/formats/formatB_sBin_constraintOn.txt
pBinTau 	= 0  
pBinPhi 	= 0  
constraintau 	= 1 
includeMopTerm 	= 0    
constrainMop    = 0   
Parameters after format file: pBinTau 0 pBinPhi 0 constraintau 1 includeMopTerm 0 constrainMop 0 c_e_scale 0.000000 
Opening file /gm2data/tbarrett/gm2fr/studies/run23_bunch_corrections/CorrectedFourier_Run3b.root.
reading full fit data from /gm2data/zkhechad/cboTemplates/Run4CBOTemplates/fullFits/noRF/sBin_constraintOn_cE0.0_seed0_noRF_calo1.root
windowBins = 69
fitting sliding window 2450 from bin 2586 at 385.682000 to bin 2655 at 396.126000 (69 bins)

Reading data from /gm2data/cornell/histograms/aMethod/histogram_a_noRF.root
 **********
 **    1 **SET PRINTOUT            1
 **********
 **********
 **    2 **SET NOWARNINGS 
 **********
 PARAMETER DEFINITIONS:
    NO.   NAME         VALUE      STEP SIZE      LIMITS
     1 N0           3.52378e+06  1.00000e+02     no limits
     2 tau          6.43930e+01  constant
     3 A0           3.54691e-01  1.00000e-04     no limits
     4 phi          4.12302e+00  1.00000e-02     no limits
     5 R           -6.08522e+01  constant
     6 alpha_CBO    0.00000e+00  1.00000e-03     no limits
     7 w_CBO        2.32500e+00  constant
     8 beta_CBO     0.00000e+00  1.00000e-03     no limits
     9 alpha_2CBO   0.00000e+00  1.00000e-03     no limits
    10 beta_2CBO    0.00000e+00  1.00000e-03     no limits
    11 alpha_y      0.00000e+00  1.00000e-03     no limits
    12 w_y          1.38860e+01  constant
    13 beta_y       0.00000e+00  1.00000e-03     no limits
    14 alpha_vw     0.00000e+00  1.00000e-03     no limits
    15 w_vw         1.43404e+01  constant
    16 beta_vw      0.00000e+00  1.00000e-03     no limits
    17 LM          -3.26196e-04  constant
    18 zeta_y       0.00000e+00  constant
    19 zeta_vw      0.00000e+00  constant
    20 T_CBO        1.00000e+02  1.00000e+00    0.00000e+00  1.00000e+03
    21 alpha_A0     0.00000e+00  1.00000e-04   -1.00000e-02  1.00000e-02
    22 beta_A0      0.00000e+00  1.00000e-04   -1.00000e-02  1.00000e-02
    23 alpha_phi    0.00000e+00  1.00000e-04   -1.00000e-02  1.00000e-02
    24 beta_phi     0.00000e+00  1.00000e-04   -1.00000e-02  1.00000e-02
MINUIT - FIT ONLY WIGGLE
 **********
 **    3 **FIX            5
 **********
 PARAMETER    5  IS CONSTANT.   IGNORED.
 **********
 **    4 **FIX            6
 **********
 **********
 **    5 **FIX            7
 **********
 PARAMETER    7  IS CONSTANT.   IGNORED.
 **********
 **    6 **FIX            8
 **********
 **********
 **    7 **FIX            9
 **********
 **********
 **    8 **FIX           10
 **********
 **********
 **    9 **FIX           11
 **********
 **********
 **   10 **FIX           12
 **********
 PARAMETER   12  IS CONSTANT.   IGNORED.
 **********
 **   11 **FIX           13
 **********
 **********
 **   12 **FIX           14
 **********
 **********
 **   13 **FIX           15
 **********
 PARAMETER   15  IS CONSTANT.   IGNORED.
 **********
 **   14 **FIX           16
 **********
 **********
 **   15 **MIGRAD
 **********
 FIRST CALL TO USER FUNCTION AT NEW START POINT, WITH IFLAG=4.
 START MIGRAD MINIMIZATION.  STRATEGY  1.  CONVERGENCE WHEN EDM .LT. 1.00e-04
 FCN=87.5204 FROM MIGRAD    STATUS=INITIATE      437 CALLS         438 TOTAL
                     EDM= unknown      STRATEGY= 1      NO ERROR MATRIX       
  EXT PARAMETER               CURRENT GUESS       STEP         FIRST   
  NO.   NAME      VALUE            ERROR          SIZE      DERIVATIVE 
   1  N0           3.52378e+06   1.00000e+02   0.00000e+00  -2.68983e-04
   2  tau          6.43930e+01   constant   
   3  A0           3.54691e-01   1.00000e-04   0.00000e+00  -1.27936e+03
   4  phi          4.12302e+00   1.00000e-02   0.00000e+00  -2.75575e+02
   5  R           -6.08522e+01   constant   
   6  alpha_CBO    0.00000e+00     fixed    
   7  w_CBO        2.32500e+00   constant   
   8  beta_CBO     0.00000e+00     fixed    
   9  alpha_2CBO   0.00000e+00     fixed    
  10  beta_2CBO    0.00000e+00     fixed    
  11  alpha_y      0.00000e+00     fixed    
  12  w_y          1.38860e+01   constant   
  13  beta_y       0.00000e+00     fixed    
  14  alpha_vw     0.00000e+00     fixed    
  15  w_vw         1.43404e+01   constant   
  16  beta_vw      0.00000e+00     fixed    
  17  LM          -3.26196e-04   constant   
  18  zeta_y       0.00000e+00   constant   
  19  zeta_vw      0.00000e+00   constant   
  20  T_CBO        1.00000e+02   1.00000e+00   0.00000e+00   0.00000e+00
  21  alpha_A0     0.00000e+00   1.00000e-04   0.00000e+00   1.10935e-01
  22  beta_A0      0.00000e+00   1.00000e-04   0.00000e+00   3.80407e-02
  23  alpha_phi    0.00000e+00   1.00000e-04   0.00000e+00   3.93521e-02
  24  beta_phi     0.00000e+00   1.00000e-04   0.00000e+00   9.91285e-02
 MIGRAD MINIMIZATION HAS CONVERGED.
 FCN=82.4671 FROM MIGRAD    STATUS=CONVERGED     919 CALLS         920 TOTAL
                     EDM=5.33315e-06    STRATEGY= 1  ERROR MATRIX UNCERTAINTY   0.6 per cent
  EXT PARAMETER                                   STEP         FIRST   
  NO.   NAME      VALUE            ERROR          SIZE      DERIVATIVE 
   1  N0           3.52479e+06   2.91473e+03   4.88479e-01  -6.36676e-08
   2  tau          6.43930e+01   constant   
   3  A0           3.55700e-01   1.07124e-03  -2.19148e-07   1.26945e+00
   4  phi          4.12535e+00   3.29078e-03  -1.33892e-06   5.36433e-01
   5  R           -6.08522e+01   constant   
   6  alpha_CBO    0.00000e+00     fixed    
   7  w_CBO        2.32500e+00   constant   
   8  beta_CBO     0.00000e+00     fixed    
   9  alpha_2CBO   0.00000e+00     fixed    
  10  beta_2CBO    0.00000e+00     fixed    
  11  alpha_y      0.00000e+00     fixed    
  12  w_y          1.38860e+01   constant   
  13  beta_y       0.00000e+00     fixed    
  14  alpha_vw     0.00000e+00     fixed    
  15  w_vw         1.43404e+01   constant   
  16  beta_vw      0.00000e+00     fixed    
  17  LM          -3.26196e-04   constant   
  18  zeta_y       0.00000e+00   constant   
  19  zeta_vw      0.00000e+00   constant   
  20  T_CBO        9.99987e+02   7.56346e+02   2.63700e-02  -2.21347e-04
  21  alpha_A0    -9.99886e-03   1.52753e-02   3.83807e-03  -1.09497e-03
  22  beta_A0     -4.47999e-03   6.16525e-03  -2.40925e-04   1.50759e-03
  23  alpha_phi   -4.32489e-03   5.94470e-03  -3.27498e-03  -3.12241e-03
  24  beta_phi    -7.79227e-03   1.06260e-02  -2.26255e-04   1.09417e-03
 EXTERNAL ERROR MATRIX.    NDIM=  25    NPAR=  8    ERR DEF=1
  8.496e+06 -2.664e-01  5.564e-01  1.944e+02 -2.008e-02 -4.000e-01  9.647e-01 -5.052e+00 
 -2.664e-01  1.148e-06  1.069e-07  2.202e-03  2.234e-09 -5.626e-07 -4.862e-07  8.579e-07 
  5.564e-01  1.069e-07  1.083e-05 -7.126e-04  1.337e-08  9.491e-08 -2.222e-06 -2.449e-06 
  1.944e+02  2.202e-03 -7.126e-04  7.886e+02  3.397e-03  4.228e-03  1.997e-03  2.941e-02 
 -2.008e-02  2.234e-09  1.337e-08  3.397e-03  5.923e-08  1.147e-08 -1.571e-07 -1.115e-07 
 -4.000e-01 -5.626e-07  9.491e-08  4.228e-03  1.147e-08  4.628e-05 -9.684e-07 -1.531e-06 
  9.647e-01 -4.862e-07 -2.222e-06  1.997e-03 -1.571e-07 -9.684e-07  4.213e-05  1.984e-06 
 -5.052e+00  8.579e-07 -2.449e-06  2.941e-02 -1.115e-07 -1.531e-06  1.984e-06  4.911e-05 
 PARAMETER  CORRELATION COEFFICIENTS  
       NO.  GLOBAL      1      3      4     20     21     22     23     24
        1  0.27798   1.000 -0.085  0.058  0.002 -0.028 -0.020  0.051 -0.247
        3  0.18308  -0.085  1.000  0.030  0.073  0.009 -0.077 -0.070  0.114
        4  0.15539   0.058  0.030  1.000 -0.008  0.017  0.004 -0.104 -0.106
       20  0.53945   0.002  0.073 -0.008  1.000  0.497  0.022  0.011  0.149
       21  0.53034  -0.028  0.009  0.017  0.497  1.000  0.007 -0.099 -0.065
       22  0.09815  -0.020 -0.077  0.004  0.022  0.007  1.000 -0.022 -0.032
       23  0.18442   0.051 -0.070 -0.104  0.011 -0.099 -0.022  1.000  0.044
       24  0.35834  -0.247  0.114 -0.106  0.149 -0.065 -0.032  0.044  1.000
MINUIT - FIT ONLY 1-CBO + wiggle
 **********
 **   16 **RES 
 **********
                   PARAMETER   16  beta_vw RESTORED TO VARIABLE.
                   PARAMETER   14  alpha_vw RESTORED TO VARIABLE.
                   PARAMETER   13  beta_y RESTORED TO VARIABLE.
                   PARAMETER   11  alpha_y RESTORED TO VARIABLE.
                   PARAMETER   10  beta_2CBO RESTORED TO VARIABLE.
                   PARAMETER    9  alpha_2CBO RESTORED TO VARIABLE.
                   PARAMETER    8  beta_CBO RESTORED TO VARIABLE.
                   PARAMETER    6  alpha_CBO RESTORED TO VARIABLE.
 **********
 **   17 **FIX            8
 **********
 **********
 **   18 **FIX            9
 **********
 **********
 **   19 **FIX           11
 **********
 **********
 **   20 **FIX           12
 **********
 PARAMETER   12  IS CONSTANT.   IGNORED.
 **********
 **   21 **FIX           14
 **********
 **********
 **   22 **FIX           15
 **********
 PARAMETER   15  IS CONSTANT.   IGNORED.
 **********
 **   23 **FIX           16
 **********
 **********
 **   24 **MIGRAD
 **********
 START MIGRAD MINIMIZATION.  STRATEGY  1.  CONVERGENCE WHEN EDM .LT. 1.00e-04
 FCN=82.4671 FROM MIGRAD    STATUS=INITIATE       26 CALLS         946 TOTAL
                     EDM= unknown      STRATEGY= 1      NO ERROR MATRIX       
  EXT PARAMETER               CURRENT GUESS       STEP         FIRST   
  NO.   NAME      VALUE            ERROR          SIZE      DERIVATIVE 
   1  N0           3.52479e+06   2.91473e+03   4.88479e-01  -6.36676e-08
   2  tau          6.43930e+01   constant   
   3  A0           3.55700e-01   1.07124e-03  -2.19148e-07   1.26945e+00
   4  phi          4.12535e+00   3.29078e-03  -1.33892e-06   5.36433e-01
   5  R           -6.08522e+01   constant   
   6  alpha_CBO    0.00000e+00   1.00000e-03   1.00000e-03   1.42553e+03
   7  w_CBO        2.32500e+00   constant   
   8  beta_CBO     0.00000e+00     fixed    
   9  alpha_2CBO   0.00000e+00     fixed    
  10  beta_2CBO    0.00000e+00   1.00000e-03   1.00000e-03   2.98565e+02
  11  alpha_y      0.00000e+00     fixed    
  12  w_y          1.38860e+01   constant   
  13  beta_y       0.00000e+00   1.00000e-03   1.00000e-03   1.91801e+03
  14  alpha_vw     0.00000e+00     fixed    
  15  w_vw         1.43404e+01   constant   
  16  beta_vw      0.00000e+00     fixed    
  17  LM          -3.26196e-04   constant   
  18  zeta_y       0.00000e+00   constant   
  19  zeta_vw      0.00000e+00   constant   
  20  T_CBO        9.99987e+02   7.56346e+02   2.63700e-02  -2.21432e-04
  21  alpha_A0    -9.99886e-03   1.52753e-02   3.83807e-03   1.09499e-03
  22  beta_A0     -4.47999e-03   6.16525e-03  -2.40925e-04   1.50759e-03
  23  alpha_phi   -4.32489e-03   5.94470e-03  -3.27498e-03  -3.12237e-03
  24  beta_phi    -7.79227e-03   1.06260e-02  -2.26255e-04   1.09420e-03
 MIGRAD MINIMIZATION HAS CONVERGED.
 MIGRAD WILL VERIFY CONVERGENCE AND ERROR MATRIX.
 COVARIANCE MATRIX CALCULATED SUCCESSFULLY
 FCN=80.4842 FROM MIGRAD    STATUS=CONVERGED     227 CALLS        1147 TOTAL
                     EDM=1.68223e-06    STRATEGY= 1      ERROR MATRIX ACCURATE 
  EXT PARAMETER                                   STEP         FIRST   
  NO.   NAME      VALUE            ERROR          SIZE      DERIVATIVE 
   1  N0           3.52481e+06   3.00813e+03   1.14210e+01   1.41327e-07
   2  tau          6.43930e+01   constant   
   3  A0           3.55638e-01   1.14942e-03   4.95087e-06  -1.05668e-01
   4  phi          4.12476e+00   3.40910e-03   1.43702e-05  -3.60942e-03
   5  R           -6.08522e+01   constant   
   6  alpha_CBO   -9.92637e-04   1.20284e-03   5.12018e-06   3.32386e-01
   7  w_CBO        2.32500e+00   constant   
   8  beta_CBO     0.00000e+00     fixed    
   9  alpha_2CBO   0.00000e+00     fixed    
  10  beta_2CBO   -1.52711e-04   1.20910e-03   5.16275e-06  -7.01271e-01
  11  alpha_y      0.00000e+00     fixed    
  12  w_y          1.38860e+01   constant   
  13  beta_y      -1.30551e-03   1.17305e-03   5.16718e-06   2.85018e-01
  14  alpha_vw     0.00000e+00     fixed    
  15  w_vw         1.43404e+01   constant   
  16  beta_vw      0.00000e+00     fixed    
  17  LM          -3.26196e-04   constant   
  18  zeta_y       0.00000e+00   constant   
  19  zeta_vw      0.00000e+00   constant   
  20  T_CBO        1.00000e+03   5.30989e+02   2.55009e-02** at limit **
  21  alpha_A0    -9.99998e-03   1.99730e-02   1.33916e-02  -4.25437e-04
  22  beta_A0     -4.55657e-03   6.13141e-03   3.28595e-03  -4.67159e-04
  23  alpha_phi   -3.49800e-03   6.12580e-03   3.04578e-03   2.34824e-04
  24  beta_phi    -7.92546e-03   1.04416e-02   4.87258e-03  -3.12490e-04
 EXTERNAL ERROR MATRIX.    NDIM=  25    NPAR= 11    ERR DEF=1
  9.049e+06 
 -2.724e-01  1.321e-06 
  1.186e+00  1.583e-07  1.162e-05 
 -1.346e-01  6.400e-08  9.263e-07  1.447e-06 
  1.759e-01  4.530e-08 -1.610e-07 -1.139e-07  1.462e-06 
  5.557e-02  8.232e-09 -4.477e-08 -2.270e-08  1.550e-08  1.376e-06 
  3.409e+00 -7.498e-07  4.863e-07  3.672e-07 -6.856e-08 -7.743e-09  5.039e-02 
  9.089e-04 -1.996e-10  1.373e-10  9.542e-11 -2.114e-11 -2.004e-12 -4.713e-09  3.547e-09 
 -2.866e-01 -6.212e-07 -7.489e-07 -3.673e-07  1.379e-06  1.327e-07 -1.185e-05  6.497e-10  4.575e-05 
  4.082e-01 -1.037e-06 -2.451e-06 -7.261e-07 -1.213e-06 -1.240e-07 -8.237e-06  8.538e-10 -1.848e-06  4.458e-05 
 -4.885e+00  9.893e-07 -2.527e-06  1.461e-07  6.610e-08  1.361e-08 -2.894e-05 -9.073e-10 -6.738e-07 -1.680e-06  4.909e-05 
 PARAMETER  CORRELATION COEFFICIENTS  
       NO.  GLOBAL      1      3      4      6     10     13     20     21     22     23     24
        1  0.26908   1.000 -0.079  0.116 -0.037  0.048  0.016  0.005  0.005 -0.014  0.020 -0.232
        3  0.21218  -0.079  1.000  0.040  0.046  0.033  0.006 -0.003 -0.003 -0.080 -0.135  0.123
        4  0.29222   0.116  0.040  1.000  0.226 -0.039 -0.011  0.001  0.001 -0.032 -0.108 -0.106
        6  0.25941  -0.037  0.046  0.226  1.000 -0.078 -0.016  0.001  0.001 -0.045 -0.090  0.017
       10  0.24805   0.048  0.033 -0.039 -0.078  1.000  0.011 -0.000 -0.000  0.169 -0.150  0.008
       13  0.03520   0.016  0.006 -0.011 -0.016  0.011  1.000 -0.000 -0.000  0.017 -0.016  0.002
       20  0.02142   0.005 -0.003  0.001  0.001 -0.000 -0.000  1.000 -0.000 -0.008 -0.005 -0.018
       21  0.00646   0.005 -0.003  0.001  0.001 -0.000 -0.000 -0.000  1.000  0.002  0.002 -0.002
       22  0.19754  -0.014 -0.080 -0.032 -0.045  0.169  0.017 -0.008  0.002  1.000 -0.041 -0.014
       23  0.24341   0.020 -0.135 -0.108 -0.090 -0.150 -0.016 -0.005  0.002 -0.041  1.000 -0.036
       24  0.27153  -0.232  0.123 -0.106  0.017  0.008  0.002 -0.018 -0.002 -0.014 -0.036  1.000
MINUIT - FIT ONLY 2-CBO
 **********
 **   25 **RES 
 **********
                   PARAMETER   16  beta_vw RESTORED TO VARIABLE.
                   PARAMETER   14  alpha_vw RESTORED TO VARIABLE.
                   PARAMETER   11  alpha_y RESTORED TO VARIABLE.
                   PARAMETER    9  alpha_2CBO RESTORED TO VARIABLE.
                   PARAMETER    8  beta_CBO RESTORED TO VARIABLE.
 **********
 **   26 **FIX            0
 **********
 PARAMETER    0  IS UNDEFINED. IGNORED.
 **********
 **   27 **FIX            1
 **********
 **********
 **   28 **FIX            2
 **********
 PARAMETER    2  IS CONSTANT.   IGNORED.
 **********
 **   29 **FIX            3
 **********
 **********
 **   30 **FIX            4
 **********
 **********
 **   31 **FIX            5
 **********
 PARAMETER    5  IS CONSTANT.   IGNORED.
 **********
 **   32 **FIX            6
 **********
 **********
 **   33 **FIX            7
 **********
 PARAMETER    7  IS CONSTANT.   IGNORED.
 **********
 **   34 **FIX           10
 **********
 **********
 **   35 **FIX           11
 **********
 **********
 **   36 **FIX           12
 **********
 PARAMETER   12  IS CONSTANT.   IGNORED.
 **********
 **   37 **FIX           13
 **********
 **********
 **   38 **FIX           14
 **********
 **********
 **   39 **FIX           15
 **********
 PARAMETER   15  IS CONSTANT.   IGNORED.
 **********
 **   40 **FIX           16
 **********
 **********
 **   41 **MIGRAD
 **********
 START MIGRAD MINIMIZATION.  STRATEGY  1.  CONVERGENCE WHEN EDM .LT. 1.00e-04
 FCN=80.4842 FROM MIGRAD    STATUS=INITIATE       18 CALLS        1165 TOTAL
                     EDM= unknown      STRATEGY= 1      NO ERROR MATRIX       
  EXT PARAMETER               CURRENT GUESS       STEP         FIRST   
  NO.   NAME      VALUE            ERROR          SIZE      DERIVATIVE 
   1  N0           3.52481e+06     fixed    
   2  tau          6.43930e+01   constant   
   3  A0           3.55638e-01     fixed    
   4  phi          4.12476e+00     fixed    
   5  R           -6.08522e+01   constant   
   6  alpha_CBO   -9.92637e-04     fixed    
   7  w_CBO        2.32500e+00   constant   
   8  beta_CBO     0.00000e+00   1.00000e-03   1.00000e-03  -6.82470e+03
   9  alpha_2CBO   0.00000e+00   1.00000e-03   1.00000e-03   1.28734e+03
  10  beta_2CBO   -1.52711e-04     fixed    
  11  alpha_y      0.00000e+00     fixed    
  12  w_y          1.38860e+01   constant   
  13  beta_y      -1.30551e-03     fixed    
  14  alpha_vw     0.00000e+00     fixed    
  15  w_vw         1.43404e+01   constant   
  16  beta_vw      0.00000e+00     fixed    
  17  LM          -3.26196e-04   constant   
  18  zeta_y       0.00000e+00   constant   
  19  zeta_vw      0.00000e+00   constant   
  20  T_CBO        9.99999e+02   5.30989e+02   2.55009e-02  -1.17083e-04
  21  alpha_A0    -9.99998e-03   1.99730e-02   1.33916e-02   4.26104e-04
  22  beta_A0     -4.55657e-03   6.13141e-03   3.28595e-03  -4.57035e-04
  23  alpha_phi   -3.49800e-03   6.12580e-03   3.04578e-03   2.42292e-04
  24  beta_phi    -7.92546e-03   1.04416e-02   4.87258e-03  -3.07659e-04
 MIGRAD MINIMIZATION HAS CONVERGED.
 MIGRAD WILL VERIFY CONVERGENCE AND ERROR MATRIX.
 COVARIANCE MATRIX CALCULATED SUCCESSFULLY
 FCN=64.0193 FROM MIGRAD    STATUS=CONVERGED     172 CALLS        1319 TOTAL
                     EDM=2.84636e-06    STRATEGY= 1      ERROR MATRIX ACCURATE 
  EXT PARAMETER                                   STEP         FIRST   
  NO.   NAME      VALUE            ERROR          SIZE      DERIVATIVE 
   1  N0           3.52481e+06     fixed    
   2  tau          6.43930e+01   constant   
   3  A0           3.55638e-01     fixed    
   4  phi          4.12476e+00     fixed    
   5  R           -6.08522e+01   constant   
   6  alpha_CBO   -9.92637e-04     fixed    
   7  w_CBO        2.32500e+00   constant   
   8  beta_CBO     4.68644e-03   1.17538e-03   4.57953e-06   1.85771e-02
   9  alpha_2CBO  -7.36471e-04   1.16695e-03   4.54220e-06   8.13230e-01
  10  beta_2CBO   -1.52711e-04     fixed    
  11  alpha_y      0.00000e+00     fixed    
  12  w_y          1.38860e+01   constant   
  13  beta_y      -1.30551e-03     fixed    
  14  alpha_vw     0.00000e+00     fixed    
  15  w_vw         1.43404e+01   constant   
  16  beta_vw      0.00000e+00     fixed    
  17  LM          -3.26196e-04   constant   
  18  zeta_y       0.00000e+00   constant   
  19  zeta_vw      0.00000e+00   constant   
  20  T_CBO        1.00000e+03   9.49940e+02   1.48768e-02** at limit **
  21  alpha_A0    -1.00000e-02   1.59216e-02   6.91180e-03** at limit **
  22  beta_A0     -1.16285e-03   6.21000e-03   2.63338e-03  -1.39399e-03
  23  alpha_phi   -3.02807e-03   5.99659e-03   2.67638e-03   7.11903e-04
  24  beta_phi    -9.74875e-03   1.96187e-02   1.16644e-02   5.52610e-04
 EXTERNAL ERROR MATRIX.    NDIM=  25    NPAR=  7    ERR DEF=1
  1.382e-06  4.002e-08 -1.371e-08 -8.036e-13  1.045e-06  1.599e-07 -3.423e-07 
  4.002e-08  1.362e-06  3.545e-07  1.196e-11  2.379e-07  1.068e-07  1.128e-06 
 -1.371e-08  3.545e-07  7.635e-02 -1.177e-10 -3.611e-07 -3.314e-06 -1.483e-05 
 -8.036e-13  1.196e-11 -1.177e-10  9.167e-11  3.836e-11  4.084e-11 -7.469e-12 
  1.045e-06  2.379e-07 -3.611e-07  3.836e-11  4.501e-05 -1.168e-06 -7.611e-07 
  1.599e-07  1.068e-07 -3.314e-06  4.084e-11 -1.168e-06  4.206e-05 -1.042e-06 
 -3.423e-07  1.128e-06 -1.483e-05 -7.469e-12 -7.611e-07 -1.042e-06  4.601e-05 
 PARAMETER  CORRELATION COEFFICIENTS  
       NO.  GLOBAL      8      9     20     21     22     23     24
        8  0.14396   1.000  0.029 -0.000 -0.000  0.133  0.021 -0.043
        9  0.15054   0.029  1.000  0.001  0.001  0.030  0.014  0.142
       20  0.00851  -0.000  0.001  1.000 -0.000 -0.000 -0.002 -0.008
       21  0.00141  -0.000  0.001 -0.000  1.000  0.001  0.001 -0.000
       22  0.13933   0.133  0.030 -0.000  0.001  1.000 -0.027 -0.017
       23  0.04682   0.021  0.014 -0.002  0.001 -0.027  1.000 -0.024
       24  0.15310  -0.043  0.142 -0.008 -0.000 -0.017 -0.024  1.000
MINUIT - FIT wiggle + 1-CBO + 2-CBO
 **********
 **   42 **RES 
 **********
                   PARAMETER   16  beta_vw RESTORED TO VARIABLE.
                   PARAMETER   14  alpha_vw RESTORED TO VARIABLE.
                   PARAMETER   13  beta_y RESTORED TO VARIABLE.
                   PARAMETER   11  alpha_y RESTORED TO VARIABLE.
                   PARAMETER   10  beta_2CBO RESTORED TO VARIABLE.
                   PARAMETER    6  alpha_CBO RESTORED TO VARIABLE.
                   PARAMETER    4  phi RESTORED TO VARIABLE.
                   PARAMETER    3  A0 RESTORED TO VARIABLE.
                   PARAMETER    1  N0 RESTORED TO VARIABLE.
 **********
 **   43 **FIX           10
 **********
 **********
 **   44 **FIX           11
 **********
 **********
 **   45 **FIX           12
 **********
 PARAMETER   12  IS CONSTANT.   IGNORED.
 **********
 **   46 **FIX           13
 **********
 **********
 **   47 **FIX           14
 **********
 **********
 **   48 **FIX           15
 **********
 PARAMETER   15  IS CONSTANT.   IGNORED.
 **********
 **   49 **FIX           16
 **********
 **********
 **   50 **MIGRAD
 **********
 START MIGRAD MINIMIZATION.  STRATEGY  1.  CONVERGENCE WHEN EDM .LT. 1.00e-04
 FCN=64.0193 FROM MIGRAD    STATUS=INITIATE       22 CALLS        1341 TOTAL
                     EDM= unknown      STRATEGY= 1      NO ERROR MATRIX       
  EXT PARAMETER               CURRENT GUESS       STEP         FIRST   
  NO.   NAME      VALUE            ERROR          SIZE      DERIVATIVE 
   1  N0           3.52481e+06   3.00813e+03   3.00813e+03   1.77709e-04
   2  tau          6.43930e+01   constant   
   3  A0           3.55638e-01   1.14942e-03   1.14942e-03   1.60362e+03
   4  phi          4.12476e+00   3.40910e-03   3.40910e-03   5.88176e+01
   5  R           -6.08522e+01   constant   
   6  alpha_CBO   -9.92637e-04   1.20284e-03   1.20284e-03  -2.69119e+02
   7  w_CBO        2.32500e+00   constant   
   8  beta_CBO     4.68644e-03   1.17538e-03   4.57953e-06   1.86203e-02
   9  alpha_2CBO  -7.36471e-04   1.16695e-03   4.54220e-06   8.12955e-01
  10  beta_2CBO   -1.52711e-04     fixed    
  11  alpha_y      0.00000e+00     fixed    
  12  w_y          1.38860e+01   constant   
  13  beta_y      -1.30551e-03     fixed    
  14  alpha_vw     0.00000e+00     fixed    
  15  w_vw         1.43404e+01   constant   
  16  beta_vw      0.00000e+00     fixed    
  17  LM          -3.26196e-04   constant   
  18  zeta_y       0.00000e+00   constant   
  19  zeta_vw      0.00000e+00   constant   
  20  T_CBO        9.99999e+02   9.49940e+02   1.48768e-02  -2.72679e-04
  21  alpha_A0    -1.00000e-02   1.59216e-02   6.91180e-03** at limit **
  22  beta_A0     -1.16285e-03   6.21000e-03   2.63338e-03  -1.39215e-03
  23  alpha_phi   -3.02807e-03   5.99659e-03   2.67638e-03   7.17055e-04
  24  beta_phi    -9.74875e-03   1.96187e-02   1.16644e-02   5.63271e-04
 MIGRAD MINIMIZATION HAS CONVERGED.
 FCN=63.0498 FROM MIGRAD    STATUS=CONVERGED     170 CALLS        1489 TOTAL
                     EDM=1.15376e-06    STRATEGY= 1  ERROR MATRIX UNCERTAINTY   3.0 per cent
  EXT PARAMETER                                   STEP         FIRST   
  NO.   NAME      VALUE            ERROR          SIZE      DERIVATIVE 
   1  N0           3.52413e+06   2.84655e+03   3.07241e+00   4.37314e-07
   2  tau          6.43930e+01   constant   
   3  A0           3.54544e-01   1.17261e-03  -2.54800e-07  -3.08468e-01
   4  phi          4.12425e+00   3.35207e-03  -1.07593e-06   2.20011e-03
   5  R           -6.08522e+01   constant   
   6  alpha_CBO   -8.63691e-04   1.21301e-03   1.53603e-06   5.85724e-01
   7  w_CBO        2.32500e+00   constant   
   8  beta_CBO     4.97902e-03   1.21500e-03   9.41501e-07  -3.29926e-02
   9  alpha_2CBO  -6.95736e-04   1.15955e-03   4.26380e-07  -2.51031e-01
  10  beta_2CBO   -1.52711e-04     fixed    
  11  alpha_y      0.00000e+00     fixed    
  12  w_y          1.38860e+01   constant   
  13  beta_y      -1.30551e-03     fixed    
  14  alpha_vw     0.00000e+00     fixed    
  15  w_vw         1.43404e+01   constant   
  16  beta_vw      0.00000e+00     fixed    
  17  LM          -3.26196e-04   constant   
  18  zeta_y       0.00000e+00   constant   
  19  zeta_vw      0.00000e+00   constant   
  20  T_CBO        1.00000e+03   9.54672e+02   7.36525e-06** at limit **
  21  alpha_A0    -1.00000e-02   1.58460e-02  -4.05469e-06** at limit **
  22  beta_A0     -3.31464e-04   6.26275e-03   3.40364e-04   4.38540e-04
  23  alpha_phi   -2.22575e-03   6.06758e-03  -1.87545e-03  -7.55505e-04
  24  beta_phi    -9.99926e-03   1.95433e-02  -2.40353e-02   2.02391e-04
 EXTERNAL ERROR MATRIX.    NDIM=  25    NPAR= 11    ERR DEF=1
  8.103e+06 
 -7.099e-02  1.375e-06 
  4.799e-01  2.548e-07  1.124e-05 
 -1.540e-01  8.756e-08  5.547e-07  1.471e-06 
 -2.630e-01 -3.368e-07 -1.169e-07 -2.875e-08  1.476e-06 
 -1.115e-01 -3.854e-08 -1.236e-07 -2.092e-08  6.665e-08  1.345e-06 
 -3.094e-04  5.424e-11  1.140e-09  4.630e-10  2.324e-10  1.237e-11  3.420e-06 
  8.697e-09 -1.482e-15 -1.707e-14 -9.884e-15 -5.632e-15 -2.611e-15 -3.372e-17  1.635e-15 
 -2.747e-01 -9.404e-07 -1.834e-06 -1.465e-07  1.166e-06  2.169e-07  3.343e-10 -1.646e-14  4.581e-05 
  1.258e+00 -1.115e-06 -3.104e-06 -2.368e-07  4.412e-07  9.512e-08 -1.058e-09  4.840e-14  1.549e-06  4.289e-05 
 -5.308e-01  9.327e-08 -3.000e-07 -6.702e-08 -7.535e-08  8.003e-08 -2.212e-10  2.269e-15 -2.273e-07  7.143e-07  1.199e-06 
 PARAMETER  CORRELATION COEFFICIENTS  
       NO.  GLOBAL      1      3      4      6      8      9     20     21     22     23     24
        1  0.22550   1.000 -0.021  0.050 -0.045 -0.076 -0.034 -0.000  0.000 -0.014  0.067 -0.170
        3  0.29989  -0.021  1.000  0.065  0.062 -0.236 -0.028  0.000 -0.000 -0.118 -0.145  0.073
        4  0.22698   0.050  0.065  1.000  0.136 -0.029 -0.032  0.000 -0.000 -0.081 -0.141 -0.082
        6  0.16407  -0.045  0.062  0.136  1.000 -0.020 -0.015  0.000 -0.000 -0.018 -0.030 -0.050
        8  0.28361  -0.076 -0.236 -0.029 -0.020  1.000  0.047  0.000 -0.000  0.142  0.055 -0.057
        9  0.09151  -0.034 -0.028 -0.032 -0.015  0.047  1.000  0.000 -0.000  0.028  0.013  0.063
       20  0.00031  -0.000  0.000  0.000  0.000  0.000  0.000  1.000 -0.000  0.000 -0.000 -0.000
       21  0.00032   0.000 -0.000 -0.000 -0.000 -0.000 -0.000 -0.000  1.000 -0.000  0.000  0.000
       22  0.18424  -0.014 -0.118 -0.081 -0.018  0.142  0.028  0.000 -0.000  1.000  0.035 -0.031
       23  0.23985   0.067 -0.145 -0.141 -0.030  0.055  0.013 -0.000  0.000  0.035  1.000  0.100
       24  0.25078  -0.170  0.073 -0.082 -0.050 -0.057  0.063 -0.000  0.000 -0.031  0.100  1.000
MINUIT - FIT ONLY 1-y
 **********
 **   51 **RES 
 **********
                   PARAMETER   16  beta_vw RESTORED TO VARIABLE.
                   PARAMETER   14  alpha_vw RESTORED TO VARIABLE.
                   PARAMETER   13  beta_y RESTORED TO VARIABLE.
                   PARAMETER   11  alpha_y RESTORED TO VARIABLE.
                   PARAMETER   10  beta_2CBO RESTORED TO VARIABLE.
 **********
 **   52 **FIX            0
 **********
 PARAMETER    0  IS UNDEFINED. IGNORED.
 **********
 **   53 **FIX            1
 **********
 **********
 **   54 **FIX            2
 **********
 PARAMETER    2  IS CONSTANT.   IGNORED.
 **********
 **   55 **FIX            3
 **********
 **********
 **   56 **FIX            4
 **********
 **********
 **   57 **FIX            5
 **********
 PARAMETER    5  IS CONSTANT.   IGNORED.
 **********
 **   58 **FIX            6
 **********
 **********
 **   59 **FIX            7
 **********
 PARAMETER    7  IS CONSTANT.   IGNORED.
 **********
 **   60 **FIX            8
 **********
 **********
 **   61 **FIX            9
 **********
 **********
 **   62 **FIX           13
 **********
 **********
 **   63 **FIX           14
 **********
 **********
 **   64 **FIX           15
 **********
 PARAMETER   15  IS CONSTANT.   IGNORED.
 **********
 **   65 **FIX           16
 **********
 **********
 **   66 **MIGRAD
 **********
 START MIGRAD MINIMIZATION.  STRATEGY  1.  CONVERGENCE WHEN EDM .LT. 1.00e-04
 FCN=63.0498 FROM MIGRAD    STATUS=INITIATE       16 CALLS        1505 TOTAL
                     EDM= unknown      STRATEGY= 1      NO ERROR MATRIX       
  EXT PARAMETER               CURRENT GUESS       STEP         FIRST   
  NO.   NAME      VALUE            ERROR          SIZE      DERIVATIVE 
   1  N0           3.52413e+06     fixed    
   2  tau          6.43930e+01   constant   
   3  A0           3.54544e-01     fixed    
   4  phi          4.12425e+00     fixed    
   5  R           -6.08522e+01   constant   
   6  alpha_CBO   -8.63691e-04     fixed    
   7  w_CBO        2.32500e+00   constant   
   8  beta_CBO     4.97902e-03     fixed    
   9  alpha_2CBO  -6.95736e-04     fixed    
  10  beta_2CBO   -1.52711e-04   1.20910e-03   1.20910e-03   3.69049e+02
  11  alpha_y      0.00000e+00   1.00000e-03   1.00000e-03  -2.24916e+03
  12  w_y          1.38860e+01   constant   
  13  beta_y      -1.30551e-03     fixed    
  14  alpha_vw     0.00000e+00     fixed    
  15  w_vw         1.43404e+01   constant   
  16  beta_vw      0.00000e+00     fixed    
  17  LM          -3.26196e-04   constant   
  18  zeta_y       0.00000e+00   constant   
  19  zeta_vw      0.00000e+00   constant   
  20  T_CBO        9.99999e+02   9.54672e+02   7.36525e-06  -1.93286e-04
  21  alpha_A0    -9.99998e-03   1.58460e-02  -4.05469e-06   8.42004e-04
  22  beta_A0     -3.31464e-04   6.26275e-03   3.40364e-04   4.37825e-04
  23  alpha_phi   -2.22575e-03   6.06758e-03  -1.87545e-03  -7.55942e-04
  24  beta_phi    -9.99926e-03   1.95433e-02  -2.40353e-02   2.18596e-04
 MIGRAD MINIMIZATION HAS CONVERGED.
 MIGRAD WILL VERIFY CONVERGENCE AND ERROR MATRIX.
 COVARIANCE MATRIX CALCULATED SUCCESSFULLY
 FCN=61.3207 FROM MIGRAD    STATUS=CONVERGED     118 CALLS        1607 TOTAL
                     EDM=1.84479e-06    STRATEGY= 1      ERROR MATRIX ACCURATE 
  EXT PARAMETER                                   STEP         FIRST   
  NO.   NAME      VALUE            ERROR          SIZE      DERIVATIVE 
   1  N0           3.52413e+06     fixed    
   2  tau          6.43930e+01   constant   
   3  A0           3.54544e-01     fixed    
   4  phi          4.12425e+00     fixed    
   5  R           -6.08522e+01   constant   
   6  alpha_CBO   -8.63691e-04     fixed    
   7  w_CBO        2.32500e+00   constant   
   8  beta_CBO     4.97902e-03     fixed    
   9  alpha_2CBO  -6.95736e-04     fixed    
  10  beta_2CBO   -4.15536e-04   1.19674e-03   4.51628e-06  -2.35210e-01
  11  alpha_y      1.49441e-03   1.15298e-03   4.44365e-06  -3.84947e-02
  12  w_y          1.38860e+01   constant   
  13  beta_y      -1.30551e-03     fixed    
  14  alpha_vw     0.00000e+00     fixed    
  15  w_vw         1.43404e+01   constant   
  16  beta_vw      0.00000e+00     fixed    
  17  LM          -3.26196e-04   constant   
  18  zeta_y       0.00000e+00   constant   
  19  zeta_vw      0.00000e+00   constant   
  20  T_CBO        1.00000e+03   6.95927e+02   1.92027e-02** at limit **
  21  alpha_A0    -1.00000e-02   1.32128e-02   9.02453e-03** at limit **
  22  beta_A0     -4.30906e-04   5.71878e-03   2.56805e-03   3.09195e-03
  23  alpha_phi   -1.91545e-03   5.58534e-03   2.55305e-03   8.50422e-04
  24  beta_phi    -9.99993e-03   1.42383e-02   4.75146e-02   5.39502e-05
 EXTERNAL ERROR MATRIX.    NDIM=  25    NPAR=  7    ERR DEF=1
  1.432e-06  3.391e-09 -5.194e-12 -4.817e-16  1.112e-06 -1.009e-06  3.346e-11 
  3.391e-09  1.329e-06  2.826e-11  4.616e-16  1.085e-07  5.618e-08  2.379e-11 
 -5.194e-12  2.826e-11  6.993e-08 -2.302e-17  1.723e-10 -7.410e-10 -2.220e-12 
 -4.817e-16  4.616e-16 -2.302e-17  1.167e-17  1.109e-14  1.271e-14 -2.099e-18 
  1.112e-06  1.085e-07  1.723e-10  1.109e-14  3.707e-05 -1.668e-06 -1.458e-10 
 -1.009e-06  5.618e-08 -7.410e-10  1.271e-14 -1.668e-06  3.530e-05 -3.045e-10 
  3.346e-11  2.379e-11 -2.220e-12 -2.099e-18 -1.458e-10 -3.045e-10  2.667e-09 
 PARAMETER  CORRELATION COEFFICIENTS  
       NO.  GLOBAL     10     11     20     21     22     23     24
       10  0.20371   1.000  0.002 -0.000 -0.000  0.153 -0.142  0.001
       11  0.01790   0.002  1.000  0.000  0.000  0.015  0.008  0.000
       20  0.00052  -0.000  0.000  1.000 -0.000  0.000 -0.000 -0.000
       21  0.00086  -0.000  0.000 -0.000  1.000  0.001  0.001 -0.000
       22  0.15532   0.153  0.015  0.000  0.001  1.000 -0.046 -0.000
       23  0.14428  -0.142  0.008 -0.000  0.001 -0.046  1.000 -0.001
       24  0.00130   0.001  0.000 -0.000 -0.000 -0.000 -0.001  1.000
MINUIT - FIT ONLY 2-y
 **********
 **   67 **RES 
 **********
                   PARAMETER   16  beta_vw RESTORED TO VARIABLE.
                   PARAMETER   14  alpha_vw RESTORED TO VARIABLE.
                   PARAMETER   13  beta_y RESTORED TO VARIABLE.
                   PARAMETER    9  alpha_2CBO RESTORED TO VARIABLE.
                   PARAMETER    8  beta_CBO RESTORED TO VARIABLE.
                   PARAMETER    6  alpha_CBO RESTORED TO VARIABLE.
                   PARAMETER    4  phi RESTORED TO VARIABLE.
                   PARAMETER    3  A0 RESTORED TO VARIABLE.
                   PARAMETER    1  N0 RESTORED TO VARIABLE.
 **********
 **   68 **FIX            0
 **********
 PARAMETER    0  IS UNDEFINED. IGNORED.
 **********
 **   69 **FIX            1
 **********
 **********
 **   70 **FIX            2
 **********
 PARAMETER    2  IS CONSTANT.   IGNORED.
 **********
 **   71 **FIX            3
 **********
 **********
 **   72 **FIX            4
 **********
 **********
 **   73 **FIX            5
 **********
 PARAMETER    5  IS CONSTANT.   IGNORED.
 **********
 **   74 **FIX            6
 **********
 **********
 **   75 **FIX            7
 **********
 PARAMETER    7  IS CONSTANT.   IGNORED.
 **********
 **   76 **FIX            8
 **********
 **********
 **   77 **FIX            9
 **********
 **********
 **   78 **FIX           10
 **********
 **********
 **   79 **FIX           11
 **********
 **********
 **   80 **FIX           12
 **********
 PARAMETER   12  IS CONSTANT.   IGNORED.
 **********
 **   81 **FIX           16
 **********
 **********
 **   82 **MIGRAD
 **********
 START MIGRAD MINIMIZATION.  STRATEGY  1.  CONVERGENCE WHEN EDM .LT. 1.00e-04
 FCN=61.3206 FROM MIGRAD    STATUS=INITIATE       43 CALLS        1650 TOTAL
                     EDM= unknown      STRATEGY= 1      NO ERROR MATRIX       
  EXT PARAMETER               CURRENT GUESS       STEP         FIRST   
  NO.   NAME      VALUE            ERROR          SIZE      DERIVATIVE 
   1  N0           3.52413e+06     fixed    
   2  tau          6.43930e+01   constant   
   3  A0           3.54544e-01     fixed    
   4  phi          4.12425e+00     fixed    
   5  R           -6.08522e+01   constant   
   6  alpha_CBO   -8.63691e-04     fixed    
   7  w_CBO        2.32500e+00   constant   
   8  beta_CBO     4.97902e-03     fixed    
   9  alpha_2CBO  -6.95736e-04     fixed    
  10  beta_2CBO   -4.15536e-04     fixed    
  11  alpha_y      1.49441e-03     fixed    
  12  w_y          1.38860e+01   constant   
  13  beta_y      -1.30551e-03   1.17305e-03   0.00000e+00   9.14052e+01
  14  alpha_vw     0.00000e+00   1.00000e-03   0.00000e+00   1.47595e+03
  15  w_vw         1.43404e+01   constant   
  16  beta_vw      0.00000e+00     fixed    
  17  LM          -3.26196e-04   constant   
  18  zeta_y       0.00000e+00   constant   
  19  zeta_vw      0.00000e+00   constant   
  20  T_CBO        9.99999e+02   6.95927e+02   0.00000e+00  -1.63058e-04
  21  alpha_A0    -9.99998e-03   1.32128e-02   0.00000e+00   7.13027e-04
  22  beta_A0     -4.30906e-04   5.71878e-03   0.00000e+00   3.31122e-03
  23  alpha_phi   -1.91545e-03   5.58534e-03   0.00000e+00   1.20942e-03
  24  beta_phi    -9.96769e-03   1.42383e-02   7.67520e-02   1.15214e-04
 MIGRAD MINIMIZATION HAS CONVERGED.
 MIGRAD WILL VERIFY CONVERGENCE AND ERROR MATRIX.
 COVARIANCE MATRIX CALCULATED SUCCESSFULLY
 FCN=60.4779 FROM MIGRAD    STATUS=CONVERGED     145 CALLS        1752 TOTAL
                     EDM=1.03938e-06    STRATEGY= 1      ERROR MATRIX ACCURATE 
  EXT PARAMETER                                   STEP         FIRST   
  NO.   NAME      VALUE            ERROR          SIZE      DERIVATIVE 
   1  N0           3.52413e+06     fixed    
   2  tau          6.43930e+01   constant   
   3  A0           3.54544e-01     fixed    
   4  phi          4.12425e+00     fixed    
   5  R           -6.08522e+01   constant   
   6  alpha_CBO   -8.63691e-04     fixed    
   7  w_CBO        2.32500e+00   constant   
   8  beta_CBO     4.97902e-03     fixed    
   9  alpha_2CBO  -6.95736e-04     fixed    
  10  beta_2CBO   -4.15536e-04     fixed    
  11  alpha_y      1.49441e-03     fixed    
  12  w_y          1.38860e+01   constant   
  13  beta_y      -1.70455e-03   1.22859e-03   4.48795e-06  -2.31716e-02
  14  alpha_vw    -1.11731e-03   1.21912e-03   4.45261e-06  -7.66622e-02
  15  w_vw         1.43404e+01   constant   
  16  beta_vw      0.00000e+00     fixed    
  17  LM          -3.26196e-04   constant   
  18  zeta_y       0.00000e+00   constant   
  19  zeta_vw      0.00000e+00   constant   
  20  T_CBO        1.00000e+03   7.08663e+02   1.86779e-02** at limit **
  21  alpha_A0    -1.00000e-02   1.84897e-02   8.96722e-03** at limit **
  22  beta_A0     -6.27719e-04   6.17949e-03   2.55247e-03   4.69842e-04
  23  alpha_phi   -1.78220e-03   6.04314e-03   2.53129e-03  -4.31718e-04
  24  beta_phi    -9.99645e-03   1.94575e-02   4.41763e-02   8.98312e-05
 EXTERNAL ERROR MATRIX.    NDIM=  25    NPAR=  7    ERR DEF=1
  1.509e-06  4.472e-07 -1.369e-10 -1.389e-15  1.949e-07 -1.778e-07  3.136e-08 
  4.472e-07  1.486e-06 -5.481e-11 -2.544e-16  2.463e-07 -1.747e-07  3.401e-08 
 -1.369e-10 -5.481e-11  3.547e-06 -6.568e-15  4.982e-09 -1.578e-08 -1.135e-07 
 -1.389e-15 -2.544e-16 -6.568e-15  4.446e-16  1.669e-13  1.813e-13 -5.211e-14 
  1.949e-07  2.463e-07  4.982e-09  1.669e-13  4.440e-05 -1.352e-06 -4.235e-07 
 -1.778e-07 -1.747e-07 -1.578e-08  1.813e-13 -1.352e-06  4.234e-05 -7.127e-07 
  3.136e-08  3.401e-08 -1.135e-07 -5.211e-14 -4.235e-07 -7.127e-07  1.654e-05 
 PARAMETER  CORRELATION COEFFICIENTS  
       NO.  GLOBAL     13     14     20     21     22     23     24
       13  0.29936   1.000  0.299 -0.000 -0.000  0.024 -0.022  0.006
       14  0.29988   0.299  1.000 -0.000 -0.000  0.030 -0.022  0.007
       20  0.01492  -0.000 -0.000  1.000 -0.000  0.000 -0.001 -0.015
       21  0.00190  -0.000 -0.000 -0.000  1.000  0.001  0.001 -0.001
       22  0.04853   0.024  0.030  0.000  0.001  1.000 -0.031 -0.016
       23  0.04914  -0.022 -0.022 -0.001  0.001 -0.031  1.000 -0.027
       24  0.03579   0.006  0.007 -0.015 -0.001 -0.016 -0.027  1.000
MINUIT - FIT ALTOGETHER
 **********
