 + ++++++++++++++++++++++++++++++++++++++++++++++++++++++++++++++++++++ +
 +                                                                      +
 +           You have chose to blind your fitting according to          +
 +                omega_ref * (1 + (R +/- deltaR) *10^{-6})             +
 +                                                                      +
 + ++++++++++++++++++++++++++++++++++++++++++++++++++++++++++++++++++++ +
In main()...
reading format from /gm2data/zkhechad/run45/envelope/formats/formatB_sBin_constraintOn.txt
pBinTau 	= 0  
pBinPhi 	= 0  
constraintau 	= 1 
includeMopTerm 	= 0    
constrainMop    = 0   
Parameters after format file: pBinTau 0 pBinPhi 0 constraintau 1 includeMopTerm 0 constrainMop 0 c_e_scale 0.000000 
Opening file /gm2data/tbarrett/gm2fr/studies/run23_bunch_corrections/CorrectedFourier_Run3b.root.
reading full fit data from /gm2data/zkhechad/cboTemplates/Run4CBOTemplates/templateFits0_v2.0/noRF/sBin_constraintOn_cE0.0_seed0_noRF_calo13.root
windowBins = 17
fitting sliding window 468 from bin 604 at 89.967600 to bin 621 at 92.653200 (17 bins)

Reading data from /gm2data/cornell/histograms/aMethod/histogram_a_noRF.root
 **********
 **    1 **SET PRINTOUT            1
 **********
 **********
 **    2 **SET NOWARNINGS 
 **********
 PARAMETER DEFINITIONS:
    NO.   NAME         VALUE      STEP SIZE      LIMITS
     1 N0           3.44933e+06  1.00000e+02     no limits
     2 tau          6.43680e+01  constant
     3 A0           3.52702e-01  1.00000e-04     no limits
     4 phi          4.13064e+00  1.00000e-02     no limits
     5 R           -6.08433e+01  constant
     6 alpha_CBO    0.00000e+00  1.00000e-03     no limits
     7 w_CBO        2.32500e+00  constant
     8 beta_CBO     0.00000e+00  1.00000e-03     no limits
     9 alpha_2CBO   0.00000e+00  1.00000e-03     no limits
    10 beta_2CBO    0.00000e+00  1.00000e-03     no limits
    11 alpha_y      0.00000e+00  1.00000e-03     no limits
    12 w_y          1.44500e+01  constant
    13 beta_y       0.00000e+00  1.00000e-03     no limits
    14 alpha_vw     0.00000e+00  1.00000e-03     no limits
    15 w_vw         1.29000e+01  constant
    16 beta_vw      0.00000e+00  1.00000e-03     no limits
    17 LM          -1.22211e-03  constant
    18 zeta_y       0.00000e+00  constant
    19 zeta_vw      0.00000e+00  constant
    20 T_CBO        1.00000e+02  1.00000e+00    0.00000e+00  1.00000e+03
    21 alpha_A0     0.00000e+00  1.00000e-03     no limits
    22 beta_A0      0.00000e+00  1.00000e-03     no limits
    23 alpha_phi    0.00000e+00  1.00000e-03     no limits
    24 beta_phi     0.00000e+00  1.00000e-03     no limits
MINUIT - FIT ONLY WIGGLE
 **********
 **    3 **FIX            5
 **********
 PARAMETER    5  IS CONSTANT.   IGNORED.
 **********
 **    4 **FIX            6
 **********
 **********
 **    5 **FIX            7
 **********
 PARAMETER    7  IS CONSTANT.   IGNORED.
 **********
 **    6 **FIX            8
 **********
 **********
 **    7 **FIX            9
 **********
 **********
 **    8 **FIX           10
 **********
 **********
 **    9 **FIX           11
 **********
 **********
 **   10 **FIX           12
 **********
 PARAMETER   12  IS CONSTANT.   IGNORED.
 **********
 **   11 **FIX           13
 **********
 **********
 **   12 **FIX           14
 **********
 **********
 **   13 **FIX           15
 **********
 PARAMETER   15  IS CONSTANT.   IGNORED.
 **********
 **   14 **FIX           16
 **********
 **********
 **   15 **MIGRAD
 **********
 FIRST CALL TO USER FUNCTION AT NEW START POINT, WITH IFLAG=4.
 START MIGRAD MINIMIZATION.  STRATEGY  1.  CONVERGENCE WHEN EDM .LT. 1.00e-04
 FCN=1211.57 FROM MIGRAD    STATUS=INITIATE      437 CALLS         438 TOTAL
                     EDM= unknown      STRATEGY= 1      NO ERROR MATRIX       
  EXT PARAMETER               CURRENT GUESS       STEP         FIRST   
  NO.   NAME      VALUE            ERROR          SIZE      DERIVATIVE 
   1  N0           3.44933e+06   1.00000e+02   0.00000e+00   1.26493e-02
   2  tau          6.43680e+01   constant   
   3  A0           3.52702e-01   1.00000e-04   0.00000e+00   1.13766e+05
   4  phi          4.13064e+00   1.00000e-02   0.00000e+00  -4.79624e+04
   5  R           -6.08433e+01   constant   
   6  alpha_CBO    0.00000e+00     fixed    
   7  w_CBO        2.32500e+00   constant   
   8  beta_CBO     0.00000e+00     fixed    
   9  alpha_2CBO   0.00000e+00     fixed    
  10  beta_2CBO    0.00000e+00     fixed    
  11  alpha_y      0.00000e+00     fixed    
  12  w_y          1.44500e+01   constant   
  13  beta_y       0.00000e+00     fixed    
  14  alpha_vw     0.00000e+00     fixed    
  15  w_vw         1.29000e+01   constant   
  16  beta_vw      0.00000e+00     fixed    
  17  LM          -1.22211e-03   constant   
  18  zeta_y       0.00000e+00   constant   
  19  zeta_vw      0.00000e+00   constant   
  20  T_CBO        1.00000e+02   1.00000e+00   0.00000e+00   0.00000e+00
  21  alpha_A0     0.00000e+00   1.00000e-03   0.00000e+00  -1.17163e+04
  22  beta_A0      0.00000e+00   1.00000e-03   0.00000e+00   1.57460e+04
  23  alpha_phi    0.00000e+00   1.00000e-03   0.00000e+00  -9.33306e+03
  24  beta_phi     0.00000e+00   1.00000e-03   0.00000e+00   9.36337e+02
 MIGRAD MINIMIZATION HAS CONVERGED.
 FCN=41.237 FROM MIGRAD    STATUS=CONVERGED    1169 CALLS        1170 TOTAL
                     EDM=2.37999e-06    STRATEGY= 1  ERROR MATRIX UNCERTAINTY   2.2 per cent
  EXT PARAMETER                                   STEP         FIRST   
  NO.   NAME      VALUE            ERROR          SIZE      DERIVATIVE 
   1  N0           3.42063e+06   2.90111e+03   6.71001e+00  -1.29020e-06
   2  tau          6.43680e+01   constant   
   3  A0           3.31138e-01   4.96370e-03   1.10469e-05   1.96975e+00
   4  phi          4.16025e+00   1.75883e-03  -3.75692e-06  -2.67978e+00
   5  R           -6.08433e+01   constant   
   6  alpha_CBO    0.00000e+00     fixed    
   7  w_CBO        2.32500e+00   constant   
   8  beta_CBO     0.00000e+00     fixed    
   9  alpha_2CBO   0.00000e+00     fixed    
  10  beta_2CBO    0.00000e+00     fixed    
  11  alpha_y      0.00000e+00     fixed    
  12  w_y          1.44500e+01   constant   
  13  beta_y       0.00000e+00     fixed    
  14  alpha_vw     0.00000e+00     fixed    
  15  w_vw         1.29000e+01   constant   
  16  beta_vw      0.00000e+00     fixed    
  17  LM          -1.22211e-03   constant   
  18  zeta_y       0.00000e+00   constant   
  19  zeta_vw      0.00000e+00   constant   
  20  T_CBO        4.12957e+01   8.44226e-01   1.28946e-05  -2.68653e-02
  21  alpha_A0    -8.46435e-01   2.47318e-01   6.79405e-04  -7.20473e-01
  22  beta_A0     -3.09791e-01   7.09626e-02   1.73116e-04   1.27148e+00
  23  alpha_phi   -1.38583e-01   5.60071e-02   1.66109e-04   1.75175e+00
  24  beta_phi     6.95551e-01   1.86105e-01  -5.07656e-04   8.75731e-02
 EXTERNAL ERROR MATRIX.    NDIM=  25    NPAR=  8    ERR DEF=1
  8.416e+06  1.309e+01 -2.443e+00  2.940e+02  6.790e+02  1.907e+02  1.543e+02 -5.085e+02 
  1.309e+01  2.464e-05 -1.280e-06 -6.238e-04  1.207e-03  3.506e-04  2.678e-04 -9.098e-04 
 -2.443e+00 -1.280e-06  3.093e-06 -8.030e-04 -1.124e-04 -2.265e-05 -2.938e-05  8.197e-05 
  2.940e+02 -6.238e-04 -8.030e-04  7.127e-01  5.158e-03 -4.398e-03  5.215e-03 -2.685e-03 
  6.790e+02  1.207e-03 -1.124e-04  5.158e-03  6.117e-02  1.744e-02  1.378e-02 -4.594e-02 
  1.907e+02  3.506e-04 -2.265e-05 -4.398e-03  1.744e-02  5.036e-03  3.890e-03 -1.310e-02 
  1.543e+02  2.678e-04 -2.938e-05  5.215e-03  1.378e-02  3.890e-03  3.137e-03 -1.036e-02 
 -5.085e+02 -9.098e-04  8.197e-05 -2.685e-03 -4.594e-02 -1.310e-02 -1.036e-02  3.464e-02 
 PARAMETER  CORRELATION COEFFICIENTS  
       NO.  GLOBAL      1      3      4     20     21     22     23     24
        1  0.98267   1.000  0.909 -0.479  0.120  0.946  0.926  0.950 -0.942
        3  0.99979   0.909  1.000 -0.147 -0.149  0.983  0.995  0.963 -0.985
        4  0.93886  -0.479 -0.147  1.000 -0.541 -0.258 -0.181 -0.298  0.250
       20  0.97680   0.120 -0.149 -0.541  1.000  0.025 -0.073  0.110 -0.017
       21  0.99989   0.946  0.983 -0.258  0.025  1.000  0.994  0.995 -0.998
       22  0.99971   0.926  0.995 -0.181 -0.073  0.994  1.000  0.979 -0.992
       23  0.99974   0.950  0.963 -0.298  0.110  0.995  0.979  1.000 -0.994
       24  0.99978  -0.942 -0.985  0.250 -0.017 -0.998 -0.992 -0.994  1.000
MINUIT - FIT ONLY 1-CBO + wiggle
 **********
 **   16 **RES 
 **********
                   PARAMETER   16  beta_vw RESTORED TO VARIABLE.
                   PARAMETER   14  alpha_vw RESTORED TO VARIABLE.
                   PARAMETER   13  beta_y RESTORED TO VARIABLE.
                   PARAMETER   11  alpha_y RESTORED TO VARIABLE.
                   PARAMETER   10  beta_2CBO RESTORED TO VARIABLE.
                   PARAMETER    9  alpha_2CBO RESTORED TO VARIABLE.
                   PARAMETER    8  beta_CBO RESTORED TO VARIABLE.
                   PARAMETER    6  alpha_CBO RESTORED TO VARIABLE.
 **********
 **   17 **FIX            8
 **********
 **********
 **   18 **FIX            9
 **********
 **********
 **   19 **FIX           11
 **********
 **********
 **   20 **FIX           12
 **********
 PARAMETER   12  IS CONSTANT.   IGNORED.
 **********
 **   21 **FIX           14
 **********
 **********
 **   22 **FIX           15
 **********
 PARAMETER   15  IS CONSTANT.   IGNORED.
 **********
 **   23 **FIX           16
 **********
 **********
 **   24 **MIGRAD
 **********
 START MIGRAD MINIMIZATION.  STRATEGY  1.  CONVERGENCE WHEN EDM .LT. 1.00e-04
 FCN=41.237 FROM MIGRAD    STATUS=INITIATE       28 CALLS        1198 TOTAL
                     EDM= unknown      STRATEGY= 1      NO ERROR MATRIX       
  EXT PARAMETER               CURRENT GUESS       STEP         FIRST   
  NO.   NAME      VALUE            ERROR          SIZE      DERIVATIVE 
   1  N0           3.42063e+06   2.90111e+03   6.71001e+00  -1.29020e-06
   2  tau          6.43680e+01   constant   
   3  A0           3.31138e-01   4.96370e-03   1.10469e-05   1.96975e+00
   4  phi          4.16025e+00   1.75883e-03  -3.75692e-06  -2.67979e+00
   5  R           -6.08433e+01   constant   
   6  alpha_CBO    0.00000e+00   1.00000e-03   1.00000e-03   4.62075e+02
   7  w_CBO        2.32500e+00   constant   
   8  beta_CBO     0.00000e+00     fixed    
   9  alpha_2CBO   0.00000e+00     fixed    
  10  beta_2CBO    0.00000e+00   1.00000e-03   1.00000e-03   2.07704e+02
  11  alpha_y      0.00000e+00     fixed    
  12  w_y          1.44500e+01   constant   
  13  beta_y       0.00000e+00   1.00000e-03   1.00000e-03  -3.44296e+04
  14  alpha_vw     0.00000e+00     fixed    
  15  w_vw         1.29000e+01   constant   
  16  beta_vw      0.00000e+00     fixed    
  17  LM          -1.22211e-03   constant   
  18  zeta_y       0.00000e+00   constant   
  19  zeta_vw      0.00000e+00   constant   
  20  T_CBO        4.12957e+01   8.44226e-01   1.28946e-05  -2.68622e-02
  21  alpha_A0    -8.46435e-01   2.47318e-01   6.79405e-04  -7.20473e-01
  22  beta_A0     -3.09791e-01   7.09626e-02   1.73116e-04   1.27148e+00
  23  alpha_phi   -1.38583e-01   5.60071e-02   1.66109e-04   1.75175e+00
  24  beta_phi     6.95551e-01   1.86105e-01  -5.07656e-04   8.75731e-02
 MIGRAD MINIMIZATION HAS CONVERGED.
 FCN=20.7108 FROM MIGRAD    STATUS=CONVERGED     769 CALLS        1939 TOTAL
                     EDM=6.00869e-06    STRATEGY= 1  ERROR MATRIX UNCERTAINTY   4.8 per cent
  EXT PARAMETER                                   STEP         FIRST   
  NO.   NAME      VALUE            ERROR          SIZE      DERIVATIVE 
   1  N0           3.39739e+06   1.63486e+04  -5.64062e+01   2.72443e-06
   2  tau          6.43680e+01   constant   
   3  A0           3.15021e-01   1.07152e-02  -3.44852e-05  -1.20656e+01
   4  phi          4.15772e+00   2.27462e-03   3.66338e-06   2.81893e+00
   5  R           -6.08433e+01   constant   
   6  alpha_CBO   -7.86414e-03   3.14615e-03  -1.30434e-05   1.25786e+01
   7  w_CBO        2.32500e+00   constant   
   8  beta_CBO     0.00000e+00     fixed    
   9  alpha_2CBO   0.00000e+00     fixed    
  10  beta_2CBO    7.87689e-04   7.15961e-04  -6.71634e-07  -1.64091e+01
  11  alpha_y      0.00000e+00     fixed    
  12  w_y          1.44500e+01   constant   
  13  beta_y       1.03692e-03   2.49464e-04   3.12398e-07   3.03703e+00
  14  alpha_vw     0.00000e+00     fixed    
  15  w_vw         1.29000e+01   constant   
  16  beta_vw      0.00000e+00     fixed    
  17  LM          -1.22211e-03   constant   
  18  zeta_y       0.00000e+00   constant   
  19  zeta_vw      0.00000e+00   constant   
  20  T_CBO        4.86983e+01   5.96721e+00   7.99454e-05  -6.40311e-01
  21  alpha_A0    -9.47360e-01   1.75322e-01  -4.13521e-04   3.97729e-01
  22  beta_A0     -5.16978e-01   1.12296e-01  -3.46530e-04  -5.85251e-02
  23  alpha_phi   -2.78690e-01   8.82201e-02  -2.79524e-04   1.83789e-01
  24  beta_phi     8.78582e-01   1.04797e-01   3.35515e-04   3.75686e-01
 EXTERNAL ERROR MATRIX.    NDIM=  25    NPAR= 11    ERR DEF=1
  2.673e+08 
  1.748e+02  1.148e-04 
  4.182e+00  3.978e-06  5.174e-06 
  4.484e+01  2.904e-05  1.228e-06  9.898e-06 
  3.512e+00  2.201e-06 -8.311e-07 -2.633e-08  5.126e-07 
  4.683e-01  3.427e-07  9.308e-08  4.029e-08  2.344e-10  6.223e-08 
 -9.642e+04 -6.351e-02 -2.102e-03 -1.499e-02 -1.440e-03 -2.098e-04  3.562e+01 
  2.689e+03  1.774e-03  2.322e-05  3.612e-04  6.308e-05  6.225e-06 -1.017e+00  3.074e-02 
  1.804e+03  1.187e-03  6.632e-05  3.200e-04  1.357e-05  3.590e-06 -6.483e-01  1.752e-02  1.261e-02 
  1.434e+03  9.408e-04  2.573e-05  2.298e-04  2.115e-05  2.811e-06 -5.239e-01  1.486e-02  9.630e-03  7.783e-03 
 -1.687e+03 -1.111e-03 -5.851e-05 -2.899e-04 -1.213e-05 -3.649e-06  6.111e-01 -1.669e-02 -1.166e-02 -9.057e-03  1.098e-02 
 PARAMETER  CORRELATION COEFFICIENTS  
       NO.  GLOBAL      1      3      4      6     10     13     20     21     22     23     24
        1  0.99953   1.000  0.998  0.112  0.872  0.300  0.115 -0.988  0.938  0.983  0.994 -0.984
        3  0.99987   0.998  1.000  0.163  0.862  0.287  0.128 -0.993  0.944  0.987  0.995 -0.990
        4  0.94085   0.112  0.163  1.000  0.172 -0.510  0.164 -0.155  0.058  0.260  0.128 -0.245
        6  0.99814   0.872  0.862  0.172  1.000 -0.012  0.051 -0.798  0.655  0.906  0.828 -0.879
       10  0.97261   0.300  0.287 -0.510 -0.012  1.000  0.001 -0.337  0.503  0.169  0.335 -0.162
       13  0.26815   0.115  0.128  0.164  0.051  0.001  1.000 -0.141  0.142  0.128  0.128 -0.140
       20  0.99961  -0.988 -0.993 -0.155 -0.798 -0.337 -0.141  1.000 -0.972 -0.967 -0.995  0.977
       21  0.99919   0.938  0.944  0.058  0.655  0.503  0.142 -0.972  1.000  0.890  0.961 -0.909
       22  0.99775   0.983  0.987  0.260  0.906  0.169  0.128 -0.967  0.890  1.000  0.972 -0.991
       23  0.99824   0.994  0.995  0.128  0.828  0.335  0.128 -0.995  0.961  0.972  1.000 -0.980
       24  0.99853  -0.984 -0.990 -0.245 -0.879 -0.162 -0.140  0.977 -0.909 -0.991 -0.980  1.000
MINUIT - FIT ONLY 2-CBO
 **********
 **   25 **RES 
 **********
                   PARAMETER   16  beta_vw RESTORED TO VARIABLE.
                   PARAMETER   14  alpha_vw RESTORED TO VARIABLE.
                   PARAMETER   11  alpha_y RESTORED TO VARIABLE.
                   PARAMETER    9  alpha_2CBO RESTORED TO VARIABLE.
                   PARAMETER    8  beta_CBO RESTORED TO VARIABLE.
 **********
 **   26 **FIX            0
 **********
 PARAMETER    0  IS UNDEFINED. IGNORED.
 **********
 **   27 **FIX            1
 **********
 **********
 **   28 **FIX            2
 **********
 PARAMETER    2  IS CONSTANT.   IGNORED.
 **********
 **   29 **FIX            3
 **********
 **********
 **   30 **FIX            4
 **********
 **********
 **   31 **FIX            5
 **********
 PARAMETER    5  IS CONSTANT.   IGNORED.
 **********
 **   32 **FIX            6
 **********
 **********
 **   33 **FIX            7
 **********
 PARAMETER    7  IS CONSTANT.   IGNORED.
 **********
 **   34 **FIX           10
 **********
 **********
 **   35 **FIX           11
 **********
 **********
 **   36 **FIX           12
 **********
 PARAMETER   12  IS CONSTANT.   IGNORED.
 **********
 **   37 **FIX           13
 **********
 **********
 **   38 **FIX           14
 **********
 **********
 **   39 **FIX           15
 **********
 PARAMETER   15  IS CONSTANT.   IGNORED.
 **********
 **   40 **FIX           16
 **********
 **********
 **   41 **MIGRAD
 **********
 START MIGRAD MINIMIZATION.  STRATEGY  1.  CONVERGENCE WHEN EDM .LT. 1.00e-04
 FCN=20.7108 FROM MIGRAD    STATUS=INITIATE       18 CALLS        1957 TOTAL
                     EDM= unknown      STRATEGY= 1      NO ERROR MATRIX       
  EXT PARAMETER               CURRENT GUESS       STEP         FIRST   
  NO.   NAME      VALUE            ERROR          SIZE      DERIVATIVE 
   1  N0           3.39739e+06     fixed    
   2  tau          6.43680e+01   constant   
   3  A0           3.15021e-01     fixed    
   4  phi          4.15772e+00     fixed    
   5  R           -6.08433e+01   constant   
   6  alpha_CBO   -7.86414e-03     fixed    
   7  w_CBO        2.32500e+00   constant   
   8  beta_CBO     0.00000e+00   1.00000e-03   1.00000e-03   1.65231e+01
   9  alpha_2CBO   0.00000e+00   1.00000e-03   1.00000e-03  -2.10944e+02
  10  beta_2CBO    7.87689e-04     fixed    
  11  alpha_y      0.00000e+00     fixed    
  12  w_y          1.44500e+01   constant   
  13  beta_y       1.03692e-03     fixed    
  14  alpha_vw     0.00000e+00     fixed    
  15  w_vw         1.29000e+01   constant   
  16  beta_vw      0.00000e+00     fixed    
  17  LM          -1.22211e-03   constant   
  18  zeta_y       0.00000e+00   constant   
  19  zeta_vw      0.00000e+00   constant   
  20  T_CBO        4.86983e+01   5.96721e+00   7.99454e-05  -6.40309e-01
  21  alpha_A0    -9.47360e-01   1.75322e-01  -4.13521e-04   3.97728e-01
  22  beta_A0     -5.16978e-01   1.12296e-01  -3.46530e-04  -5.85255e-02
  23  alpha_phi   -2.78690e-01   8.82201e-02  -2.79524e-04   1.83788e-01
  24  beta_phi     8.78582e-01   1.04797e-01   3.35515e-04   3.75686e-01
 MIGRAD MINIMIZATION HAS CONVERGED.
 MIGRAD WILL VERIFY CONVERGENCE AND ERROR MATRIX.
 FCN=20.705 FROM MIGRAD    STATUS=CONVERGED     165 CALLS        2104 TOTAL
                     EDM=2.52941e-07    STRATEGY= 1      ERR MATRIX NOT POS-DEF
  EXT PARAMETER                APPROXIMATE        STEP         FIRST   
  NO.   NAME      VALUE            ERROR          SIZE      DERIVATIVE 
   1  N0           3.39739e+06     fixed    
   2  tau          6.43680e+01   constant   
   3  A0           3.15021e-01     fixed    
   4  phi          4.15772e+00     fixed    
   5  R           -6.08433e+01   constant   
   6  alpha_CBO   -7.86414e-03     fixed    
   7  w_CBO        2.32500e+00   constant   
   8  beta_CBO     4.44798e-05   6.74584e-04   5.59601e-07   5.14346e-01
   9  alpha_2CBO   6.02230e-05   7.57156e-04   5.58590e-07  -1.39681e+00
  10  beta_2CBO    7.87689e-04     fixed    
  11  alpha_y      0.00000e+00     fixed    
  12  w_y          1.44500e+01   constant   
  13  beta_y       1.03692e-03     fixed    
  14  alpha_vw     0.00000e+00     fixed    
  15  w_vw         1.29000e+01   constant   
  16  beta_vw      0.00000e+00     fixed    
  17  LM          -1.22211e-03   constant   
  18  zeta_y       0.00000e+00   constant   
  19  zeta_vw      0.00000e+00   constant   
  20  T_CBO        4.86965e+01   2.50178e+00   1.98978e-06   1.71842e-02
  21  alpha_A0    -9.47390e-01   9.11090e-02   2.16031e-05  -5.03467e-02
  22  beta_A0     -5.19304e-01   5.85055e-02   1.92280e-05  -1.70238e-02
  23  alpha_phi   -2.77493e-01   3.09190e-02   1.23402e-05   6.95604e-03
  24  beta_phi     8.78245e-01   8.46317e-02   1.49573e-05  -5.69374e-02
 EXTERNAL ERROR MATRIX.    NDIM=  25    NPAR=  7    ERR DEF=1
  4.551e-07  4.298e-07  7.299e-05  2.951e-06 -1.831e-05  1.040e-05 -5.253e-06 
  4.298e-07  5.733e-07 -2.073e-05 -2.544e-07 -2.234e-05  1.141e-05 -3.012e-06 
  7.299e-05 -2.073e-05  6.259e+00  2.264e-01  1.232e-01  6.518e-02 -2.106e-01 
  2.951e-06 -2.544e-07  2.264e-01  8.301e-03  4.452e-03  2.386e-03 -7.648e-03 
 -1.831e-05 -2.234e-05  1.232e-01  4.452e-03  3.423e-03  8.090e-04 -4.010e-03 
  1.040e-05  1.141e-05  6.518e-02  2.386e-03  8.090e-04  9.560e-04 -2.281e-03 
 -5.253e-06 -3.012e-06 -2.106e-01 -7.648e-03 -4.010e-03 -2.281e-03  7.163e-03 
ERR MATRIX NOT POS-DEF
 PARAMETER  CORRELATION COEFFICIENTS  
       NO.  GLOBAL      8      9     20     21     22     23     24
        8  0.93128   1.000  0.842  0.043  0.048 -0.464  0.498 -0.092
        9  0.94606   0.842  1.000 -0.011 -0.004 -0.504  0.487 -0.047
       20  0.99717   0.043 -0.011  1.000  0.993  0.842  0.843 -0.995
       21  0.99456   0.048 -0.004  0.993  1.000  0.835  0.847 -0.992
       22  0.98953  -0.464 -0.504  0.842  0.835  1.000  0.447 -0.810
       23  0.98452   0.498  0.487  0.843  0.847  0.447  1.000 -0.872
       24  0.99698  -0.092 -0.047 -0.995 -0.992 -0.810 -0.872  1.000
 ERR MATRIX NOT POS-DEF
MINUIT - FIT wiggle + 1-CBO + 2-CBO
 **********
 **   42 **RES 
 **********
                   PARAMETER   16  beta_vw RESTORED TO VARIABLE.
                   PARAMETER   14  alpha_vw RESTORED TO VARIABLE.
                   PARAMETER   13  beta_y RESTORED TO VARIABLE.
                   PARAMETER   11  alpha_y RESTORED TO VARIABLE.
                   PARAMETER   10  beta_2CBO RESTORED TO VARIABLE.
                   PARAMETER    6  alpha_CBO RESTORED TO VARIABLE.
                   PARAMETER    4  phi RESTORED TO VARIABLE.
                   PARAMETER    3  A0 RESTORED TO VARIABLE.
                   PARAMETER    1  N0 RESTORED TO VARIABLE.
 **********
 **   43 **FIX           10
 **********
 **********
 **   44 **FIX           11
 **********
 **********
 **   45 **FIX           12
 **********
 PARAMETER   12  IS CONSTANT.   IGNORED.
 **********
 **   46 **FIX           13
 **********
 **********
 **   47 **FIX           14
 **********
 **********
 **   48 **FIX           15
 **********
 PARAMETER   15  IS CONSTANT.   IGNORED.
 **********
 **   49 **FIX           16
 **********
 **********
 **   50 **MIGRAD
 **********
 START MIGRAD MINIMIZATION.  STRATEGY  1.  CONVERGENCE WHEN EDM .LT. 1.00e-04
 FCN=20.705 FROM MIGRAD    STATUS=INITIATE       22 CALLS        2126 TOTAL
                     EDM= unknown      STRATEGY= 1      NO ERROR MATRIX       
  EXT PARAMETER               CURRENT GUESS       STEP         FIRST   
  NO.   NAME      VALUE            ERROR          SIZE      DERIVATIVE 
   1  N0           3.39739e+06   1.63486e+04   1.63486e+04   4.51535e-06
   2  tau          6.43680e+01   constant   
   3  A0           3.15021e-01   1.07152e-02   1.07152e-02   1.54096e+01
   4  phi          4.15772e+00   2.27462e-03   2.27462e-03  -6.27662e-01
   5  R           -6.08433e+01   constant   
   6  alpha_CBO   -7.86414e-03   3.14615e-03   3.14615e-03  -9.51913e+01
   7  w_CBO        2.32500e+00   constant   
   8  beta_CBO     4.44798e-05   6.74584e-04   5.59601e-07   5.14356e-01
   9  alpha_2CBO   6.02230e-05   7.57156e-04   5.58590e-07  -1.39680e+00
  10  beta_2CBO    7.87689e-04     fixed    
  11  alpha_y      0.00000e+00     fixed    
  12  w_y          1.44500e+01   constant   
  13  beta_y       1.03692e-03     fixed    
  14  alpha_vw     0.00000e+00     fixed    
  15  w_vw         1.29000e+01   constant   
  16  beta_vw      0.00000e+00     fixed    
  17  LM          -1.22211e-03   constant   
  18  zeta_y       0.00000e+00   constant   
  19  zeta_vw      0.00000e+00   constant   
  20  T_CBO        4.86965e+01   2.50178e+00   1.98978e-06   1.71655e-02
  21  alpha_A0    -9.47390e-01   9.11090e-02   2.16031e-05  -5.03447e-02
  22  beta_A0     -5.19304e-01   5.85055e-02   1.92280e-05  -1.70256e-02
  23  alpha_phi   -2.77493e-01   3.09190e-02   1.23402e-05   6.95616e-03
  24  beta_phi     8.78245e-01   8.46317e-02   1.49573e-05  -5.69371e-02
 MIGRAD MINIMIZATION HAS CONVERGED.
 MIGRAD WILL VERIFY CONVERGENCE AND ERROR MATRIX.
 FCN=20.6879 FROM HESSE     STATUS=NOT POSDEF    100 CALLS        2424 TOTAL
                     EDM=0.00088282    STRATEGY= 1      ERR MATRIX NOT POS-DEF
  EXT PARAMETER                APPROXIMATE        STEP         FIRST   
  NO.   NAME      VALUE            ERROR          SIZE      DERIVATIVE 
   1  N0           3.39748e+06   7.41055e+03   1.62004e+00  -9.97136e-07
   2  tau          6.43680e+01   constant   
   3  A0           3.15097e-01   2.68268e-03   4.38679e-07  -1.41168e+01
   4  phi          4.15731e+00   1.21949e-02   2.20221e-06  -6.19181e-01
   5  R           -6.08433e+01   constant   
   6  alpha_CBO   -7.48318e-03   2.17525e-03   5.21780e-07   1.36197e+00
   7  w_CBO        2.32500e+00   constant   
   8  beta_CBO     1.35931e-04   2.39189e-03   5.59319e-07  -4.54703e+00
   9  alpha_2CBO   2.26218e-04   1.12935e-03   5.58353e-07   1.92381e+00
  10  beta_2CBO    7.87689e-04     fixed    
  11  alpha_y      0.00000e+00     fixed    
  12  w_y          1.44500e+01   constant   
  13  beta_y       1.03692e-03     fixed    
  14  alpha_vw     0.00000e+00     fixed    
  15  w_vw         1.29000e+01   constant   
  16  beta_vw      0.00000e+00     fixed    
  17  LM          -1.22211e-03   constant   
  18  zeta_y       0.00000e+00   constant   
  19  zeta_vw      0.00000e+00   constant   
  20  T_CBO        4.88213e+01   2.45659e+00   1.98759e-06   1.85386e+00
  21  alpha_A0    -9.55374e-01   9.46746e-02   2.15356e-05   4.16368e-02
  22  beta_A0     -5.25292e-01   7.84752e-02   1.91403e-05   2.26513e-03
  23  alpha_phi   -2.76285e-01   5.95216e-02   1.22604e-05   7.82503e-02
  24  beta_phi     8.77072e-01   7.25848e-02   1.48701e-05   3.36646e-01
 CALL LIMIT EXCEEDED IN MIGRAD.
 MIGRAD TERMINATED WITHOUT CONVERGENCE.
 FCN=20.3061 FROM MIGRAD    STATUS=CALL LIMIT   1918 CALLS        4022 TOTAL
                     EDM=0.0541625    STRATEGY= 1      ERR MATRIX NOT POS-DEF
  EXT PARAMETER                APPROXIMATE        STEP         FIRST   
  NO.   NAME      VALUE            ERROR          SIZE      DERIVATIVE 
   1  N0           3.28798e+06   9.65943e+04  -8.36007e+03   5.95904e-05
   2  tau          6.43680e+01   constant   
   3  A0           3.39748e-01   1.03435e-02   7.21870e-04  -2.65702e+02
   4  phi          4.20730e+00   3.41831e-02   2.35105e-03  -6.56694e+01
   5  R           -6.08433e+01   constant   
   6  alpha_CBO    3.71842e-05   5.21961e-03   1.66989e-04  -9.90802e+01
   7  w_CBO        2.32500e+00   constant   
   8  beta_CBO     2.39696e-02   1.62942e-02   1.26933e-03   4.97600e+02
   9  alpha_2CBO   3.33741e-03   2.26546e-03   7.53681e-05   2.97669e+02
  10  beta_2CBO    7.87689e-04     fixed    
  11  alpha_y      0.00000e+00     fixed    
  12  w_y          1.44500e+01   constant   
  13  beta_y       1.03692e-03     fixed    
  14  alpha_vw     0.00000e+00     fixed    
  15  w_vw         1.29000e+01   constant   
  16  beta_vw      0.00000e+00     fixed    
  17  LM          -1.22211e-03   constant   
  18  zeta_y       0.00000e+00   constant   
  19  zeta_vw      0.00000e+00   constant   
  20  T_CBO        4.58603e+01   5.89155e-01   9.38340e-05  -1.77591e+01
  21  alpha_A0    -7.77340e-01   1.30213e-01  -5.35397e-03  -5.67666e+00
  22  beta_A0     -1.58767e+00   9.78741e-01  -8.15552e-02   9.87981e+00
  23  alpha_phi   -8.56753e-01   6.15693e-01  -5.37098e-02  -1.73795e+01
  24  beta_phi     4.84628e-01   1.11900e-01  -3.73414e-03  -1.14179e+01
 EXTERNAL ERROR MATRIX.    NDIM=  25    NPAR= 11    ERR DEF=1
  9.330e+09 
 -8.998e+02  1.070e-04 
 -2.673e+03  2.922e-04  1.168e-03 
 -3.223e+02  4.596e-05  1.060e-04  2.724e-05 
 -1.512e+03  1.590e-04  5.161e-04  6.190e-05  2.655e-04 
 -1.506e+02  1.930e-05  5.593e-05  1.085e-05  2.962e-05  5.132e-06 
 -2.267e+04 -9.042e-06  1.114e-03 -6.804e-04  1.995e-03 -1.311e-04  3.471e-01 
  8.417e+03 -8.251e-04 -2.798e-03 -4.940e-04 -1.522e-03 -2.436e-04 -2.028e-02  1.696e-02 
  9.421e+04 -9.146e-03 -2.625e-02 -3.460e-03 -1.523e-02 -1.603e-03 -2.277e-01  8.993e-02  9.579e-01 
  5.882e+04 -5.494e-03 -1.505e-02 -1.945e-03 -9.141e-03 -8.745e-04 -1.684e-01  5.110e-02  5.964e-01  3.791e-01 
  5.321e+03 -9.052e-04 -2.682e-03 -3.844e-04 -1.179e-03 -1.544e-04  3.200e-02  2.448e-03  5.183e-02  2.793e-02  1.252e-02 
ERR MATRIX NOT POS-DEF
 PARAMETER  CORRELATION COEFFICIENTS  
       NO.  GLOBAL      1      3      4      6      8      9     20     21     22     23     24
        1  1.00000   1.000 -0.901 -0.810 -0.639 -0.961 -0.688 -0.398  0.669  0.996  0.989  0.492
        3  0.99992  -0.901  1.000  0.826  0.851  0.944  0.824 -0.001 -0.613 -0.903 -0.863 -0.782
        4  0.99993  -0.810  0.826  1.000  0.594  0.927  0.722  0.055 -0.629 -0.785 -0.715 -0.701
        6  0.99954  -0.639  0.851  0.594  1.000  0.728  0.918 -0.221 -0.727 -0.677 -0.605 -0.658
        8  0.99998  -0.961  0.944  0.927  0.728  1.000  0.802  0.208 -0.717 -0.955 -0.911 -0.647
        9  0.99821  -0.688  0.824  0.722  0.918  0.802  1.000 -0.098 -0.826 -0.723 -0.627 -0.609
       20  0.98257  -0.398 -0.001  0.055 -0.221  0.208 -0.098  1.000 -0.264 -0.395 -0.464  0.485
       21  0.99870   0.669 -0.613 -0.629 -0.727 -0.717 -0.826 -0.264  1.000  0.706  0.637  0.168
       22  0.99999   0.996 -0.903 -0.785 -0.677 -0.955 -0.723 -0.395  0.706  1.000  0.990  0.473
       23  0.99999   0.989 -0.863 -0.715 -0.605 -0.911 -0.627 -0.464  0.637  0.990  1.000  0.405
       24  0.99939   0.492 -0.782 -0.701 -0.658 -0.647 -0.609  0.485  0.168  0.473  0.405  1.000
 ERR MATRIX NOT POS-DEF
MINUIT - FIT ONLY 1-y
 **********
 **   51 **RES 
 **********
                   PARAMETER   16  beta_vw RESTORED TO VARIABLE.
                   PARAMETER   14  alpha_vw RESTORED TO VARIABLE.
                   PARAMETER   13  beta_y RESTORED TO VARIABLE.
                   PARAMETER   11  alpha_y RESTORED TO VARIABLE.
                   PARAMETER   10  beta_2CBO RESTORED TO VARIABLE.
 **********
 **   52 **FIX            0
 **********
 PARAMETER    0  IS UNDEFINED. IGNORED.
 **********
 **   53 **FIX            1
 **********
 **********
 **   54 **FIX            2
 **********
 PARAMETER    2  IS CONSTANT.   IGNORED.
 **********
 **   55 **FIX            3
 **********
 **********
 **   56 **FIX            4
 **********
 **********
 **   57 **FIX            5
 **********
 PARAMETER    5  IS CONSTANT.   IGNORED.
 **********
 **   58 **FIX            6
 **********
 **********
 **   59 **FIX            7
 **********
 PARAMETER    7  IS CONSTANT.   IGNORED.
 **********
 **   60 **FIX            8
 **********
 **********
 **   61 **FIX            9
 **********
 **********
 **   62 **FIX           13
 **********
 **********
 **   63 **FIX           14
 **********
 **********
 **   64 **FIX           15
 **********
 PARAMETER   15  IS CONSTANT.   IGNORED.
 **********
 **   65 **FIX           16
 **********
 **********
 **   66 **MIGRAD
 **********
 START MIGRAD MINIMIZATION.  STRATEGY  1.  CONVERGENCE WHEN EDM .LT. 1.00e-04
 FCN=20.3061 FROM MIGRAD    STATUS=INITIATE       16 CALLS        4038 TOTAL
                     EDM= unknown      STRATEGY= 1      NO ERROR MATRIX       
  EXT PARAMETER               CURRENT GUESS       STEP         FIRST   
  NO.   NAME      VALUE            ERROR          SIZE      DERIVATIVE 
   1  N0           3.28798e+06     fixed    
   2  tau          6.43680e+01   constant   
   3  A0           3.39748e-01     fixed    
   4  phi          4.20730e+00     fixed    
   5  R           -6.08433e+01   constant   
   6  alpha_CBO    3.71842e-05     fixed    
   7  w_CBO        2.32500e+00   constant   
   8  beta_CBO     2.39696e-02     fixed    
   9  alpha_2CBO   3.33741e-03     fixed    
  10  beta_2CBO    7.87689e-04   7.15961e-04   7.15961e-04   5.71308e+02
  11  alpha_y      0.00000e+00   1.00000e-03   1.00000e-03  -2.58767e+04
  12  w_y          1.44500e+01   constant   
  13  beta_y       1.03692e-03     fixed    
  14  alpha_vw     0.00000e+00     fixed    
  15  w_vw         1.29000e+01   constant   
  16  beta_vw      0.00000e+00     fixed    
  17  LM          -1.22211e-03   constant   
  18  zeta_y       0.00000e+00   constant   
  19  zeta_vw      0.00000e+00   constant   
  20  T_CBO        4.58603e+01   5.89155e-01   9.38340e-05  -1.77591e+01
  21  alpha_A0    -7.77340e-01   1.30213e-01  -5.35397e-03  -5.67666e+00
  22  beta_A0     -1.58767e+00   9.78741e-01  -8.15552e-02   9.87981e+00
  23  alpha_phi   -8.56753e-01   6.15693e-01  -5.37098e-02  -1.73795e+01
  24  beta_phi     4.84628e-01   1.11900e-01  -3.73414e-03  -1.14179e+01
 MIGRAD MINIMIZATION HAS CONVERGED.
 MIGRAD WILL VERIFY CONVERGENCE AND ERROR MATRIX.
 COVARIANCE MATRIX CALCULATED SUCCESSFULLY
 FCN=10.8196 FROM HESSE     STATUS=OK             50 CALLS        4182 TOTAL
                     EDM=0.0128515    STRATEGY= 1      ERROR MATRIX ACCURATE 
  EXT PARAMETER                                   STEP         FIRST   
  NO.   NAME      VALUE            ERROR          SIZE      DERIVATIVE 
   1  N0           3.28798e+06     fixed    
   2  tau          6.43680e+01   constant   
   3  A0           3.39748e-01     fixed    
   4  phi          4.20730e+00     fixed    
   5  R           -6.08433e+01   constant   
   6  alpha_CBO    3.71842e-05     fixed    
   7  w_CBO        2.32500e+00   constant   
   8  beta_CBO     2.39696e-02     fixed    
   9  alpha_2CBO   3.33741e-03     fixed    
  10  beta_2CBO    5.19786e-04   4.81335e-04   3.85137e-07  -2.37234e-01
  11  alpha_y      7.32073e-04   2.37924e-04   3.89391e-07   4.90067e-02
  12  w_y          1.44500e+01   constant   
  13  beta_y       1.03692e-03     fixed    
  14  alpha_vw     0.00000e+00     fixed    
  15  w_vw         1.29000e+01   constant   
  16  beta_vw      0.00000e+00     fixed    
  17  LM          -1.22211e-03   constant   
  18  zeta_y       0.00000e+00   constant   
  19  zeta_vw      0.00000e+00   constant   
  20  T_CBO        4.58287e+01   3.13662e+01   8.48251e-07  -4.56589e-01
  21  alpha_A0    -7.80590e-01   1.05199e+00   1.66180e-05  -3.56674e-02
  22  beta_A0     -1.58757e+00   2.16643e+00   1.51542e-05  -5.69570e-02
  23  alpha_phi   -8.56749e-01   1.16433e+00   9.93222e-06   1.60501e-02
  24  beta_phi     4.75752e-01   6.39963e-01   1.15755e-05   2.46366e-02
 CALL LIMIT EXCEEDED IN MIGRAD.
 MIGRAD TERMINATED WITHOUT CONVERGENCE.
 FCN=10.7665 FROM MIGRAD    STATUS=CALL LIMIT   1158 CALLS        5180 TOTAL
                     EDM=0.00106954    STRATEGY= 1  ERROR MATRIX UNCERTAINTY  13.2 per cent
  EXT PARAMETER                APPROXIMATE        STEP         FIRST   
  NO.   NAME      VALUE            ERROR          SIZE      DERIVATIVE 
   1  N0           3.28798e+06     fixed    
   2  tau          6.43680e+01   constant   
   3  A0           3.39748e-01     fixed    
   4  phi          4.20730e+00     fixed    
   5  R           -6.08433e+01   constant   
   6  alpha_CBO    3.71842e-05     fixed    
   7  w_CBO        2.32500e+00   constant   
   8  beta_CBO     2.39696e-02     fixed    
   9  alpha_2CBO   3.33741e-03     fixed    
  10  beta_2CBO    5.15413e-04   4.20820e-04  -1.85146e-06  -6.35838e-01
  11  alpha_y      7.33896e-04   2.36048e-04   1.97710e-07  -1.66879e+00
  12  w_y          1.44500e+01   constant   
  13  beta_y       1.03692e-03     fixed    
  14  alpha_vw     0.00000e+00     fixed    
  15  w_vw         1.29000e+01   constant   
  16  beta_vw      0.00000e+00     fixed    
  17  LM          -1.22211e-03   constant   
  18  zeta_y       0.00000e+00   constant   
  19  zeta_vw      0.00000e+00   constant   
  20  T_CBO        5.54705e+01   1.13869e+01   9.01706e-04  -6.46077e+01
  21  alpha_A0    -5.55058e-01   1.88730e-01   3.26835e-03  -1.39935e+00
  22  beta_A0     -1.12401e+00   3.85562e-01   6.86221e-03   3.96283e+00
  23  alpha_phi   -6.07384e-01   2.07115e-01   3.78699e-03   1.09228e+01
  24  beta_phi     3.38537e-01   1.14707e-01  -2.09930e-03   2.69271e+00
 EXTERNAL ERROR MATRIX.    NDIM=  25    NPAR=  7    ERR DEF=1
  1.771e-07 -1.280e-08 -9.764e-06  1.706e-06 -1.738e-06 -1.669e-07  3.331e-06 
 -1.280e-08  5.572e-08  1.973e-05  2.531e-07  7.926e-07  4.107e-07 -6.287e-07 
 -9.764e-06  1.973e-05  1.298e+02  2.147e+00  4.391e+00  2.359e+00 -1.302e+00 
  1.706e-06  2.531e-07  2.147e+00  3.562e-02  7.263e-02  3.903e-02 -2.153e-02 
 -1.738e-06  7.926e-07  4.391e+00  7.263e-02  1.487e-01  7.981e-02 -4.410e-02 
 -1.669e-07  4.107e-07  2.359e+00  3.903e-02  7.981e-02  4.290e-02 -2.368e-02 
  3.331e-06 -6.287e-07 -1.302e+00 -2.153e-02 -4.410e-02 -2.368e-02  1.316e-02 
ERR MATRIX APPROXIMATE
 PARAMETER  CORRELATION COEFFICIENTS  
       NO.  GLOBAL     10     11     20     21     22     23     24
       10  0.87771   1.000 -0.129 -0.002  0.021 -0.011 -0.002  0.069
       11  0.20293  -0.129  1.000  0.007  0.006  0.009  0.008 -0.023
       20  0.99998  -0.002  0.007  1.000  0.998  1.000  1.000 -0.997
       21  0.99925   0.021  0.006  0.998  1.000  0.998  0.999 -0.995
       22  0.99991  -0.011  0.009  1.000  0.998  1.000  0.999 -0.997
       23  0.99995  -0.002  0.008  1.000  0.999  0.999  1.000 -0.997
       24  0.99930   0.069 -0.023 -0.997 -0.995 -0.997 -0.997  1.000
 ERR MATRIX APPROXIMATE
MINUIT - FIT ONLY 2-y
 **********
 **   67 **RES 
 **********
                   PARAMETER   16  beta_vw RESTORED TO VARIABLE.
                   PARAMETER   14  alpha_vw RESTORED TO VARIABLE.
                   PARAMETER   13  beta_y RESTORED TO VARIABLE.
                   PARAMETER    9  alpha_2CBO RESTORED TO VARIABLE.
                   PARAMETER    8  beta_CBO RESTORED TO VARIABLE.
                   PARAMETER    6  alpha_CBO RESTORED TO VARIABLE.
                   PARAMETER    4  phi RESTORED TO VARIABLE.
                   PARAMETER    3  A0 RESTORED TO VARIABLE.
                   PARAMETER    1  N0 RESTORED TO VARIABLE.
 **********
 **   68 **FIX            0
 **********
 PARAMETER    0  IS UNDEFINED. IGNORED.
 **********
 **   69 **FIX            1
 **********
 **********
 **   70 **FIX            2
 **********
 PARAMETER    2  IS CONSTANT.   IGNORED.
 **********
 **   71 **FIX            3
 **********
 **********
 **   72 **FIX            4
 **********
 **********
 **   73 **FIX            5
 **********
 PARAMETER    5  IS CONSTANT.   IGNORED.
 **********
 **   74 **FIX            6
 **********
 **********
 **   75 **FIX            7
 **********
 PARAMETER    7  IS CONSTANT.   IGNORED.
 **********
 **   76 **FIX            8
 **********
 **********
 **   77 **FIX            9
 **********
 **********
 **   78 **FIX           10
 **********
 **********
 **   79 **FIX           11
 **********
 **********
 **   80 **FIX           12
 **********
 PARAMETER   12  IS CONSTANT.   IGNORED.
 **********
 **   81 **FIX           16
 **********
 **********
 **   82 **MIGRAD
 **********
 START MIGRAD MINIMIZATION.  STRATEGY  1.  CONVERGENCE WHEN EDM .LT. 1.00e-04
 FCN=10.7665 FROM MIGRAD    STATUS=INITIATE       16 CALLS        5196 TOTAL
                     EDM= unknown      STRATEGY= 1      NO ERROR MATRIX       
  EXT PARAMETER               CURRENT GUESS       STEP         FIRST   
  NO.   NAME      VALUE            ERROR          SIZE      DERIVATIVE 
   1  N0           3.28798e+06     fixed    
   2  tau          6.43680e+01   constant   
   3  A0           3.39748e-01     fixed    
   4  phi          4.20730e+00     fixed    
   5  R           -6.08433e+01   constant   
   6  alpha_CBO    3.71842e-05     fixed    
   7  w_CBO        2.32500e+00   constant   
   8  beta_CBO     2.39696e-02     fixed    
   9  alpha_2CBO   3.33741e-03     fixed    
  10  beta_2CBO    5.15413e-04     fixed    
  11  alpha_y      7.33896e-04     fixed    
  12  w_y          1.44500e+01   constant   
  13  beta_y       1.03692e-03   2.49464e-04   2.49464e-04   1.70387e+03
  14  alpha_vw     0.00000e+00   1.00000e-03   1.00000e-03  -4.48187e+03
  15  w_vw         1.29000e+01   constant   
  16  beta_vw      0.00000e+00     fixed    
