 + ++++++++++++++++++++++++++++++++++++++++++++++++++++++++++++++++++++ +
 +                                                                      +
 +           You have chose to blind your fitting according to          +
 +                omega_ref * (1 + (R +/- deltaR) *10^{-6})             +
 +                                                                      +
 + ++++++++++++++++++++++++++++++++++++++++++++++++++++++++++++++++++++ +
In main()...
reading format from /gm2data/zkhechad/run45/envelope/formats/formatB_sBin_constraintOn.txt
pBinTau 	= 0  
pBinPhi 	= 0  
constraintau 	= 1 
includeMopTerm 	= 0    
constrainMop    = 0   
Parameters after format file: pBinTau 0 pBinPhi 0 constraintau 1 includeMopTerm 0 constrainMop 0 c_e_scale 0.000000 
Opening file /gm2data/tbarrett/gm2fr/studies/run23_bunch_corrections/CorrectedFourier_Run3b.root.
reading full fit data from /gm2data/zkhechad/cboTemplates/Run4CBOTemplates/fullFits/noRF/sBin_constraintOn_cE0.0_seed0_noRF_calo22.root
windowBins = 69
fitting sliding window 420 from bin 556 at 82.806000 to bin 625 at 93.250000 (69 bins)

Reading data from /gm2data/cornell/histograms/aMethod/histogram_a_noRF.root
 **********
 **    1 **SET PRINTOUT            1
 **********
 **********
 **    2 **SET NOWARNINGS 
 **********
 PARAMETER DEFINITIONS:
    NO.   NAME         VALUE      STEP SIZE      LIMITS
     1 N0           3.01041e+06  1.00000e+02     no limits
     2 tau          6.44059e+01  constant
     3 A0           3.51736e-01  1.00000e-04     no limits
     4 phi          4.11589e+00  1.00000e-02     no limits
     5 R           -6.13499e+01  constant
     6 alpha_CBO    0.00000e+00  1.00000e-03     no limits
     7 w_CBO        2.32500e+00  constant
     8 beta_CBO     0.00000e+00  1.00000e-03     no limits
     9 alpha_2CBO   0.00000e+00  1.00000e-03     no limits
    10 beta_2CBO    0.00000e+00  1.00000e-03     no limits
    11 alpha_y      0.00000e+00  1.00000e-03     no limits
    12 w_y          1.38860e+01  constant
    13 beta_y       0.00000e+00  1.00000e-03     no limits
    14 alpha_vw     0.00000e+00  1.00000e-03     no limits
    15 w_vw         1.43404e+01  constant
    16 beta_vw      0.00000e+00  1.00000e-03     no limits
    17 LM           1.16863e-04  constant
    18 zeta_y       0.00000e+00  constant
    19 zeta_vw      0.00000e+00  constant
    20 T_CBO        1.00000e+02  1.00000e+00    0.00000e+00  1.00000e+03
    21 alpha_A0     0.00000e+00  1.00000e-04   -1.00000e-02  1.00000e-02
    22 beta_A0      0.00000e+00  1.00000e-04   -1.00000e-02  1.00000e-02
    23 alpha_phi    0.00000e+00  1.00000e-04   -1.00000e-02  1.00000e-02
    24 beta_phi     0.00000e+00  1.00000e-04   -1.00000e-02  1.00000e-02
MINUIT - FIT ONLY WIGGLE
 **********
 **    3 **FIX            5
 **********
 PARAMETER    5  IS CONSTANT.   IGNORED.
 **********
 **    4 **FIX            6
 **********
 **********
 **    5 **FIX            7
 **********
 PARAMETER    7  IS CONSTANT.   IGNORED.
 **********
 **    6 **FIX            8
 **********
 **********
 **    7 **FIX            9
 **********
 **********
 **    8 **FIX           10
 **********
 **********
 **    9 **FIX           11
 **********
 **********
 **   10 **FIX           12
 **********
 PARAMETER   12  IS CONSTANT.   IGNORED.
 **********
 **   11 **FIX           13
 **********
 **********
 **   12 **FIX           14
 **********
 **********
 **   13 **FIX           15
 **********
 PARAMETER   15  IS CONSTANT.   IGNORED.
 **********
 **   14 **FIX           16
 **********
 **********
 **   15 **MIGRAD
 **********
 FIRST CALL TO USER FUNCTION AT NEW START POINT, WITH IFLAG=4.
 START MIGRAD MINIMIZATION.  STRATEGY  1.  CONVERGENCE WHEN EDM .LT. 1.00e-04
 FCN=2441.6 FROM MIGRAD    STATUS=INITIATE      435 CALLS         436 TOTAL
                     EDM= unknown      STRATEGY= 1      NO ERROR MATRIX       
  EXT PARAMETER               CURRENT GUESS       STEP         FIRST   
  NO.   NAME      VALUE            ERROR          SIZE      DERIVATIVE 
   1  N0           3.01041e+06   1.00000e+02   0.00000e+00   7.24703e-03
   2  tau          6.44059e+01   constant   
   3  A0           3.51736e-01   1.00000e-04   0.00000e+00  -1.21296e+05
   4  phi          4.11589e+00   1.00000e-02   0.00000e+00   3.80981e+04
   5  R           -6.13499e+01   constant   
   6  alpha_CBO    0.00000e+00     fixed    
   7  w_CBO        2.32500e+00   constant   
   8  beta_CBO     0.00000e+00     fixed    
   9  alpha_2CBO   0.00000e+00     fixed    
  10  beta_2CBO    0.00000e+00     fixed    
  11  alpha_y      0.00000e+00     fixed    
  12  w_y          1.38860e+01   constant   
  13  beta_y       0.00000e+00     fixed    
  14  alpha_vw     0.00000e+00     fixed    
  15  w_vw         1.43404e+01   constant   
  16  beta_vw      0.00000e+00     fixed    
  17  LM           1.16863e-04   constant   
  18  zeta_y       0.00000e+00   constant   
  19  zeta_vw      0.00000e+00   constant   
  20  T_CBO        1.00000e+02   1.00000e+00   0.00000e+00   0.00000e+00
  21  alpha_A0     0.00000e+00   1.00000e-04   0.00000e+00   2.32478e+01
  22  beta_A0      0.00000e+00   1.00000e-04   0.00000e+00   5.45242e+01
  23  alpha_phi    0.00000e+00   1.00000e-04   0.00000e+00  -3.23920e+01
  24  beta_phi     0.00000e+00   1.00000e-04   0.00000e+00   8.52458e+01
 MIGRAD MINIMIZATION HAS CONVERGED.
 FCN=2339.8 FROM MIGRAD    STATUS=CONVERGED     869 CALLS         870 TOTAL
                     EDM=3.9263e-07    STRATEGY= 1  ERROR MATRIX UNCERTAINTY   0.1 per cent
  EXT PARAMETER                                   STEP         FIRST   
  NO.   NAME      VALUE            ERROR          SIZE      DERIVATIVE 
   1  N0           3.01039e+06   2.50510e+02   1.20301e-01  -8.11288e-08
   2  tau          6.44059e+01   constant   
   3  A0           3.52347e-01   9.99031e-05  -1.25786e-07  -3.58670e+00
   4  phi          4.11398e+00   3.23665e-04   1.92318e-07   1.40214e+00
   5  R           -6.13499e+01   constant   
   6  alpha_CBO    0.00000e+00     fixed    
   7  w_CBO        2.32500e+00   constant   
   8  beta_CBO     0.00000e+00     fixed    
   9  alpha_2CBO   0.00000e+00     fixed    
  10  beta_2CBO    0.00000e+00     fixed    
  11  alpha_y      0.00000e+00     fixed    
  12  w_y          1.38860e+01   constant   
  13  beta_y       0.00000e+00     fixed    
  14  alpha_vw     0.00000e+00     fixed    
  15  w_vw         1.43404e+01   constant   
  16  beta_vw      0.00000e+00     fixed    
  17  LM           1.16863e-04   constant   
  18  zeta_y       0.00000e+00   constant   
  19  zeta_vw      0.00000e+00   constant   
  20  T_CBO        9.99999e+02   6.11403e+02   1.29262e-02  -1.43498e-04
  21  alpha_A0    -2.94394e-04   5.64293e-04   5.40471e-05   2.07441e-03
  22  beta_A0     -1.26421e-03   5.00456e-04  -3.86305e-05   1.31953e-02
  23  alpha_phi    6.15135e-04   4.52760e-04  -9.13864e-05  -8.36591e-04
  24  beta_phi    -1.85032e-03   4.93500e-04  -1.15385e-04  -9.74151e-03
 EXTERNAL ERROR MATRIX.    NDIM=  25    NPAR=  8    ERR DEF=1
  6.276e+04  3.466e-03 -5.869e-03  1.743e+01 -8.511e-03  2.471e-02  1.561e-02  6.401e-03 
  3.466e-03  9.981e-09 -7.586e-10 -8.206e-06 -1.647e-09  1.967e-09 -2.182e-09 -1.148e-10 
 -5.869e-03 -7.586e-10  1.048e-07  2.708e-05 -3.405e-08 -1.445e-08 -5.101e-09 -3.790e-10 
  1.743e+01 -8.206e-06  2.708e-05  2.377e+01 -1.738e-04  1.019e-04 -1.530e-04  3.141e-04 
 -8.511e-03 -1.647e-09 -3.405e-08 -1.738e-04  3.188e-07  1.268e-08  2.245e-08 -3.677e-08 
  2.471e-02  1.967e-09 -1.445e-08  1.019e-04  1.268e-08  2.507e-07 -8.399e-09  1.012e-09 
  1.561e-02 -2.182e-09 -5.101e-09 -1.530e-04  2.245e-08 -8.399e-09  2.051e-07 -1.822e-08 
  6.401e-03 -1.148e-10 -3.790e-10  3.141e-04 -3.677e-08  1.012e-09 -1.822e-08  2.437e-07 
 PARAMETER  CORRELATION COEFFICIENTS  
       NO.  GLOBAL      1      3      4     20     21     22     23     24
        1  0.30276   1.000  0.139 -0.072  0.014 -0.060  0.197  0.138  0.052
        3  0.15886   0.139  1.000 -0.023 -0.017 -0.029  0.039 -0.048 -0.002
        4  0.21719  -0.072 -0.023  1.000  0.017 -0.186 -0.089 -0.035 -0.002
       20  0.15692   0.014 -0.017  0.017  1.000 -0.063  0.042 -0.069  0.130
       21  0.26001  -0.060 -0.029 -0.186 -0.063  1.000  0.045  0.088 -0.132
       22  0.23024   0.197  0.039 -0.089  0.042  0.045  1.000 -0.037  0.004
       23  0.21603   0.138 -0.048 -0.035 -0.069  0.088 -0.037  1.000 -0.081
       24  0.19992   0.052 -0.002 -0.002  0.130 -0.132  0.004 -0.081  1.000
MINUIT - FIT ONLY 1-CBO + wiggle
 **********
 **   16 **RES 
 **********
                   PARAMETER   16  beta_vw RESTORED TO VARIABLE.
                   PARAMETER   14  alpha_vw RESTORED TO VARIABLE.
                   PARAMETER   13  beta_y RESTORED TO VARIABLE.
                   PARAMETER   11  alpha_y RESTORED TO VARIABLE.
                   PARAMETER   10  beta_2CBO RESTORED TO VARIABLE.
                   PARAMETER    9  alpha_2CBO RESTORED TO VARIABLE.
                   PARAMETER    8  beta_CBO RESTORED TO VARIABLE.
                   PARAMETER    6  alpha_CBO RESTORED TO VARIABLE.
 **********
 **   17 **FIX            8
 **********
 **********
 **   18 **FIX            9
 **********
 **********
 **   19 **FIX           11
 **********
 **********
 **   20 **FIX           12
 **********
 PARAMETER   12  IS CONSTANT.   IGNORED.
 **********
 **   21 **FIX           14
 **********
 **********
 **   22 **FIX           15
 **********
 PARAMETER   15  IS CONSTANT.   IGNORED.
 **********
 **   23 **FIX           16
 **********
 **********
 **   24 **MIGRAD
 **********
 START MIGRAD MINIMIZATION.  STRATEGY  1.  CONVERGENCE WHEN EDM .LT. 1.00e-04
 FCN=2339.8 FROM MIGRAD    STATUS=INITIATE       28 CALLS         898 TOTAL
                     EDM= unknown      STRATEGY= 1      NO ERROR MATRIX       
  EXT PARAMETER               CURRENT GUESS       STEP         FIRST   
  NO.   NAME      VALUE            ERROR          SIZE      DERIVATIVE 
   1  N0           3.01039e+06   2.50510e+02   1.20301e-01  -8.11275e-08
   2  tau          6.44059e+01   constant   
   3  A0           3.52347e-01   9.99031e-05  -1.25786e-07  -3.58670e+00
   4  phi          4.11398e+00   3.23665e-04   1.92318e-07   1.40213e+00
   5  R           -6.13499e+01   constant   
   6  alpha_CBO    0.00000e+00   1.00000e-03   1.00000e-03   7.54813e+05
   7  w_CBO        2.32500e+00   constant   
   8  beta_CBO     0.00000e+00     fixed    
   9  alpha_2CBO   0.00000e+00     fixed    
  10  beta_2CBO    0.00000e+00   1.00000e-03   1.00000e-03  -5.53762e+04
  11  alpha_y      0.00000e+00     fixed    
  12  w_y          1.38860e+01   constant   
  13  beta_y       0.00000e+00   1.00000e-03   1.00000e-03  -1.83901e+04
  14  alpha_vw     0.00000e+00     fixed    
  15  w_vw         1.43404e+01   constant   
  16  beta_vw      0.00000e+00     fixed    
  17  LM           1.16863e-04   constant   
  18  zeta_y       0.00000e+00   constant   
  19  zeta_vw      0.00000e+00   constant   
  20  T_CBO        9.99999e+02   6.11403e+02   1.29262e-02  -1.43519e-04
  21  alpha_A0    -2.94394e-04   5.64293e-04   5.40471e-05   2.07455e-03
  22  beta_A0     -1.26421e-03   5.00456e-04  -3.86305e-05   1.31955e-02
  23  alpha_phi    6.15135e-04   4.52760e-04  -9.13864e-05  -8.36599e-04
  24  beta_phi    -1.85032e-03   4.93500e-04  -1.15385e-04  -9.74149e-03
 MIGRAD MINIMIZATION HAS CONVERGED.
 FCN=101.469 FROM MIGRAD    STATUS=CONVERGED     170 CALLS        1040 TOTAL
                     EDM=5.35143e-06    STRATEGY= 1  ERROR MATRIX UNCERTAINTY   2.6 per cent
  EXT PARAMETER                                   STEP         FIRST   
  NO.   NAME      VALUE            ERROR          SIZE      DERIVATIVE 
   1  N0           3.01017e+06   2.62673e+02  -3.49469e-01   6.15483e-06
   2  tau          6.44059e+01   constant   
   3  A0           3.51557e-01   1.03393e-04  -2.74476e-07   1.42303e+01
   4  phi          4.11528e+00   3.23609e-04   1.07660e-06   9.88716e+00
   5  R           -6.13499e+01   constant   
   6  alpha_CBO   -5.89649e-03   1.25006e-04   5.18834e-08   7.47335e-01
   7  w_CBO        2.32500e+00   constant   
   8  beta_CBO     0.00000e+00     fixed    
   9  alpha_2CBO   0.00000e+00     fixed    
  10  beta_2CBO    4.51080e-04   1.15298e-04  -2.27486e-07  -1.14964e+01
  11  alpha_y      0.00000e+00     fixed    
  12  w_y          1.38860e+01   constant   
  13  beta_y       5.75319e-05   1.18497e-04  -1.67767e-07   6.16316e+00
  14  alpha_vw     0.00000e+00     fixed    
  15  w_vw         1.43404e+01   constant   
  16  beta_vw      0.00000e+00     fixed    
  17  LM           1.16863e-04   constant   
  18  zeta_y       0.00000e+00   constant   
  19  zeta_vw      0.00000e+00   constant   
  20  T_CBO        9.99999e+02   6.60115e+02  -3.46726e-04   3.37955e-05
  21  alpha_A0    -8.86443e-04   5.22838e-04   4.14514e-04   1.26968e-02
  22  beta_A0     -9.47069e-04   4.85622e-04  -1.10048e-04   1.68682e-03
  23  alpha_phi   -3.58486e-03   4.49116e-04   3.94107e-04  -1.69108e-02
  24  beta_phi    -1.29425e-03   4.50037e-04   2.56837e-04  -1.78424e-02
 EXTERNAL ERROR MATRIX.    NDIM=  25    NPAR= 11    ERR DEF=1
  6.900e+04 
  5.183e-03  1.069e-08 
 -6.839e-03 -1.301e-09  1.047e-07 
  8.050e-04  2.052e-09 -3.513e-09  1.563e-08 
  1.926e-03  1.540e-10  3.721e-10 -1.355e-10  1.329e-08 
  1.915e-05  1.474e-10  2.723e-10  1.642e-10 -1.478e-10  1.404e-08 
  7.577e-01  5.796e-07 -1.240e-06 -1.243e-07  1.142e-07  2.851e-07  1.452e+01 
 -4.592e-04  1.413e-09 -1.302e-08  2.325e-09  6.829e-09 -9.128e-11 -6.567e-06  2.736e-07 
  2.788e-02  2.119e-09 -9.401e-09 -9.470e-10 -7.788e-10  6.540e-10  2.547e-06  1.293e-08  2.360e-07 
  1.637e-02 -8.140e-10 -1.145e-08  1.137e-08  4.841e-09 -3.619e-10 -6.851e-06  2.102e-08 -5.570e-09  2.019e-07 
  5.419e-03 -5.537e-10 -8.719e-09 -1.089e-09  3.908e-09  1.698e-10 -3.710e-06 -6.264e-09  3.244e-09  1.182e-09  2.027e-07 
 PARAMETER  CORRELATION COEFFICIENTS  
       NO.  GLOBAL      1      3      4      6     10     13     20     21     22     23     24
        1  0.33416   1.000  0.191 -0.080  0.025  0.064  0.001  0.001 -0.003  0.219  0.139  0.046
        3  0.25982   0.191  1.000 -0.039  0.159  0.013  0.012  0.001  0.026  0.042 -0.018 -0.012
        4  0.16717  -0.080 -0.039  1.000 -0.087  0.010  0.007 -0.001 -0.077 -0.060 -0.079 -0.060
        6  0.27327   0.025  0.159 -0.087  1.000 -0.009  0.011 -0.000  0.036 -0.016  0.203 -0.019
       10  0.17644   0.064  0.013  0.010 -0.009  1.000 -0.011  0.000  0.113 -0.014  0.093  0.075
       13  0.02502   0.001  0.012  0.007  0.011 -0.011  1.000  0.001 -0.001  0.011 -0.007  0.003
       20  0.00620   0.001  0.001 -0.001 -0.000  0.000  0.001  1.000 -0.003  0.001 -0.004 -0.002
       21  0.17522  -0.003  0.026 -0.077  0.036  0.113 -0.001 -0.003  1.000  0.051  0.089 -0.027
       22  0.23903   0.219  0.042 -0.060 -0.016 -0.014  0.011  0.001  0.051  1.000 -0.026  0.015
       23  0.28918   0.139 -0.018 -0.079  0.203  0.093 -0.007 -0.004  0.089 -0.026  1.000  0.006
       24  0.11485   0.046 -0.012 -0.060 -0.019  0.075  0.003 -0.002 -0.027  0.015  0.006  1.000
MINUIT - FIT ONLY 2-CBO
 **********
 **   25 **RES 
 **********
                   PARAMETER   16  beta_vw RESTORED TO VARIABLE.
                   PARAMETER   14  alpha_vw RESTORED TO VARIABLE.
                   PARAMETER   11  alpha_y RESTORED TO VARIABLE.
                   PARAMETER    9  alpha_2CBO RESTORED TO VARIABLE.
                   PARAMETER    8  beta_CBO RESTORED TO VARIABLE.
 **********
 **   26 **FIX            0
 **********
 PARAMETER    0  IS UNDEFINED. IGNORED.
 **********
 **   27 **FIX            1
 **********
 **********
 **   28 **FIX            2
 **********
 PARAMETER    2  IS CONSTANT.   IGNORED.
 **********
 **   29 **FIX            3
 **********
 **********
 **   30 **FIX            4
 **********
 **********
 **   31 **FIX            5
 **********
 PARAMETER    5  IS CONSTANT.   IGNORED.
 **********
 **   32 **FIX            6
 **********
 **********
 **   33 **FIX            7
 **********
 PARAMETER    7  IS CONSTANT.   IGNORED.
 **********
 **   34 **FIX           10
 **********
 **********
 **   35 **FIX           11
 **********
 **********
 **   36 **FIX           12
 **********
 PARAMETER   12  IS CONSTANT.   IGNORED.
 **********
 **   37 **FIX           13
 **********
 **********
 **   38 **FIX           14
 **********
 **********
 **   39 **FIX           15
 **********
 PARAMETER   15  IS CONSTANT.   IGNORED.
 **********
 **   40 **FIX           16
 **********
 **********
 **   41 **MIGRAD
 **********
 START MIGRAD MINIMIZATION.  STRATEGY  1.  CONVERGENCE WHEN EDM .LT. 1.00e-04
 FCN=101.469 FROM MIGRAD    STATUS=INITIATE       18 CALLS        1058 TOTAL
                     EDM= unknown      STRATEGY= 1      NO ERROR MATRIX       
  EXT PARAMETER               CURRENT GUESS       STEP         FIRST   
  NO.   NAME      VALUE            ERROR          SIZE      DERIVATIVE 
   1  N0           3.01017e+06     fixed    
   2  tau          6.44059e+01   constant   
   3  A0           3.51557e-01     fixed    
   4  phi          4.11528e+00     fixed    
   5  R           -6.13499e+01   constant   
   6  alpha_CBO   -5.89649e-03     fixed    
   7  w_CBO        2.32500e+00   constant   
   8  beta_CBO     0.00000e+00   1.00000e-03   1.00000e-03  -7.10532e+04
   9  alpha_2CBO   0.00000e+00   1.00000e-03   1.00000e-03   2.30676e+04
  10  beta_2CBO    4.51080e-04     fixed    
  11  alpha_y      0.00000e+00     fixed    
  12  w_y          1.38860e+01   constant   
  13  beta_y       5.75319e-05     fixed    
  14  alpha_vw     0.00000e+00     fixed    
  15  w_vw         1.43404e+01   constant   
  16  beta_vw      0.00000e+00     fixed    
  17  LM           1.16863e-04   constant   
  18  zeta_y       0.00000e+00   constant   
  19  zeta_vw      0.00000e+00   constant   
  20  T_CBO        9.99999e+02   6.60115e+02  -3.46726e-04  -3.34602e-05
  21  alpha_A0    -8.86443e-04   5.22838e-04   4.14514e-04   1.26969e-02
  22  beta_A0     -9.47069e-04   4.85622e-04  -1.10048e-04   1.68700e-03
  23  alpha_phi   -3.58486e-03   4.49116e-04   3.94107e-04  -1.69108e-02
  24  beta_phi    -1.29425e-03   4.50037e-04   2.56837e-04  -1.78424e-02
 MIGRAD MINIMIZATION HAS CONVERGED.
 MIGRAD WILL VERIFY CONVERGENCE AND ERROR MATRIX.
 COVARIANCE MATRIX CALCULATED SUCCESSFULLY
 FCN=80.8575 FROM MIGRAD    STATUS=CONVERGED     129 CALLS        1169 TOTAL
                     EDM=1.31908e-06    STRATEGY= 1      ERROR MATRIX ACCURATE 
  EXT PARAMETER                                   STEP         FIRST   
  NO.   NAME      VALUE            ERROR          SIZE      DERIVATIVE 
   1  N0           3.01017e+06     fixed    
   2  tau          6.44059e+01   constant   
   3  A0           3.51557e-01     fixed    
   4  phi          4.11528e+00     fixed    
   5  R           -6.13499e+01   constant   
   6  alpha_CBO   -5.89649e-03     fixed    
   7  w_CBO        2.32500e+00   constant   
   8  beta_CBO     5.20791e-04   1.20629e-04   5.15867e-07  -4.41661e+00
   9  alpha_2CBO  -1.82873e-04   1.21727e-04   5.24584e-07  -1.19433e+01
  10  beta_2CBO    4.51080e-04     fixed    
  11  alpha_y      0.00000e+00     fixed    
  12  w_y          1.38860e+01   constant   
  13  beta_y       5.75319e-05     fixed    
  14  alpha_vw     0.00000e+00     fixed    
  15  w_vw         1.43404e+01   constant   
  16  beta_vw      0.00000e+00     fixed    
  17  LM           1.16863e-04   constant   
  18  zeta_y       0.00000e+00   constant   
  19  zeta_vw      0.00000e+00   constant   
  20  T_CBO        1.00000e+03   9.82711e+02   3.86714e-02** at limit **
  21  alpha_A0    -9.21555e-04   5.41137e-04   2.38361e-04   1.41103e-03
  22  beta_A0     -8.75971e-04   4.86566e-04   2.11684e-04  -5.15524e-03
  23  alpha_phi   -3.71168e-03   4.43930e-04   2.08509e-04  -8.14429e-03
  24  beta_phi    -7.77098e-04   4.69133e-04   2.00944e-04  -3.24091e-03
 EXTERNAL ERROR MATRIX.    NDIM=  25    NPAR=  7    ERR DEF=1
  1.455e-08 -3.356e-10 -2.178e-09 -2.289e-09 -1.306e-09 -1.257e-09  1.407e-08 
 -3.356e-10  1.482e-08 -2.290e-09 -4.011e-09 -1.023e-08  7.129e-09 -1.508e-09 
 -2.178e-09 -2.290e-09  1.036e-01 -2.210e-06 -2.118e-06 -9.150e-06 -1.949e-06 
 -2.289e-09 -4.011e-09 -2.210e-06  2.931e-07  2.173e-08  7.869e-09 -1.605e-08 
 -1.306e-09 -1.023e-08 -2.118e-06  2.173e-08  2.369e-07 -1.388e-08 -5.914e-09 
 -1.257e-09  7.129e-09 -9.150e-06  7.869e-09 -1.388e-08  1.972e-07 -6.056e-09 
  1.407e-08 -1.508e-09 -1.949e-06 -1.605e-08 -5.914e-09 -6.056e-09  2.202e-07 
 PARAMETER  CORRELATION COEFFICIENTS  
       NO.  GLOBAL      8      9     20     21     22     23     24
        8  0.25087   1.000 -0.023 -0.000 -0.035 -0.022 -0.023  0.248
        9  0.21998  -0.023  1.000 -0.000 -0.061 -0.173  0.132 -0.026
       20  0.06906  -0.000 -0.000  1.000 -0.013 -0.014 -0.064 -0.013
       21  0.12336  -0.035 -0.061 -0.013  1.000  0.082  0.033 -0.063
       22  0.19578  -0.022 -0.173 -0.014  0.082  1.000 -0.064 -0.026
       23  0.16137  -0.023  0.132 -0.064  0.033 -0.064  1.000 -0.029
       24  0.25750   0.248 -0.026 -0.013 -0.063 -0.026 -0.029  1.000
MINUIT - FIT wiggle + 1-CBO + 2-CBO
 **********
 **   42 **RES 
 **********
                   PARAMETER   16  beta_vw RESTORED TO VARIABLE.
                   PARAMETER   14  alpha_vw RESTORED TO VARIABLE.
                   PARAMETER   13  beta_y RESTORED TO VARIABLE.
                   PARAMETER   11  alpha_y RESTORED TO VARIABLE.
                   PARAMETER   10  beta_2CBO RESTORED TO VARIABLE.
                   PARAMETER    6  alpha_CBO RESTORED TO VARIABLE.
                   PARAMETER    4  phi RESTORED TO VARIABLE.
                   PARAMETER    3  A0 RESTORED TO VARIABLE.
                   PARAMETER    1  N0 RESTORED TO VARIABLE.
 **********
 **   43 **FIX           10
 **********
 **********
 **   44 **FIX           11
 **********
 **********
 **   45 **FIX           12
 **********
 PARAMETER   12  IS CONSTANT.   IGNORED.
 **********
 **   46 **FIX           13
 **********
 **********
 **   47 **FIX           14
 **********
 **********
 **   48 **FIX           15
 **********
 PARAMETER   15  IS CONSTANT.   IGNORED.
 **********
 **   49 **FIX           16
 **********
 **********
 **   50 **MIGRAD
 **********
 START MIGRAD MINIMIZATION.  STRATEGY  1.  CONVERGENCE WHEN EDM .LT. 1.00e-04
 FCN=80.8575 FROM MIGRAD    STATUS=INITIATE       22 CALLS        1191 TOTAL
                     EDM= unknown      STRATEGY= 1      NO ERROR MATRIX       
  EXT PARAMETER               CURRENT GUESS       STEP         FIRST   
  NO.   NAME      VALUE            ERROR          SIZE      DERIVATIVE 
   1  N0           3.01017e+06   2.62673e+02   2.62673e+02   1.57641e-04
   2  tau          6.44059e+01   constant   
   3  A0           3.51557e-01   1.03393e-04   1.03393e-04  -5.85618e+03
   4  phi          4.11528e+00   3.23609e-04   3.23609e-04  -5.90860e+03
   5  R           -6.13499e+01   constant   
   6  alpha_CBO   -5.89649e-03   1.25006e-04   1.25006e-04  -1.14757e+03
   7  w_CBO        2.32500e+00   constant   
   8  beta_CBO     5.20791e-04   1.20629e-04   5.15867e-07  -4.41692e+00
   9  alpha_2CBO  -1.82873e-04   1.21727e-04   5.24584e-07  -1.19442e+01
  10  beta_2CBO    4.51080e-04     fixed    
  11  alpha_y      0.00000e+00     fixed    
  12  w_y          1.38860e+01   constant   
  13  beta_y       5.75319e-05     fixed    
  14  alpha_vw     0.00000e+00     fixed    
  15  w_vw         1.43404e+01   constant   
  16  beta_vw      0.00000e+00     fixed    
  17  LM           1.16863e-04   constant   
  18  zeta_y       0.00000e+00   constant   
  19  zeta_vw      0.00000e+00   constant   
  20  T_CBO        9.99999e+02   9.82711e+02   3.86714e-02  -4.81860e-05
  21  alpha_A0    -9.21555e-04   5.41137e-04   2.38361e-04   1.41626e-03
  22  beta_A0     -8.75971e-04   4.86566e-04   2.11684e-04  -5.14680e-03
  23  alpha_phi   -3.71168e-03   4.43930e-04   2.08509e-04  -8.10678e-03
  24  beta_phi    -7.77098e-04   4.69133e-04   2.00944e-04  -3.23184e-03
 MIGRAD MINIMIZATION HAS CONVERGED.
 MIGRAD WILL VERIFY CONVERGENCE AND ERROR MATRIX.
 COVARIANCE MATRIX CALCULATED SUCCESSFULLY
 FCN=79.715 FROM MIGRAD    STATUS=CONVERGED     217 CALLS        1386 TOTAL
                     EDM=6.34648e-06    STRATEGY= 1      ERROR MATRIX ACCURATE 
  EXT PARAMETER                                   STEP         FIRST   
  NO.   NAME      VALUE            ERROR          SIZE      DERIVATIVE 
   1  N0           3.01019e+06   2.69372e+02   1.43537e+00   1.06947e-05
   2  tau          6.44059e+01   constant   
   3  A0           3.51592e-01   1.05959e-04   4.45238e-07  -2.86264e+00
   4  phi          4.11563e+00   3.45170e-04   1.96249e-06   2.04809e-01
   5  R           -6.13499e+01   constant   
   6  alpha_CBO   -5.89236e-03   1.25021e-04   5.27444e-07   8.89769e+00
   7  w_CBO        2.32500e+00   constant   
   8  beta_CBO     5.54209e-04   1.24647e-04   5.12254e-07  -1.14495e+01
   9  alpha_2CBO  -1.78842e-04   1.21993e-04   5.20910e-07   5.30727e+00
  10  beta_2CBO    4.51080e-04     fixed    
  11  alpha_y      0.00000e+00     fixed    
  12  w_y          1.38860e+01   constant   
  13  beta_y       5.75319e-05     fixed    
  14  alpha_vw     0.00000e+00     fixed    
  15  w_vw         1.43404e+01   constant   
  16  beta_vw      0.00000e+00     fixed    
  17  LM           1.16863e-04   constant   
  18  zeta_y       0.00000e+00   constant   
  19  zeta_vw      0.00000e+00   constant   
  20  T_CBO        1.00000e+03   5.85808e+02   5.50265e-02** at limit **
  21  alpha_A0    -1.03899e-03   5.54215e-04   2.36966e-04  -3.47650e-03
  22  beta_A0     -9.18776e-04   4.99210e-04   2.10278e-04  -3.61911e-02
  23  alpha_phi   -3.72784e-03   4.61726e-04   2.07177e-04  -1.26282e-02
  24  beta_phi    -7.44760e-04   4.70935e-04   1.99467e-04  -1.65912e-03
 EXTERNAL ERROR MATRIX.    NDIM=  25    NPAR= 11    ERR DEF=1
  7.256e+04 
  6.336e-03  1.123e-08 
 -1.294e-04  5.159e-10  1.191e-07 
  7.246e-04  2.099e-09 -3.720e-09  1.563e-08 
  5.982e-04  8.515e-10  1.050e-08 -2.604e-11  1.554e-08 
  7.428e-04 -4.252e-10  1.842e-09 -4.326e-10 -2.049e-10  1.488e-08 
  4.603e-02  7.096e-08  4.080e-07 -1.697e-08  3.289e-08 -4.500e-09  3.315e-01 
 -1.089e-02 -2.509e-09 -3.801e-08  2.626e-09 -5.810e-09 -4.685e-09 -9.601e-06  3.075e-07 
  2.727e-02  1.620e-09 -1.516e-08 -6.975e-10 -2.494e-09 -1.013e-08 -8.454e-06  2.261e-08  2.494e-07 
  1.785e-02 -1.380e-10 -7.160e-09  1.126e-08 -1.744e-09  7.066e-09 -3.478e-05  9.795e-09 -6.412e-09  2.134e-07 
  7.019e-03  1.834e-09  9.496e-09 -1.015e-09  1.503e-08 -1.325e-09 -6.999e-06 -2.023e-08 -4.407e-09 -5.269e-09  2.219e-07 
 PARAMETER  CORRELATION COEFFICIENTS  
       NO.  GLOBAL      1      3      4      6      8      9     20     21     22     23     24
        1  0.35135   1.000  0.222 -0.001  0.022  0.018  0.023  0.000 -0.073  0.203  0.143  0.055
        3  0.28719   0.222  1.000  0.014  0.158  0.064 -0.033  0.001 -0.043  0.031 -0.003  0.037
        4  0.32156  -0.001  0.014  1.000 -0.086  0.244  0.044  0.002 -0.199 -0.088 -0.045  0.058
        6  0.27405   0.022  0.158 -0.086  1.000 -0.002 -0.028 -0.000  0.038 -0.011  0.195 -0.017
        8  0.34982   0.018  0.064  0.244 -0.002  1.000 -0.013  0.000 -0.084 -0.040 -0.030  0.256
        9  0.22922   0.023 -0.033  0.044 -0.028 -0.013  1.000 -0.000 -0.069 -0.166  0.125 -0.023
       20  0.14592   0.000  0.001  0.002 -0.000  0.000 -0.000  1.000 -0.030 -0.029 -0.131 -0.026
       21  0.24765  -0.073 -0.043 -0.199  0.038 -0.084 -0.069 -0.030  1.000  0.082  0.038 -0.077
       22  0.29417   0.203  0.031 -0.088 -0.011 -0.040 -0.166 -0.029  0.082  1.000 -0.028 -0.019
       23  0.31605   0.143 -0.003 -0.045  0.195 -0.030  0.125 -0.131  0.038 -0.028  1.000 -0.024
       24  0.27138   0.055  0.037  0.058 -0.017  0.256 -0.023 -0.026 -0.077 -0.019 -0.024  1.000
MINUIT - FIT ONLY 1-y
 **********
 **   51 **RES 
 **********
                   PARAMETER   16  beta_vw RESTORED TO VARIABLE.
                   PARAMETER   14  alpha_vw RESTORED TO VARIABLE.
                   PARAMETER   13  beta_y RESTORED TO VARIABLE.
                   PARAMETER   11  alpha_y RESTORED TO VARIABLE.
                   PARAMETER   10  beta_2CBO RESTORED TO VARIABLE.
 **********
 **   52 **FIX            0
 **********
 PARAMETER    0  IS UNDEFINED. IGNORED.
 **********
 **   53 **FIX            1
 **********
 **********
 **   54 **FIX            2
 **********
 PARAMETER    2  IS CONSTANT.   IGNORED.
 **********
 **   55 **FIX            3
 **********
 **********
 **   56 **FIX            4
 **********
 **********
 **   57 **FIX            5
 **********
 PARAMETER    5  IS CONSTANT.   IGNORED.
 **********
 **   58 **FIX            6
 **********
 **********
 **   59 **FIX            7
 **********
 PARAMETER    7  IS CONSTANT.   IGNORED.
 **********
 **   60 **FIX            8
 **********
 **********
 **   61 **FIX            9
 **********
 **********
 **   62 **FIX           13
 **********
 **********
 **   63 **FIX           14
 **********
 **********
 **   64 **FIX           15
 **********
 PARAMETER   15  IS CONSTANT.   IGNORED.
 **********
 **   65 **FIX           16
 **********
 **********
 **   66 **MIGRAD
 **********
 START MIGRAD MINIMIZATION.  STRATEGY  1.  CONVERGENCE WHEN EDM .LT. 1.00e-04
 FCN=79.715 FROM MIGRAD    STATUS=INITIATE       16 CALLS        1402 TOTAL
                     EDM= unknown      STRATEGY= 1      NO ERROR MATRIX       
  EXT PARAMETER               CURRENT GUESS       STEP         FIRST   
  NO.   NAME      VALUE            ERROR          SIZE      DERIVATIVE 
   1  N0           3.01019e+06     fixed    
   2  tau          6.44059e+01   constant   
   3  A0           3.51592e-01     fixed    
   4  phi          4.11563e+00     fixed    
   5  R           -6.13499e+01   constant   
   6  alpha_CBO   -5.89236e-03     fixed    
   7  w_CBO        2.32500e+00   constant   
   8  beta_CBO     5.54209e-04     fixed    
   9  alpha_2CBO  -1.78842e-04     fixed    
  10  beta_2CBO    4.51080e-04   1.15298e-04   1.15298e-04   7.77604e+02
  11  alpha_y      0.00000e+00   1.00000e-03   1.00000e-03   1.04790e+04
  12  w_y          1.38860e+01   constant   
  13  beta_y       5.75319e-05     fixed    
  14  alpha_vw     0.00000e+00     fixed    
  15  w_vw         1.43404e+01   constant   
  16  beta_vw      0.00000e+00     fixed    
  17  LM           1.16863e-04   constant   
  18  zeta_y       0.00000e+00   constant   
  19  zeta_vw      0.00000e+00   constant   
  20  T_CBO        9.99999e+02   5.85808e+02   5.50265e-02  -2.27580e-05
  21  alpha_A0    -1.03899e-03   5.54215e-04   2.36966e-04  -3.46967e-03
  22  beta_A0     -9.18776e-04   4.99210e-04   2.10278e-04  -3.61816e-02
  23  alpha_phi   -3.72784e-03   4.61726e-04   2.07177e-04  -1.25906e-02
  24  beta_phi    -7.44760e-04   4.70935e-04   1.99467e-04  -1.65047e-03
 MIGRAD MINIMIZATION HAS CONVERGED.
 MIGRAD WILL VERIFY CONVERGENCE AND ERROR MATRIX.
 COVARIANCE MATRIX CALCULATED SUCCESSFULLY
 FCN=79.3272 FROM MIGRAD    STATUS=CONVERGED     115 CALLS        1501 TOTAL
                     EDM=1.8764e-07    STRATEGY= 1      ERROR MATRIX ACCURATE 
  EXT PARAMETER                                   STEP         FIRST   
  NO.   NAME      VALUE            ERROR          SIZE      DERIVATIVE 
   1  N0           3.01019e+06     fixed    
   2  tau          6.44059e+01   constant   
   3  A0           3.51592e-01     fixed    
   4  phi          4.11563e+00     fixed    
   5  R           -6.13499e+01   constant   
   6  alpha_CBO   -5.89236e-03     fixed    
   7  w_CBO        2.32500e+00   constant   
   8  beta_CBO     5.54209e-04     fixed    
   9  alpha_2CBO  -1.78842e-04     fixed    
  10  beta_2CBO    4.45866e-04   1.20787e-04   5.17217e-07   1.98215e+00
  11  alpha_y     -7.36182e-05   1.18564e-04   5.18665e-07   3.63942e-01
  12  w_y          1.38860e+01   constant   
  13  beta_y       5.75319e-05     fixed    
  14  alpha_vw     0.00000e+00     fixed    
  15  w_vw         1.43404e+01   constant   
  16  beta_vw      0.00000e+00     fixed    
  17  LM           1.16863e-04   constant   
  18  zeta_y       0.00000e+00   constant   
  19  zeta_vw      0.00000e+00   constant   
  20  T_CBO        1.00000e+03   5.17604e+02   5.34595e-02** at limit **
  21  alpha_A0    -1.05065e-03   5.47073e-04   2.36409e-04   1.47621e-03
  22  beta_A0     -9.15310e-04   4.79782e-04   2.09767e-04   1.58051e-03
  23  alpha_phi   -3.73173e-03   4.43260e-04   2.06706e-04  -5.39519e-03
  24  beta_phi    -7.46208e-04   4.56793e-04   1.98988e-04   1.01947e-02
 EXTERNAL ERROR MATRIX.    NDIM=  25    NPAR=  7    ERR DEF=1
  1.459e-08 -8.440e-11  1.880e-09  1.055e-08 -2.764e-09  2.852e-09  5.664e-09 
 -8.440e-11  1.406e-08  4.851e-10  1.464e-09 -3.751e-10  5.416e-10 -1.226e-10 
  1.880e-09  4.851e-10  1.399e-03 -5.790e-07 -5.094e-07 -2.110e-06 -4.272e-07 
  1.055e-08  1.464e-09 -5.790e-07  2.996e-07  1.685e-08  1.240e-08 -9.921e-09 
 -2.764e-09 -3.751e-10 -5.094e-07  1.685e-08  2.304e-07 -9.033e-09 -6.484e-09 
  2.852e-09  5.416e-10 -2.110e-06  1.240e-08 -9.033e-09  1.966e-07 -2.698e-09 
  5.664e-09 -1.226e-10 -4.272e-07 -9.921e-09 -6.484e-09 -2.698e-09  2.088e-07 
 PARAMETER  CORRELATION COEFFICIENTS  
       NO.  GLOBAL     10     11     20     21     22     23     24
       10  0.20637   1.000 -0.006  0.000  0.160 -0.048  0.053  0.103
       11  0.02765  -0.006  1.000  0.000  0.023 -0.007  0.010 -0.002
       20  0.13664   0.000  0.000  1.000 -0.028 -0.028 -0.127 -0.025
       21  0.19144   0.160  0.023 -0.028  1.000  0.064  0.051 -0.040
       22  0.10492  -0.048 -0.007 -0.028  0.064  1.000 -0.042 -0.030
       23  0.15255   0.053  0.010 -0.127  0.051 -0.042  1.000 -0.013
       24  0.12393   0.103 -0.002 -0.025 -0.040 -0.030 -0.013  1.000
MINUIT - FIT ONLY 2-y
 **********
 **   67 **RES 
 **********
                   PARAMETER   16  beta_vw RESTORED TO VARIABLE.
                   PARAMETER   14  alpha_vw RESTORED TO VARIABLE.
                   PARAMETER   13  beta_y RESTORED TO VARIABLE.
                   PARAMETER    9  alpha_2CBO RESTORED TO VARIABLE.
                   PARAMETER    8  beta_CBO RESTORED TO VARIABLE.
                   PARAMETER    6  alpha_CBO RESTORED TO VARIABLE.
                   PARAMETER    4  phi RESTORED TO VARIABLE.
                   PARAMETER    3  A0 RESTORED TO VARIABLE.
                   PARAMETER    1  N0 RESTORED TO VARIABLE.
 **********
 **   68 **FIX            0
 **********
 PARAMETER    0  IS UNDEFINED. IGNORED.
 **********
 **   69 **FIX            1
 **********
 **********
 **   70 **FIX            2
 **********
 PARAMETER    2  IS CONSTANT.   IGNORED.
 **********
 **   71 **FIX            3
 **********
 **********
 **   72 **FIX            4
 **********
 **********
 **   73 **FIX            5
 **********
 PARAMETER    5  IS CONSTANT.   IGNORED.
 **********
 **   74 **FIX            6
 **********
 **********
 **   75 **FIX            7
 **********
 PARAMETER    7  IS CONSTANT.   IGNORED.
 **********
 **   76 **FIX            8
 **********
 **********
 **   77 **FIX            9
 **********
 **********
 **   78 **FIX           10
 **********
 **********
 **   79 **FIX           11
 **********
 **********
 **   80 **FIX           12
 **********
 PARAMETER   12  IS CONSTANT.   IGNORED.
 **********
 **   81 **FIX           16
 **********
 **********
 **   82 **MIGRAD
 **********
 START MIGRAD MINIMIZATION.  STRATEGY  1.  CONVERGENCE WHEN EDM .LT. 1.00e-04
 FCN=79.3272 FROM MIGRAD    STATUS=INITIATE       16 CALLS        1517 TOTAL
                     EDM= unknown      STRATEGY= 1      NO ERROR MATRIX       
  EXT PARAMETER               CURRENT GUESS       STEP         FIRST   
  NO.   NAME      VALUE            ERROR          SIZE      DERIVATIVE 
   1  N0           3.01019e+06     fixed    
   2  tau          6.44059e+01   constant   
   3  A0           3.51592e-01     fixed    
   4  phi          4.11563e+00     fixed    
   5  R           -6.13499e+01   constant   
   6  alpha_CBO   -5.89236e-03     fixed    
   7  w_CBO        2.32500e+00   constant   
   8  beta_CBO     5.54209e-04     fixed    
   9  alpha_2CBO  -1.78842e-04     fixed    
  10  beta_2CBO    4.45866e-04     fixed    
  11  alpha_y     -7.36182e-05     fixed    
  12  w_y          1.38860e+01   constant   
  13  beta_y       5.75319e-05   1.18497e-04   1.18497e-04  -4.92934e+02
  14  alpha_vw     0.00000e+00   1.00000e-03   1.00000e-03  -1.02294e+05
  15  w_vw         1.43404e+01   constant   
  16  beta_vw      0.00000e+00     fixed    
  17  LM           1.16863e-04   constant   
  18  zeta_y       0.00000e+00   constant   
  19  zeta_vw      0.00000e+00   constant   
  20  T_CBO        9.99999e+02   5.17604e+02   5.34595e-02  -2.43083e-05
  21  alpha_A0    -1.05065e-03   5.47073e-04   2.36409e-04   1.48257e-03
  22  beta_A0     -9.15310e-04   4.79782e-04   2.09767e-04   1.59026e-03
  23  alpha_phi   -3.73173e-03   4.43260e-04   2.06706e-04  -5.35755e-03
  24  beta_phi    -7.46208e-04   4.56793e-04   1.98988e-04   1.02034e-02
 MIGRAD MINIMIZATION HAS CONVERGED.
 MIGRAD WILL VERIFY CONVERGENCE AND ERROR MATRIX.
 COVARIANCE MATRIX CALCULATED SUCCESSFULLY
 FCN=39.3919 FROM MIGRAD    STATUS=CONVERGED     113 CALLS        1614 TOTAL
                     EDM=8.07971e-06    STRATEGY= 1      ERROR MATRIX ACCURATE 
  EXT PARAMETER                                   STEP         FIRST   
  NO.   NAME      VALUE            ERROR          SIZE      DERIVATIVE 
   1  N0           3.01019e+06     fixed    
   2  tau          6.44059e+01   constant   
   3  A0           3.51592e-01     fixed    
   4  phi          4.11563e+00     fixed    
   5  R           -6.13499e+01   constant   
   6  alpha_CBO   -5.89236e-03     fixed    
   7  w_CBO        2.32500e+00   constant   
   8  beta_CBO     5.54209e-04     fixed    
   9  alpha_2CBO  -1.78842e-04     fixed    
  10  beta_2CBO    4.45866e-04     fixed    
  11  alpha_y     -7.36182e-05     fixed    
  12  w_y          1.38860e+01   constant   
  13  beta_y       2.77988e-04   1.23384e-04   3.67585e-07   8.93379e-01
  14  alpha_vw     7.79699e-04   1.23388e-04   3.67771e-07  -4.65936e+00
  15  w_vw         1.43404e+01   constant   
  16  beta_vw      0.00000e+00     fixed    
  17  LM           1.16863e-04   constant   
  18  zeta_y       0.00000e+00   constant   
  19  zeta_vw      0.00000e+00   constant   
  20  T_CBO        1.00000e+03   5.46206e+02   3.98490e-02** at limit **
  21  alpha_A0    -1.01928e-03   5.39941e-04   1.67637e-04   2.49303e-03
  22  beta_A0     -8.89185e-04   4.79276e-04   1.48753e-04   9.39617e-04
  23  alpha_phi   -3.74320e-03   4.41111e-04   1.46596e-04  -4.69782e-02
  24  beta_phi    -7.43529e-04   4.54333e-04   1.41093e-04   7.15297e-02
 EXTERNAL ERROR MATRIX.    NDIM=  25    NPAR=  7    ERR DEF=1
  1.522e-08  4.237e-09  3.016e-10  1.496e-09  1.430e-09 -4.525e-10 -3.812e-10 
  4.237e-09  1.522e-08 -1.031e-11  6.063e-10  5.157e-10 -2.060e-10  4.290e-11 
  3.016e-10 -1.031e-11  1.172e-02 -1.233e-06 -1.085e-06 -4.647e-06 -9.361e-07 
  1.496e-09  6.063e-10 -1.233e-06  2.918e-07  1.894e-08  9.838e-09 -1.413e-08 
  1.430e-09  5.157e-10 -1.085e-06  1.894e-08  2.299e-07 -8.861e-09 -5.518e-09 
 -4.525e-10 -2.060e-10 -4.647e-06  9.838e-09 -8.861e-09  1.947e-07 -4.065e-09 
 -3.812e-10  4.290e-11 -9.361e-07 -1.413e-08 -5.518e-09 -4.065e-09  2.066e-07 
 PARAMETER  CORRELATION COEFFICIENTS  
       NO.  GLOBAL     13     14     20     21     22     23     24
       13  0.27991   1.000  0.278  0.000  0.022  0.024 -0.008 -0.007
       14  0.27835   0.278  1.000 -0.000  0.009  0.009 -0.004  0.001
       20  0.10407   0.000 -0.000  1.000 -0.021 -0.021 -0.097 -0.019
       21  0.10499   0.022  0.009 -0.021  1.000  0.073  0.041 -0.058
       22  0.09448   0.024  0.009 -0.021  0.073  1.000 -0.042 -0.025
       23  0.11709  -0.008 -0.004 -0.097  0.041 -0.042  1.000 -0.020
       24  0.06828  -0.007  0.001 -0.019 -0.058 -0.025 -0.020  1.000
MINUIT - FIT ALTOGETHER
 **********
 **   83 **RES 
