 + ++++++++++++++++++++++++++++++++++++++++++++++++++++++++++++++++++++ +
 +                                                                      +
 +           You have chose to blind your fitting according to          +
 +                omega_ref * (1 + (R +/- deltaR) *10^{-6})             +
 +                                                                      +
 + ++++++++++++++++++++++++++++++++++++++++++++++++++++++++++++++++++++ +
In main()...
reading format from /gm2data/zkhechad/run45/envelope/formats/formatB_sBin_constraintOn.txt
pBinTau 	= 0  
pBinPhi 	= 0  
constraintau 	= 1 
includeMopTerm 	= 0    
constrainMop    = 0   
Parameters after format file: pBinTau 0 pBinPhi 0 constraintau 1 includeMopTerm 0 constrainMop 0 c_e_scale 0.000000 
Opening file /gm2data/tbarrett/gm2fr/studies/run23_bunch_corrections/CorrectedFourier_Run3b.root.
reading full fit data from /gm2data/zkhechad/cboTemplates/Run4CBOTemplates/templateFits0_v2.0/noRF/sBin_constraintOn_cE0.0_seed0_noRF_calo17.root
windowBins = 69
fitting sliding window 594 from bin 730 at 108.766800 to bin 799 at 119.210800 (69 bins)

Reading data from /gm2data/cornell/histograms/aMethod/histogram_a_noRF.root
 **********
 **    1 **SET PRINTOUT            1
 **********
 **********
 **    2 **SET NOWARNINGS 
 **********
 PARAMETER DEFINITIONS:
    NO.   NAME         VALUE      STEP SIZE      LIMITS
     1 N0           3.18443e+06  1.00000e+02     no limits
     2 tau          6.43838e+01  constant
     3 A0           3.45292e-01  1.00000e-04     no limits
     4 phi          4.12003e+00  1.00000e-02     no limits
     5 R           -6.09625e+01  constant
     6 alpha_CBO    0.00000e+00  1.00000e-03     no limits
     7 w_CBO        2.32500e+00  constant
     8 beta_CBO     0.00000e+00  1.00000e-03     no limits
     9 alpha_2CBO   0.00000e+00  1.00000e-03     no limits
    10 beta_2CBO    0.00000e+00  1.00000e-03     no limits
    11 alpha_y      0.00000e+00  1.00000e-03     no limits
    12 w_y          1.44500e+01  constant
    13 beta_y       0.00000e+00  1.00000e-03     no limits
    14 alpha_vw     0.00000e+00  1.00000e-03     no limits
    15 w_vw         1.29000e+01  constant
    16 beta_vw      0.00000e+00  1.00000e-03     no limits
    17 LM          -7.20700e-04  constant
    18 zeta_y       0.00000e+00  constant
    19 zeta_vw      0.00000e+00  constant
    20 T_CBO        1.00000e+02  1.00000e+00    0.00000e+00  1.00000e+03
    21 alpha_A0     0.00000e+00  1.00000e-03     no limits
    22 beta_A0      0.00000e+00  1.00000e-03     no limits
    23 alpha_phi    0.00000e+00  1.00000e-03     no limits
    24 beta_phi     0.00000e+00  1.00000e-03     no limits
MINUIT - FIT ONLY WIGGLE
 **********
 **    3 **FIX            5
 **********
 PARAMETER    5  IS CONSTANT.   IGNORED.
 **********
 **    4 **FIX            6
 **********
 **********
 **    5 **FIX            7
 **********
 PARAMETER    7  IS CONSTANT.   IGNORED.
 **********
 **    6 **FIX            8
 **********
 **********
 **    7 **FIX            9
 **********
 **********
 **    8 **FIX           10
 **********
 **********
 **    9 **FIX           11
 **********
 **********
 **   10 **FIX           12
 **********
 PARAMETER   12  IS CONSTANT.   IGNORED.
 **********
 **   11 **FIX           13
 **********
 **********
 **   12 **FIX           14
 **********
 **********
 **   13 **FIX           15
 **********
 PARAMETER   15  IS CONSTANT.   IGNORED.
 **********
 **   14 **FIX           16
 **********
 **********
 **   15 **MIGRAD
 **********
 FIRST CALL TO USER FUNCTION AT NEW START POINT, WITH IFLAG=4.
 START MIGRAD MINIMIZATION.  STRATEGY  1.  CONVERGENCE WHEN EDM .LT. 1.00e-04
 FCN=1194.99 FROM MIGRAD    STATUS=INITIATE      435 CALLS         436 TOTAL
                     EDM= unknown      STRATEGY= 1      NO ERROR MATRIX       
  EXT PARAMETER               CURRENT GUESS       STEP         FIRST   
  NO.   NAME      VALUE            ERROR          SIZE      DERIVATIVE 
   1  N0           3.18443e+06   1.00000e+02   0.00000e+00  -6.49998e-03
   2  tau          6.43838e+01   constant   
   3  A0           3.45292e-01   1.00000e-04   0.00000e+00  -4.80394e+04
   4  phi          4.12003e+00   1.00000e-02   0.00000e+00  -4.66757e+03
   5  R           -6.09625e+01   constant   
   6  alpha_CBO    0.00000e+00     fixed    
   7  w_CBO        2.32500e+00   constant   
   8  beta_CBO     0.00000e+00     fixed    
   9  alpha_2CBO   0.00000e+00     fixed    
  10  beta_2CBO    0.00000e+00     fixed    
  11  alpha_y      0.00000e+00     fixed    
  12  w_y          1.44500e+01   constant   
  13  beta_y       0.00000e+00     fixed    
  14  alpha_vw     0.00000e+00     fixed    
  15  w_vw         1.29000e+01   constant   
  16  beta_vw      0.00000e+00     fixed    
  17  LM          -7.20700e-04   constant   
  18  zeta_y       0.00000e+00   constant   
  19  zeta_vw      0.00000e+00   constant   
  20  T_CBO        1.00000e+02   1.00000e+00   0.00000e+00   0.00000e+00
  21  alpha_A0     0.00000e+00   1.00000e-03   0.00000e+00   2.23383e+03
  22  beta_A0      0.00000e+00   1.00000e-03   0.00000e+00  -4.76412e+03
  23  alpha_phi    0.00000e+00   1.00000e-03   0.00000e+00   5.49116e+03
  24  beta_phi     0.00000e+00   1.00000e-03   0.00000e+00  -1.36429e+03
 MIGRAD MINIMIZATION HAS CONVERGED.
 FCN=1140.46 FROM MIGRAD    STATUS=CONVERGED    1037 CALLS        1038 TOTAL
                     EDM=3.37167e-07    STRATEGY= 1  ERROR MATRIX UNCERTAINTY   0.3 per cent
  EXT PARAMETER                                   STEP         FIRST   
  NO.   NAME      VALUE            ERROR          SIZE      DERIVATIVE 
   1  N0           3.18474e+06   3.09749e+02   1.02695e-02  -2.37654e-06
   2  tau          6.43838e+01   constant   
   3  A0           3.45714e-01   1.23170e-04   3.26892e-09   1.80102e+00
   4  phi          4.12068e+00   4.07931e-04  -1.78088e-07  -8.03429e-01
   5  R           -6.09625e+01   constant   
   6  alpha_CBO    0.00000e+00     fixed    
   7  w_CBO        2.32500e+00   constant   
   8  beta_CBO     0.00000e+00     fixed    
   9  alpha_2CBO   0.00000e+00     fixed    
  10  beta_2CBO    0.00000e+00     fixed    
  11  alpha_y      0.00000e+00     fixed    
  12  w_y          1.44500e+01   constant   
  13  beta_y       0.00000e+00     fixed    
  14  alpha_vw     0.00000e+00     fixed    
  15  w_vw         1.29000e+01   constant   
  16  beta_vw      0.00000e+00     fixed    
  17  LM          -7.20700e-04   constant   
  18  zeta_y       0.00000e+00   constant   
  19  zeta_vw      0.00000e+00   constant   
  20  T_CBO        1.00000e+03   5.02432e+02   1.17783e-02  -7.02721e-05
  21  alpha_A0    -7.67223e-04   6.36326e-04  -1.07512e-06  -3.85258e-02
  22  beta_A0      2.94727e-03   6.77016e-04  -1.19768e-06  -8.53025e-01
  23  alpha_phi   -2.34981e-03   6.81078e-04  -6.22772e-07   8.30591e-01
  24  beta_phi     7.41288e-04   5.81020e-04   4.71817e-08  -2.19290e-01
 EXTERNAL ERROR MATRIX.    NDIM=  25    NPAR=  8    ERR DEF=1
  9.594e+04  4.291e-03 -1.970e-03 -2.121e+01  3.340e-02 -1.951e-02 -4.086e-03 -2.797e-02 
  4.291e-03  1.517e-08  2.534e-09 -2.389e-06  4.686e-09  4.058e-09  4.578e-09  4.048e-09 
 -1.970e-03  2.534e-09  1.664e-07  6.032e-06  1.318e-08  4.719e-08  1.501e-08  1.651e-08 
 -2.121e+01 -2.389e-06  6.032e-06  1.402e+01  1.171e-04 -2.149e-04  4.596e-04 -1.577e-04 
  3.340e-02  4.686e-09  1.318e-08  1.171e-04  4.049e-07  9.901e-09  6.737e-08 -5.739e-09 
 -1.951e-02  4.058e-09  4.719e-08 -2.149e-04  9.901e-09  4.584e-07  6.611e-09  3.511e-08 
 -4.086e-03  4.578e-09  1.501e-08  4.596e-04  6.737e-08  6.611e-09  4.639e-07 -1.643e-08 
 -2.797e-02  4.048e-09  1.651e-08 -1.577e-04 -5.739e-09  3.511e-08 -1.643e-08  3.376e-07 
 PARAMETER  CORRELATION COEFFICIENTS  
       NO.  GLOBAL      1      3      4     20     21     22     23     24
        1  0.27708   1.000  0.112 -0.016 -0.018  0.169 -0.093 -0.019 -0.155
        3  0.16357   0.112  1.000  0.050 -0.005  0.060  0.049  0.055  0.057
        4  0.19498  -0.016  0.050  1.000  0.004  0.051  0.171  0.054  0.070
       20  0.21309  -0.018 -0.005  0.004  1.000  0.049 -0.085  0.180 -0.072
       21  0.24195   0.169  0.060  0.051  0.049  1.000  0.023  0.155 -0.016
       22  0.22736  -0.093  0.049  0.171 -0.085  0.023  1.000  0.014  0.089
       23  0.24906  -0.019  0.055  0.054  0.180  0.155  0.014  1.000 -0.042
       24  0.21015  -0.155  0.057  0.070 -0.072 -0.016  0.089 -0.042  1.000
MINUIT - FIT ONLY 1-CBO + wiggle
 **********
 **   16 **RES 
 **********
                   PARAMETER   16  beta_vw RESTORED TO VARIABLE.
                   PARAMETER   14  alpha_vw RESTORED TO VARIABLE.
                   PARAMETER   13  beta_y RESTORED TO VARIABLE.
                   PARAMETER   11  alpha_y RESTORED TO VARIABLE.
                   PARAMETER   10  beta_2CBO RESTORED TO VARIABLE.
                   PARAMETER    9  alpha_2CBO RESTORED TO VARIABLE.
                   PARAMETER    8  beta_CBO RESTORED TO VARIABLE.
                   PARAMETER    6  alpha_CBO RESTORED TO VARIABLE.
 **********
 **   17 **FIX            8
 **********
 **********
 **   18 **FIX            9
 **********
 **********
 **   19 **FIX           11
 **********
 **********
 **   20 **FIX           12
 **********
 PARAMETER   12  IS CONSTANT.   IGNORED.
 **********
 **   21 **FIX           14
 **********
 **********
 **   22 **FIX           15
 **********
 PARAMETER   15  IS CONSTANT.   IGNORED.
 **********
 **   23 **FIX           16
 **********
 **********
 **   24 **MIGRAD
 **********
 START MIGRAD MINIMIZATION.  STRATEGY  1.  CONVERGENCE WHEN EDM .LT. 1.00e-04
 FCN=1140.46 FROM MIGRAD    STATUS=INITIATE       28 CALLS        1066 TOTAL
                     EDM= unknown      STRATEGY= 1      NO ERROR MATRIX       
  EXT PARAMETER               CURRENT GUESS       STEP         FIRST   
  NO.   NAME      VALUE            ERROR          SIZE      DERIVATIVE 
   1  N0           3.18474e+06   3.09749e+02   1.02695e-02  -2.37654e-06
   2  tau          6.43838e+01   constant   
   3  A0           3.45714e-01   1.23170e-04   3.26892e-09   1.80102e+00
   4  phi          4.12068e+00   4.07931e-04  -1.78088e-07  -8.03431e-01
   5  R           -6.09625e+01   constant   
   6  alpha_CBO    0.00000e+00   1.00000e-03   1.00000e-03  -4.54813e+04
   7  w_CBO        2.32500e+00   constant   
   8  beta_CBO     0.00000e+00     fixed    
   9  alpha_2CBO   0.00000e+00     fixed    
  10  beta_2CBO    0.00000e+00   1.00000e-03   1.00000e-03   6.04916e+04
  11  alpha_y      0.00000e+00     fixed    
  12  w_y          1.44500e+01   constant   
  13  beta_y       0.00000e+00   1.00000e-03   1.00000e-03   4.73526e+04
  14  alpha_vw     0.00000e+00     fixed    
  15  w_vw         1.29000e+01   constant   
  16  beta_vw      0.00000e+00     fixed    
  17  LM          -7.20700e-04   constant   
  18  zeta_y       0.00000e+00   constant   
  19  zeta_vw      0.00000e+00   constant   
  20  T_CBO        1.00000e+03   5.02432e+02   1.17783e-02  -7.02682e-05
  21  alpha_A0    -7.67223e-04   6.36326e-04  -1.07512e-06  -3.85059e-02
  22  beta_A0      2.94727e-03   6.77016e-04  -1.19768e-06  -8.53047e-01
  23  alpha_phi   -2.34981e-03   6.81078e-04  -6.22772e-07   8.30591e-01
  24  beta_phi     7.41288e-04   5.81020e-04   4.71817e-08  -2.19290e-01
 MIGRAD MINIMIZATION HAS CONVERGED.
 MIGRAD WILL VERIFY CONVERGENCE AND ERROR MATRIX.
 COVARIANCE MATRIX CALCULATED SUCCESSFULLY
 FCN=1097.55 FROM MIGRAD    STATUS=CONVERGED     246 CALLS        1284 TOTAL
                     EDM=9.72859e-06    STRATEGY= 1      ERROR MATRIX ACCURATE 
  EXT PARAMETER                                   STEP         FIRST   
  NO.   NAME      VALUE            ERROR          SIZE      DERIVATIVE 
   1  N0           3.18472e+06   3.44191e+02   5.20627e+00  -2.96198e-06
   2  tau          6.43838e+01   constant   
   3  A0           3.45729e-01   1.27931e-04   2.00674e-06   1.48677e+01
   4  phi          4.12098e+00   4.20362e-04   6.46626e-06   3.11449e+00
   5  R           -6.09625e+01   constant   
   6  alpha_CBO    5.16226e-04   1.51305e-04   2.30623e-06   2.41538e+00
   7  w_CBO        2.32500e+00   constant   
   8  beta_CBO     0.00000e+00     fixed    
   9  alpha_2CBO   0.00000e+00     fixed    
  10  beta_2CBO   -6.55198e-04   1.47733e-04   2.32706e-06  -1.50978e+01
  11  alpha_y      0.00000e+00     fixed    
  12  w_y          1.44500e+01   constant   
  13  beta_y      -4.79869e-04   1.42163e-04   2.29941e-06   9.10799e+00
  14  alpha_vw     0.00000e+00     fixed    
  15  w_vw         1.29000e+01   constant   
  16  beta_vw      0.00000e+00     fixed    
  17  LM          -7.20700e-04   constant   
  18  zeta_y       0.00000e+00   constant   
  19  zeta_vw      0.00000e+00   constant   
  20  T_CBO        1.00000e+03   5.09261e+02   1.07592e-01** at limit **
  21  alpha_A0    -6.34094e-04   6.29702e-04   9.85785e-06   9.87496e-01
  22  beta_A0      2.68619e-03   6.90336e-04   1.06800e-05  -5.17256e-01
  23  alpha_phi   -1.48616e-03   6.11036e-04   9.42489e-06  -3.53239e+00
  24  beta_phi     8.39572e-04   5.68266e-04   8.98853e-06  -4.21617e+00
 EXTERNAL ERROR MATRIX.    NDIM=  25    NPAR= 11    ERR DEF=1
  1.185e+05 
  9.132e-03  1.637e-08 
 -8.530e-03  2.299e-09  1.767e-07 
  4.723e-04 -7.473e-11  1.523e-08  2.289e-08 
  1.451e-03 -4.261e-10  2.636e-09  2.083e-10  2.183e-08 
 -1.939e-04 -1.429e-10 -1.279e-09 -8.068e-11 -1.279e-11  2.021e-08 
 -6.988e-05  9.709e-10 -1.359e-09  4.578e-09 -2.019e-09 -2.278e-10  5.601e-03 
  4.438e-02  6.000e-09  1.376e-08 -8.112e-10 -4.068e-09 -1.161e-09 -1.008e-06  3.965e-07 
 -1.518e-02  5.271e-09  5.321e-08  7.773e-09  1.643e-08 -2.506e-09  3.969e-06  3.001e-08  4.766e-07 
 -4.621e-03  4.453e-09  2.262e-08  2.273e-08 -1.093e-08 -7.031e-10 -2.182e-06  2.191e-08  3.455e-08  3.734e-07 
 -3.108e-02  3.364e-09  1.886e-08 -4.465e-10 -3.162e-09 -5.776e-10  1.249e-06  1.600e-08  2.463e-08  9.554e-09  3.229e-07 
 PARAMETER  CORRELATION COEFFICIENTS  
       NO.  GLOBAL      1      3      4      6     10     13     20     21     22     23     24
        1  0.35176   1.000  0.207 -0.059  0.009  0.029 -0.004 -0.000  0.205 -0.064 -0.022 -0.159
        3  0.24607   0.207  1.000  0.043 -0.004 -0.023 -0.008  0.000  0.074  0.060  0.057  0.046
        4  0.31074  -0.059  0.043  1.000  0.239  0.042 -0.021 -0.000  0.052  0.183  0.088  0.079
        6  0.33611   0.009 -0.004  0.239  1.000  0.009 -0.004  0.000 -0.009  0.074  0.246 -0.005
       10  0.22949   0.029 -0.023  0.042  0.009  1.000 -0.001 -0.000 -0.044  0.161 -0.121 -0.038
       13  0.03381  -0.004 -0.008 -0.021 -0.004 -0.001  1.000 -0.000 -0.013 -0.026 -0.008 -0.007
       20  0.10487  -0.000  0.000 -0.000  0.000 -0.000 -0.000  1.000 -0.021  0.077 -0.048  0.029
       21  0.25358   0.205  0.074  0.052 -0.009 -0.044 -0.013 -0.021  1.000  0.069  0.057  0.045
       22  0.29356  -0.064  0.060  0.183  0.074  0.161 -0.026  0.077  0.069  1.000  0.082  0.063
       23  0.30272  -0.022  0.057  0.088  0.246 -0.121 -0.008 -0.048  0.057  0.082  1.000  0.028
       24  0.21156  -0.159  0.046  0.079 -0.005 -0.038 -0.007  0.029  0.045  0.063  0.028  1.000
MINUIT - FIT ONLY 2-CBO
 **********
 **   25 **RES 
 **********
                   PARAMETER   16  beta_vw RESTORED TO VARIABLE.
                   PARAMETER   14  alpha_vw RESTORED TO VARIABLE.
                   PARAMETER   11  alpha_y RESTORED TO VARIABLE.
                   PARAMETER    9  alpha_2CBO RESTORED TO VARIABLE.
                   PARAMETER    8  beta_CBO RESTORED TO VARIABLE.
 **********
 **   26 **FIX            0
 **********
 PARAMETER    0  IS UNDEFINED. IGNORED.
 **********
 **   27 **FIX            1
 **********
 **********
 **   28 **FIX            2
 **********
 PARAMETER    2  IS CONSTANT.   IGNORED.
 **********
 **   29 **FIX            3
 **********
 **********
 **   30 **FIX            4
 **********
 **********
 **   31 **FIX            5
 **********
 PARAMETER    5  IS CONSTANT.   IGNORED.
 **********
 **   32 **FIX            6
 **********
 **********
 **   33 **FIX            7
 **********
 PARAMETER    7  IS CONSTANT.   IGNORED.
 **********
 **   34 **FIX           10
 **********
 **********
 **   35 **FIX           11
 **********
 **********
 **   36 **FIX           12
 **********
 PARAMETER   12  IS CONSTANT.   IGNORED.
 **********
 **   37 **FIX           13
 **********
 **********
 **   38 **FIX           14
 **********
 **********
 **   39 **FIX           15
 **********
 PARAMETER   15  IS CONSTANT.   IGNORED.
 **********
 **   40 **FIX           16
 **********
 **********
 **   41 **MIGRAD
 **********
 START MIGRAD MINIMIZATION.  STRATEGY  1.  CONVERGENCE WHEN EDM .LT. 1.00e-04
 FCN=1097.55 FROM MIGRAD    STATUS=INITIATE       18 CALLS        1302 TOTAL
                     EDM= unknown      STRATEGY= 1      NO ERROR MATRIX       
  EXT PARAMETER               CURRENT GUESS       STEP         FIRST   
  NO.   NAME      VALUE            ERROR          SIZE      DERIVATIVE 
   1  N0           3.18472e+06     fixed    
   2  tau          6.43838e+01   constant   
   3  A0           3.45729e-01     fixed    
   4  phi          4.12098e+00     fixed    
   5  R           -6.09625e+01   constant   
   6  alpha_CBO    5.16226e-04     fixed    
   7  w_CBO        2.32500e+00   constant   
   8  beta_CBO     0.00000e+00   1.00000e-03   1.00000e-03  -4.25427e+05
   9  alpha_2CBO   0.00000e+00   1.00000e-03   1.00000e-03  -2.75720e+04
  10  beta_2CBO   -6.55198e-04     fixed    
  11  alpha_y      0.00000e+00     fixed    
  12  w_y          1.44500e+01   constant   
  13  beta_y      -4.79869e-04     fixed    
  14  alpha_vw     0.00000e+00     fixed    
  15  w_vw         1.29000e+01   constant   
  16  beta_vw      0.00000e+00     fixed    
  17  LM          -7.20700e-04   constant   
  18  zeta_y       0.00000e+00   constant   
  19  zeta_vw      0.00000e+00   constant   
  20  T_CBO        9.99999e+02   5.09261e+02   1.07592e-01  -9.29821e-05
  21  alpha_A0    -6.34094e-04   6.29702e-04   9.85785e-06   9.87941e-01
  22  beta_A0      2.68619e-03   6.90336e-04   1.06800e-05  -5.18593e-01
  23  alpha_phi   -1.48616e-03   6.11036e-04   9.42489e-06  -3.53135e+00
  24  beta_phi     8.39572e-04   5.68266e-04   8.98853e-06  -4.21673e+00
 MIGRAD MINIMIZATION HAS CONVERGED.
 MIGRAD WILL VERIFY CONVERGENCE AND ERROR MATRIX.
 COVARIANCE MATRIX CALCULATED SUCCESSFULLY
 FCN=111.692 FROM MIGRAD    STATUS=CONVERGED     148 CALLS        1432 TOTAL
                     EDM=6.79396e-07    STRATEGY= 1      ERROR MATRIX ACCURATE 
  EXT PARAMETER                                   STEP         FIRST   
  NO.   NAME      VALUE            ERROR          SIZE      DERIVATIVE 
   1  N0           3.18472e+06     fixed    
   2  tau          6.43838e+01   constant   
   3  A0           3.45729e-01     fixed    
   4  phi          4.12098e+00     fixed    
   5  R           -6.09625e+01   constant   
   6  alpha_CBO    5.16226e-04     fixed    
   7  w_CBO        2.32500e+00   constant   
   8  beta_CBO     4.61094e-03   1.47141e-04   7.44530e-07   5.53167e-02
   9  alpha_2CBO   3.59173e-04   1.45448e-04   7.37923e-07   1.92753e+00
  10  beta_2CBO   -6.55198e-04     fixed    
  11  alpha_y      0.00000e+00     fixed    
  12  w_y          1.44500e+01   constant   
  13  beta_y      -4.79869e-04     fixed    
  14  alpha_vw     0.00000e+00     fixed    
  15  w_vw         1.29000e+01   constant   
  16  beta_vw      0.00000e+00     fixed    
  17  LM          -7.20700e-04   constant   
  18  zeta_y       0.00000e+00   constant   
  19  zeta_vw      0.00000e+00   constant   
  20  T_CBO        1.00000e+03   7.11414e+02   1.25684e-01** at limit **
  21  alpha_A0     9.24229e-05   6.22217e-04   3.15943e-06  -8.48824e-01
  22  beta_A0      1.14884e-03   6.71016e-04   3.43283e-06   1.63775e-01
  23  alpha_phi   -1.95791e-03   5.85476e-04   3.01853e-06   1.72675e+00
  24  beta_phi     4.54925e-03   5.74150e-04   2.88011e-06   4.24582e-01
 EXTERNAL ERROR MATRIX.    NDIM=  25    NPAR=  7    ERR DEF=1
  2.165e-08  3.133e-10  1.274e-09  2.526e-09 -7.763e-09 -2.259e-09  1.667e-08 
  3.133e-10  2.116e-08  4.625e-10  1.444e-08  6.768e-09  2.697e-10  1.099e-08 
  1.274e-09  4.625e-10  8.433e-03  3.031e-08  5.407e-07 -8.979e-07  2.128e-06 
  2.526e-09  1.444e-08  3.031e-08  3.872e-07  3.892e-08  2.039e-08  3.447e-08 
 -7.763e-09  6.768e-09  5.407e-07  3.892e-08  4.503e-07  3.381e-08  1.284e-08 
 -2.259e-09  2.697e-10 -8.979e-07  2.039e-08  3.381e-08  3.428e-07  3.611e-09 
  1.667e-08  1.099e-08  2.128e-06  3.447e-08  1.284e-08  3.611e-09  3.296e-07 
 PARAMETER  CORRELATION COEFFICIENTS  
       NO.  GLOBAL      8      9     20     21     22     23     24
        8  0.21693   1.000  0.015  0.000  0.028 -0.079 -0.026  0.197
        9  0.20488   0.015  1.000  0.000  0.160  0.069  0.003  0.132
       20  0.04587   0.000  0.000  1.000  0.001  0.009 -0.017  0.040
       21  0.20093   0.028  0.160  0.001  1.000  0.093  0.056  0.096
       22  0.16092  -0.079  0.069  0.009  0.093  1.000  0.086  0.033
       23  0.10331  -0.026  0.003 -0.017  0.056  0.086  1.000  0.011
       24  0.25187   0.197  0.132  0.040  0.096  0.033  0.011  1.000
MINUIT - FIT wiggle + 1-CBO + 2-CBO
 **********
 **   42 **RES 
 **********
                   PARAMETER   16  beta_vw RESTORED TO VARIABLE.
                   PARAMETER   14  alpha_vw RESTORED TO VARIABLE.
                   PARAMETER   13  beta_y RESTORED TO VARIABLE.
                   PARAMETER   11  alpha_y RESTORED TO VARIABLE.
                   PARAMETER   10  beta_2CBO RESTORED TO VARIABLE.
                   PARAMETER    6  alpha_CBO RESTORED TO VARIABLE.
                   PARAMETER    4  phi RESTORED TO VARIABLE.
                   PARAMETER    3  A0 RESTORED TO VARIABLE.
                   PARAMETER    1  N0 RESTORED TO VARIABLE.
 **********
 **   43 **FIX           10
 **********
 **********
 **   44 **FIX           11
 **********
 **********
 **   45 **FIX           12
 **********
 PARAMETER   12  IS CONSTANT.   IGNORED.
 **********
 **   46 **FIX           13
 **********
 **********
 **   47 **FIX           14
 **********
 **********
 **   48 **FIX           15
 **********
 PARAMETER   15  IS CONSTANT.   IGNORED.
 **********
 **   49 **FIX           16
 **********
 **********
 **   50 **MIGRAD
 **********
 START MIGRAD MINIMIZATION.  STRATEGY  1.  CONVERGENCE WHEN EDM .LT. 1.00e-04
 FCN=111.692 FROM MIGRAD    STATUS=INITIATE       56 CALLS        1488 TOTAL
                     EDM= unknown      STRATEGY= 1      NO ERROR MATRIX       
  EXT PARAMETER               CURRENT GUESS       STEP         FIRST   
  NO.   NAME      VALUE            ERROR          SIZE      DERIVATIVE 
   1  N0           3.18472e+06   3.44191e+02   0.00000e+00   1.38904e-04
   2  tau          6.43838e+01   constant   
   3  A0           3.45729e-01   1.27931e-04   0.00000e+00   8.67491e+04
   4  phi          4.12098e+00   4.20362e-04   0.00000e+00   1.14611e+04
   5  R           -6.09625e+01   constant   
   6  alpha_CBO    5.16226e-04   1.51305e-04   0.00000e+00  -9.41789e+03
   7  w_CBO        2.32500e+00   constant   
   8  beta_CBO     4.61094e-03   1.47141e-04   0.00000e+00   6.88170e+00
   9  alpha_2CBO   3.59173e-04   1.45448e-04   0.00000e+00   6.83925e+00
  10  beta_2CBO   -6.55198e-04     fixed    
  11  alpha_y      0.00000e+00     fixed    
  12  w_y          1.44500e+01   constant   
  13  beta_y      -4.79869e-04     fixed    
  14  alpha_vw     0.00000e+00     fixed    
  15  w_vw         1.29000e+01   constant   
  16  beta_vw      0.00000e+00     fixed    
  17  LM          -7.20700e-04   constant   
  18  zeta_y       0.00000e+00   constant   
  19  zeta_vw      0.00000e+00   constant   
  20  T_CBO        9.97212e+02   7.11414e+02  -1.03699e-01  -1.72507e-04
  21  alpha_A0     9.24229e-05   6.22217e-04   0.00000e+00  -3.78780e-01
  22  beta_A0      1.14884e-03   6.71016e-04   0.00000e+00  -1.49688e+00
  23  alpha_phi   -1.95791e-03   5.85476e-04   0.00000e+00   5.60090e+00
  24  beta_phi     4.54925e-03   5.74150e-04   0.00000e+00  -8.95821e+00
 MIGRAD MINIMIZATION HAS CONVERGED.
 FCN=72.5472 FROM MIGRAD    STATUS=CONVERGED     233 CALLS        1665 TOTAL
                     EDM=2.0604e-06    STRATEGY= 1  ERROR MATRIX UNCERTAINTY   2.5 per cent
  EXT PARAMETER                                   STEP         FIRST   
  NO.   NAME      VALUE            ERROR          SIZE      DERIVATIVE 
   1  N0           3.18435e+06   3.33984e+02   6.25773e-01  -2.35509e-06
   2  tau          6.43838e+01   constant   
   3  A0           3.44974e-01   1.29577e-04   4.29444e-08  -6.35320e-01
   4  phi          4.11989e+00   4.24963e-04  -1.87965e-06  -2.46657e-01
   5  R           -6.09625e+01   constant   
   6  alpha_CBO    5.40387e-04   1.48030e-04  -4.34439e-07  -1.94140e+00
   7  w_CBO        2.32500e+00   constant   
   8  beta_CBO     4.79918e-03   1.46747e-04   1.60349e-07   1.79929e+00
   9  alpha_2CBO   3.08364e-04   1.45398e-04  -3.81477e-07   1.19067e+00
  10  beta_2CBO   -6.55198e-04     fixed    
  11  alpha_y      0.00000e+00     fixed    
  12  w_y          1.44500e+01   constant   
  13  beta_y      -4.79869e-04     fixed    
  14  alpha_vw     0.00000e+00     fixed    
  15  w_vw         1.29000e+01   constant   
  16  beta_vw      0.00000e+00     fixed    
  17  LM          -7.20700e-04   constant   
  18  zeta_y       0.00000e+00   constant   
  19  zeta_vw      0.00000e+00   constant   
  20  T_CBO        9.94537e+02   9.61473e+02   3.59534e-03  -8.89307e-04
  21  alpha_A0    -2.86267e-04   6.20628e-04  -8.99723e-07   7.83764e-02
  22  beta_A0      5.60480e-04   7.04367e-04  -3.38232e-06  -4.95609e-01
  23  alpha_phi   -2.20489e-03   6.07420e-04  -2.98529e-06  -2.17193e+00
  24  beta_phi     4.43668e-03   5.56367e-04  -1.14061e-06   3.26170e-01
 EXTERNAL ERROR MATRIX.    NDIM=  25    NPAR= 11    ERR DEF=1
  1.115e+05 
  8.603e-03  1.679e-08 
 -8.060e-03  2.926e-09  1.806e-07 
 -4.451e-04 -1.949e-10  1.439e-08  2.191e-08 
 -2.381e-03 -3.427e-09 -5.149e-09  5.451e-10  2.153e-08 
 -2.585e-04  9.296e-10  3.901e-09  1.636e-09 -1.145e-09  2.114e-08 
  6.008e+03  8.250e-04 -9.935e-03 -1.200e-03 -1.293e-03 -2.334e-03  4.102e+04 
  2.870e-02  4.771e-09  2.790e-08 -9.491e-10 -9.322e-09  5.134e-09 -7.440e-04  3.852e-07 
 -6.409e-03  8.387e-09  4.706e-08  1.031e-08 -4.207e-09  7.935e-09 -6.543e-03  3.241e-08  4.961e-07 
 -1.327e-02  3.719e-09  2.642e-08  1.740e-08 -3.574e-09  4.231e-09 -3.364e-02  3.101e-08  4.792e-08  3.690e-07 
 -3.296e-02  6.536e-10  1.849e-08  5.608e-09  9.675e-09  1.332e-09  2.907e-02  6.164e-10  5.148e-09  1.887e-08  3.095e-07 
 PARAMETER  CORRELATION COEFFICIENTS  
       NO.  GLOBAL      1      3      4      6      8      9     20     21     22     23     24
        1  0.33532   1.000  0.199 -0.057 -0.009 -0.049 -0.005  0.089  0.138 -0.027 -0.065 -0.177
        3  0.29239   0.199  1.000  0.053 -0.010 -0.180  0.049  0.031  0.059  0.092  0.047  0.009
        4  0.33155  -0.057  0.053  1.000  0.229 -0.083  0.063 -0.115  0.106  0.157  0.102  0.078
        6  0.30937  -0.009 -0.010  0.229  1.000  0.025  0.076 -0.040 -0.010  0.099  0.194  0.068
        8  0.27328  -0.049 -0.180 -0.083  0.025  1.000 -0.054 -0.043 -0.102 -0.041 -0.040  0.118
        9  0.15616  -0.005  0.049  0.063  0.076 -0.054  1.000 -0.079  0.057  0.077  0.048  0.016
       20  0.43525   0.089  0.031 -0.115 -0.040 -0.043 -0.079  1.000 -0.006 -0.046 -0.273  0.258
       21  0.23099   0.138  0.059  0.106 -0.010 -0.102  0.057 -0.006  1.000  0.074  0.082  0.002
       22  0.22368  -0.027  0.092  0.157  0.099 -0.041  0.077 -0.046  0.074  1.000  0.112  0.013
       23  0.37445  -0.065  0.047  0.102  0.194 -0.040  0.048 -0.273  0.082  0.112  1.000  0.056
       24  0.39253  -0.177  0.009  0.078  0.068  0.118  0.016  0.258  0.002  0.013  0.056  1.000
MINUIT - FIT ONLY 1-y
 **********
 **   51 **RES 
 **********
                   PARAMETER   16  beta_vw RESTORED TO VARIABLE.
                   PARAMETER   14  alpha_vw RESTORED TO VARIABLE.
                   PARAMETER   13  beta_y RESTORED TO VARIABLE.
                   PARAMETER   11  alpha_y RESTORED TO VARIABLE.
                   PARAMETER   10  beta_2CBO RESTORED TO VARIABLE.
 **********
 **   52 **FIX            0
 **********
 PARAMETER    0  IS UNDEFINED. IGNORED.
 **********
 **   53 **FIX            1
 **********
 **********
 **   54 **FIX            2
 **********
 PARAMETER    2  IS CONSTANT.   IGNORED.
 **********
 **   55 **FIX            3
 **********
 **********
 **   56 **FIX            4
 **********
 **********
 **   57 **FIX            5
 **********
 PARAMETER    5  IS CONSTANT.   IGNORED.
 **********
 **   58 **FIX            6
 **********
 **********
 **   59 **FIX            7
 **********
 PARAMETER    7  IS CONSTANT.   IGNORED.
 **********
 **   60 **FIX            8
 **********
 **********
 **   61 **FIX            9
 **********
 **********
 **   62 **FIX           13
 **********
 **********
 **   63 **FIX           14
 **********
 **********
 **   64 **FIX           15
 **********
 PARAMETER   15  IS CONSTANT.   IGNORED.
 **********
 **   65 **FIX           16
 **********
 **********
 **   66 **MIGRAD
 **********
 START MIGRAD MINIMIZATION.  STRATEGY  1.  CONVERGENCE WHEN EDM .LT. 1.00e-04
 FCN=72.5472 FROM MIGRAD    STATUS=INITIATE       16 CALLS        1681 TOTAL
                     EDM= unknown      STRATEGY= 1      NO ERROR MATRIX       
  EXT PARAMETER               CURRENT GUESS       STEP         FIRST   
  NO.   NAME      VALUE            ERROR          SIZE      DERIVATIVE 
   1  N0           3.18435e+06     fixed    
   2  tau          6.43838e+01   constant   
   3  A0           3.44974e-01     fixed    
   4  phi          4.11989e+00     fixed    
   5  R           -6.09625e+01   constant   
   6  alpha_CBO    5.40387e-04     fixed    
   7  w_CBO        2.32500e+00   constant   
   8  beta_CBO     4.79918e-03     fixed    
   9  alpha_2CBO   3.08364e-04     fixed    
  10  beta_2CBO   -6.55198e-04   1.47733e-04   1.47733e-04  -1.65114e+04
  11  alpha_y      0.00000e+00   1.00000e-03   1.00000e-03  -1.38017e+04
  12  w_y          1.44500e+01   constant   
  13  beta_y      -4.79869e-04     fixed    
  14  alpha_vw     0.00000e+00     fixed    
  15  w_vw         1.29000e+01   constant   
  16  beta_vw      0.00000e+00     fixed    
  17  LM          -7.20700e-04   constant   
  18  zeta_y       0.00000e+00   constant   
  19  zeta_vw      0.00000e+00   constant   
  20  T_CBO        9.94537e+02   9.61473e+02   3.59534e-03   9.02104e-04
  21  alpha_A0    -2.86267e-04   6.20628e-04  -8.99723e-07   7.83910e-02
  22  beta_A0      5.60480e-04   7.04367e-04  -3.38232e-06  -4.95609e-01
  23  alpha_phi   -2.20489e-03   6.07420e-04  -2.98529e-06  -2.17194e+00
  24  beta_phi     4.43668e-03   5.56367e-04  -1.14061e-06   3.26171e-01
 MIGRAD MINIMIZATION HAS CONVERGED.
 MIGRAD WILL VERIFY CONVERGENCE AND ERROR MATRIX.
 FCN=70.0002 FROM MIGRAD    STATUS=CONVERGED    1103 CALLS        2768 TOTAL
                     EDM=1.36166e-05    STRATEGY= 1      ERR MATRIX NOT POS-DEF
  EXT PARAMETER                APPROXIMATE        STEP         FIRST   
  NO.   NAME      VALUE            ERROR          SIZE      DERIVATIVE 
   1  N0           3.18435e+06     fixed    
   2  tau          6.43838e+01   constant   
   3  A0           3.44974e-01     fixed    
   4  phi          4.11989e+00     fixed    
   5  R           -6.09625e+01   constant   
   6  alpha_CBO    5.40387e-04     fixed    
   7  w_CBO        2.32500e+00   constant   
   8  beta_CBO     4.79918e-03     fixed    
   9  alpha_2CBO   3.08364e-04     fixed    
  10  beta_2CBO   -4.75399e-04   1.47382e-04   5.91561e-07   1.39889e+01
  11  alpha_y      1.45279e-04   1.44006e-04   5.92853e-07  -9.22028e+00
  12  w_y          1.44500e+01   constant   
  13  beta_y      -4.79869e-04     fixed    
  14  alpha_vw     0.00000e+00     fixed    
  15  w_vw         1.29000e+01   constant   
  16  beta_vw      0.00000e+00     fixed    
  17  LM          -7.20700e-04   constant   
  18  zeta_y       0.00000e+00   constant   
  19  zeta_vw      0.00000e+00   constant   
  20  T_CBO        1.15280e+02   1.90675e+02   1.66287e-04  -3.68400e-02
  21  alpha_A0    -8.56590e-04   2.16955e-03   6.02309e-06  -7.65994e-01
  22  beta_A0      1.63560e-03   3.20394e-03   6.51821e-06  -1.07828e+00
  23  alpha_phi   -5.56999e-03   9.91435e-03   5.76214e-06   9.22772e-01
  24  beta_phi     1.05694e-02   1.85403e-02   5.50230e-06  -8.97138e-01
 EXTERNAL ERROR MATRIX.    NDIM=  25    NPAR=  7    ERR DEF=1
  2.172e-08  2.422e-10  6.759e-04 -6.159e-09  2.980e-08  6.296e-09 -6.826e-08 
  2.422e-10  2.074e-08  1.863e-05 -2.999e-09  3.677e-09 -2.149e-09 -3.136e-09 
  6.759e-04  1.863e-05  4.175e+04  3.254e-01 -5.656e-01  2.005e+00 -3.779e+00 
 -6.159e-09 -2.999e-09  3.254e-01  4.707e-06 -4.210e-06  1.578e-05 -2.931e-05 
  2.980e-08  3.677e-09 -5.656e-01 -4.210e-06  1.027e-05 -2.703e-05  5.125e-05 
  6.296e-09 -2.149e-09  2.005e+00  1.578e-05 -2.703e-05  9.829e-05 -1.814e-04 
 -6.826e-08 -3.136e-09 -3.779e+00 -2.931e-05  5.125e-05 -1.814e-04  3.437e-04 
ERR MATRIX NOT POS-DEF
 PARAMETER  CORRELATION COEFFICIENTS  
       NO.  GLOBAL     10     11     20     21     22     23     24
       10  0.22415   1.000  0.011  0.022 -0.019  0.063  0.004 -0.025
       11  0.02915   0.011  1.000  0.001 -0.010  0.008 -0.002 -0.001
       20  0.99799   0.022  0.001  1.000  0.734 -0.864  0.990 -0.997
       21  0.74010  -0.019 -0.010  0.734  1.000 -0.606  0.734 -0.729
       22  0.87013   0.063  0.008 -0.864 -0.606  1.000 -0.851  0.863
       23  0.99004   0.004 -0.002  0.990  0.734 -0.851  1.000 -0.987
       24  0.99741  -0.025 -0.001 -0.997 -0.729  0.863 -0.987  1.000
 ERR MATRIX NOT POS-DEF
MINUIT - FIT ONLY 2-y
 **********
 **   67 **RES 
 **********
                   PARAMETER   16  beta_vw RESTORED TO VARIABLE.
                   PARAMETER   14  alpha_vw RESTORED TO VARIABLE.
                   PARAMETER   13  beta_y RESTORED TO VARIABLE.
                   PARAMETER    9  alpha_2CBO RESTORED TO VARIABLE.
                   PARAMETER    8  beta_CBO RESTORED TO VARIABLE.
                   PARAMETER    6  alpha_CBO RESTORED TO VARIABLE.
                   PARAMETER    4  phi RESTORED TO VARIABLE.
                   PARAMETER    3  A0 RESTORED TO VARIABLE.
                   PARAMETER    1  N0 RESTORED TO VARIABLE.
 **********
 **   68 **FIX            0
 **********
 PARAMETER    0  IS UNDEFINED. IGNORED.
 **********
 **   69 **FIX            1
 **********
 **********
 **   70 **FIX            2
 **********
 PARAMETER    2  IS CONSTANT.   IGNORED.
 **********
 **   71 **FIX            3
 **********
 **********
 **   72 **FIX            4
 **********
 **********
 **   73 **FIX            5
 **********
 PARAMETER    5  IS CONSTANT.   IGNORED.
 **********
 **   74 **FIX            6
 **********
 **********
 **   75 **FIX            7
 **********
 PARAMETER    7  IS CONSTANT.   IGNORED.
 **********
 **   76 **FIX            8
 **********
 **********
 **   77 **FIX            9
 **********
 **********
 **   78 **FIX           10
 **********
 **********
 **   79 **FIX           11
 **********
 **********
 **   80 **FIX           12
 **********
 PARAMETER   12  IS CONSTANT.   IGNORED.
 **********
 **   81 **FIX           16
 **********
 **********
 **   82 **MIGRAD
 **********
 START MIGRAD MINIMIZATION.  STRATEGY  1.  CONVERGENCE WHEN EDM .LT. 1.00e-04
 FCN=70.0002 FROM MIGRAD    STATUS=INITIATE       16 CALLS        2784 TOTAL
                     EDM= unknown      STRATEGY= 1      NO ERROR MATRIX       
  EXT PARAMETER               CURRENT GUESS       STEP         FIRST   
  NO.   NAME      VALUE            ERROR          SIZE      DERIVATIVE 
   1  N0           3.18435e+06     fixed    
   2  tau          6.43838e+01   constant   
   3  A0           3.44974e-01     fixed    
   4  phi          4.11989e+00     fixed    
   5  R           -6.09625e+01   constant   
   6  alpha_CBO    5.40387e-04     fixed    
   7  w_CBO        2.32500e+00   constant   
   8  beta_CBO     4.79918e-03     fixed    
   9  alpha_2CBO   3.08364e-04     fixed    
  10  beta_2CBO   -4.75399e-04     fixed    
  11  alpha_y      1.45279e-04     fixed    
  12  w_y          1.44500e+01   constant   
  13  beta_y      -4.79869e-04   1.42163e-04   1.42163e-04   2.08770e+03
  14  alpha_vw     0.00000e+00   1.00000e-03   1.00000e-03   5.47944e+03
  15  w_vw         1.29000e+01   constant   
  16  beta_vw      0.00000e+00     fixed    
  17  LM          -7.20700e-04   constant   
  18  zeta_y       0.00000e+00   constant   
  19  zeta_vw      0.00000e+00   constant   
  20  T_CBO        1.15280e+02   1.90675e+02   1.66287e-04  -3.68660e-02
  21  alpha_A0    -8.56590e-04   2.16955e-03   6.02309e-06  -7.66014e-01
  22  beta_A0      1.63560e-03   3.20394e-03   6.51821e-06  -1.07826e+00
  23  alpha_phi   -5.56999e-03   9.91435e-03   5.76214e-06   9.22772e-01
  24  beta_phi     1.05694e-02   1.85403e-02   5.50230e-06  -8.97141e-01
 MIGRAD MINIMIZATION HAS CONVERGED.
 MIGRAD WILL VERIFY CONVERGENCE AND ERROR MATRIX.
 FCN=69.8203 FROM MIGRAD    STATUS=CONVERGED      96 CALLS        2864 TOTAL
                     EDM=5.26181e-06    STRATEGY= 1      ERR MATRIX NOT POS-DEF
  EXT PARAMETER                APPROXIMATE        STEP         FIRST   
  NO.   NAME      VALUE            ERROR          SIZE      DERIVATIVE 
   1  N0           3.18435e+06     fixed    
   2  tau          6.43838e+01   constant   
   3  A0           3.44974e-01     fixed    
   4  phi          4.11989e+00     fixed    
   5  R           -6.09625e+01   constant   
   6  alpha_CBO    5.40387e-04     fixed    
   7  w_CBO        2.32500e+00   constant   
   8  beta_CBO     4.79918e-03     fixed    
   9  alpha_2CBO   3.08364e-04     fixed    
  10  beta_2CBO   -4.75399e-04     fixed    
  11  alpha_y      1.45279e-04     fixed    
  12  w_y          1.44500e+01   constant   
  13  beta_y      -5.03029e-04   1.42057e-04   5.83805e-07  -6.97801e+00
  14  alpha_vw    -5.68330e-05   1.42954e-04   5.87401e-07   2.62337e+00
  15  w_vw         1.29000e+01   constant   
  16  beta_vw      0.00000e+00     fixed    
  17  LM          -7.20700e-04   constant   
  18  zeta_y       0.00000e+00   constant   
  19  zeta_vw      0.00000e+00   constant   
  20  T_CBO        1.15289e+02   1.90944e+02   1.66634e-04  -4.10592e-03
  21  alpha_A0    -8.57577e-04   2.16996e-03   6.00101e-06   9.13808e-01
  22  beta_A0      1.62432e-03   3.18606e-03   6.49436e-06  -1.68343e-01
  23  alpha_phi   -5.57306e-03   9.93501e-03   5.74100e-06   9.17178e-01
  24  beta_phi     1.05704e-02   1.85689e-02   5.48209e-06   3.22581e-01
 EXTERNAL ERROR MATRIX.    NDIM=  25    NPAR=  7    ERR DEF=1
  2.018e-08  7.178e-10 -2.980e-05 -2.464e-09 -4.612e-09 -2.647e-09  1.646e-09 
  7.178e-10  2.044e-08 -5.370e-05  1.547e-09  7.202e-09 -7.684e-10  5.052e-09 
 -2.980e-05 -5.370e-05  4.189e+04  3.264e-01 -5.648e-01  2.013e+00 -3.791e+00 
 -2.464e-09  1.547e-09  3.264e-01  4.709e-06 -4.182e-06  1.583e-05 -2.940e-05 
 -4.612e-09  7.202e-09 -5.648e-01 -4.182e-06  1.015e-05 -2.696e-05  5.119e-05 
 -2.647e-09 -7.684e-10  2.013e+00  1.583e-05 -2.696e-05  9.870e-05 -1.821e-04 
  1.646e-09  5.052e-09 -3.791e+00 -2.940e-05  5.119e-05 -1.821e-04  3.448e-04 
ERR MATRIX NOT POS-DEF
 PARAMETER  CORRELATION COEFFICIENTS  
       NO.  GLOBAL     13     14     20     21     22     23     24
       13  0.04359   1.000  0.035 -0.001 -0.008 -0.010 -0.002  0.001
       14  0.04690   0.035  1.000 -0.002  0.005  0.016 -0.001  0.002
       20  0.99800  -0.001 -0.002  1.000  0.735 -0.866  0.990 -0.997
       21  0.74029  -0.008  0.005  0.735  1.000 -0.605  0.734 -0.730
       22  0.86859  -0.010  0.016 -0.866 -0.605  1.000 -0.852  0.865
       23  0.99008  -0.002 -0.001  0.990  0.734 -0.852  1.000 -0.987
       24  0.99742   0.001  0.002 -0.997 -0.730  0.865 -0.987  1.000
 ERR MATRIX NOT POS-DEF
MINUIT - FIT ALTOGETHER
 **********
 **   83 **RES 
 **********
