 + ++++++++++++++++++++++++++++++++++++++++++++++++++++++++++++++++++++ +
 +                                                                      +
 +           You have chose to blind your fitting according to          +
 +                omega_ref * (1 + (R +/- deltaR) *10^{-6})             +
 +                                                                      +
 + ++++++++++++++++++++++++++++++++++++++++++++++++++++++++++++++++++++ +
In main()...
reading format from /gm2data/zkhechad/run45/envelope/formats/formatB_sBin_constraintOn.txt
pBinTau 	= 0  
pBinPhi 	= 0  
constraintau 	= 1 
includeMopTerm 	= 0    
constrainMop    = 0   
Parameters after format file: pBinTau 0 pBinPhi 0 constraintau 1 includeMopTerm 0 constrainMop 0 c_e_scale 0.000000 
Opening file /gm2data/tbarrett/gm2fr/studies/run23_bunch_corrections/CorrectedFourier_Run3b.root.
reading full fit data from /gm2data/zkhechad/cboTemplates/Run4CBOTemplates/fullFits/noRF/sBin_constraintOn_cE0.0_seed0_noRF_calo11.root
windowBins = 69
fitting sliding window 700 from bin 836 at 124.582000 to bin 905 at 135.026000 (69 bins)

Reading data from /gm2data/cornell/histograms/aMethod/histogram_a_noRF.root
 **********
 **    1 **SET PRINTOUT            1
 **********
 **********
 **    2 **SET NOWARNINGS 
 **********
 PARAMETER DEFINITIONS:
    NO.   NAME         VALUE      STEP SIZE      LIMITS
     1 N0           3.16093e+06  1.00000e+02     no limits
     2 tau          6.43989e+01  constant
     3 A0           3.42733e-01  1.00000e-04     no limits
     4 phi          4.11801e+00  1.00000e-02     no limits
     5 R           -6.14725e+01  constant
     6 alpha_CBO    0.00000e+00  1.00000e-03     no limits
     7 w_CBO        2.32500e+00  constant
     8 beta_CBO     0.00000e+00  1.00000e-03     no limits
     9 alpha_2CBO   0.00000e+00  1.00000e-03     no limits
    10 beta_2CBO    0.00000e+00  1.00000e-03     no limits
    11 alpha_y      0.00000e+00  1.00000e-03     no limits
    12 w_y          1.38860e+01  constant
    13 beta_y       0.00000e+00  1.00000e-03     no limits
    14 alpha_vw     0.00000e+00  1.00000e-03     no limits
    15 w_vw         1.43404e+01  constant
    16 beta_vw      0.00000e+00  1.00000e-03     no limits
    17 LM          -2.06090e-04  constant
    18 zeta_y       0.00000e+00  constant
    19 zeta_vw      0.00000e+00  constant
    20 T_CBO        1.00000e+02  1.00000e+00    0.00000e+00  1.00000e+03
    21 alpha_A0     0.00000e+00  1.00000e-03     no limits
    22 beta_A0      0.00000e+00  1.00000e-03     no limits
    23 alpha_phi    0.00000e+00  1.00000e-03     no limits
    24 beta_phi     0.00000e+00  1.00000e-03     no limits
MINUIT - FIT ONLY WIGGLE
 **********
 **    3 **FIX            5
 **********
 PARAMETER    5  IS CONSTANT.   IGNORED.
 **********
 **    4 **FIX            6
 **********
 **********
 **    5 **FIX            7
 **********
 PARAMETER    7  IS CONSTANT.   IGNORED.
 **********
 **    6 **FIX            8
 **********
 **********
 **    7 **FIX            9
 **********
 **********
 **    8 **FIX           10
 **********
 **********
 **    9 **FIX           11
 **********
 **********
 **   10 **FIX           12
 **********
 PARAMETER   12  IS CONSTANT.   IGNORED.
 **********
 **   11 **FIX           13
 **********
 **********
 **   12 **FIX           14
 **********
 **********
 **   13 **FIX           15
 **********
 PARAMETER   15  IS CONSTANT.   IGNORED.
 **********
 **   14 **FIX           16
 **********
 **********
 **   15 **MIGRAD
 **********
 FIRST CALL TO USER FUNCTION AT NEW START POINT, WITH IFLAG=4.
 START MIGRAD MINIMIZATION.  STRATEGY  1.  CONVERGENCE WHEN EDM .LT. 1.00e-04
 FCN=1129.14 FROM MIGRAD    STATUS=INITIATE      437 CALLS         438 TOTAL
                     EDM= unknown      STRATEGY= 1      NO ERROR MATRIX       
  EXT PARAMETER               CURRENT GUESS       STEP         FIRST   
  NO.   NAME      VALUE            ERROR          SIZE      DERIVATIVE 
   1  N0           3.16093e+06   1.00000e+02   0.00000e+00   2.57929e-02
   2  tau          6.43989e+01   constant   
   3  A0           3.42733e-01   1.00000e-04   0.00000e+00   6.08364e+04
   4  phi          4.11801e+00   1.00000e-02   0.00000e+00  -6.23213e+02
   5  R           -6.14725e+01   constant   
   6  alpha_CBO    0.00000e+00     fixed    
   7  w_CBO        2.32500e+00   constant   
   8  beta_CBO     0.00000e+00     fixed    
   9  alpha_2CBO   0.00000e+00     fixed    
  10  beta_2CBO    0.00000e+00     fixed    
  11  alpha_y      0.00000e+00     fixed    
  12  w_y          1.38860e+01   constant   
  13  beta_y       0.00000e+00     fixed    
  14  alpha_vw     0.00000e+00     fixed    
  15  w_vw         1.43404e+01   constant   
  16  beta_vw      0.00000e+00     fixed    
  17  LM          -2.06090e-04   constant   
  18  zeta_y       0.00000e+00   constant   
  19  zeta_vw      0.00000e+00   constant   
  20  T_CBO        1.00000e+02   1.00000e+00   0.00000e+00   0.00000e+00
  21  alpha_A0     0.00000e+00   1.00000e-03   0.00000e+00  -1.64741e+03
  22  beta_A0      0.00000e+00   1.00000e-03   0.00000e+00  -1.10296e+03
  23  alpha_phi    0.00000e+00   1.00000e-03   0.00000e+00  -7.81517e+03
  24  beta_phi     0.00000e+00   1.00000e-03   0.00000e+00  -2.20066e+03
 CALL LIMIT EXCEEDED IN MIGRAD.
 MIGRAD TERMINATED WITHOUT CONVERGENCE.
 FCN=996.273 FROM MIGRAD    STATUS=CALL LIMIT   1331 CALLS        1332 TOTAL
                     EDM=0.00137705    STRATEGY= 1  ERROR MATRIX UNCERTAINTY   0.3 per cent
  EXT PARAMETER                APPROXIMATE        STEP         FIRST   
  NO.   NAME      VALUE            ERROR          SIZE      DERIVATIVE 
   1  N0           3.16020e+06   3.70303e+02  -1.19430e+00  -4.06181e-06
   2  tau          6.43989e+01   constant   
   3  A0           3.41871e-01   1.53564e-04  -1.61600e-06  -1.47239e+02
   4  phi          4.11796e+00   4.58225e-04   1.82832e-07   3.23642e+00
   5  R           -6.14725e+01   constant   
   6  alpha_CBO    0.00000e+00     fixed    
   7  w_CBO        2.32500e+00   constant   
   8  beta_CBO     0.00000e+00     fixed    
   9  alpha_2CBO   0.00000e+00     fixed    
  10  beta_2CBO    0.00000e+00     fixed    
  11  alpha_y      0.00000e+00     fixed    
  12  w_y          1.38860e+01   constant   
  13  beta_y       0.00000e+00     fixed    
  14  alpha_vw     0.00000e+00     fixed    
  15  w_vw         1.43404e+01   constant   
  16  beta_vw      0.00000e+00     fixed    
  17  LM          -2.06090e-04   constant   
  18  zeta_y       0.00000e+00   constant   
  19  zeta_vw      0.00000e+00   constant   
  20  T_CBO        8.93153e+02   8.71074e+02   1.57152e-02  -2.03494e-02
  21  alpha_A0     1.93869e-03   8.18451e-04   9.41878e-06   3.22255e+01
  22  beta_A0      1.19664e-03   8.57402e-04   4.20611e-06   2.30113e+01
  23  alpha_phi    6.93751e-03   1.48817e-03   1.87424e-05  -2.84415e+01
  24  beta_phi     1.23077e-03   7.87867e-04   6.47109e-06   2.83269e+01
 EXTERNAL ERROR MATRIX.    NDIM=  25    NPAR=  8    ERR DEF=1
  1.371e+05 -7.873e-03 -8.808e-03 -6.481e+03  3.184e-02  8.281e-02  6.578e-02 -3.558e-02 
 -7.873e-03  2.358e-08 -1.155e-09 -4.411e-02  1.191e-08 -4.326e-09  2.681e-08  2.916e-08 
 -8.808e-03 -1.155e-09  2.100e-07  1.370e-02  4.109e-08 -1.303e-08 -3.701e-08 -3.492e-08 
 -6.481e+03 -4.411e-02  1.370e-02  1.023e+06 -9.624e-02 -6.094e-02 -1.303e+00 -8.709e-02 
  3.184e-02  1.191e-08  4.109e-08 -9.624e-02  6.699e-07 -4.487e-08  1.997e-07 -1.116e-07 
  8.281e-02 -4.326e-09 -1.303e-08 -6.094e-02 -4.487e-08  7.351e-07  1.671e-07 -1.009e-07 
  6.578e-02  2.681e-08 -3.701e-08 -1.303e+00  1.997e-07  1.671e-07  2.215e-06  7.508e-08 
 -3.558e-02  2.916e-08 -3.492e-08 -8.709e-02 -1.116e-07 -1.009e-07  7.508e-08  6.207e-07 
ERR MATRIX APPROXIMATE
 PARAMETER  CORRELATION COEFFICIENTS  
       NO.  GLOBAL      1      3      4     20     21     22     23     24
        1  0.35069   1.000 -0.138 -0.052 -0.017  0.105  0.261  0.119 -0.122
        3  0.46027  -0.138  1.000 -0.016 -0.284  0.095 -0.033  0.117  0.241
        4  0.17061  -0.052 -0.016  1.000  0.030  0.110 -0.033 -0.054 -0.097
       20  0.88826  -0.017 -0.284  0.030  1.000 -0.116 -0.070 -0.866 -0.109
       21  0.34321   0.105  0.095  0.110 -0.116  1.000 -0.064  0.164 -0.173
       22  0.34067   0.261 -0.033 -0.033 -0.070 -0.064  1.000  0.131 -0.149
       23  0.88482   0.119  0.117 -0.054 -0.866  0.164  0.131  1.000  0.064
       24  0.36754  -0.122  0.241 -0.097 -0.109 -0.173 -0.149  0.064  1.000
 ERR MATRIX APPROXIMATE
MINUIT - FIT ONLY 1-CBO + wiggle
 **********
 **   16 **RES 
 **********
                   PARAMETER   16  beta_vw RESTORED TO VARIABLE.
                   PARAMETER   14  alpha_vw RESTORED TO VARIABLE.
                   PARAMETER   13  beta_y RESTORED TO VARIABLE.
                   PARAMETER   11  alpha_y RESTORED TO VARIABLE.
                   PARAMETER   10  beta_2CBO RESTORED TO VARIABLE.
                   PARAMETER    9  alpha_2CBO RESTORED TO VARIABLE.
                   PARAMETER    8  beta_CBO RESTORED TO VARIABLE.
                   PARAMETER    6  alpha_CBO RESTORED TO VARIABLE.
 **********
 **   17 **FIX            8
 **********
 **********
 **   18 **FIX            9
 **********
 **********
 **   19 **FIX           11
 **********
 **********
 **   20 **FIX           12
 **********
 PARAMETER   12  IS CONSTANT.   IGNORED.
 **********
 **   21 **FIX           14
 **********
 **********
 **   22 **FIX           15
 **********
 PARAMETER   15  IS CONSTANT.   IGNORED.
 **********
 **   23 **FIX           16
 **********
 **********
 **   24 **MIGRAD
 **********
 START MIGRAD MINIMIZATION.  STRATEGY  1.  CONVERGENCE WHEN EDM .LT. 1.00e-04
 FCN=996.273 FROM MIGRAD    STATUS=INITIATE       28 CALLS        1360 TOTAL
                     EDM= unknown      STRATEGY= 1      NO ERROR MATRIX       
  EXT PARAMETER               CURRENT GUESS       STEP         FIRST   
  NO.   NAME      VALUE            ERROR          SIZE      DERIVATIVE 
   1  N0           3.16020e+06   3.70303e+02  -1.19430e+00  -4.06181e-06
   2  tau          6.43989e+01   constant   
   3  A0           3.41871e-01   1.53564e-04  -1.61600e-06  -1.47239e+02
   4  phi          4.11796e+00   4.58225e-04   1.82832e-07   3.23642e+00
   5  R           -6.14725e+01   constant   
   6  alpha_CBO    0.00000e+00   1.00000e-03   1.00000e-03  -3.50806e+05
   7  w_CBO        2.32500e+00   constant   
   8  beta_CBO     0.00000e+00     fixed    
   9  alpha_2CBO   0.00000e+00     fixed    
  10  beta_2CBO    0.00000e+00   1.00000e-03   1.00000e-03  -4.68455e+04
  11  alpha_y      0.00000e+00     fixed    
  12  w_y          1.38860e+01   constant   
  13  beta_y       0.00000e+00   1.00000e-03   1.00000e-03  -6.18580e+04
  14  alpha_vw     0.00000e+00     fixed    
  15  w_vw         1.43404e+01   constant   
  16  beta_vw      0.00000e+00     fixed    
  17  LM          -2.06090e-04   constant   
  18  zeta_y       0.00000e+00   constant   
  19  zeta_vw      0.00000e+00   constant   
  20  T_CBO        8.93153e+02   8.71074e+02   1.57152e-02  -2.04162e-02
  21  alpha_A0     1.93869e-03   8.18451e-04   9.41878e-06   3.22255e+01
  22  beta_A0      1.19664e-03   8.57402e-04   4.20611e-06   2.30113e+01
  23  alpha_phi    6.93751e-03   1.48817e-03   1.87424e-05  -2.84415e+01
  24  beta_phi     1.23077e-03   7.87867e-04   6.47109e-06   2.83269e+01
 MIGRAD MINIMIZATION HAS CONVERGED.
 FCN=100.11 FROM MIGRAD    STATUS=CONVERGED     213 CALLS        1545 TOTAL
                     EDM=7.44729e-06    STRATEGY= 1  ERROR MATRIX UNCERTAINTY   2.4 per cent
  EXT PARAMETER                                   STEP         FIRST   
  NO.   NAME      VALUE            ERROR          SIZE      DERIVATIVE 
   1  N0           3.16100e+06   3.84743e+02   1.66805e-01   4.85612e-06
   2  tau          6.43989e+01   constant   
   3  A0           3.42697e-01   1.57842e-04   3.89841e-07   4.56423e+00
   4  phi          4.11890e+00   4.58638e-04  -5.27408e-07  -3.15913e+00
   5  R           -6.14725e+01   constant   
   6  alpha_CBO    4.88124e-03   1.66789e-04  -4.83433e-08  -1.71586e+00
   7  w_CBO        2.32500e+00   constant   
   8  beta_CBO     0.00000e+00     fixed    
   9  alpha_2CBO   0.00000e+00     fixed    
  10  beta_2CBO    5.21203e-04   1.64671e-04   5.72723e-07  -2.26096e+00
  11  alpha_y      0.00000e+00     fixed    
  12  w_y          1.38860e+01   constant   
  13  beta_y       8.88560e-04   1.59820e-04   3.37054e-07   6.24868e+00
  14  alpha_vw     0.00000e+00     fixed    
  15  w_vw         1.43404e+01   constant   
  16  beta_vw      0.00000e+00     fixed    
  17  LM          -2.06090e-04   constant   
  18  zeta_y       0.00000e+00   constant   
  19  zeta_vw      0.00000e+00   constant   
  20  T_CBO        9.77059e+02   8.49206e+01   2.01217e-03  -9.91123e-03
  21  alpha_A0     7.76922e-04   8.02392e-04   1.97358e-06  -1.81291e-01
  22  beta_A0      1.70522e-03   8.13345e-04  -9.89139e-07  -2.06153e+00
  23  alpha_phi    5.21256e-03   7.96912e-04  -3.45885e-06  -4.22924e+00
  24  beta_phi     1.38787e-03   7.38712e-04   1.31899e-06  -1.30479e+00
 EXTERNAL ERROR MATRIX.    NDIM=  25    NPAR= 11    ERR DEF=1
  1.480e+05 
 -9.369e-03  2.491e-08 
 -7.263e-03  2.364e-09  2.103e-07 
  4.477e-03  4.500e-09  5.310e-09  2.782e-08 
 -1.341e-03  1.008e-09  6.322e-10 -6.532e-10  2.712e-08 
 -8.037e-05 -6.604e-11  2.250e-09  4.070e-10  8.617e-10  2.554e-08 
  1.247e+03  1.020e-03 -2.181e-03 -2.946e-04  2.269e-03  1.126e-03  8.153e+03 
  3.945e-02 -1.285e-08  2.054e-08 -8.031e-09  1.254e-08  8.763e-10 -3.360e-04  6.438e-07 
  6.937e-02 -1.360e-08 -1.113e-09  2.401e-09  5.407e-09  2.816e-09 -6.166e-03  3.601e-08  6.615e-07 
  5.935e-02 -2.047e-08 -2.175e-08 -8.929e-09 -5.412e-09 -4.071e-10 -4.245e-02  2.992e-08  5.320e-08  6.351e-07 
 -3.768e-02  8.663e-09 -6.601e-09  2.506e-10  5.716e-09  2.420e-09  4.845e-04  1.563e-08 -3.973e-08 -6.514e-08  5.457e-07 
 PARAMETER  CORRELATION COEFFICIENTS  
       NO.  GLOBAL      1      3      4      6     10     13     20     21     22     23     24
        1  0.40061   1.000 -0.154 -0.041  0.070 -0.021 -0.001  0.036  0.128  0.222  0.194 -0.133
        3  0.29092  -0.154  1.000  0.033  0.171  0.039 -0.003  0.072 -0.101 -0.106 -0.163  0.074
        4  0.16478  -0.041  0.033  1.000  0.069  0.008  0.031 -0.053  0.056 -0.003 -0.060 -0.019
        6  0.23913   0.070  0.171  0.069  1.000 -0.024  0.015 -0.020 -0.060  0.018 -0.067  0.002
       10  0.21651  -0.021  0.039  0.008 -0.024  1.000  0.033  0.153  0.095  0.040 -0.041  0.047
       13  0.11569  -0.001 -0.003  0.031  0.015  0.033  1.000  0.078  0.007  0.022 -0.003  0.021
       20  0.64328   0.036  0.072 -0.053 -0.020  0.153  0.078  1.000 -0.005 -0.084 -0.590  0.007
       21  0.20789   0.128 -0.101  0.056 -0.060  0.095  0.007 -0.005  1.000  0.055  0.047  0.026
       22  0.26373   0.222 -0.106 -0.003  0.018  0.040  0.022 -0.084  0.055  1.000  0.082 -0.066
       23  0.65282   0.194 -0.163 -0.060 -0.067 -0.041 -0.003 -0.590  0.047  0.082  1.000 -0.111
       24  0.19454  -0.133  0.074 -0.019  0.002  0.047  0.021  0.007  0.026 -0.066 -0.111  1.000
MINUIT - FIT ONLY 2-CBO
 **********
 **   25 **RES 
 **********
                   PARAMETER   16  beta_vw RESTORED TO VARIABLE.
                   PARAMETER   14  alpha_vw RESTORED TO VARIABLE.
                   PARAMETER   11  alpha_y RESTORED TO VARIABLE.
                   PARAMETER    9  alpha_2CBO RESTORED TO VARIABLE.
                   PARAMETER    8  beta_CBO RESTORED TO VARIABLE.
 **********
 **   26 **FIX            0
 **********
 PARAMETER    0  IS UNDEFINED. IGNORED.
 **********
 **   27 **FIX            1
 **********
 **********
 **   28 **FIX            2
 **********
 PARAMETER    2  IS CONSTANT.   IGNORED.
 **********
 **   29 **FIX            3
 **********
 **********
 **   30 **FIX            4
 **********
 **********
 **   31 **FIX            5
 **********
 PARAMETER    5  IS CONSTANT.   IGNORED.
 **********
 **   32 **FIX            6
 **********
 **********
 **   33 **FIX            7
 **********
 PARAMETER    7  IS CONSTANT.   IGNORED.
 **********
 **   34 **FIX           10
 **********
 **********
 **   35 **FIX           11
 **********
 **********
 **   36 **FIX           12
 **********
 PARAMETER   12  IS CONSTANT.   IGNORED.
 **********
 **   37 **FIX           13
 **********
 **********
 **   38 **FIX           14
 **********
 **********
 **   39 **FIX           15
 **********
 PARAMETER   15  IS CONSTANT.   IGNORED.
 **********
 **   40 **FIX           16
 **********
 **********
 **   41 **MIGRAD
 **********
 START MIGRAD MINIMIZATION.  STRATEGY  1.  CONVERGENCE WHEN EDM .LT. 1.00e-04
 FCN=100.11 FROM MIGRAD    STATUS=INITIATE       18 CALLS        1563 TOTAL
                     EDM= unknown      STRATEGY= 1      NO ERROR MATRIX       
  EXT PARAMETER               CURRENT GUESS       STEP         FIRST   
  NO.   NAME      VALUE            ERROR          SIZE      DERIVATIVE 
   1  N0           3.16100e+06     fixed    
   2  tau          6.43989e+01   constant   
   3  A0           3.42697e-01     fixed    
   4  phi          4.11890e+00     fixed    
   5  R           -6.14725e+01   constant   
   6  alpha_CBO    4.88124e-03     fixed    
   7  w_CBO        2.32500e+00   constant   
   8  beta_CBO     0.00000e+00   1.00000e-03   1.00000e-03   4.49995e+04
   9  alpha_2CBO   0.00000e+00   1.00000e-03   1.00000e-03   2.14071e+04
  10  beta_2CBO    5.21203e-04     fixed    
  11  alpha_y      0.00000e+00     fixed    
  12  w_y          1.38860e+01   constant   
  13  beta_y       8.88560e-04     fixed    
  14  alpha_vw     0.00000e+00     fixed    
  15  w_vw         1.43404e+01   constant   
  16  beta_vw      0.00000e+00     fixed    
  17  LM          -2.06090e-04   constant   
  18  zeta_y       0.00000e+00   constant   
  19  zeta_vw      0.00000e+00   constant   
  20  T_CBO        9.77059e+02   8.49206e+01   2.01217e-03  -9.90927e-03
  21  alpha_A0     7.76922e-04   8.02392e-04   1.97358e-06  -1.81306e-01
  22  beta_A0      1.70522e-03   8.13345e-04  -9.89139e-07  -2.06154e+00
  23  alpha_phi    5.21256e-03   7.96912e-04  -3.45885e-06  -4.22924e+00
  24  beta_phi     1.38787e-03   7.38712e-04   1.31899e-06  -1.30479e+00
 MIGRAD MINIMIZATION HAS CONVERGED.
 MIGRAD WILL VERIFY CONVERGENCE AND ERROR MATRIX.
 COVARIANCE MATRIX CALCULATED SUCCESSFULLY
 FCN=84.3221 FROM MIGRAD    STATUS=CONVERGED     150 CALLS        1695 TOTAL
                     EDM=5.18467e-06    STRATEGY= 1      ERROR MATRIX ACCURATE 
  EXT PARAMETER                                   STEP         FIRST   
  NO.   NAME      VALUE            ERROR          SIZE      DERIVATIVE 
   1  N0           3.16100e+06     fixed    
   2  tau          6.43989e+01   constant   
   3  A0           3.42697e-01     fixed    
   4  phi          4.11890e+00     fixed    
   5  R           -6.14725e+01   constant   
   6  alpha_CBO    4.88124e-03     fixed    
   7  w_CBO        2.32500e+00   constant   
   8  beta_CBO    -5.57430e-04   1.56478e-04   6.99943e-07   6.36941e+00
   9  alpha_2CBO  -3.03027e-04   1.64329e-04   7.20796e-07  -1.01818e+01
  10  beta_2CBO    5.21203e-04     fixed    
  11  alpha_y      0.00000e+00     fixed    
  12  w_y          1.38860e+01   constant   
  13  beta_y       8.88560e-04     fixed    
  14  alpha_vw     0.00000e+00     fixed    
  15  w_vw         1.43404e+01   constant   
  16  beta_vw      0.00000e+00     fixed    
  17  LM          -2.06090e-04   constant   
  18  zeta_y       0.00000e+00   constant   
  19  zeta_vw      0.00000e+00   constant   
  20  T_CBO        9.99999e+02   8.22957e+02   3.43940e-02  -4.85207e-05
  21  alpha_A0     6.45057e-04   7.77721e-04   3.49626e-06  -1.41727e+00
  22  beta_A0      2.10805e-03   7.67797e-04   3.39269e-06  -4.84372e-01
  23  alpha_phi    5.01275e-03   7.34410e-04   3.27028e-06  -5.27381e-02
  24  beta_phi     1.54033e-03   7.09333e-04   3.16219e-06  -2.89782e+00
 EXTERNAL ERROR MATRIX.    NDIM=  25    NPAR=  7    ERR DEF=1
  2.449e-08  6.166e-10 -1.797e-08  2.673e-09 -8.115e-09  3.468e-10 -1.095e-08 
  6.166e-10  2.700e-08  2.115e-08  6.436e-09 -2.103e-08  1.655e-08  8.352e-09 
 -1.797e-08  2.115e-08  4.313e+01  3.521e-05  1.147e-04  2.692e-04  8.332e-05 
  2.673e-09  6.436e-09  3.521e-05  6.049e-07  2.883e-08  1.351e-08  7.054e-09 
 -8.115e-09 -2.103e-08  1.147e-04  2.883e-08  5.895e-07 -5.732e-10 -3.924e-08 
  3.468e-10  1.655e-08  2.692e-04  1.351e-08 -5.732e-10  5.394e-07 -2.360e-08 
 -1.095e-08  8.352e-09  8.332e-05  7.054e-09 -3.924e-08 -2.360e-08  5.032e-07 
 PARAMETER  CORRELATION COEFFICIENTS  
       NO.  GLOBAL      8      9     20     21     22     23     24
        8  0.12808   1.000  0.024 -0.000  0.022 -0.068  0.003 -0.099
        9  0.23282   0.024  1.000  0.000  0.050 -0.167  0.137  0.072
       20  0.06472  -0.000  0.000  1.000  0.007  0.023  0.056  0.018
       21  0.08347   0.022  0.050  0.007  1.000  0.048  0.024  0.013
       22  0.20148  -0.068 -0.167  0.023  0.048  1.000 -0.001 -0.072
       23  0.16026   0.003  0.137  0.056  0.024 -0.001  1.000 -0.045
       24  0.15320  -0.099  0.072  0.018  0.013 -0.072 -0.045  1.000
MINUIT - FIT wiggle + 1-CBO + 2-CBO
 **********
 **   42 **RES 
 **********
                   PARAMETER   16  beta_vw RESTORED TO VARIABLE.
                   PARAMETER   14  alpha_vw RESTORED TO VARIABLE.
                   PARAMETER   13  beta_y RESTORED TO VARIABLE.
                   PARAMETER   11  alpha_y RESTORED TO VARIABLE.
                   PARAMETER   10  beta_2CBO RESTORED TO VARIABLE.
                   PARAMETER    6  alpha_CBO RESTORED TO VARIABLE.
                   PARAMETER    4  phi RESTORED TO VARIABLE.
                   PARAMETER    3  A0 RESTORED TO VARIABLE.
                   PARAMETER    1  N0 RESTORED TO VARIABLE.
 **********
 **   43 **FIX           10
 **********
 **********
 **   44 **FIX           11
 **********
 **********
 **   45 **FIX           12
 **********
 PARAMETER   12  IS CONSTANT.   IGNORED.
 **********
 **   46 **FIX           13
 **********
 **********
 **   47 **FIX           14
 **********
 **********
 **   48 **FIX           15
 **********
 PARAMETER   15  IS CONSTANT.   IGNORED.
 **********
 **   49 **FIX           16
 **********
 **********
 **   50 **MIGRAD
 **********
 START MIGRAD MINIMIZATION.  STRATEGY  1.  CONVERGENCE WHEN EDM .LT. 1.00e-04
 FCN=84.3221 FROM MIGRAD    STATUS=INITIATE       22 CALLS        1717 TOTAL
                     EDM= unknown      STRATEGY= 1      NO ERROR MATRIX       
  EXT PARAMETER               CURRENT GUESS       STEP         FIRST   
  NO.   NAME      VALUE            ERROR          SIZE      DERIVATIVE 
   1  N0           3.16100e+06   3.84743e+02   3.84743e+02  -4.49864e-06
   2  tau          6.43989e+01   constant   
   3  A0           3.42697e-01   1.57842e-04   1.57842e-04  -3.37834e+03
   4  phi          4.11890e+00   4.58638e-04   4.58638e-04   3.57255e+03
   5  R           -6.14725e+01   constant   
   6  alpha_CBO    4.88124e-03   1.66789e-04   1.66789e-04   1.94244e+03
   7  w_CBO        2.32500e+00   constant   
   8  beta_CBO    -5.57430e-04   1.56478e-04   6.99943e-07   6.36941e+00
   9  alpha_2CBO  -3.03027e-04   1.64329e-04   7.20796e-07  -1.01818e+01
  10  beta_2CBO    5.21203e-04     fixed    
  11  alpha_y      0.00000e+00     fixed    
  12  w_y          1.38860e+01   constant   
  13  beta_y       8.88560e-04     fixed    
  14  alpha_vw     0.00000e+00     fixed    
  15  w_vw         1.43404e+01   constant   
  16  beta_vw      0.00000e+00     fixed    
  17  LM          -2.06090e-04   constant   
  18  zeta_y       0.00000e+00   constant   
  19  zeta_vw      0.00000e+00   constant   
  20  T_CBO        9.99999e+02   8.22957e+02   3.43940e-02  -4.90804e-05
  21  alpha_A0     6.45057e-04   7.77721e-04   3.49626e-06  -1.41731e+00
  22  beta_A0      2.10805e-03   7.67797e-04   3.39269e-06  -4.84365e-01
  23  alpha_phi    5.01275e-03   7.34410e-04   3.27028e-06  -5.27388e-02
  24  beta_phi     1.54033e-03   7.09333e-04   3.16219e-06  -2.89782e+00
 MIGRAD MINIMIZATION HAS CONVERGED.
 MIGRAD WILL VERIFY CONVERGENCE AND ERROR MATRIX.
 COVARIANCE MATRIX CALCULATED SUCCESSFULLY
 FCN=83.4118 FROM MIGRAD    STATUS=CONVERGED     216 CALLS        1911 TOTAL
                     EDM=9.27287e-06    STRATEGY= 1      ERROR MATRIX ACCURATE 
  EXT PARAMETER                                   STEP         FIRST   
  NO.   NAME      VALUE            ERROR          SIZE      DERIVATIVE 
   1  N0           3.16101e+06   3.81201e+02   1.58740e+00   8.00374e-06
   2  tau          6.43989e+01   constant   
   3  A0           3.42741e-01   1.59711e-04   6.80481e-07  -6.13255e+00
   4  phi          4.11844e+00   4.98291e-04   2.12650e-06   1.05734e+00
   5  R           -6.14725e+01   constant   
   6  alpha_CBO    4.85388e-03   1.67518e-04   7.27386e-07  -1.95878e+00
   7  w_CBO        2.32500e+00   constant   
   8  beta_CBO    -5.97375e-04   1.62227e-04   6.96200e-07  -1.94736e+00
   9  alpha_2CBO  -3.04301e-04   1.65546e-04   7.16942e-07  -2.93601e+00
  10  beta_2CBO    5.21203e-04     fixed    
  11  alpha_y      0.00000e+00     fixed    
  12  w_y          1.38860e+01   constant   
  13  beta_y       8.88560e-04     fixed    
  14  alpha_vw     0.00000e+00     fixed    
  15  w_vw         1.43404e+01   constant   
  16  beta_vw      0.00000e+00     fixed    
  17  LM          -2.06090e-04   constant   
  18  zeta_y       0.00000e+00   constant   
  19  zeta_vw      0.00000e+00   constant   
  20  T_CBO        1.00000e+03   5.70658e+02   3.34433e-02** at limit **
  21  alpha_A0     5.43511e-04   7.92906e-04   3.47663e-06   1.54940e+00
  22  beta_A0      2.10380e-03   7.97648e-04   3.37341e-06   1.83765e+00
  23  alpha_phi    5.04275e-03   7.60770e-04   3.25167e-06  -1.80388e-01
  24  beta_phi     1.62884e-03   7.22009e-04   3.14428e-06   1.26251e+00
 EXTERNAL ERROR MATRIX.    NDIM=  25    NPAR= 11    ERR DEF=1
  1.453e+05 
 -7.635e-03  2.551e-08 
 -1.285e-02 -3.002e-09  2.483e-07 
  4.588e-03  4.870e-09  4.667e-09  2.806e-08 
 -1.802e-03 -2.591e-09  1.993e-08 -1.758e-10  2.632e-08 
  3.284e-03  1.346e-09  4.620e-10  2.925e-09  4.875e-10  2.741e-08 
  4.393e-04 -2.568e-09  5.885e-09 -5.910e-11  6.362e-10 -2.660e-11  5.339e-04 
  2.737e-02 -1.417e-08  4.879e-08 -8.600e-09  7.582e-09  5.743e-09  9.913e-08  6.287e-07 
  7.684e-02 -1.636e-08 -1.275e-08  5.338e-10 -8.344e-09 -1.999e-08  3.751e-07  4.775e-08  6.362e-07 
  6.266e-02 -1.819e-08 -2.996e-08 -6.943e-09 -9.225e-10  1.647e-08  8.851e-07  2.924e-08  4.041e-08  5.788e-07 
 -3.279e-02  1.271e-08 -3.736e-08  5.565e-10 -1.476e-08  8.149e-09  2.866e-07 -1.257e-08 -6.060e-08 -4.017e-08  5.213e-07 
 PARAMETER  CORRELATION COEFFICIENTS  
       NO.  GLOBAL      1      3      4      6      8      9     20     21     22     23     24
        1  0.36761   1.000 -0.125 -0.068  0.072 -0.029  0.052  0.000  0.091  0.253  0.216 -0.119
        3  0.31300  -0.125  1.000 -0.038  0.182 -0.100  0.051 -0.001 -0.112 -0.128 -0.150  0.110
        4  0.30832  -0.068 -0.038  1.000  0.056  0.247  0.006  0.001  0.123 -0.032 -0.079 -0.104
        6  0.25132   0.072  0.182  0.056  1.000 -0.006  0.105 -0.000 -0.065  0.004 -0.054  0.005
        8  0.29135  -0.029 -0.100  0.247 -0.006  1.000  0.018  0.000  0.059 -0.064 -0.007 -0.126
        9  0.26090   0.052  0.051  0.006  0.105  0.018  1.000 -0.000  0.044 -0.151  0.131  0.068
       20  0.06064   0.000 -0.001  0.001 -0.000  0.000 -0.000  1.000  0.005  0.020  0.050  0.017
       21  0.21148   0.091 -0.112  0.123 -0.065  0.059  0.044  0.005  1.000  0.076  0.048 -0.022
       22  0.33357   0.253 -0.128 -0.032  0.004 -0.064 -0.151  0.020  0.076  1.000  0.067 -0.105
       23  0.30374   0.216 -0.150 -0.079 -0.054 -0.007  0.131  0.050  0.048  0.067  1.000 -0.073
       24  0.24011  -0.119  0.110 -0.104  0.005 -0.126  0.068  0.017 -0.022 -0.105 -0.073  1.000
MINUIT - FIT ONLY 1-y
 **********
 **   51 **RES 
 **********
                   PARAMETER   16  beta_vw RESTORED TO VARIABLE.
                   PARAMETER   14  alpha_vw RESTORED TO VARIABLE.
                   PARAMETER   13  beta_y RESTORED TO VARIABLE.
                   PARAMETER   11  alpha_y RESTORED TO VARIABLE.
                   PARAMETER   10  beta_2CBO RESTORED TO VARIABLE.
 **********
 **   52 **FIX            0
 **********
 PARAMETER    0  IS UNDEFINED. IGNORED.
 **********
 **   53 **FIX            1
 **********
 **********
 **   54 **FIX            2
 **********
 PARAMETER    2  IS CONSTANT.   IGNORED.
 **********
 **   55 **FIX            3
 **********
 **********
 **   56 **FIX            4
 **********
 **********
 **   57 **FIX            5
 **********
 PARAMETER    5  IS CONSTANT.   IGNORED.
 **********
 **   58 **FIX            6
 **********
 **********
 **   59 **FIX            7
 **********
 PARAMETER    7  IS CONSTANT.   IGNORED.
 **********
 **   60 **FIX            8
 **********
 **********
 **   61 **FIX            9
 **********
 **********
 **   62 **FIX           13
 **********
 **********
 **   63 **FIX           14
 **********
 **********
 **   64 **FIX           15
 **********
 PARAMETER   15  IS CONSTANT.   IGNORED.
 **********
 **   65 **FIX           16
 **********
 **********
 **   66 **MIGRAD
 **********
 START MIGRAD MINIMIZATION.  STRATEGY  1.  CONVERGENCE WHEN EDM .LT. 1.00e-04
 FCN=83.4118 FROM MIGRAD    STATUS=INITIATE       16 CALLS        1927 TOTAL
                     EDM= unknown      STRATEGY= 1      NO ERROR MATRIX       
  EXT PARAMETER               CURRENT GUESS       STEP         FIRST   
  NO.   NAME      VALUE            ERROR          SIZE      DERIVATIVE 
   1  N0           3.16101e+06     fixed    
   2  tau          6.43989e+01   constant   
   3  A0           3.42741e-01     fixed    
   4  phi          4.11844e+00     fixed    
   5  R           -6.14725e+01   constant   
   6  alpha_CBO    4.85388e-03     fixed    
   7  w_CBO        2.32500e+00   constant   
   8  beta_CBO    -5.97375e-04     fixed    
   9  alpha_2CBO  -3.04301e-04     fixed    
  10  beta_2CBO    5.21203e-04   1.64671e-04   1.64671e-04   2.22104e+03
  11  alpha_y      0.00000e+00   1.00000e-03   1.00000e-03   2.70157e+03
  12  w_y          1.38860e+01   constant   
  13  beta_y       8.88560e-04     fixed    
  14  alpha_vw     0.00000e+00     fixed    
  15  w_vw         1.43404e+01   constant   
  16  beta_vw      0.00000e+00     fixed    
  17  LM          -2.06090e-04   constant   
  18  zeta_y       0.00000e+00   constant   
  19  zeta_vw      0.00000e+00   constant   
  20  T_CBO        9.99999e+02   5.70658e+02   3.34433e-02  -7.90339e-05
  21  alpha_A0     5.43511e-04   7.92906e-04   3.47663e-06   1.54925e+00
  22  beta_A0      2.10380e-03   7.97648e-04   3.37341e-06   1.83680e+00
  23  alpha_phi    5.04275e-03   7.60770e-04   3.25167e-06  -1.82763e-01
  24  beta_phi     1.62884e-03   7.22009e-04   3.14428e-06   1.26149e+00
 MIGRAD MINIMIZATION HAS CONVERGED.
 MIGRAD WILL VERIFY CONVERGENCE AND ERROR MATRIX.
 COVARIANCE MATRIX CALCULATED SUCCESSFULLY
 FCN=83.3329 FROM MIGRAD    STATUS=CONVERGED     114 CALLS        2025 TOTAL
                     EDM=1.54725e-07    STRATEGY= 1      ERROR MATRIX ACCURATE 
  EXT PARAMETER                                   STEP         FIRST   
  NO.   NAME      VALUE            ERROR          SIZE      DERIVATIVE 
   1  N0           3.16101e+06     fixed    
   2  tau          6.43989e+01   constant   
   3  A0           3.42741e-01     fixed    
   4  phi          4.11844e+00     fixed    
   5  R           -6.14725e+01   constant   
   6  alpha_CBO    4.85388e-03     fixed    
   7  w_CBO        2.32500e+00   constant   
   8  beta_CBO    -5.97375e-04     fixed    
   9  alpha_2CBO  -3.04301e-04     fixed    
  10  beta_2CBO    4.91690e-04   1.60878e-04   7.05421e-07  -2.09303e+00
  11  alpha_y     -3.41340e-05   1.57532e-04   7.05945e-07  -1.91068e+00
  12  w_y          1.38860e+01   constant   
  13  beta_y       8.88560e-04     fixed    
  14  alpha_vw     0.00000e+00     fixed    
  15  w_vw         1.43404e+01   constant   
  16  beta_vw      0.00000e+00     fixed    
  17  LM          -2.06090e-04   constant   
  18  zeta_y       0.00000e+00   constant   
  19  zeta_vw      0.00000e+00   constant   
  20  T_CBO        1.00000e+03   5.62213e+02   3.11548e-02** at limit **
  21  alpha_A0     5.23394e-04   7.87289e-04   3.47499e-06   3.15101e-01
  22  beta_A0      2.09788e-03   7.56159e-04   3.37182e-06   7.51240e-02
  23  alpha_phi    5.04950e-03   7.28704e-04   3.25015e-06  -2.96103e-01
  24  beta_phi     1.61336e-03   7.08107e-04   3.14281e-06  -1.85444e-01
 EXTERNAL ERROR MATRIX.    NDIM=  25    NPAR=  7    ERR DEF=1
  2.588e-08  5.309e-10  1.802e-12  2.067e-08  5.680e-09 -7.663e-09  1.251e-08 
  5.309e-10  2.482e-08  1.056e-12 -2.430e-09 -6.659e-10  1.296e-09  9.187e-10 
  1.802e-12  1.056e-12  2.505e-07  1.867e-09  7.465e-09  1.773e-08  5.725e-09 
  2.067e-08 -2.430e-09  1.867e-09  6.198e-07  3.925e-08  3.359e-09  1.606e-08 
  5.680e-09 -6.659e-10  7.465e-09  3.925e-08  5.718e-07  1.035e-08 -3.337e-08 
 -7.663e-09  1.296e-09  1.773e-08  3.359e-09  1.035e-08  5.310e-07 -3.249e-08 
  1.251e-08  9.187e-10  5.725e-09  1.606e-08 -3.337e-08 -3.249e-08  5.014e-07 
 PARAMETER  CORRELATION COEFFICIENTS  
       NO.  GLOBAL     10     11     20     21     22     23     24
       10  0.20918   1.000  0.021  0.000  0.163  0.047 -0.065  0.110
       11  0.03505   0.021  1.000  0.000 -0.020 -0.006  0.011  0.008
       20  0.05605   0.000  0.000  1.000  0.005  0.020  0.049  0.016
       21  0.17621   0.163 -0.020  0.005  1.000  0.066  0.006  0.029
       22  0.10523   0.047 -0.006  0.020  0.066  1.000  0.019 -0.062
       23  0.10300  -0.065  0.011  0.049  0.006  0.019  1.000 -0.063
       24  0.14242   0.110  0.008  0.016  0.029 -0.062 -0.063  1.000
MINUIT - FIT ONLY 2-y
 **********
 **   67 **RES 
 **********
                   PARAMETER   16  beta_vw RESTORED TO VARIABLE.
                   PARAMETER   14  alpha_vw RESTORED TO VARIABLE.
                   PARAMETER   13  beta_y RESTORED TO VARIABLE.
                   PARAMETER    9  alpha_2CBO RESTORED TO VARIABLE.
                   PARAMETER    8  beta_CBO RESTORED TO VARIABLE.
                   PARAMETER    6  alpha_CBO RESTORED TO VARIABLE.
                   PARAMETER    4  phi RESTORED TO VARIABLE.
                   PARAMETER    3  A0 RESTORED TO VARIABLE.
                   PARAMETER    1  N0 RESTORED TO VARIABLE.
 **********
 **   68 **FIX            0
 **********
 PARAMETER    0  IS UNDEFINED. IGNORED.
 **********
 **   69 **FIX            1
 **********
 **********
 **   70 **FIX            2
 **********
 PARAMETER    2  IS CONSTANT.   IGNORED.
 **********
 **   71 **FIX            3
 **********
 **********
 **   72 **FIX            4
 **********
 **********
 **   73 **FIX            5
 **********
 PARAMETER    5  IS CONSTANT.   IGNORED.
 **********
 **   74 **FIX            6
 **********
 **********
 **   75 **FIX            7
 **********
 PARAMETER    7  IS CONSTANT.   IGNORED.
 **********
 **   76 **FIX            8
 **********
 **********
 **   77 **FIX            9
 **********
 **********
 **   78 **FIX           10
 **********
 **********
 **   79 **FIX           11
 **********
 **********
 **   80 **FIX           12
 **********
 PARAMETER   12  IS CONSTANT.   IGNORED.
 **********
 **   81 **FIX           16
 **********
 **********
 **   82 **MIGRAD
 **********
 START MIGRAD MINIMIZATION.  STRATEGY  1.  CONVERGENCE WHEN EDM .LT. 1.00e-04
 FCN=83.3329 FROM MIGRAD    STATUS=INITIATE       16 CALLS        2041 TOTAL
                     EDM= unknown      STRATEGY= 1      NO ERROR MATRIX       
  EXT PARAMETER               CURRENT GUESS       STEP         FIRST   
  NO.   NAME      VALUE            ERROR          SIZE      DERIVATIVE 
   1  N0           3.16101e+06     fixed    
   2  tau          6.43989e+01   constant   
   3  A0           3.42741e-01     fixed    
   4  phi          4.11844e+00     fixed    
   5  R           -6.14725e+01   constant   
   6  alpha_CBO    4.85388e-03     fixed    
   7  w_CBO        2.32500e+00   constant   
   8  beta_CBO    -5.97375e-04     fixed    
   9  alpha_2CBO  -3.04301e-04     fixed    
  10  beta_2CBO    4.91690e-04     fixed    
  11  alpha_y     -3.41340e-05     fixed    
  12  w_y          1.38860e+01   constant   
  13  beta_y       8.88560e-04   1.59820e-04   1.59820e-04   4.18101e+02
  14  alpha_vw     0.00000e+00   1.00000e-03   1.00000e-03   1.90655e+04
  15  w_vw         1.43404e+01   constant   
  16  beta_vw      0.00000e+00     fixed    
  17  LM          -2.06090e-04   constant   
  18  zeta_y       0.00000e+00   constant   
  19  zeta_vw      0.00000e+00   constant   
  20  T_CBO        9.99999e+02   5.62213e+02   3.11548e-02  -8.01472e-05
  21  alpha_A0     5.23394e-04   7.87289e-04   3.47499e-06   3.15034e-01
  22  beta_A0      2.09788e-03   7.56159e-04   3.37182e-06   7.42699e-02
  23  alpha_phi    5.04950e-03   7.28704e-04   3.25015e-06  -2.98481e-01
  24  beta_phi     1.61336e-03   7.08107e-04   3.14281e-06  -1.86461e-01
 MIGRAD MINIMIZATION HAS CONVERGED.
 MIGRAD WILL VERIFY CONVERGENCE AND ERROR MATRIX.
 COVARIANCE MATRIX CALCULATED SUCCESSFULLY
 FCN=80.9128 FROM MIGRAD    STATUS=CONVERGED     114 CALLS        2139 TOTAL
                     EDM=5.14256e-07    STRATEGY= 1      ERROR MATRIX ACCURATE 
  EXT PARAMETER                                   STEP         FIRST   
  NO.   NAME      VALUE            ERROR          SIZE      DERIVATIVE 
   1  N0           3.16101e+06     fixed    
   2  tau          6.43989e+01   constant   
   3  A0           3.42741e-01     fixed    
   4  phi          4.11844e+00     fixed    
   5  R           -6.14725e+01   constant   
   6  alpha_CBO    4.85388e-03     fixed    
   7  w_CBO        2.32500e+00   constant   
   8  beta_CBO    -5.97375e-04     fixed    
   9  alpha_2CBO  -3.04301e-04     fixed    
  10  beta_2CBO    4.91690e-04     fixed    
  11  alpha_y     -3.41340e-05     fixed    
  12  w_y          1.38860e+01   constant   
  13  beta_y       8.27366e-04   1.63823e-04   7.06180e-07   1.14320e-01
  14  alpha_vw    -2.52530e-04   1.62366e-04   6.99872e-07  -1.22079e-01
  15  w_vw         1.43404e+01   constant   
  16  beta_vw      0.00000e+00     fixed    
  17  LM          -2.06090e-04   constant   
  18  zeta_y       0.00000e+00   constant   
  19  zeta_vw      0.00000e+00   constant   
  20  T_CBO        1.00000e+03   5.54446e+02   3.09740e-02** at limit **
  21  alpha_A0     5.17420e-04   7.76577e-04   3.42477e-06  -7.08333e-01
  22  beta_A0      2.12520e-03   7.55625e-04   3.32309e-06  -3.23207e-02
  23  alpha_phi    5.03182e-03   7.27166e-04   3.20317e-06  -6.25581e-01
  24  beta_phi     1.60364e-03   7.03852e-04   3.09738e-06   9.82517e-01
 EXTERNAL ERROR MATRIX.    NDIM=  25    NPAR=  7    ERR DEF=1
  2.684e-08  5.831e-09  4.177e-12  1.433e-09 -2.626e-09  1.332e-09  9.960e-10 
  5.831e-09  2.636e-08  5.210e-12  5.582e-10 -2.823e-09  1.809e-09  1.032e-09 
  4.177e-12  5.210e-12  3.006e-06  6.318e-09  2.586e-08  6.042e-08  1.946e-08 
  1.433e-09  5.582e-10  6.318e-09  6.031e-07  3.447e-08  9.726e-09  6.216e-09 
 -2.626e-09 -2.823e-09  2.586e-08  3.447e-08  5.710e-07  1.182e-08 -3.627e-08 
  1.332e-09  1.809e-09  6.042e-08  9.726e-09  1.182e-08  5.288e-07 -2.874e-08 
  9.960e-10  1.032e-09  1.946e-08  6.216e-09 -3.627e-08 -2.874e-08  4.954e-07 
 PARAMETER  CORRELATION COEFFICIENTS  
       NO.  GLOBAL     13     14     20     21     22     23     24
       13  0.22032   1.000  0.219  0.000  0.011 -0.021  0.011  0.009
       14  0.22050   0.219  1.000  0.000  0.004 -0.023  0.015  0.009
       20  0.05524   0.000  0.000  1.000  0.005  0.020  0.048  0.016
       21  0.06430   0.011  0.004  0.005  1.000  0.059  0.017  0.011
       22  0.09833  -0.021 -0.023  0.020  0.059  1.000  0.022 -0.068
       23  0.08017   0.011  0.015  0.048  0.017  0.022  1.000 -0.056
       24  0.09168   0.009  0.009  0.016  0.011 -0.068 -0.056  1.000
MINUIT - FIT ALTOGETHER
