 + ++++++++++++++++++++++++++++++++++++++++++++++++++++++++++++++++++++ +
 +                                                                      +
 +           You have chose to blind your fitting according to          +
 +                omega_ref * (1 + (R +/- deltaR) *10^{-6})             +
 +                                                                      +
 + ++++++++++++++++++++++++++++++++++++++++++++++++++++++++++++++++++++ +
In main()...
reading format from /gm2data/zkhechad/run45/envelope/formats/formatB_sBin_constraintOn.txt
pBinTau 	= 0  
pBinPhi 	= 0  
constraintau 	= 1 
includeMopTerm 	= 0    
constrainMop    = 0   
Parameters after format file: pBinTau 0 pBinPhi 0 constraintau 1 includeMopTerm 0 constrainMop 0 c_e_scale 0.000000 
Opening file /gm2data/tbarrett/gm2fr/studies/run23_bunch_corrections/CorrectedFourier_Run3b.root.
reading full fit data from /gm2data/zkhechad/cboTemplates/Run4CBOTemplates/templateFits0_v2.0/noRF/sBin_constraintOn_cE0.0_seed0_noRF_calo24.root
windowBins = 17
fitting sliding window 198 from bin 334 at 49.683600 to bin 351 at 52.369200 (17 bins)

Reading data from /gm2data/cornell/histograms/aMethod/histogram_a_noRF.root
 **********
 **    1 **SET PRINTOUT            1
 **********
 **********
 **    2 **SET NOWARNINGS 
 **********
 PARAMETER DEFINITIONS:
    NO.   NAME         VALUE      STEP SIZE      LIMITS
     1 N0           3.17742e+06  1.00000e+02     no limits
     2 tau          6.44362e+01  constant
     3 A0           3.64954e-01  1.00000e-04     no limits
     4 phi          4.11955e+00  1.00000e-02     no limits
     5 R           -6.08502e+01  constant
     6 alpha_CBO    0.00000e+00  1.00000e-03     no limits
     7 w_CBO        2.32500e+00  constant
     8 beta_CBO     0.00000e+00  1.00000e-03     no limits
     9 alpha_2CBO   0.00000e+00  1.00000e-03     no limits
    10 beta_2CBO    0.00000e+00  1.00000e-03     no limits
    11 alpha_y      0.00000e+00  1.00000e-03     no limits
    12 w_y          1.44500e+01  constant
    13 beta_y       0.00000e+00  1.00000e-03     no limits
    14 alpha_vw     0.00000e+00  1.00000e-03     no limits
    15 w_vw         1.29000e+01  constant
    16 beta_vw      0.00000e+00  1.00000e-03     no limits
    17 LM           1.15487e-03  constant
    18 zeta_y       0.00000e+00  constant
    19 zeta_vw      0.00000e+00  constant
    20 T_CBO        1.00000e+02  1.00000e+00    0.00000e+00  1.00000e+03
    21 alpha_A0     0.00000e+00  1.00000e-03     no limits
    22 beta_A0      0.00000e+00  1.00000e-03     no limits
    23 alpha_phi    0.00000e+00  1.00000e-03     no limits
    24 beta_phi     0.00000e+00  1.00000e-03     no limits
MINUIT - FIT ONLY WIGGLE
 **********
 **    3 **FIX            5
 **********
 PARAMETER    5  IS CONSTANT.   IGNORED.
 **********
 **    4 **FIX            6
 **********
 **********
 **    5 **FIX            7
 **********
 PARAMETER    7  IS CONSTANT.   IGNORED.
 **********
 **    6 **FIX            8
 **********
 **********
 **    7 **FIX            9
 **********
 **********
 **    8 **FIX           10
 **********
 **********
 **    9 **FIX           11
 **********
 **********
 **   10 **FIX           12
 **********
 PARAMETER   12  IS CONSTANT.   IGNORED.
 **********
 **   11 **FIX           13
 **********
 **********
 **   12 **FIX           14
 **********
 **********
 **   13 **FIX           15
 **********
 PARAMETER   15  IS CONSTANT.   IGNORED.
 **********
 **   14 **FIX           16
 **********
 **********
 **   15 **MIGRAD
 **********
 FIRST CALL TO USER FUNCTION AT NEW START POINT, WITH IFLAG=4.
 START MIGRAD MINIMIZATION.  STRATEGY  1.  CONVERGENCE WHEN EDM .LT. 1.00e-04
 FCN=2372.09 FROM MIGRAD    STATUS=INITIATE      431 CALLS         432 TOTAL
                     EDM= unknown      STRATEGY= 1      NO ERROR MATRIX       
  EXT PARAMETER               CURRENT GUESS       STEP         FIRST   
  NO.   NAME      VALUE            ERROR          SIZE      DERIVATIVE 
   1  N0           3.17742e+06   1.00000e+02   0.00000e+00   5.18876e-02
   2  tau          6.44362e+01   constant   
   3  A0           3.64954e-01   1.00000e-04   0.00000e+00   2.84910e+05
   4  phi          4.11955e+00   1.00000e-02   0.00000e+00   1.26292e+04
   5  R           -6.08502e+01   constant   
   6  alpha_CBO    0.00000e+00     fixed    
   7  w_CBO        2.32500e+00   constant   
   8  beta_CBO     0.00000e+00     fixed    
   9  alpha_2CBO   0.00000e+00     fixed    
  10  beta_2CBO    0.00000e+00     fixed    
  11  alpha_y      0.00000e+00     fixed    
  12  w_y          1.44500e+01   constant   
  13  beta_y       0.00000e+00     fixed    
  14  alpha_vw     0.00000e+00     fixed    
  15  w_vw         1.29000e+01   constant   
  16  beta_vw      0.00000e+00     fixed    
  17  LM           1.15487e-03   constant   
  18  zeta_y       0.00000e+00   constant   
  19  zeta_vw      0.00000e+00   constant   
  20  T_CBO        1.00000e+02   1.00000e+00   0.00000e+00   0.00000e+00
  21  alpha_A0     0.00000e+00   1.00000e-03   0.00000e+00  -8.69535e+03
  22  beta_A0      0.00000e+00   1.00000e-03   0.00000e+00  -1.67938e+04
  23  alpha_phi    0.00000e+00   1.00000e-03   0.00000e+00   3.53333e+04
  24  beta_phi     0.00000e+00   1.00000e-03   0.00000e+00  -3.84325e+04
 CALL LIMIT EXCEEDED IN MIGRAD.
 MIGRAD TERMINATED WITHOUT CONVERGENCE.
 FCN=315.883 FROM MIGRAD    STATUS=CALL LIMIT   1334 CALLS        1335 TOTAL
                     EDM=0.0029258    STRATEGY= 1  ERROR MATRIX UNCERTAINTY   1.7 per cent
  EXT PARAMETER                APPROXIMATE        STEP         FIRST   
  NO.   NAME      VALUE            ERROR          SIZE      DERIVATIVE 
   1  N0           3.15584e+06   6.44573e+03  -5.22749e+02   4.99980e-06
   2  tau          6.44362e+01   constant   
   3  A0           3.61105e-01   3.09216e-03   4.57775e-05   4.31706e+00
   4  phi          3.98329e+00   1.49258e-02  -6.02828e-04   9.25129e+01
   5  R           -6.08502e+01   constant   
   6  alpha_CBO    0.00000e+00     fixed    
   7  w_CBO        2.32500e+00   constant   
   8  beta_CBO     0.00000e+00     fixed    
   9  alpha_2CBO   0.00000e+00     fixed    
  10  beta_2CBO    0.00000e+00     fixed    
  11  alpha_y      0.00000e+00     fixed    
  12  w_y          1.44500e+01   constant   
  13  beta_y       0.00000e+00     fixed    
  14  alpha_vw     0.00000e+00     fixed    
  15  w_vw         1.29000e+01   constant   
  16  beta_vw      0.00000e+00     fixed    
  17  LM           1.15487e-03   constant   
  18  zeta_y       0.00000e+00   constant   
  19  zeta_vw      0.00000e+00   constant   
  20  T_CBO        1.00743e+02   1.50410e+00   2.94372e-04   1.91430e+01
  21  alpha_A0    -2.64339e-02   1.85609e-02   8.46524e-04  -2.31318e+00
  22  beta_A0      2.84915e-01   2.82465e-02   1.58558e-03   1.55911e+01
  23  alpha_phi    2.89716e-01   3.08286e-02   1.40465e-03   2.49444e+01
  24  beta_phi     4.77169e-02   2.04438e-02  -9.93548e-04   5.33412e+00
 EXTERNAL ERROR MATRIX.    NDIM=  25    NPAR=  8    ERR DEF=1
  4.155e+07  4.143e+00  3.343e+01  4.840e+02 -8.697e+01 -1.076e+02 -9.770e+01  1.047e+02 
  4.143e+00  9.561e-06 -3.753e-05  3.676e-03 -4.689e-05  5.528e-05  6.738e-05  4.772e-05 
  3.343e+01 -3.753e-05  2.228e-04 -1.621e-02  1.051e-04 -4.051e-04 -4.534e-04 -8.194e-05 
  4.840e+02  3.676e-03 -1.621e-02  2.262e+00 -1.620e-02  2.518e-02  2.992e-02  1.551e-02 
 -8.697e+01 -4.689e-05  1.051e-04 -1.620e-02  3.445e-04 -5.865e-05 -1.282e-04 -3.748e-04 
 -1.076e+02  5.528e-05 -4.051e-04  2.518e-02 -5.865e-05  7.979e-04  8.630e-04 -2.138e-06 
 -9.770e+01  6.738e-05 -4.534e-04  2.992e-02 -1.282e-04  8.630e-04  9.504e-04  6.768e-05 
  1.047e+02  4.772e-05 -8.194e-05  1.551e-02 -3.748e-04 -2.138e-06  6.768e-05  4.179e-04 
ERR MATRIX APPROXIMATE
 PARAMETER  CORRELATION COEFFICIENTS  
       NO.  GLOBAL      1      3      4     20     21     22     23     24
        1  0.99931   1.000  0.208  0.347  0.050 -0.727 -0.591 -0.492  0.794
        3  0.99860   0.208  1.000 -0.813  0.790 -0.817  0.633  0.707  0.755
        4  0.99988   0.347 -0.813  1.000 -0.722  0.379 -0.961 -0.985 -0.269
       20  0.90838   0.050  0.790 -0.722  1.000 -0.580  0.593  0.645  0.504
       21  0.99871  -0.727 -0.817  0.379 -0.580  1.000 -0.112 -0.224 -0.988
       22  0.99973  -0.591  0.633 -0.961  0.593 -0.112  1.000  0.991 -0.004
       23  0.99950  -0.492  0.707 -0.985  0.645 -0.224  0.991  1.000  0.107
       24  0.99769   0.794  0.755 -0.269  0.504 -0.988 -0.004  0.107  1.000
 ERR MATRIX APPROXIMATE
MINUIT - FIT ONLY 1-CBO + wiggle
 **********
 **   16 **RES 
 **********
                   PARAMETER   16  beta_vw RESTORED TO VARIABLE.
                   PARAMETER   14  alpha_vw RESTORED TO VARIABLE.
                   PARAMETER   13  beta_y RESTORED TO VARIABLE.
                   PARAMETER   11  alpha_y RESTORED TO VARIABLE.
                   PARAMETER   10  beta_2CBO RESTORED TO VARIABLE.
                   PARAMETER    9  alpha_2CBO RESTORED TO VARIABLE.
                   PARAMETER    8  beta_CBO RESTORED TO VARIABLE.
                   PARAMETER    6  alpha_CBO RESTORED TO VARIABLE.
 **********
 **   17 **FIX            8
 **********
 **********
 **   18 **FIX            9
 **********
 **********
 **   19 **FIX           11
 **********
 **********
 **   20 **FIX           12
 **********
 PARAMETER   12  IS CONSTANT.   IGNORED.
 **********
 **   21 **FIX           14
 **********
 **********
 **   22 **FIX           15
 **********
 PARAMETER   15  IS CONSTANT.   IGNORED.
 **********
 **   23 **FIX           16
 **********
 **********
 **   24 **MIGRAD
 **********
 START MIGRAD MINIMIZATION.  STRATEGY  1.  CONVERGENCE WHEN EDM .LT. 1.00e-04
 FCN=315.883 FROM MIGRAD    STATUS=INITIATE       28 CALLS        1363 TOTAL
                     EDM= unknown      STRATEGY= 1      NO ERROR MATRIX       
  EXT PARAMETER               CURRENT GUESS       STEP         FIRST   
  NO.   NAME      VALUE            ERROR          SIZE      DERIVATIVE 
   1  N0           3.15584e+06   6.44573e+03  -5.22749e+02   4.99979e-06
   2  tau          6.44362e+01   constant   
   3  A0           3.61105e-01   3.09216e-03   4.57775e-05   4.31706e+00
   4  phi          3.98329e+00   1.49258e-02  -6.02828e-04   9.25129e+01
   5  R           -6.08502e+01   constant   
   6  alpha_CBO    0.00000e+00   1.00000e-03   1.00000e-03   1.21142e+03
   7  w_CBO        2.32500e+00   constant   
   8  beta_CBO     0.00000e+00     fixed    
   9  alpha_2CBO   0.00000e+00     fixed    
  10  beta_2CBO    0.00000e+00   1.00000e-03   1.00000e-03   1.00102e+02
  11  alpha_y      0.00000e+00     fixed    
  12  w_y          1.44500e+01   constant   
  13  beta_y       0.00000e+00   1.00000e-03   1.00000e-03   1.90538e+05
  14  alpha_vw     0.00000e+00     fixed    
  15  w_vw         1.29000e+01   constant   
  16  beta_vw      0.00000e+00     fixed    
  17  LM           1.15487e-03   constant   
  18  zeta_y       0.00000e+00   constant   
  19  zeta_vw      0.00000e+00   constant   
  20  T_CBO        1.00743e+02   1.50410e+00   2.94372e-04   1.91430e+01
  21  alpha_A0    -2.64339e-02   1.85609e-02   8.46524e-04  -2.31318e+00
  22  beta_A0      2.84915e-01   2.82465e-02   1.58558e-03   1.55911e+01
  23  alpha_phi    2.89716e-01   3.08286e-02   1.40465e-03   2.49444e+01
  24  beta_phi     4.77169e-02   2.04438e-02  -9.93548e-04   5.33412e+00
 CALL LIMIT EXCEEDED IN MIGRAD.
 MIGRAD TERMINATED WITHOUT CONVERGENCE.
 FCN=62.9005 FROM MIGRAD    STATUS=CALL LIMIT   1920 CALLS        3255 TOTAL
                     EDM=0.0182201    STRATEGY= 1  ERROR MATRIX UNCERTAINTY   1.8 per cent
  EXT PARAMETER                APPROXIMATE        STEP         FIRST   
  NO.   NAME      VALUE            ERROR          SIZE      DERIVATIVE 
   1  N0           3.06581e+06   6.81944e+03   1.33660e+02  -5.71990e-04
   2  tau          6.44362e+01   constant   
   3  A0           3.75498e-01   4.23125e-03   6.04561e-04  -1.03545e+03
   4  phi          3.87122e+00   2.33526e-02  -4.81137e-03  -1.27693e+02
   5  R           -6.08502e+01   constant   
   6  alpha_CBO    4.77563e-03   5.02149e-03   9.14992e-04  -7.99331e+01
   7  w_CBO        2.32500e+00   constant   
   8  beta_CBO     0.00000e+00     fixed    
   9  alpha_2CBO   0.00000e+00     fixed    
  10  beta_2CBO   -8.54321e-03   1.46574e-03  -3.27449e-04   7.66694e+02
  11  alpha_y      0.00000e+00     fixed    
  12  w_y          1.44500e+01   constant   
  13  beta_y      -2.55988e-03   1.65328e-04   1.18709e-06   8.95389e-01
  14  alpha_vw     0.00000e+00     fixed    
  15  w_vw         1.29000e+01   constant   
  16  beta_vw      0.00000e+00     fixed    
  17  LM           1.15487e-03   constant   
  18  zeta_y       0.00000e+00   constant   
  19  zeta_vw      0.00000e+00   constant   
  20  T_CBO        2.18409e+02   1.76230e+01   8.41912e-03  -2.43909e+00
  21  alpha_A0     1.01648e-01   1.21111e-02  -1.24460e-03  -1.26778e+02
  22  beta_A0      4.60256e-01   2.07108e-02   4.43221e-03   1.16393e+02
  23  alpha_phi    3.49598e-01   1.07779e-02  -4.31457e-04  -5.70897e+01
  24  beta_phi    -1.16849e-01   1.19884e-02  -1.20475e-03   2.19513e+02
 EXTERNAL ERROR MATRIX.    NDIM=  25    NPAR= 11    ERR DEF=1
  4.650e+07 
 -9.200e+00  1.790e-05 
 -3.549e+01 -6.193e-05  5.453e-04 
  1.943e+01  5.129e-06 -1.041e-04  2.522e-05 
 -4.875e-01 -4.416e-06  3.275e-05 -5.886e-06  2.148e-06 
 -1.187e-01  2.386e-08  3.054e-07 -1.020e-07  1.186e-08  2.733e-08 
 -1.268e+04  6.054e-02 -3.853e-01  5.964e-02 -2.441e-02 -9.481e-05  3.108e+02 
 -4.979e+01 -2.755e-05  1.644e-04 -3.345e-05  8.790e-06  9.119e-08 -1.000e-01  1.467e-04 
 -1.868e-01  5.770e-05 -4.683e-04  8.334e-05 -2.953e-05 -2.006e-07  3.520e-01 -9.940e-05  4.289e-04 
 -5.631e+01  2.566e-05  3.089e-05 -3.015e-05  8.268e-07  2.093e-07  4.004e-02  1.531e-05 -2.594e-06  1.162e-04 
  2.022e+01  2.025e-06  1.301e-04 -2.741e-05  8.162e-06  1.056e-07 -9.619e-02 -6.164e-05 -1.492e-04  1.987e-05  1.437e-04 
ERR MATRIX APPROXIMATE
 PARAMETER  CORRELATION COEFFICIENTS  
       NO.  GLOBAL      1      3      4      6     10     13     20     21     22     23     24
        1  0.99938   1.000 -0.319 -0.223  0.568 -0.049 -0.105 -0.105 -0.603 -0.001 -0.766  0.247
        3  0.99942  -0.319  1.000 -0.627  0.241 -0.712  0.034  0.812 -0.538  0.658  0.563  0.040
        4  0.99982  -0.223 -0.627  1.000 -0.888  0.957  0.079 -0.936  0.581 -0.968  0.123  0.465
        6  0.99959   0.568  0.241 -0.888  1.000 -0.800 -0.123  0.674 -0.550  0.801 -0.557 -0.455
       10  0.99487  -0.049 -0.712  0.957 -0.800  1.000  0.049 -0.945  0.495 -0.973  0.052  0.465
       13  0.20114  -0.105  0.034  0.079 -0.123  0.049  1.000 -0.033  0.046 -0.059  0.117  0.053
       20  0.99920  -0.105  0.812 -0.936  0.674 -0.945 -0.033  1.000 -0.469  0.964  0.211 -0.455
       21  0.99822  -0.603 -0.538  0.581 -0.550  0.495  0.046 -0.469  1.000 -0.396  0.117 -0.425
       22  0.99915  -0.001  0.658 -0.968  0.801 -0.973 -0.059  0.964 -0.396  1.000 -0.012 -0.601
       23  0.99534  -0.766  0.563  0.123 -0.557  0.052  0.117  0.211  0.117 -0.012  1.000  0.154
       24  0.99817   0.247  0.040  0.465 -0.455  0.465  0.053 -0.455 -0.425 -0.601  0.154  1.000
 ERR MATRIX APPROXIMATE
MINUIT - FIT ONLY 2-CBO
 **********
 **   25 **RES 
 **********
                   PARAMETER   16  beta_vw RESTORED TO VARIABLE.
                   PARAMETER   14  alpha_vw RESTORED TO VARIABLE.
                   PARAMETER   11  alpha_y RESTORED TO VARIABLE.
                   PARAMETER    9  alpha_2CBO RESTORED TO VARIABLE.
                   PARAMETER    8  beta_CBO RESTORED TO VARIABLE.
 **********
 **   26 **FIX            0
 **********
 PARAMETER    0  IS UNDEFINED. IGNORED.
 **********
 **   27 **FIX            1
 **********
 **********
 **   28 **FIX            2
 **********
 PARAMETER    2  IS CONSTANT.   IGNORED.
 **********
 **   29 **FIX            3
 **********
 **********
 **   30 **FIX            4
 **********
 **********
 **   31 **FIX            5
 **********
 PARAMETER    5  IS CONSTANT.   IGNORED.
 **********
 **   32 **FIX            6
 **********
 **********
 **   33 **FIX            7
 **********
 PARAMETER    7  IS CONSTANT.   IGNORED.
 **********
 **   34 **FIX           10
 **********
 **********
 **   35 **FIX           11
 **********
 **********
 **   36 **FIX           12
 **********
 PARAMETER   12  IS CONSTANT.   IGNORED.
 **********
 **   37 **FIX           13
 **********
 **********
 **   38 **FIX           14
 **********
 **********
 **   39 **FIX           15
 **********
 PARAMETER   15  IS CONSTANT.   IGNORED.
 **********
 **   40 **FIX           16
 **********
 **********
 **   41 **MIGRAD
 **********
 START MIGRAD MINIMIZATION.  STRATEGY  1.  CONVERGENCE WHEN EDM .LT. 1.00e-04
 FCN=62.9005 FROM MIGRAD    STATUS=INITIATE       18 CALLS        3273 TOTAL
                     EDM= unknown      STRATEGY= 1      NO ERROR MATRIX       
  EXT PARAMETER               CURRENT GUESS       STEP         FIRST   
  NO.   NAME      VALUE            ERROR          SIZE      DERIVATIVE 
   1  N0           3.06581e+06     fixed    
   2  tau          6.44362e+01   constant   
   3  A0           3.75498e-01     fixed    
   4  phi          3.87122e+00     fixed    
   5  R           -6.08502e+01   constant   
   6  alpha_CBO    4.77563e-03     fixed    
   7  w_CBO        2.32500e+00   constant   
   8  beta_CBO     0.00000e+00   1.00000e-03   1.00000e-03   9.38506e+02
   9  alpha_2CBO   0.00000e+00   1.00000e-03   1.00000e-03   1.41178e+03
  10  beta_2CBO   -8.54321e-03     fixed    
  11  alpha_y      0.00000e+00     fixed    
  12  w_y          1.44500e+01   constant   
  13  beta_y      -2.55988e-03     fixed    
  14  alpha_vw     0.00000e+00     fixed    
  15  w_vw         1.29000e+01   constant   
  16  beta_vw      0.00000e+00     fixed    
  17  LM           1.15487e-03   constant   
  18  zeta_y       0.00000e+00   constant   
  19  zeta_vw      0.00000e+00   constant   
  20  T_CBO        2.18409e+02   1.76230e+01   8.41912e-03  -2.43909e+00
  21  alpha_A0     1.01648e-01   1.21111e-02  -1.24460e-03  -1.26778e+02
  22  beta_A0      4.60256e-01   2.07108e-02   4.43221e-03   1.16393e+02
  23  alpha_phi    3.49598e-01   1.07779e-02  -4.31457e-04  -5.70897e+01
  24  beta_phi    -1.16849e-01   1.19884e-02  -1.20475e-03   2.19513e+02
 MIGRAD MINIMIZATION HAS CONVERGED.
 MIGRAD WILL VERIFY CONVERGENCE AND ERROR MATRIX.
 COVARIANCE MATRIX CALCULATED SUCCESSFULLY
 FCN=62.8463 FROM HESSE     STATUS=OK             50 CALLS        3420 TOTAL
                     EDM=0.000535573    STRATEGY= 1      ERROR MATRIX ACCURATE 
  EXT PARAMETER                                   STEP         FIRST   
  NO.   NAME      VALUE            ERROR          SIZE      DERIVATIVE 
   1  N0           3.06581e+06     fixed    
   2  tau          6.44362e+01   constant   
   3  A0           3.75498e-01     fixed    
   4  phi          3.87122e+00     fixed    
   5  R           -6.08502e+01   constant   
   6  alpha_CBO    4.77563e-03     fixed    
   7  w_CBO        2.32500e+00   constant   
   8  beta_CBO    -8.64679e-06   1.02765e-03   6.34234e-07   4.08860e-01
   9  alpha_2CBO  -6.31756e-05   3.46887e-04   6.13029e-07   8.21691e-01
  10  beta_2CBO   -8.54321e-03     fixed    
  11  alpha_y      0.00000e+00     fixed    
  12  w_y          1.44500e+01   constant   
  13  beta_y      -2.55988e-03     fixed    
  14  alpha_vw     0.00000e+00     fixed    
  15  w_vw         1.29000e+01   constant   
  16  beta_vw      0.00000e+00     fixed    
  17  LM           1.15487e-03   constant   
  18  zeta_y       0.00000e+00   constant   
  19  zeta_vw      0.00000e+00   constant   
  20  T_CBO        2.18264e+02   6.05490e+02   1.44854e-05  -4.01128e-02
  21  alpha_A0     1.01952e-01   5.35474e-02   3.38516e-06  -1.19909e-01
  22  beta_A0      4.60146e-01   2.33774e-01   3.54782e-06  -1.56394e-01
  23  alpha_phi    3.49548e-01   1.76333e-01   3.97724e-06  -2.18851e-01
  24  beta_phi    -1.16683e-01   6.33942e-02   3.93354e-06   1.71456e-01
 MIGRAD MINIMIZATION HAS CONVERGED.
 MIGRAD WILL VERIFY CONVERGENCE AND ERROR MATRIX.
 COVARIANCE MATRIX CALCULATED SUCCESSFULLY
 FCN=62.8437 FROM MIGRAD    STATUS=CONVERGED    1135 CALLS        4390 TOTAL
                     EDM=6.68115e-05    STRATEGY= 1      ERROR MATRIX ACCURATE 
  EXT PARAMETER                                   STEP         FIRST   
  NO.   NAME      VALUE            ERROR          SIZE      DERIVATIVE 
   1  N0           3.06581e+06     fixed    
   2  tau          6.44362e+01   constant   
   3  A0           3.75498e-01     fixed    
   4  phi          3.87122e+00     fixed    
   5  R           -6.08502e+01   constant   
   6  alpha_CBO    4.77563e-03     fixed    
   7  w_CBO        2.32500e+00   constant   
   8  beta_CBO     6.94915e-05   9.58318e-04   6.34219e-07  -1.12489e+00
   9  alpha_2CBO  -7.08161e-05   3.45141e-04   6.13015e-07   4.94791e+00
  10  beta_2CBO   -8.54321e-03     fixed    
  11  alpha_y      0.00000e+00     fixed    
  12  w_y          1.44500e+01   constant   
  13  beta_y      -2.55988e-03     fixed    
  14  alpha_vw     0.00000e+00     fixed    
  15  w_vw         1.29000e+01   constant   
  16  beta_vw      0.00000e+00     fixed    
  17  LM           1.15487e-03   constant   
  18  zeta_y       0.00000e+00   constant   
  19  zeta_vw      0.00000e+00   constant   
  20  T_CBO        1.83214e+02   2.72015e+02   1.08851e-05  -9.11224e-01
  21  alpha_A0     1.06795e-01   5.08671e-02   3.54185e-06  -1.33101e+00
  22  beta_A0      4.81288e-01   2.21705e-01   3.71336e-06  -1.65475e+00
  23  alpha_phi    3.65494e-01   1.67178e-01   4.15860e-06  -1.47612e+00
  24  beta_phi    -1.22421e-01   6.02994e-02   4.11357e-06   6.51179e-01
 EXTERNAL ERROR MATRIX.    NDIM=  25    NPAR=  7    ERR DEF=1
  9.184e-07  3.626e-10 -2.393e-01  3.997e-05  1.752e-04  1.327e-04 -4.925e-05 
  3.626e-10  1.191e-07  2.427e-02 -4.575e-06 -1.765e-05 -1.320e-05  4.087e-06 
 -2.393e-01  2.427e-02  9.101e+04 -1.534e+01 -6.688e+01 -5.043e+01  1.816e+01 
  3.997e-05 -4.575e-06 -1.534e+01  2.587e-03  1.127e-02  8.497e-03 -3.057e-03 
  1.752e-04 -1.765e-05 -6.688e+01  1.127e-02  4.915e-02  3.706e-02 -1.335e-02 
  1.327e-04 -1.320e-05 -5.043e+01  8.497e-03  3.706e-02  2.795e-02 -1.007e-02 
 -4.925e-05  4.087e-06  1.816e+01 -3.057e-03 -1.335e-02 -1.007e-02  3.636e-03 
 PARAMETER  CORRELATION COEFFICIENTS  
       NO.  GLOBAL      8      9     20     21     22     23     24
        8  0.98551   1.000  0.001 -0.828  0.820  0.825  0.828 -0.852
        9  0.89037   0.001  1.000  0.233 -0.261 -0.231 -0.229  0.196
       20  0.99999  -0.828  0.233  1.000 -0.999 -1.000 -1.000  0.998
       21  0.99984   0.820 -0.261 -0.999  1.000  0.999  0.999 -0.997
       22  0.99999   0.825 -0.231 -1.000  0.999  1.000  1.000 -0.998
       23  0.99998   0.828 -0.229 -1.000  0.999  1.000  1.000 -0.999
       24  0.99985  -0.852  0.196  0.998 -0.997 -0.998 -0.999  1.000
MINUIT - FIT wiggle + 1-CBO + 2-CBO
 **********
 **   42 **RES 
 **********
                   PARAMETER   16  beta_vw RESTORED TO VARIABLE.
                   PARAMETER   14  alpha_vw RESTORED TO VARIABLE.
                   PARAMETER   13  beta_y RESTORED TO VARIABLE.
                   PARAMETER   11  alpha_y RESTORED TO VARIABLE.
                   PARAMETER   10  beta_2CBO RESTORED TO VARIABLE.
                   PARAMETER    6  alpha_CBO RESTORED TO VARIABLE.
                   PARAMETER    4  phi RESTORED TO VARIABLE.
                   PARAMETER    3  A0 RESTORED TO VARIABLE.
                   PARAMETER    1  N0 RESTORED TO VARIABLE.
 **********
 **   43 **FIX           10
 **********
 **********
 **   44 **FIX           11
 **********
 **********
 **   45 **FIX           12
 **********
 PARAMETER   12  IS CONSTANT.   IGNORED.
 **********
 **   46 **FIX           13
 **********
 **********
 **   47 **FIX           14
 **********
 **********
 **   48 **FIX           15
 **********
 PARAMETER   15  IS CONSTANT.   IGNORED.
 **********
 **   49 **FIX           16
 **********
 **********
 **   50 **MIGRAD
 **********
 START MIGRAD MINIMIZATION.  STRATEGY  1.  CONVERGENCE WHEN EDM .LT. 1.00e-04
 FCN=62.8437 FROM MIGRAD    STATUS=INITIATE       22 CALLS        4412 TOTAL
                     EDM= unknown      STRATEGY= 1      NO ERROR MATRIX       
  EXT PARAMETER               CURRENT GUESS       STEP         FIRST   
  NO.   NAME      VALUE            ERROR          SIZE      DERIVATIVE 
   1  N0           3.06581e+06   6.81944e+03   6.81944e+03   1.56690e-05
   2  tau          6.44362e+01   constant   
   3  A0           3.75498e-01   4.23125e-03   4.23125e-03   9.11969e+01
   4  phi          3.87122e+00   2.33526e-02   2.33526e-02   8.92144e+00
   5  R           -6.08502e+01   constant   
   6  alpha_CBO    4.77563e-03   5.02149e-03   5.02149e-03   1.17025e+02
   7  w_CBO        2.32500e+00   constant   
   8  beta_CBO     6.94915e-05   9.58318e-04   6.34219e-07  -1.12486e+00
   9  alpha_2CBO  -7.08161e-05   3.45141e-04   6.13015e-07   4.94793e+00
  10  beta_2CBO   -8.54321e-03     fixed    
  11  alpha_y      0.00000e+00     fixed    
  12  w_y          1.44500e+01   constant   
  13  beta_y      -2.55988e-03     fixed    
  14  alpha_vw     0.00000e+00     fixed    
  15  w_vw         1.29000e+01   constant   
  16  beta_vw      0.00000e+00     fixed    
  17  LM           1.15487e-03   constant   
  18  zeta_y       0.00000e+00   constant   
  19  zeta_vw      0.00000e+00   constant   
  20  T_CBO        1.83214e+02   2.72015e+02   1.08851e-05  -9.11272e-01
  21  alpha_A0     1.06795e-01   5.08671e-02   3.54185e-06  -1.33108e+00
  22  beta_A0      4.81288e-01   2.21705e-01   3.71336e-06  -1.65476e+00
  23  alpha_phi    3.65494e-01   1.67178e-01   4.15860e-06  -1.47612e+00
  24  beta_phi    -1.22421e-01   6.02994e-02   4.11357e-06   6.51179e-01
 CALL LIMIT EXCEEDED IN MIGRAD.
 MIGRAD TERMINATED WITHOUT CONVERGENCE.
 FCN=54.8839 FROM MIGRAD    STATUS=CALL LIMIT   1915 CALLS        6305 TOTAL
                     EDM=0.0439986    STRATEGY= 1  ERROR MATRIX UNCERTAINTY  21.1 per cent
  EXT PARAMETER                APPROXIMATE        STEP         FIRST   
  NO.   NAME      VALUE            ERROR          SIZE      DERIVATIVE 
   1  N0           3.17584e+06   3.85688e+04   1.30036e+03  -1.28884e-04
   2  tau          6.44362e+01   constant   
   3  A0           2.82772e-01   1.68526e-02  -6.33275e-04  -3.76127e+02
   4  phi          3.78624e+00   2.85557e-02  -8.45301e-04  -8.66682e+01
   5  R           -6.08502e+01   constant   
   6  alpha_CBO    1.12726e-02   5.94752e-03   5.22201e-05  -2.74573e+02
   7  w_CBO        2.32500e+00   constant   
   8  beta_CBO    -7.24018e-02   1.35981e-02  -5.84410e-04   3.91638e+02
   9  alpha_2CBO  -8.85960e-03   1.31898e-03  -6.66944e-05   6.43964e+01
  10  beta_2CBO   -8.54321e-03     fixed    
  11  alpha_y      0.00000e+00     fixed    
  12  w_y          1.44500e+01   constant   
  13  beta_y      -2.55988e-03     fixed    
  14  alpha_vw     0.00000e+00     fixed    
  15  w_vw         1.29000e+01   constant   
  16  beta_vw      0.00000e+00     fixed    
  17  LM           1.15487e-03   constant   
  18  zeta_y       0.00000e+00   constant   
  19  zeta_vw      0.00000e+00   constant   
  20  T_CBO        3.58878e+02   2.04716e+01   2.05437e-03   8.22263e-01
  21  alpha_A0     2.70705e-01   1.70716e-02   6.90529e-04  -3.27094e+01
  22  beta_A0      6.59833e-01   3.88754e-02   1.68412e-03   3.50677e+01
  23  alpha_phi    4.20906e-01   9.84324e-03   6.45272e-04  -1.68063e+01
  24  beta_phi    -4.37297e-02   3.29835e-02   1.40956e-03   5.32000e+01
 EXTERNAL ERROR MATRIX.    NDIM=  25    NPAR= 11    ERR DEF=1
  1.488e+09 
 -6.397e+02  2.840e-04 
 -1.093e+03  4.682e-04  8.154e-04 
  2.185e+02 -9.053e-05 -1.614e-04  3.537e-05 
 -5.107e+02  2.276e-04  3.748e-04 -6.997e-05  1.849e-04 
 -4.403e+01  2.062e-05  3.277e-05 -5.731e-06  1.685e-05  1.740e-06 
  6.742e+05 -3.187e-01 -4.988e-01  8.309e-02 -2.634e-01 -2.611e-02  4.193e+02 
  1.002e+02 -9.241e-05 -7.387e-05 -5.639e-06 -8.141e-05 -1.327e-05  2.149e-01  2.914e-04 
  1.435e+03 -6.446e-04 -1.064e-03  1.944e-04 -5.256e-04 -4.886e-05  7.666e-01  2.668e-04  1.511e-03 
  2.148e+02 -1.009e-04 -1.636e-04  1.834e-05 -9.217e-05 -8.744e-06  1.563e-01  7.385e-05  2.738e-04  9.689e-05 
  1.250e+03 -5.346e-04 -9.100e-04  1.778e-04 -4.339e-04 -3.685e-05  5.690e-01  7.091e-05  1.208e-03  2.051e-04  1.088e-03 
ERR MATRIX APPROXIMATE
 PARAMETER  CORRELATION COEFFICIENTS  
       NO.  GLOBAL      1      3      4      6      8      9     20     21     22     23     24
        1  0.99998   1.000 -0.984 -0.992  0.952 -0.974 -0.866  0.854  0.152  0.957  0.566  0.982
        3  0.99997  -0.984  1.000  0.973 -0.903  0.993  0.927 -0.924 -0.321 -0.984 -0.608 -0.962
        4  0.99992  -0.992  0.973  1.000 -0.950  0.965  0.870 -0.853 -0.152 -0.959 -0.582 -0.966
        6  0.99989   0.952 -0.903 -0.950  1.000 -0.865 -0.731  0.682 -0.056  0.841  0.313  0.906
        8  0.99996  -0.974  0.993  0.965 -0.865  1.000  0.939 -0.946 -0.351 -0.994 -0.689 -0.967
        9  0.99486  -0.866  0.927  0.870 -0.731  0.939  1.000 -0.967 -0.589 -0.953 -0.673 -0.847
       20  0.99906   0.854 -0.924 -0.853  0.682 -0.946 -0.967  1.000  0.615  0.963  0.775  0.842
       21  0.99874   0.152 -0.321 -0.152 -0.056 -0.351 -0.589  0.615  1.000  0.402  0.439  0.126
       22  0.99972   0.957 -0.984 -0.959  0.841 -0.994 -0.953  0.963  0.402  1.000  0.715  0.942
       23  0.99829   0.566 -0.608 -0.582  0.313 -0.689 -0.673  0.775  0.439  0.715  1.000  0.632
       24  0.99973   0.982 -0.962 -0.966  0.906 -0.967 -0.847  0.842  0.126  0.942  0.632  1.000
 ERR MATRIX APPROXIMATE
MINUIT - FIT ONLY 1-y
 **********
 **   51 **RES 
 **********
                   PARAMETER   16  beta_vw RESTORED TO VARIABLE.
                   PARAMETER   14  alpha_vw RESTORED TO VARIABLE.
                   PARAMETER   13  beta_y RESTORED TO VARIABLE.
                   PARAMETER   11  alpha_y RESTORED TO VARIABLE.
                   PARAMETER   10  beta_2CBO RESTORED TO VARIABLE.
 **********
 **   52 **FIX            0
 **********
 PARAMETER    0  IS UNDEFINED. IGNORED.
 **********
 **   53 **FIX            1
 **********
 **********
 **   54 **FIX            2
 **********
 PARAMETER    2  IS CONSTANT.   IGNORED.
 **********
 **   55 **FIX            3
 **********
 **********
 **   56 **FIX            4
 **********
 **********
 **   57 **FIX            5
 **********
 PARAMETER    5  IS CONSTANT.   IGNORED.
 **********
 **   58 **FIX            6
 **********
 **********
 **   59 **FIX            7
 **********
 PARAMETER    7  IS CONSTANT.   IGNORED.
 **********
 **   60 **FIX            8
 **********
 **********
 **   61 **FIX            9
 **********
 **********
 **   62 **FIX           13
 **********
 **********
 **   63 **FIX           14
 **********
 **********
 **   64 **FIX           15
 **********
 PARAMETER   15  IS CONSTANT.   IGNORED.
 **********
 **   65 **FIX           16
 **********
 **********
 **   66 **MIGRAD
 **********
 START MIGRAD MINIMIZATION.  STRATEGY  1.  CONVERGENCE WHEN EDM .LT. 1.00e-04
 FCN=54.8839 FROM MIGRAD    STATUS=INITIATE       16 CALLS        6321 TOTAL
                     EDM= unknown      STRATEGY= 1      NO ERROR MATRIX       
  EXT PARAMETER               CURRENT GUESS       STEP         FIRST   
  NO.   NAME      VALUE            ERROR          SIZE      DERIVATIVE 
   1  N0           3.17584e+06     fixed    
   2  tau          6.44362e+01   constant   
   3  A0           2.82772e-01     fixed    
   4  phi          3.78624e+00     fixed    
   5  R           -6.08502e+01   constant   
   6  alpha_CBO    1.12726e-02     fixed    
   7  w_CBO        2.32500e+00   constant   
   8  beta_CBO    -7.24018e-02     fixed    
   9  alpha_2CBO  -8.85960e-03     fixed    
  10  beta_2CBO   -8.54321e-03   1.46574e-03   1.46574e-03  -5.89170e+02
  11  alpha_y      0.00000e+00   1.00000e-03   1.00000e-03  -6.98788e+04
  12  w_y          1.44500e+01   constant   
  13  beta_y      -2.55988e-03     fixed    
  14  alpha_vw     0.00000e+00     fixed    
  15  w_vw         1.29000e+01   constant   
  16  beta_vw      0.00000e+00     fixed    
  17  LM           1.15487e-03   constant   
  18  zeta_y       0.00000e+00   constant   
  19  zeta_vw      0.00000e+00   constant   
  20  T_CBO        3.58878e+02   2.04716e+01   2.05437e-03   8.22262e-01
  21  alpha_A0     2.70705e-01   1.70716e-02   6.90529e-04  -3.27094e+01
  22  beta_A0      6.59833e-01   3.88754e-02   1.68412e-03   3.50677e+01
  23  alpha_phi    4.20906e-01   9.84324e-03   6.45272e-04  -1.68063e+01
  24  beta_phi    -4.37297e-02   3.29835e-02   1.40956e-03   5.32000e+01
 CALL LIMIT EXCEEDED IN MIGRAD.
 MIGRAD TERMINATED WITHOUT CONVERGENCE.
 FCN=23.2062 FROM MIGRAD    STATUS=CALL LIMIT   1150 CALLS        7455 TOTAL
                     EDM=0.00151175    STRATEGY= 1  ERROR MATRIX UNCERTAINTY  48.5 per cent
  EXT PARAMETER                APPROXIMATE        STEP         FIRST   
  NO.   NAME      VALUE            ERROR          SIZE      DERIVATIVE 
   1  N0           3.17584e+06     fixed    
   2  tau          6.44362e+01   constant   
   3  A0           2.82772e-01     fixed    
   4  phi          3.78624e+00     fixed    
   5  R           -6.08502e+01   constant   
   6  alpha_CBO    1.12726e-02     fixed    
   7  w_CBO        2.32500e+00   constant   
   8  beta_CBO    -7.24018e-02     fixed    
   9  alpha_2CBO  -8.85960e-03     fixed    
  10  beta_2CBO   -8.49295e-03   2.06178e-04  -7.36812e-08  -3.03868e+00
  11  alpha_y      9.01425e-04   1.60052e-04   1.28471e-08  -5.41790e+00
  12  w_y          1.44500e+01   constant   
  13  beta_y      -2.55988e-03     fixed    
  14  alpha_vw     0.00000e+00     fixed    
  15  w_vw         1.29000e+01   constant   
  16  beta_vw      0.00000e+00     fixed    
  17  LM           1.15487e-03   constant   
  18  zeta_y       0.00000e+00   constant   
  19  zeta_vw      0.00000e+00   constant   
  20  T_CBO        8.97989e+02   1.57756e+02  -2.10900e-03  -2.18802e-01
  21  alpha_A0     2.48496e-01   3.05044e-03   1.93646e-05  -1.59764e+01
  22  beta_A0      6.03893e-01   6.89901e-03   4.70509e-05   5.84939e+00
  23  alpha_phi    3.86302e-01   4.56840e-03   2.82286e-05  -1.64908e+01
  24  beta_phi    -3.85885e-02   1.76960e-03   1.31601e-06   2.00204e+01
 EXTERNAL ERROR MATRIX.    NDIM=  25    NPAR=  7    ERR DEF=1
  4.251e-08  4.333e-10 -8.793e-04 -9.739e-09 -1.313e-07  9.825e-08  8.051e-08 
  4.333e-10  2.562e-08  5.308e-04  7.981e-09 -4.578e-08 -2.380e-08  2.661e-08 
 -8.793e-04  5.308e-04  2.754e+04 -4.670e-01 -1.119e+00 -7.318e-01  2.034e-01 
 -9.739e-09  7.981e-09 -4.670e-01  9.305e-06  1.895e-05  1.158e-05 -3.191e-06 
 -1.313e-07 -4.578e-08 -1.119e+00  1.895e-05  4.760e-05  2.942e-05 -9.554e-06 
  9.825e-08 -2.380e-08 -7.318e-01  1.158e-05  2.942e-05  2.087e-05 -5.294e-06 
  8.051e-08  2.661e-08  2.034e-01 -3.191e-06 -9.554e-06 -5.294e-06  3.131e-06 
ERR MATRIX APPROXIMATE
 PARAMETER  CORRELATION COEFFICIENTS  
       NO.  GLOBAL     10     11     20     21     22     23     24
       10  0.59577   1.000  0.013 -0.026 -0.015 -0.092  0.104  0.221
       11  0.14837   0.013  1.000  0.020  0.016 -0.041 -0.033  0.094
       20  0.99463  -0.026  0.020  1.000 -0.922 -0.977 -0.965  0.693
       21  0.95393  -0.015  0.016 -0.922  1.000  0.900  0.831 -0.591
       22  0.99089  -0.092 -0.041 -0.977  0.900  1.000  0.933 -0.783
       23  0.97989   0.104 -0.033 -0.965  0.831  0.933  1.000 -0.655
       24  0.86298   0.221  0.094  0.693 -0.591 -0.783 -0.655  1.000
 ERR MATRIX APPROXIMATE
MINUIT - FIT ONLY 2-y
 **********
 **   67 **RES 
 **********
                   PARAMETER   16  beta_vw RESTORED TO VARIABLE.
                   PARAMETER   14  alpha_vw RESTORED TO VARIABLE.
                   PARAMETER   13  beta_y RESTORED TO VARIABLE.
                   PARAMETER    9  alpha_2CBO RESTORED TO VARIABLE.
                   PARAMETER    8  beta_CBO RESTORED TO VARIABLE.
                   PARAMETER    6  alpha_CBO RESTORED TO VARIABLE.
                   PARAMETER    4  phi RESTORED TO VARIABLE.
                   PARAMETER    3  A0 RESTORED TO VARIABLE.
                   PARAMETER    1  N0 RESTORED TO VARIABLE.
 **********
 **   68 **FIX            0
 **********
 PARAMETER    0  IS UNDEFINED. IGNORED.
 **********
 **   69 **FIX            1
 **********
 **********
 **   70 **FIX            2
 **********
 PARAMETER    2  IS CONSTANT.   IGNORED.
 **********
 **   71 **FIX            3
 **********
 **********
 **   72 **FIX            4
 **********
 **********
 **   73 **FIX            5
 **********
 PARAMETER    5  IS CONSTANT.   IGNORED.
 **********
 **   74 **FIX            6
 **********
 **********
 **   75 **FIX            7
 **********
 PARAMETER    7  IS CONSTANT.   IGNORED.
 **********
 **   76 **FIX            8
 **********
 **********
 **   77 **FIX            9
 **********
 **********
 **   78 **FIX           10
 **********
 **********
 **   79 **FIX           11
 **********
 **********
 **   80 **FIX           12
 **********
 PARAMETER   12  IS CONSTANT.   IGNORED.
 **********
 **   81 **FIX           16
 **********
 **********
 **   82 **MIGRAD
 **********
 START MIGRAD MINIMIZATION.  STRATEGY  1.  CONVERGENCE WHEN EDM .LT. 1.00e-04
 FCN=23.2062 FROM MIGRAD    STATUS=INITIATE       16 CALLS        7471 TOTAL
                     EDM= unknown      STRATEGY= 1      NO ERROR MATRIX       
  EXT PARAMETER               CURRENT GUESS       STEP         FIRST   
  NO.   NAME      VALUE            ERROR          SIZE      DERIVATIVE 
   1  N0           3.17584e+06     fixed    
   2  tau          6.44362e+01   constant   
   3  A0           2.82772e-01     fixed    
   4  phi          3.78624e+00     fixed    
   5  R           -6.08502e+01   constant   
   6  alpha_CBO    1.12726e-02     fixed    
   7  w_CBO        2.32500e+00   constant   
   8  beta_CBO    -7.24018e-02     fixed    
   9  alpha_2CBO  -8.85960e-03     fixed    
  10  beta_2CBO   -8.49295e-03     fixed    
  11  alpha_y      9.01425e-04     fixed    
  12  w_y          1.44500e+01   constant   
  13  beta_y      -2.55988e-03   1.65328e-04   1.65328e-04  -2.76414e+03
  14  alpha_vw     0.00000e+00   1.00000e-03   1.00000e-03   1.26937e+04
  15  w_vw         1.29000e+01   constant   
  16  beta_vw      0.00000e+00     fixed    
  17  LM           1.15487e-03   constant   
  18  zeta_y       0.00000e+00   constant   
  19  zeta_vw      0.00000e+00   constant   
  20  T_CBO        8.97989e+02   1.57756e+02  -2.10900e-03  -2.18802e-01
  21  alpha_A0     2.48496e-01   3.05044e-03   1.93646e-05  -1.59764e+01
  22  beta_A0      6.03893e-01   6.89901e-03   4.70509e-05   5.84940e+00
  23  alpha_phi    3.86302e-01   4.56840e-03   2.82286e-05  -1.64908e+01
  24  beta_phi    -3.85885e-02   1.76960e-03   1.31601e-06   2.00204e+01
 MIGRAD MINIMIZATION HAS CONVERGED.
 MIGRAD WILL VERIFY CONVERGENCE AND ERROR MATRIX.
 COVARIANCE MATRIX CALCULATED SUCCESSFULLY
 FCN=22.1495 FROM HESSE     STATUS=OK             50 CALLS        7601 TOTAL
                     EDM=0.0122845    STRATEGY= 1      ERROR MATRIX ACCURATE 
  EXT PARAMETER                                   STEP         FIRST   
  NO.   NAME      VALUE            ERROR          SIZE      DERIVATIVE 
   1  N0           3.17584e+06     fixed    
   2  tau          6.44362e+01   constant   
   3  A0           2.82772e-01     fixed    
   4  phi          3.78624e+00     fixed    
   5  R           -6.08502e+01   constant   
   6  alpha_CBO    1.12726e-02     fixed    
   7  w_CBO        2.32500e+00   constant   
   8  beta_CBO    -7.24018e-02     fixed    
   9  alpha_2CBO  -8.85960e-03     fixed    
  10  beta_2CBO   -8.49295e-03     fixed    
  11  alpha_y      9.01425e-04     fixed    
  12  w_y          1.44500e+01   constant   
  13  beta_y      -2.55341e-03   1.66576e-04   3.83268e-07   5.34366e-01
  14  alpha_vw    -1.64759e-04   1.64370e-04   3.75700e-07   2.67458e-02
