 + ++++++++++++++++++++++++++++++++++++++++++++++++++++++++++++++++++++ +
 +                                                                      +
 +           You have chose to blind your fitting according to          +
 +                omega_ref * (1 + (R +/- deltaR) *10^{-6})             +
 +                                                                      +
 + ++++++++++++++++++++++++++++++++++++++++++++++++++++++++++++++++++++ +
In main()...
reading format from /gm2data/zkhechad/run45/envelope/formats/formatB_sBin_constraintOn.txt
pBinTau 	= 0  
pBinPhi 	= 0  
constraintau 	= 1 
includeMopTerm 	= 0    
constrainMop    = 0   
Parameters after format file: pBinTau 0 pBinPhi 0 constraintau 1 includeMopTerm 0 constrainMop 0 c_e_scale 0.000000 
Opening file /gm2data/tbarrett/gm2fr/studies/run23_bunch_corrections/CorrectedFourier_Run3b.root.
reading full fit data from /gm2data/zkhechad/cboTemplates/Run4CBOTemplates/fullFits/noRF/sBin_constraintOn_cE0.0_seed0_noRF_calo5.root
windowBins = 69
fitting sliding window 1680 from bin 1816 at 270.798000 to bin 1885 at 281.242000 (69 bins)

Reading data from /gm2data/cornell/histograms/aMethod/histogram_a_noRF.root
 **********
 **    1 **SET PRINTOUT            1
 **********
 **********
 **    2 **SET NOWARNINGS 
 **********
 PARAMETER DEFINITIONS:
    NO.   NAME         VALUE      STEP SIZE      LIMITS
     1 N0           2.79633e+06  1.00000e+02     no limits
     2 tau          6.44140e+01  constant
     3 A0           3.58434e-01  1.00000e-04     no limits
     4 phi          4.11632e+00  1.00000e-02     no limits
     5 R           -6.26390e+01  constant
     6 alpha_CBO    0.00000e+00  1.00000e-03     no limits
     7 w_CBO        2.32500e+00  constant
     8 beta_CBO     0.00000e+00  1.00000e-03     no limits
     9 alpha_2CBO   0.00000e+00  1.00000e-03     no limits
    10 beta_2CBO    0.00000e+00  1.00000e-03     no limits
    11 alpha_y      0.00000e+00  1.00000e-03     no limits
    12 w_y          1.38860e+01  constant
    13 beta_y       0.00000e+00  1.00000e-03     no limits
    14 alpha_vw     0.00000e+00  1.00000e-03     no limits
    15 w_vw         1.43404e+01  constant
    16 beta_vw      0.00000e+00  1.00000e-03     no limits
    17 LM           3.79801e-04  constant
    18 zeta_y       0.00000e+00  constant
    19 zeta_vw      0.00000e+00  constant
    20 T_CBO        1.00000e+02  1.00000e+00    0.00000e+00  1.00000e+03
    21 alpha_A0     0.00000e+00  1.00000e-04   -1.00000e-02  1.00000e-02
    22 beta_A0      0.00000e+00  1.00000e-04   -1.00000e-02  1.00000e-02
    23 alpha_phi    0.00000e+00  1.00000e-04   -1.00000e-02  1.00000e-02
    24 beta_phi     0.00000e+00  1.00000e-04   -1.00000e-02  1.00000e-02
MINUIT - FIT ONLY WIGGLE
 **********
 **    3 **FIX            5
 **********
 PARAMETER    5  IS CONSTANT.   IGNORED.
 **********
 **    4 **FIX            6
 **********
 **********
 **    5 **FIX            7
 **********
 PARAMETER    7  IS CONSTANT.   IGNORED.
 **********
 **    6 **FIX            8
 **********
 **********
 **    7 **FIX            9
 **********
 **********
 **    8 **FIX           10
 **********
 **********
 **    9 **FIX           11
 **********
 **********
 **   10 **FIX           12
 **********
 PARAMETER   12  IS CONSTANT.   IGNORED.
 **********
 **   11 **FIX           13
 **********
 **********
 **   12 **FIX           14
 **********
 **********
 **   13 **FIX           15
 **********
 PARAMETER   15  IS CONSTANT.   IGNORED.
 **********
 **   14 **FIX           16
 **********
 **********
 **   15 **MIGRAD
 **********
 FIRST CALL TO USER FUNCTION AT NEW START POINT, WITH IFLAG=4.
 START MIGRAD MINIMIZATION.  STRATEGY  1.  CONVERGENCE WHEN EDM .LT. 1.00e-04
 FCN=102.625 FROM MIGRAD    STATUS=INITIATE      437 CALLS         438 TOTAL
                     EDM= unknown      STRATEGY= 1      NO ERROR MATRIX       
  EXT PARAMETER               CURRENT GUESS       STEP         FIRST   
  NO.   NAME      VALUE            ERROR          SIZE      DERIVATIVE 
   1  N0           2.79633e+06   1.00000e+02   0.00000e+00   1.48626e-03
   2  tau          6.44140e+01   constant   
   3  A0           3.58434e-01   1.00000e-04   0.00000e+00   8.88591e+02
   4  phi          4.11632e+00   1.00000e-02   0.00000e+00  -1.00583e+03
   5  R           -6.26390e+01   constant   
   6  alpha_CBO    0.00000e+00     fixed    
   7  w_CBO        2.32500e+00   constant   
   8  beta_CBO     0.00000e+00     fixed    
   9  alpha_2CBO   0.00000e+00     fixed    
  10  beta_2CBO    0.00000e+00     fixed    
  11  alpha_y      0.00000e+00     fixed    
  12  w_y          1.38860e+01   constant   
  13  beta_y       0.00000e+00     fixed    
  14  alpha_vw     0.00000e+00     fixed    
  15  w_vw         1.43404e+01   constant   
  16  beta_vw      0.00000e+00     fixed    
  17  LM           3.79801e-04   constant   
  18  zeta_y       0.00000e+00   constant   
  19  zeta_vw      0.00000e+00   constant   
  20  T_CBO        1.00000e+02   1.00000e+00   0.00000e+00   0.00000e+00
  21  alpha_A0     0.00000e+00   1.00000e-04   0.00000e+00  -1.00640e+00
  22  beta_A0      0.00000e+00   1.00000e-04   0.00000e+00   3.06809e-01
  23  alpha_phi    0.00000e+00   1.00000e-04   0.00000e+00  -9.35961e-01
  24  beta_phi     0.00000e+00   1.00000e-04   0.00000e+00   3.78876e-01
 MIGRAD MINIMIZATION HAS CONVERGED.
 FCN=96.4194 FROM MIGRAD    STATUS=CONVERGED     710 CALLS         711 TOTAL
                     EDM=2.5327e-06    STRATEGY= 1  ERROR MATRIX UNCERTAINTY   0.5 per cent
  EXT PARAMETER                                   STEP         FIRST   
  NO.   NAME      VALUE            ERROR          SIZE      DERIVATIVE 
   1  N0           2.79553e+06   1.03365e+03   3.45046e+00  -1.09629e-06
   2  tau          6.44140e+01   constant   
   3  A0           3.58293e-01   4.50978e-04   1.42425e-07   3.99437e-01
   4  phi          4.11761e+00   1.42607e-03   1.33408e-06  -9.02067e-01
   5  R           -6.26390e+01   constant   
   6  alpha_CBO    0.00000e+00     fixed    
   7  w_CBO        2.32500e+00   constant   
   8  beta_CBO     0.00000e+00     fixed    
   9  alpha_2CBO   0.00000e+00     fixed    
  10  beta_2CBO    0.00000e+00     fixed    
  11  alpha_y      0.00000e+00     fixed    
  12  w_y          1.38860e+01   constant   
  13  beta_y       0.00000e+00     fixed    
  14  alpha_vw     0.00000e+00     fixed    
  15  w_vw         1.43404e+01   constant   
  16  beta_vw      0.00000e+00     fixed    
  17  LM           3.79801e-04   constant   
  18  zeta_y       0.00000e+00   constant   
  19  zeta_vw      0.00000e+00   constant   
  20  T_CBO        2.64953e+02   1.48492e+02   2.40570e-03  -1.91904e-03
  21  alpha_A0     9.99029e-03   1.31621e-02   2.17023e-03  -1.84044e-03
  22  beta_A0     -9.52223e-04   5.39196e-03  -3.09928e-03  -2.06281e-03
  23  alpha_phi    6.37932e-03   5.78662e-03   6.93911e-03   5.84193e-04
  24  beta_phi    -3.46964e-03   5.22628e-03   2.06779e-03   1.85383e-03
 EXTERNAL ERROR MATRIX.    NDIM=  25    NPAR=  8    ERR DEF=1
  1.068e+06  1.369e-02  1.537e-02  2.157e+04  1.301e-02 -9.742e-01  1.393e+00  3.146e-02 
  1.369e-02  2.034e-07 -7.499e-09  8.081e-04  1.285e-08 -1.454e-07 -1.023e-07  6.819e-09 
  1.537e-02 -7.499e-09  2.034e-06  3.941e-02 -5.496e-08  8.749e-07  1.279e-06  1.916e-07 
  2.157e+04  8.081e-04  3.941e-02  2.294e+04  8.054e-03  1.608e-01  6.379e-01  2.331e-01 
  1.301e-02  1.285e-08 -5.496e-08  8.054e-03  2.574e-07 -3.284e-07  1.112e-07 -2.666e-07 
 -9.742e-01 -1.454e-07  8.749e-07  1.608e-01 -3.284e-07  3.247e-05  5.941e-06  1.100e-06 
  1.393e+00 -1.023e-07  1.279e-06  6.379e-01  1.112e-07  5.941e-06  4.287e-05  5.597e-06 
  3.146e-02  6.819e-09  1.916e-07  2.331e-01 -2.666e-07  1.100e-06  5.597e-06  3.073e-05 
 PARAMETER  CORRELATION COEFFICIENTS  
       NO.  GLOBAL      1      3      4     20     21     22     23     24
        1  0.29235   1.000  0.029  0.010  0.138  0.025 -0.165  0.206  0.005
        3  0.09609   0.029  1.000 -0.012  0.012  0.056 -0.057 -0.035  0.003
        4  0.21941   0.010 -0.012  1.000  0.182 -0.076  0.108  0.137  0.024
       20  0.69071   0.138  0.012  0.182  1.000  0.105  0.186  0.643  0.278
       21  0.24189   0.025  0.056 -0.076  0.105  1.000 -0.114  0.033 -0.095
       22  0.31858  -0.165 -0.057  0.108  0.186 -0.114  1.000  0.159  0.035
       23  0.65962   0.206 -0.035  0.137  0.643  0.033  0.159  1.000  0.154
       24  0.31238   0.005  0.003  0.024  0.278 -0.095  0.035  0.154  1.000
MINUIT - FIT ONLY 1-CBO + wiggle
 **********
 **   16 **RES 
 **********
                   PARAMETER   16  beta_vw RESTORED TO VARIABLE.
                   PARAMETER   14  alpha_vw RESTORED TO VARIABLE.
                   PARAMETER   13  beta_y RESTORED TO VARIABLE.
                   PARAMETER   11  alpha_y RESTORED TO VARIABLE.
                   PARAMETER   10  beta_2CBO RESTORED TO VARIABLE.
                   PARAMETER    9  alpha_2CBO RESTORED TO VARIABLE.
                   PARAMETER    8  beta_CBO RESTORED TO VARIABLE.
                   PARAMETER    6  alpha_CBO RESTORED TO VARIABLE.
 **********
 **   17 **FIX            8
 **********
 **********
 **   18 **FIX            9
 **********
 **********
 **   19 **FIX           11
 **********
 **********
 **   20 **FIX           12
 **********
 PARAMETER   12  IS CONSTANT.   IGNORED.
 **********
 **   21 **FIX           14
 **********
 **********
 **   22 **FIX           15
 **********
 PARAMETER   15  IS CONSTANT.   IGNORED.
 **********
 **   23 **FIX           16
 **********
 **********
 **   24 **MIGRAD
 **********
 START MIGRAD MINIMIZATION.  STRATEGY  1.  CONVERGENCE WHEN EDM .LT. 1.00e-04
 FCN=96.4194 FROM MIGRAD    STATUS=INITIATE       28 CALLS         739 TOTAL
                     EDM= unknown      STRATEGY= 1      NO ERROR MATRIX       
  EXT PARAMETER               CURRENT GUESS       STEP         FIRST   
  NO.   NAME      VALUE            ERROR          SIZE      DERIVATIVE 
   1  N0           2.79553e+06   1.03365e+03   3.45046e+00  -1.09629e-06
   2  tau          6.44140e+01   constant   
   3  A0           3.58293e-01   4.50978e-04   1.42425e-07   3.99438e-01
   4  phi          4.11761e+00   1.42607e-03   1.33408e-06  -9.02067e-01
   5  R           -6.26390e+01   constant   
   6  alpha_CBO    0.00000e+00   1.00000e-03   1.00000e-03   1.44172e+04
   7  w_CBO        2.32500e+00   constant   
   8  beta_CBO     0.00000e+00     fixed    
   9  alpha_2CBO   0.00000e+00     fixed    
  10  beta_2CBO    0.00000e+00   1.00000e-03   1.00000e-03  -6.70223e+03
  11  alpha_y      0.00000e+00     fixed    
  12  w_y          1.38860e+01   constant   
  13  beta_y       0.00000e+00   1.00000e-03   1.00000e-03   5.54837e+03
  14  alpha_vw     0.00000e+00     fixed    
  15  w_vw         1.43404e+01   constant   
  16  beta_vw      0.00000e+00     fixed    
  17  LM           3.79801e-04   constant   
  18  zeta_y       0.00000e+00   constant   
  19  zeta_vw      0.00000e+00   constant   
  20  T_CBO        2.64953e+02   1.48492e+02   2.40570e-03  -1.91933e-03
  21  alpha_A0     9.99029e-03   1.31621e-02   2.17023e-03  -1.87681e-03
  22  beta_A0     -9.52223e-04   5.39196e-03  -3.09928e-03  -2.06285e-03
  23  alpha_phi    6.37932e-03   5.78662e-03   6.93911e-03  -5.83752e-04
  24  beta_phi    -3.46964e-03   5.22628e-03   2.06779e-03   1.85374e-03
 MIGRAD MINIMIZATION HAS CONVERGED.
 FCN=75.6787 FROM MIGRAD    STATUS=CONVERGED     478 CALLS        1189 TOTAL
                     EDM=9.36406e-06    STRATEGY= 1  ERROR MATRIX UNCERTAINTY   4.1 per cent
  EXT PARAMETER                                   STEP         FIRST   
  NO.   NAME      VALUE            ERROR          SIZE      DERIVATIVE 
   1  N0           2.79570e+06   1.05564e+03  -6.09076e-01  -1.43580e-06
   2  tau          6.44140e+01   constant   
   3  A0           3.58609e-01   4.53423e-04   3.14627e-07   4.83376e+00
   4  phi          4.11687e+00   1.43031e-03  -3.04225e-08   6.11030e-01
   5  R           -6.26390e+01   constant   
   6  alpha_CBO   -2.15724e-03   5.45518e-04  -1.79481e-07   1.20976e+00
   7  w_CBO        2.32500e+00   constant   
   8  beta_CBO     0.00000e+00     fixed    
   9  alpha_2CBO   0.00000e+00     fixed    
  10  beta_2CBO    9.07520e-04   5.34659e-04  -9.27621e-08  -2.06624e+00
  11  alpha_y      0.00000e+00     fixed    
  12  w_y          1.38860e+01   constant   
  13  beta_y      -7.73829e-04   5.19888e-04  -1.81115e-08   2.59194e+00
  14  alpha_vw     0.00000e+00     fixed    
  15  w_vw         1.43404e+01   constant   
  16  beta_vw      0.00000e+00     fixed    
  17  LM           3.79801e-04   constant   
  18  zeta_y       0.00000e+00   constant   
  19  zeta_vw      0.00000e+00   constant   
  20  T_CBO        1.71850e+02   1.16127e+02  -1.11504e-03  -2.05320e-02
  21  alpha_A0     9.99809e-03   1.97156e-02   2.68474e-02  -4.05086e-04
  22  beta_A0     -1.42543e-03   7.42971e-03  -9.64946e-04   2.93936e-03
  23  alpha_phi    4.33761e-03   7.45858e-03   2.58667e-03  -3.97760e-03
  24  beta_phi    -6.48754e-03   1.11558e-02  -3.18225e-03   1.32223e-03
 EXTERNAL ERROR MATRIX.    NDIM=  25    NPAR= 11    ERR DEF=1
  1.114e+06 
  1.014e-01  2.056e-07 
  5.636e-02 -6.050e-08  2.046e-06 
 -2.570e-02 -3.883e-08  9.282e-08  2.976e-07 
  9.740e-03 -4.114e-09 -1.384e-08  2.231e-09  2.859e-07 
  7.667e-03 -8.266e-09  1.317e-08  7.676e-09  4.408e-09  2.703e-07 
  7.727e+03 -1.056e-03  2.997e-02  6.667e-03 -9.589e-03  7.264e-04  1.393e+04 
 -1.432e-01  4.931e-08 -4.841e-08 -2.043e-08 -5.226e-08  6.370e-09 -1.116e-01  3.148e-06 
 -1.426e+00 -5.495e-07  1.086e-06  2.559e-07  1.393e-07 -2.641e-08  2.636e-01 -2.267e-06  7.062e-05 
 -1.910e+00  2.470e-07 -8.404e-07  3.449e-07  1.115e-07  6.007e-08 -5.802e-01  6.897e-06 -5.644e-06  7.720e-05 
  9.166e-02 -1.261e-07  1.187e-06  1.762e-07 -9.240e-07 -5.577e-08  7.934e-01 -4.208e-06  1.610e-05 -3.331e-05  1.071e-04 
 PARAMETER  CORRELATION COEFFICIENTS  
       NO.  GLOBAL      1      3      4      6     10     13     20     21     22     23     24
        1  0.34905   1.000  0.212  0.037 -0.045  0.017  0.014  0.062 -0.076 -0.161 -0.206  0.008
        3  0.32939   0.212  1.000 -0.093 -0.157 -0.017 -0.035 -0.020  0.061 -0.144  0.062 -0.027
        4  0.25380   0.037 -0.093  1.000  0.119 -0.018  0.018  0.178 -0.019  0.090 -0.067  0.080
        6  0.26992  -0.045 -0.157  0.119  1.000  0.008  0.027  0.104 -0.021  0.056  0.072  0.031
       10  0.25069   0.017 -0.017 -0.018  0.008  1.000  0.016 -0.152 -0.055  0.031  0.024 -0.167
       13  0.06687   0.014 -0.035  0.018  0.027  0.016  1.000  0.012  0.007 -0.006  0.013 -0.010
       20  0.81469   0.062 -0.020  0.178  0.104 -0.152  0.012  1.000 -0.533  0.266 -0.559  0.649
       21  0.60014  -0.076  0.061 -0.019 -0.021 -0.055  0.007 -0.533  1.000 -0.152  0.442 -0.229
       22  0.35410  -0.161 -0.144  0.090  0.056  0.031 -0.006  0.266 -0.152  1.000 -0.076  0.185
       23  0.63079  -0.206  0.062 -0.067  0.072  0.024  0.013 -0.559  0.442 -0.076  1.000 -0.366
       24  0.67052   0.008 -0.027  0.080  0.031 -0.167 -0.010  0.649 -0.229  0.185 -0.366  1.000
MINUIT - FIT ONLY 2-CBO
 **********
 **   25 **RES 
 **********
                   PARAMETER   16  beta_vw RESTORED TO VARIABLE.
                   PARAMETER   14  alpha_vw RESTORED TO VARIABLE.
                   PARAMETER   11  alpha_y RESTORED TO VARIABLE.
                   PARAMETER    9  alpha_2CBO RESTORED TO VARIABLE.
                   PARAMETER    8  beta_CBO RESTORED TO VARIABLE.
 **********
 **   26 **FIX            0
 **********
 PARAMETER    0  IS UNDEFINED. IGNORED.
 **********
 **   27 **FIX            1
 **********
 **********
 **   28 **FIX            2
 **********
 PARAMETER    2  IS CONSTANT.   IGNORED.
 **********
 **   29 **FIX            3
 **********
 **********
 **   30 **FIX            4
 **********
 **********
 **   31 **FIX            5
 **********
 PARAMETER    5  IS CONSTANT.   IGNORED.
 **********
 **   32 **FIX            6
 **********
 **********
 **   33 **FIX            7
 **********
 PARAMETER    7  IS CONSTANT.   IGNORED.
 **********
 **   34 **FIX           10
 **********
 **********
 **   35 **FIX           11
 **********
 **********
 **   36 **FIX           12
 **********
 PARAMETER   12  IS CONSTANT.   IGNORED.
 **********
 **   37 **FIX           13
 **********
 **********
 **   38 **FIX           14
 **********
 **********
 **   39 **FIX           15
 **********
 PARAMETER   15  IS CONSTANT.   IGNORED.
 **********
 **   40 **FIX           16
 **********
 **********
 **   41 **MIGRAD
 **********
 START MIGRAD MINIMIZATION.  STRATEGY  1.  CONVERGENCE WHEN EDM .LT. 1.00e-04
 FCN=75.6787 FROM MIGRAD    STATUS=INITIATE       18 CALLS        1207 TOTAL
                     EDM= unknown      STRATEGY= 1      NO ERROR MATRIX       
  EXT PARAMETER               CURRENT GUESS       STEP         FIRST   
  NO.   NAME      VALUE            ERROR          SIZE      DERIVATIVE 
   1  N0           2.79570e+06     fixed    
   2  tau          6.44140e+01   constant   
   3  A0           3.58609e-01     fixed    
   4  phi          4.11687e+00     fixed    
   5  R           -6.26390e+01   constant   
   6  alpha_CBO   -2.15724e-03     fixed    
   7  w_CBO        2.32500e+00   constant   
   8  beta_CBO     0.00000e+00   1.00000e-03   1.00000e-03   1.42829e+04
   9  alpha_2CBO   0.00000e+00   1.00000e-03   1.00000e-03  -3.11270e+03
  10  beta_2CBO    9.07520e-04     fixed    
  11  alpha_y      0.00000e+00     fixed    
  12  w_y          1.38860e+01   constant   
  13  beta_y      -7.73829e-04     fixed    
  14  alpha_vw     0.00000e+00     fixed    
  15  w_vw         1.43404e+01   constant   
  16  beta_vw      0.00000e+00     fixed    
  17  LM           3.79801e-04   constant   
  18  zeta_y       0.00000e+00   constant   
  19  zeta_vw      0.00000e+00   constant   
  20  T_CBO        1.71850e+02   1.16127e+02  -1.11504e-03  -2.05320e-02
  21  alpha_A0     9.99809e-03   1.97156e-02   2.68474e-02  -4.00501e-04
  22  beta_A0     -1.42543e-03   7.42971e-03  -9.64946e-04   2.93938e-03
  23  alpha_phi    4.33761e-03   7.45858e-03   2.58667e-03  -3.97769e-03
  24  beta_phi    -6.48754e-03   1.11558e-02  -3.18225e-03   1.32244e-03
 MIGRAD MINIMIZATION HAS CONVERGED.
 MIGRAD WILL VERIFY CONVERGENCE AND ERROR MATRIX.
 COVARIANCE MATRIX CALCULATED SUCCESSFULLY
 FCN=60.4354 FROM MIGRAD    STATUS=CONVERGED     259 CALLS        1448 TOTAL
                     EDM=2.67923e-06    STRATEGY= 1      ERROR MATRIX ACCURATE 
  EXT PARAMETER                                   STEP         FIRST   
  NO.   NAME      VALUE            ERROR          SIZE      DERIVATIVE 
   1  N0           2.79570e+06     fixed    
   2  tau          6.44140e+01   constant   
   3  A0           3.58609e-01     fixed    
   4  phi          4.11687e+00     fixed    
   5  R           -6.26390e+01   constant   
   6  alpha_CBO   -2.15724e-03     fixed    
   7  w_CBO        2.32500e+00   constant   
   8  beta_CBO    -2.04574e-03   5.36171e-04   1.99397e-06  -1.61232e-01
   9  alpha_2CBO   4.08454e-04   5.30245e-04   1.98640e-06   2.40122e-02
  10  beta_2CBO    9.07520e-04     fixed    
  11  alpha_y      0.00000e+00     fixed    
  12  w_y          1.38860e+01   constant   
  13  beta_y      -7.73829e-04     fixed    
  14  alpha_vw     0.00000e+00     fixed    
  15  w_vw         1.43404e+01   constant   
  16  beta_vw      0.00000e+00     fixed    
  17  LM           3.79801e-04   constant   
  18  zeta_y       0.00000e+00   constant   
  19  zeta_vw      0.00000e+00   constant   
  20  T_CBO        2.26345e+02   1.75282e+02   8.52976e-04   5.24875e-03
  21  alpha_A0     7.95551e-03   1.14415e-02   4.45469e-03   2.31293e-05
  22  beta_A0     -1.14099e-03   6.23022e-03   2.49176e-03  -1.07374e-03
  23  alpha_phi    2.94023e-03   6.09998e-03   2.33191e-03   1.10444e-03
  24  beta_phi    -9.97667e-03   1.63912e-02   3.60729e-02   2.13913e-04
 EXTERNAL ERROR MATRIX.    NDIM=  25    NPAR=  7    ERR DEF=1
  2.875e-07  4.142e-09 -1.488e-02 -5.502e-07  5.197e-08  1.507e-07  1.718e-08 
  4.142e-09  2.812e-07 -4.657e-05 -3.000e-07  5.539e-07 -4.068e-07 -3.512e-11 
 -1.488e-02 -4.657e-05  3.271e+04  1.332e+00  2.384e-01 -5.378e-01 -1.333e+00 
 -5.502e-07 -3.000e-07  1.332e+00  1.048e-04  5.707e-06 -1.954e-05 -5.772e-05 
  5.197e-08  5.539e-07  2.384e-01  5.707e-06  4.535e-05 -7.977e-06 -8.749e-06 
  1.507e-07 -4.068e-07 -5.378e-01 -1.954e-05 -7.977e-06  4.377e-05  2.122e-05 
  1.718e-08 -3.512e-11 -1.333e+00 -5.772e-05 -8.749e-06  2.122e-05  9.602e-05 
 PARAMETER  CORRELATION COEFFICIENTS  
       NO.  GLOBAL      8      9     20     21     22     23     24
        8  0.23618   1.000  0.015 -0.153 -0.100  0.014  0.042  0.003
        9  0.20463   0.015  1.000 -0.000 -0.055  0.155 -0.116 -0.000
       20  0.85692  -0.153 -0.000  1.000  0.720  0.196 -0.449 -0.752
       21  0.72579  -0.100 -0.055  0.720  1.000  0.083 -0.289 -0.575
       22  0.27582   0.014  0.155  0.196  0.083  1.000 -0.179 -0.133
       23  0.47252   0.042 -0.116 -0.449 -0.289 -0.179  1.000  0.327
       24  0.76249   0.003 -0.000 -0.752 -0.575 -0.133  0.327  1.000
MINUIT - FIT wiggle + 1-CBO + 2-CBO
 **********
 **   42 **RES 
 **********
                   PARAMETER   16  beta_vw RESTORED TO VARIABLE.
                   PARAMETER   14  alpha_vw RESTORED TO VARIABLE.
                   PARAMETER   13  beta_y RESTORED TO VARIABLE.
                   PARAMETER   11  alpha_y RESTORED TO VARIABLE.
                   PARAMETER   10  beta_2CBO RESTORED TO VARIABLE.
                   PARAMETER    6  alpha_CBO RESTORED TO VARIABLE.
                   PARAMETER    4  phi RESTORED TO VARIABLE.
                   PARAMETER    3  A0 RESTORED TO VARIABLE.
                   PARAMETER    1  N0 RESTORED TO VARIABLE.
 **********
 **   43 **FIX           10
 **********
 **********
 **   44 **FIX           11
 **********
 **********
 **   45 **FIX           12
 **********
 PARAMETER   12  IS CONSTANT.   IGNORED.
 **********
 **   46 **FIX           13
 **********
 **********
 **   47 **FIX           14
 **********
 **********
 **   48 **FIX           15
 **********
 PARAMETER   15  IS CONSTANT.   IGNORED.
 **********
 **   49 **FIX           16
 **********
 **********
 **   50 **MIGRAD
 **********
 START MIGRAD MINIMIZATION.  STRATEGY  1.  CONVERGENCE WHEN EDM .LT. 1.00e-04
 FCN=60.4354 FROM MIGRAD    STATUS=INITIATE       24 CALLS        1472 TOTAL
                     EDM= unknown      STRATEGY= 1      NO ERROR MATRIX       
  EXT PARAMETER               CURRENT GUESS       STEP         FIRST   
  NO.   NAME      VALUE            ERROR          SIZE      DERIVATIVE 
   1  N0           2.79570e+06   1.05564e+03   1.05564e+03   8.16316e-05
   2  tau          6.44140e+01   constant   
   3  A0           3.58609e-01   4.53423e-04   4.53423e-04  -5.58062e+02
   4  phi          4.11687e+00   1.43031e-03   1.43031e-03  -1.28622e+03
   5  R           -6.26390e+01   constant   
   6  alpha_CBO   -2.15724e-03   5.45518e-04   5.45518e-04   3.52215e+02
   7  w_CBO        2.32500e+00   constant   
   8  beta_CBO    -2.04574e-03   5.36171e-04   1.99397e-06  -1.61231e-01
   9  alpha_2CBO   4.08454e-04   5.30245e-04   1.98640e-06   2.40126e-02
  10  beta_2CBO    9.07520e-04     fixed    
  11  alpha_y      0.00000e+00     fixed    
  12  w_y          1.38860e+01   constant   
  13  beta_y      -7.73829e-04     fixed    
  14  alpha_vw     0.00000e+00     fixed    
  15  w_vw         1.43404e+01   constant   
  16  beta_vw      0.00000e+00     fixed    
  17  LM           3.79801e-04   constant   
  18  zeta_y       0.00000e+00   constant   
  19  zeta_vw      0.00000e+00   constant   
  20  T_CBO        2.26345e+02   1.75282e+02   8.52976e-04   5.23756e-03
  21  alpha_A0     7.95551e-03   1.14415e-02   4.45469e-03  -2.59874e-05
  22  beta_A0     -1.14099e-03   6.23022e-03   2.49176e-03  -1.07210e-03
  23  alpha_phi    2.94023e-03   6.09998e-03   2.33191e-03   1.10011e-03
  24  beta_phi    -9.97667e-03   1.63912e-02   3.60729e-02   2.78441e-05
 MIGRAD MINIMIZATION HAS CONVERGED.
 FCN=59.5202 FROM MIGRAD    STATUS=CONVERGED     194 CALLS        1642 TOTAL
                     EDM=1.24172e-06    STRATEGY= 1  ERROR MATRIX UNCERTAINTY   5.2 per cent
  EXT PARAMETER                                   STEP         FIRST   
  NO.   NAME      VALUE            ERROR          SIZE      DERIVATIVE 
   1  N0           2.79575e+06   9.56593e+02  -1.23065e+00  -1.42589e-06
   2  tau          6.44140e+01   constant   
   3  A0           3.58655e-01   4.45049e-04   4.39355e-07   3.21137e-01
   4  phi          4.11828e+00   1.48256e-03  -8.11835e-07  -2.41039e-01
   5  R           -6.26390e+01   constant   
   6  alpha_CBO   -2.16434e-03   5.07306e-04  -3.35053e-07  -1.05747e+00
   7  w_CBO        2.32500e+00   constant   
   8  beta_CBO    -2.16629e-03   5.46327e-04  -3.71718e-07   1.71511e+00
   9  alpha_2CBO   4.39982e-04   5.33733e-04  -1.46167e-07   2.28328e-01
  10  beta_2CBO    9.07520e-04     fixed    
  11  alpha_y      0.00000e+00     fixed    
  12  w_y          1.38860e+01   constant   
  13  beta_y      -7.73829e-04     fixed    
  14  alpha_vw     0.00000e+00     fixed    
  15  w_vw         1.43404e+01   constant   
  16  beta_vw      0.00000e+00     fixed    
  17  LM           3.79801e-04   constant   
  18  zeta_y       0.00000e+00   constant   
  19  zeta_vw      0.00000e+00   constant   
  20  T_CBO        2.36708e+02   1.21858e+02   6.87260e-04   9.79753e-04
  21  alpha_A0     8.77856e-03   1.75992e-02  -2.67733e-03   4.80176e-04
  22  beta_A0     -4.47570e-04   5.96286e-03  -1.30541e-03   1.16955e-03
  23  alpha_phi    2.60270e-03   5.56688e-03   3.76871e-04  -5.80074e-04
  24  beta_phi    -9.99999e-03   1.44189e-02  -9.20350e-04   2.26042e-05
 EXTERNAL ERROR MATRIX.    NDIM=  25    NPAR= 11    ERR DEF=1
  9.151e+05 
  3.592e-02  1.981e-07 
  9.567e-02 -1.574e-08  2.198e-06 
  2.260e-02 -1.405e-08  6.153e-08  2.574e-07 
  7.499e-03 -3.989e-09 -1.690e-07  9.022e-09  2.985e-07 
  2.733e-02 -1.213e-08  6.308e-08  1.312e-08 -1.238e-08  2.849e-07 
 -7.521e+02  2.821e-04  1.636e-02  2.233e-03 -1.456e-02  2.405e-04  1.527e+04 
  7.482e-01 -3.041e-08  1.502e-06  4.759e-07  5.263e-07  1.440e-07 -5.576e-01  7.173e-05 
 -6.371e-01 -1.991e-09  1.105e-06  1.131e-07  5.537e-08  4.059e-07  9.376e-02  7.818e-07  4.083e-05 
 -3.864e-01  3.282e-07 -6.226e-07  2.739e-07  1.272e-07 -2.832e-07 -2.183e-01  5.863e-06 -4.657e-06  3.520e-05 
  1.282e-03 -1.326e-09  5.482e-10 -2.154e-09 -6.960e-10  3.158e-11  1.455e-04 -4.454e-08  2.198e-08  5.626e-10  5.059e-09 
 PARAMETER  CORRELATION COEFFICIENTS  
       NO.  GLOBAL      1      3      4      6      8      9     20     21     22     23     24
        1  0.22559   1.000  0.084  0.067  0.047  0.014  0.054 -0.006  0.092 -0.104 -0.068  0.019
        3  0.19695   0.084  1.000 -0.024 -0.062 -0.016 -0.051  0.005 -0.008 -0.001  0.124 -0.042
        4  0.32308   0.067 -0.024  1.000  0.082 -0.209  0.080  0.089  0.120  0.117 -0.071  0.005
        6  0.23890   0.047 -0.062  0.082  1.000  0.033  0.048  0.036  0.111  0.035  0.091 -0.060
        8  0.30681   0.014 -0.016 -0.209  0.033  1.000 -0.042 -0.216  0.114  0.016  0.039 -0.018
        9  0.18386   0.054 -0.051  0.080  0.048 -0.042  1.000  0.004  0.032  0.119 -0.089  0.001
       20  0.62881  -0.006  0.005  0.089  0.036 -0.216  0.004  1.000 -0.533  0.119 -0.298  0.017
       21  0.58401   0.092 -0.008  0.120  0.111  0.114  0.032 -0.533  1.000  0.014  0.117 -0.074
       22  0.27111  -0.104 -0.001  0.117  0.035  0.016  0.119  0.119  0.014  1.000 -0.123  0.048
       23  0.37861  -0.068  0.124 -0.071  0.091  0.039 -0.089 -0.298  0.117 -0.123  1.000  0.001
       24  0.12744   0.019 -0.042  0.005 -0.060 -0.018  0.001  0.017 -0.074  0.048  0.001  1.000
MINUIT - FIT ONLY 1-y
 **********
 **   51 **RES 
 **********
                   PARAMETER   16  beta_vw RESTORED TO VARIABLE.
                   PARAMETER   14  alpha_vw RESTORED TO VARIABLE.
                   PARAMETER   13  beta_y RESTORED TO VARIABLE.
                   PARAMETER   11  alpha_y RESTORED TO VARIABLE.
                   PARAMETER   10  beta_2CBO RESTORED TO VARIABLE.
 **********
 **   52 **FIX            0
 **********
 PARAMETER    0  IS UNDEFINED. IGNORED.
 **********
 **   53 **FIX            1
 **********
 **********
 **   54 **FIX            2
 **********
 PARAMETER    2  IS CONSTANT.   IGNORED.
 **********
 **   55 **FIX            3
 **********
 **********
 **   56 **FIX            4
 **********
 **********
 **   57 **FIX            5
 **********
 PARAMETER    5  IS CONSTANT.   IGNORED.
 **********
 **   58 **FIX            6
 **********
 **********
 **   59 **FIX            7
 **********
 PARAMETER    7  IS CONSTANT.   IGNORED.
 **********
 **   60 **FIX            8
 **********
 **********
 **   61 **FIX            9
 **********
 **********
 **   62 **FIX           13
 **********
 **********
 **   63 **FIX           14
 **********
 **********
 **   64 **FIX           15
 **********
 PARAMETER   15  IS CONSTANT.   IGNORED.
 **********
 **   65 **FIX           16
 **********
 **********
 **   66 **MIGRAD
 **********
 START MIGRAD MINIMIZATION.  STRATEGY  1.  CONVERGENCE WHEN EDM .LT. 1.00e-04
 FCN=59.5202 FROM MIGRAD    STATUS=INITIATE       16 CALLS        1658 TOTAL
                     EDM= unknown      STRATEGY= 1      NO ERROR MATRIX       
  EXT PARAMETER               CURRENT GUESS       STEP         FIRST   
  NO.   NAME      VALUE            ERROR          SIZE      DERIVATIVE 
   1  N0           2.79575e+06     fixed    
   2  tau          6.44140e+01   constant   
   3  A0           3.58655e-01     fixed    
   4  phi          4.11828e+00     fixed    
   5  R           -6.26390e+01   constant   
   6  alpha_CBO   -2.16434e-03     fixed    
   7  w_CBO        2.32500e+00   constant   
   8  beta_CBO    -2.16629e-03     fixed    
   9  alpha_2CBO   4.39982e-04     fixed    
  10  beta_2CBO    9.07520e-04   5.34659e-04   5.34659e-04   9.39709e+01
  11  alpha_y      0.00000e+00   1.00000e-03   1.00000e-03  -4.87180e+03
  12  w_y          1.38860e+01   constant   
  13  beta_y      -7.73829e-04     fixed    
  14  alpha_vw     0.00000e+00     fixed    
  15  w_vw         1.43404e+01   constant   
  16  beta_vw      0.00000e+00     fixed    
  17  LM           3.79801e-04   constant   
  18  zeta_y       0.00000e+00   constant   
  19  zeta_vw      0.00000e+00   constant   
  20  T_CBO        2.36708e+02   1.21858e+02   6.87260e-04   9.79720e-04
  21  alpha_A0     8.77856e-03   1.75992e-02  -2.67733e-03   4.80494e-04
  22  beta_A0     -4.47570e-04   5.96286e-03  -1.30541e-03   1.16955e-03
  23  alpha_phi    2.60270e-03   5.56688e-03   3.76871e-04  -5.80064e-04
  24  beta_phi    -9.99999e-03   1.44189e-02  -9.20350e-04   2.60328e-05
 MIGRAD MINIMIZATION HAS CONVERGED.
 MIGRAD WILL VERIFY CONVERGENCE AND ERROR MATRIX.
 COVARIANCE MATRIX CALCULATED SUCCESSFULLY
 FCN=57.9063 FROM MIGRAD    STATUS=CONVERGED     133 CALLS        1775 TOTAL
                     EDM=5.08554e-07    STRATEGY= 1      ERROR MATRIX ACCURATE 
  EXT PARAMETER                                   STEP         FIRST   
  NO.   NAME      VALUE            ERROR          SIZE      DERIVATIVE 
   1  N0           2.79575e+06     fixed    
   2  tau          6.44140e+01   constant   
   3  A0           3.58655e-01     fixed    
   4  phi          4.11828e+00     fixed    
   5  R           -6.26390e+01   constant   
   6  alpha_CBO   -2.16434e-03     fixed    
   7  w_CBO        2.32500e+00   constant   
   8  beta_CBO    -2.16629e-03     fixed    
   9  alpha_2CBO   4.39982e-04     fixed    
  10  beta_2CBO    8.92888e-04   5.39143e-04   1.97204e-06   1.30905e+00
  11  alpha_y      6.62300e-04   5.21421e-04   1.95330e-06   4.84970e-02
  12  w_y          1.38860e+01   constant   
  13  beta_y      -7.73829e-04     fixed    
  14  alpha_vw     0.00000e+00     fixed    
  15  w_vw         1.43404e+01   constant   
  16  beta_vw      0.00000e+00     fixed    
  17  LM           3.79801e-04   constant   
  18  zeta_y       0.00000e+00   constant   
  19  zeta_vw      0.00000e+00   constant   
  20  T_CBO        2.36715e+02   2.15114e+02   8.30657e-04  -4.50479e-04
  21  alpha_A0     9.03490e-03   1.94953e-02   5.69083e-03   3.49853e-05
  22  beta_A0     -3.88110e-04   5.82982e-03   2.29450e-03  -3.46471e-04
  23  alpha_phi    2.59925e-03   5.88289e-03   2.13690e-03  -1.20700e-03
  24  beta_phi    -1.00000e-02   1.14507e-02   1.41209e-01** at limit **
 EXTERNAL ERROR MATRIX.    NDIM=  25    NPAR=  7    ERR DEF=1
  2.907e-07 -4.604e-10  8.520e-03 -9.070e-07  2.313e-07 -2.241e-07 -1.335e-11 
 -4.604e-10  2.719e-07  2.170e-04  8.613e-08  2.980e-08 -6.250e-09  1.821e-12 
  8.520e-03  2.170e-04  5.087e+04 -2.222e+00  1.505e-01 -6.823e-01  1.758e-03 
 -9.070e-07  8.613e-08 -2.222e+00  1.433e-04 -3.819e-06  2.824e-05 -7.892e-08 
  2.313e-07  2.980e-08  1.505e-01 -3.819e-06  3.875e-05 -4.976e-06  3.880e-09 
 -2.241e-07 -6.250e-09 -6.823e-01  2.824e-05 -4.976e-06  4.001e-05 -2.273e-08 
 -1.335e-11  1.821e-12  1.758e-03 -7.892e-08  3.880e-09 -2.273e-08  8.524e-11 
 PARAMETER  CORRELATION COEFFICIENTS  
       NO.  GLOBAL     10     11     20     21     22     23     24
       10  0.21765   1.000 -0.002  0.070 -0.141  0.069 -0.066 -0.003
       11  0.02806  -0.002  1.000  0.002  0.014  0.009 -0.002  0.000
       20  0.90925   0.070  0.002  1.000 -0.823  0.107 -0.478  0.844
       21  0.83004  -0.141  0.014 -0.823  1.000 -0.051  0.373 -0.714
       22  0.16764   0.069  0.009  0.107 -0.051  1.000 -0.126  0.068
       23  0.48658  -0.066 -0.002 -0.478  0.373 -0.126  1.000 -0.389
       24  0.84768  -0.003  0.000  0.844 -0.714  0.068 -0.389  1.000
MINUIT - FIT ONLY 2-y
 **********
 **   67 **RES 
 **********
                   PARAMETER   16  beta_vw RESTORED TO VARIABLE.
                   PARAMETER   14  alpha_vw RESTORED TO VARIABLE.
                   PARAMETER   13  beta_y RESTORED TO VARIABLE.
                   PARAMETER    9  alpha_2CBO RESTORED TO VARIABLE.
                   PARAMETER    8  beta_CBO RESTORED TO VARIABLE.
                   PARAMETER    6  alpha_CBO RESTORED TO VARIABLE.
                   PARAMETER    4  phi RESTORED TO VARIABLE.
                   PARAMETER    3  A0 RESTORED TO VARIABLE.
                   PARAMETER    1  N0 RESTORED TO VARIABLE.
 **********
 **   68 **FIX            0
 **********
 PARAMETER    0  IS UNDEFINED. IGNORED.
 **********
 **   69 **FIX            1
 **********
 **********
 **   70 **FIX            2
 **********
 PARAMETER    2  IS CONSTANT.   IGNORED.
 **********
 **   71 **FIX            3
 **********
 **********
 **   72 **FIX            4
 **********
 **********
 **   73 **FIX            5
 **********
 PARAMETER    5  IS CONSTANT.   IGNORED.
 **********
 **   74 **FIX            6
 **********
 **********
 **   75 **FIX            7
 **********
 PARAMETER    7  IS CONSTANT.   IGNORED.
 **********
 **   76 **FIX            8
 **********
 **********
 **   77 **FIX            9
 **********
 **********
 **   78 **FIX           10
 **********
 **********
 **   79 **FIX           11
 **********
 **********
 **   80 **FIX           12
 **********
 PARAMETER   12  IS CONSTANT.   IGNORED.
 **********
 **   81 **FIX           16
 **********
 **********
 **   82 **MIGRAD
 **********
 START MIGRAD MINIMIZATION.  STRATEGY  1.  CONVERGENCE WHEN EDM .LT. 1.00e-04
 FCN=57.9063 FROM MIGRAD    STATUS=INITIATE       16 CALLS        1791 TOTAL
                     EDM= unknown      STRATEGY= 1      NO ERROR MATRIX       
  EXT PARAMETER               CURRENT GUESS       STEP         FIRST   
  NO.   NAME      VALUE            ERROR          SIZE      DERIVATIVE 
   1  N0           2.79575e+06     fixed    
   2  tau          6.44140e+01   constant   
   3  A0           3.58655e-01     fixed    
   4  phi          4.11828e+00     fixed    
   5  R           -6.26390e+01   constant   
   6  alpha_CBO   -2.16434e-03     fixed    
   7  w_CBO        2.32500e+00   constant   
   8  beta_CBO    -2.16629e-03     fixed    
   9  alpha_2CBO   4.39982e-04     fixed    
  10  beta_2CBO    8.92888e-04     fixed    
  11  alpha_y      6.62300e-04     fixed    
  12  w_y          1.38860e+01   constant   
  13  beta_y      -7.73829e-04   5.19888e-04   5.19888e-04   1.92770e+02
  14  alpha_vw     0.00000e+00   1.00000e-03   1.00000e-03   2.23142e+03
  15  w_vw         1.43404e+01   constant   
  16  beta_vw      0.00000e+00     fixed    
  17  LM           3.79801e-04   constant   
  18  zeta_y       0.00000e+00   constant   
  19  zeta_vw      0.00000e+00   constant   
  20  T_CBO        2.36715e+02   2.15114e+02   8.30657e-04  -4.83965e-04
  21  alpha_A0     9.03490e-03   1.94953e-02   5.69083e-03   3.07817e-05
  22  beta_A0     -3.88110e-04   5.82982e-03   2.29450e-03  -3.45563e-04
  23  alpha_phi    2.59925e-03   5.88289e-03   2.13690e-03  -1.21090e-03
  24  beta_phi    -9.99998e-03   1.14507e-02   1.41209e-01   2.49439e-05
 MIGRAD MINIMIZATION HAS CONVERGED.
 MIGRAD WILL VERIFY CONVERGENCE AND ERROR MATRIX.
 COVARIANCE MATRIX CALCULATED SUCCESSFULLY
 FCN=57.5656 FROM MIGRAD    STATUS=CONVERGED     115 CALLS        1890 TOTAL
                     EDM=9.99349e-06    STRATEGY= 1      ERROR MATRIX ACCURATE 
  EXT PARAMETER                                   STEP         FIRST   
  NO.   NAME      VALUE            ERROR          SIZE      DERIVATIVE 
   1  N0           2.79575e+06     fixed    
   2  tau          6.44140e+01   constant   
   3  A0           3.58655e-01     fixed    
   4  phi          4.11828e+00     fixed    
   5  R           -6.26390e+01   constant   
   6  alpha_CBO   -2.16434e-03     fixed    
   7  w_CBO        2.32500e+00   constant   
   8  beta_CBO    -2.16629e-03     fixed    
   9  alpha_2CBO   4.39982e-04     fixed    
  10  beta_2CBO    8.92888e-04     fixed    
  11  alpha_y      6.62300e-04     fixed    
  12  w_y          1.38860e+01   constant   
  13  beta_y      -7.62310e-04   5.28206e-04   1.95780e-06   4.14827e-01
  14  alpha_vw    -3.06307e-04   5.26768e-04   1.95319e-06  -2.01917e-01
  15  w_vw         1.43404e+01   constant   
  16  beta_vw      0.00000e+00     fixed    
  17  LM           3.79801e-04   constant   
  18  zeta_y       0.00000e+00   constant   
  19  zeta_vw      0.00000e+00   constant   
  20  T_CBO        2.36360e+02   1.61418e+02   8.24143e-04  -8.02821e-04
  21  alpha_A0     9.07143e-03   1.91253e-02   5.91161e-03  -1.85089e-03
  22  beta_A0     -3.93555e-04   5.82052e-03   2.29641e-03   1.04078e-03
  23  alpha_phi    2.60088e-03   5.62897e-03   2.14016e-03  -1.66324e-03
  24  beta_phi    -1.00000e-02   1.30690e-02   6.39806e-02** at limit **
 EXTERNAL ERROR MATRIX.    NDIM=  25    NPAR=  7    ERR DEF=1
  2.790e-07 -3.436e-08  1.133e-03 -3.465e-08  7.330e-08 -4.630e-08 -1.673e-12 
 -3.436e-08  2.775e-07  3.165e-04 -4.198e-08  1.006e-09  6.751e-10 -1.209e-12 
  1.133e-03  3.165e-04  2.742e+04 -1.155e+00  9.378e-02 -3.771e-01  1.336e-03 
 -3.465e-08 -4.198e-08 -1.155e+00  9.362e-05 -8.702e-07  1.415e-05 -5.999e-08 
  7.330e-08  1.006e-09  9.378e-02 -8.702e-07  3.860e-05 -4.175e-06  3.026e-09 
 -4.630e-08  6.751e-10 -3.771e-01  1.415e-05 -4.175e-06  3.611e-05 -1.736e-08 
 -1.673e-12 -1.209e-12  1.336e-03 -5.999e-08  3.026e-09 -1.736e-08  1.357e-10 
 PARAMETER  CORRELATION COEFFICIENTS  
       NO.  GLOBAL     13     14     20     21     22     23     24
       13  0.12692   1.000 -0.123  0.013 -0.007  0.022 -0.015 -0.000
       14  0.12401  -0.123  1.000  0.004 -0.008  0.000  0.000 -0.000
       20  0.82477   0.013  0.004  1.000 -0.721  0.091 -0.379  0.692
       21  0.72438  -0.007 -0.008 -0.721  1.000 -0.014  0.243 -0.532
       22  0.14535   0.022  0.000  0.091 -0.014  1.000 -0.112  0.042
       23  0.38906  -0.015  0.000 -0.379  0.243 -0.112  1.000 -0.248
       24  0.69448  -0.000 -0.000  0.692 -0.532  0.042 -0.248  1.000
MINUIT - FIT ALTOGETHER
 **********
 **   83 **RES 
 **********
                   PARAMETER   16  beta_vw RESTORED TO VARIABLE.
