 + ++++++++++++++++++++++++++++++++++++++++++++++++++++++++++++++++++++ +
 +                                                                      +
 +           You have chose to blind your fitting according to          +
 +                omega_ref * (1 + (R +/- deltaR) *10^{-6})             +
 +                                                                      +
 + ++++++++++++++++++++++++++++++++++++++++++++++++++++++++++++++++++++ +
In main()...
reading format from /gm2data/zkhechad/run45/envelope/formats/formatB_sBin_constraintOn.txt
pBinTau 	= 0  
pBinPhi 	= 0  
constraintau 	= 1 
includeMopTerm 	= 0    
constrainMop    = 0   
Parameters after format file: pBinTau 0 pBinPhi 0 constraintau 1 includeMopTerm 0 constrainMop 0 c_e_scale 0.000000 
Opening file /gm2data/tbarrett/gm2fr/studies/run23_bunch_corrections/CorrectedFourier_Run3b.root.
reading full fit data from /gm2data/zkhechad/cboTemplates/Run4CBOTemplates/templateFits0_v2.0/noRF/sBin_constraintOn_cE0.0_seed0_noRF_calo0.root
windowBins = 17
fitting sliding window 126 from bin 262 at 38.941200 to bin 279 at 41.626800 (17 bins)

Reading data from /gm2data/cornell/histograms/aMethod/histogram_a_noRF.root
 **********
 **    1 **SET PRINTOUT            1
 **********
 **********
 **    2 **SET NOWARNINGS 
 **********
 PARAMETER DEFINITIONS:
    NO.   NAME         VALUE      STEP SIZE      LIMITS
     1 N0           7.53704e+07  1.00000e+02     no limits
     2 tau          6.43893e+01  constant
     3 A0           3.53537e-01  1.00000e-04     no limits
     4 phi          4.11945e+00  1.00000e-02     no limits
     5 R           -6.07681e+01  constant
     6 alpha_CBO    0.00000e+00  1.00000e-03     no limits
     7 w_CBO        2.32500e+00  constant
     8 beta_CBO     0.00000e+00  1.00000e-03     no limits
     9 alpha_2CBO   0.00000e+00  1.00000e-03     no limits
    10 beta_2CBO    0.00000e+00  1.00000e-03     no limits
    11 alpha_y      0.00000e+00  1.00000e-03     no limits
    12 w_y          1.44500e+01  constant
    13 beta_y       0.00000e+00  1.00000e-03     no limits
    14 alpha_vw     0.00000e+00  1.00000e-03     no limits
    15 w_vw         1.29000e+01  constant
    16 beta_vw      0.00000e+00  1.00000e-03     no limits
    17 LM          -5.35738e-04  constant
    18 zeta_y       0.00000e+00  constant
    19 zeta_vw      0.00000e+00  constant
    20 T_CBO        1.00000e+02  1.00000e+00    0.00000e+00  1.00000e+03
    21 alpha_A0     0.00000e+00  1.00000e-03     no limits
    22 beta_A0      0.00000e+00  1.00000e-03     no limits
    23 alpha_phi    0.00000e+00  1.00000e-03     no limits
    24 beta_phi     0.00000e+00  1.00000e-03     no limits
MINUIT - FIT ONLY WIGGLE
 **********
 **    3 **FIX            5
 **********
 PARAMETER    5  IS CONSTANT.   IGNORED.
 **********
 **    4 **FIX            6
 **********
 **********
 **    5 **FIX            7
 **********
 PARAMETER    7  IS CONSTANT.   IGNORED.
 **********
 **    6 **FIX            8
 **********
 **********
 **    7 **FIX            9
 **********
 **********
 **    8 **FIX           10
 **********
 **********
 **    9 **FIX           11
 **********
 **********
 **   10 **FIX           12
 **********
 PARAMETER   12  IS CONSTANT.   IGNORED.
 **********
 **   11 **FIX           13
 **********
 **********
 **   12 **FIX           14
 **********
 **********
 **   13 **FIX           15
 **********
 PARAMETER   15  IS CONSTANT.   IGNORED.
 **********
 **   14 **FIX           16
 **********
 **********
 **   15 **MIGRAD
 **********
 FIRST CALL TO USER FUNCTION AT NEW START POINT, WITH IFLAG=4.
 START MIGRAD MINIMIZATION.  STRATEGY  1.  CONVERGENCE WHEN EDM .LT. 1.00e-04
 FCN=2019.85 FROM MIGRAD    STATUS=INITIATE      435 CALLS         436 TOTAL
                     EDM= unknown      STRATEGY= 1      NO ERROR MATRIX       
  EXT PARAMETER               CURRENT GUESS       STEP         FIRST   
  NO.   NAME      VALUE            ERROR          SIZE      DERIVATIVE 
   1  N0           7.53704e+07   1.00000e+02   0.00000e+00  -2.47370e-03
   2  tau          6.43893e+01   constant   
   3  A0           3.53537e-01   1.00000e-04   0.00000e+00   7.37577e+05
   4  phi          4.11945e+00   1.00000e-02   0.00000e+00   7.32846e+05
   5  R           -6.07681e+01   constant   
   6  alpha_CBO    0.00000e+00     fixed    
   7  w_CBO        2.32500e+00   constant   
   8  beta_CBO     0.00000e+00     fixed    
   9  alpha_2CBO   0.00000e+00     fixed    
  10  beta_2CBO    0.00000e+00     fixed    
  11  alpha_y      0.00000e+00     fixed    
  12  w_y          1.44500e+01   constant   
  13  beta_y       0.00000e+00     fixed    
  14  alpha_vw     0.00000e+00     fixed    
  15  w_vw         1.29000e+01   constant   
  16  beta_vw      0.00000e+00     fixed    
  17  LM          -5.35738e-04   constant   
  18  zeta_y       0.00000e+00   constant   
  19  zeta_vw      0.00000e+00   constant   
  20  T_CBO        1.00000e+02   1.00000e+00   0.00000e+00   0.00000e+00
  21  alpha_A0     0.00000e+00   1.00000e-03   0.00000e+00   1.29439e+04
  22  beta_A0      0.00000e+00   1.00000e-03   0.00000e+00  -3.28089e+04
  23  alpha_phi    0.00000e+00   1.00000e-03   0.00000e+00   3.82720e+05
  24  beta_phi     0.00000e+00   1.00000e-03   0.00000e+00  -3.94005e+04
 CALL LIMIT EXCEEDED IN MIGRAD.
 MIGRAD TERMINATED WITHOUT CONVERGENCE.
 FCN=456.822 FROM MIGRAD    STATUS=CALL LIMIT   1331 CALLS        1332 TOTAL
                     EDM=0.206959    STRATEGY= 1  ERROR MATRIX UNCERTAINTY   5.3 per cent
  EXT PARAMETER                APPROXIMATE        STEP         FIRST   
  NO.   NAME      VALUE            ERROR          SIZE      DERIVATIVE 
   1  N0           7.53137e+07   3.23702e+03   9.23134e+01  -8.92073e-06
   2  tau          6.43893e+01   constant   
   3  A0           3.53354e-01   2.12831e-04   3.04461e-05  -6.59467e+03
   4  phi          4.10879e+00   2.01923e-03  -2.70534e-04   5.22784e+03
   5  R           -6.07681e+01   constant   
   6  alpha_CBO    0.00000e+00     fixed    
   7  w_CBO        2.32500e+00   constant   
   8  beta_CBO     0.00000e+00     fixed    
   9  alpha_2CBO   0.00000e+00     fixed    
  10  beta_2CBO    0.00000e+00     fixed    
  11  alpha_y      0.00000e+00     fixed    
  12  w_y          1.44500e+01   constant   
  13  beta_y       0.00000e+00     fixed    
  14  alpha_vw     0.00000e+00     fixed    
  15  w_vw         1.29000e+01   constant   
  16  beta_vw      0.00000e+00     fixed    
  17  LM          -5.35738e-04   constant   
  18  zeta_y       0.00000e+00   constant   
  19  zeta_vw      0.00000e+00   constant   
  20  T_CBO        1.67923e+01   2.94318e-01   9.76910e-05   9.05467e+02
  21  alpha_A0    -3.97466e-02   1.05582e-02  -1.41383e-03   4.73301e+02
  22  beta_A0      1.09477e-01   3.08504e-02   3.95528e-03   1.02400e+03
  23  alpha_phi    1.03684e-01   3.25257e-02   4.32443e-03  -7.14814e+02
  24  beta_phi     4.57721e-02   1.47732e-02   1.90339e-03   6.59464e+02
 EXTERNAL ERROR MATRIX.    NDIM=  25    NPAR=  8    ERR DEF=1
  1.048e+07 -3.353e-02  1.476e+00  1.298e+02  7.285e+00 -2.019e+01 -2.212e+01 -9.746e+00 
 -3.353e-02  4.530e-08 -4.177e-07 -4.917e-05 -2.195e-06  6.421e-06  6.757e-06  3.071e-06 
  1.476e+00 -4.177e-07  4.077e-06  4.628e-04  2.129e-05 -6.213e-05 -6.544e-05 -2.968e-05 
  1.298e+02 -4.917e-05  4.628e-04  8.662e-02  2.502e-03 -7.420e-03 -7.876e-03 -3.617e-03 
  7.285e+00 -2.195e-06  2.129e-05  2.502e-03  1.115e-04 -3.256e-04 -3.432e-04 -1.557e-04 
 -2.019e+01  6.421e-06 -6.213e-05 -7.420e-03 -3.256e-04  9.517e-04  1.003e-03  4.555e-04 
 -2.212e+01  6.757e-06 -6.544e-05 -7.876e-03 -3.432e-04  1.003e-03  1.058e-03  4.804e-04 
 -9.746e+00  3.071e-06 -2.968e-05 -3.617e-03 -1.557e-04  4.555e-04  4.804e-04  2.182e-04 
ERR MATRIX APPROXIMATE
 PARAMETER  CORRELATION COEFFICIENTS  
       NO.  GLOBAL      1      3      4     20     21     22     23     24
        1  0.83934   1.000 -0.049  0.226  0.136  0.213 -0.202 -0.210 -0.204
        3  0.99478  -0.049  1.000 -0.972 -0.785 -0.977  0.978  0.976  0.977
        4  0.99985   0.226 -0.972  1.000  0.779  0.999 -0.997 -0.996 -0.995
       20  0.98122   0.136 -0.785  0.779  1.000  0.805 -0.817 -0.823 -0.832
       21  0.99992   0.213 -0.977  0.999  0.805  1.000 -1.000 -0.999 -0.998
       22  0.99996  -0.202  0.978 -0.997 -0.817 -1.000  1.000  1.000  0.999
       23  0.99995  -0.210  0.976 -0.996 -0.823 -0.999  1.000  1.000  1.000
       24  0.99995  -0.204  0.977 -0.995 -0.832 -0.998  0.999  1.000  1.000
 ERR MATRIX APPROXIMATE
MINUIT - FIT ONLY 1-CBO + wiggle
 **********
 **   16 **RES 
 **********
                   PARAMETER   16  beta_vw RESTORED TO VARIABLE.
                   PARAMETER   14  alpha_vw RESTORED TO VARIABLE.
                   PARAMETER   13  beta_y RESTORED TO VARIABLE.
                   PARAMETER   11  alpha_y RESTORED TO VARIABLE.
                   PARAMETER   10  beta_2CBO RESTORED TO VARIABLE.
                   PARAMETER    9  alpha_2CBO RESTORED TO VARIABLE.
                   PARAMETER    8  beta_CBO RESTORED TO VARIABLE.
                   PARAMETER    6  alpha_CBO RESTORED TO VARIABLE.
 **********
 **   17 **FIX            8
 **********
 **********
 **   18 **FIX            9
 **********
 **********
 **   19 **FIX           11
 **********
 **********
 **   20 **FIX           12
 **********
 PARAMETER   12  IS CONSTANT.   IGNORED.
 **********
 **   21 **FIX           14
 **********
 **********
 **   22 **FIX           15
 **********
 PARAMETER   15  IS CONSTANT.   IGNORED.
 **********
 **   23 **FIX           16
 **********
 **********
 **   24 **MIGRAD
 **********
 START MIGRAD MINIMIZATION.  STRATEGY  1.  CONVERGENCE WHEN EDM .LT. 1.00e-04
 FCN=456.822 FROM MIGRAD    STATUS=INITIATE       28 CALLS        1360 TOTAL
                     EDM= unknown      STRATEGY= 1      NO ERROR MATRIX       
  EXT PARAMETER               CURRENT GUESS       STEP         FIRST   
  NO.   NAME      VALUE            ERROR          SIZE      DERIVATIVE 
   1  N0           7.53137e+07   3.23702e+03   9.23134e+01  -8.92073e-06
   2  tau          6.43893e+01   constant   
   3  A0           3.53354e-01   2.12831e-04   3.04461e-05  -6.59467e+03
   4  phi          4.10879e+00   2.01923e-03  -2.70534e-04   5.22784e+03
   5  R           -6.07681e+01   constant   
   6  alpha_CBO    0.00000e+00   1.00000e-03   1.00000e-03  -1.52311e+04
   7  w_CBO        2.32500e+00   constant   
   8  beta_CBO     0.00000e+00     fixed    
   9  alpha_2CBO   0.00000e+00     fixed    
  10  beta_2CBO    0.00000e+00   1.00000e-03   1.00000e-03  -8.64482e+04
  11  alpha_y      0.00000e+00     fixed    
  12  w_y          1.44500e+01   constant   
  13  beta_y       0.00000e+00   1.00000e-03   1.00000e-03   7.97768e+05
  14  alpha_vw     0.00000e+00     fixed    
  15  w_vw         1.29000e+01   constant   
  16  beta_vw      0.00000e+00     fixed    
  17  LM          -5.35738e-04   constant   
  18  zeta_y       0.00000e+00   constant   
  19  zeta_vw      0.00000e+00   constant   
  20  T_CBO        1.67923e+01   2.94318e-01   9.76910e-05   9.05466e+02
  21  alpha_A0    -3.97466e-02   1.05582e-02  -1.41383e-03   4.73301e+02
  22  beta_A0      1.09477e-01   3.08504e-02   3.95528e-03   1.02400e+03
  23  alpha_phi    1.03684e-01   3.25257e-02   4.32443e-03  -7.14814e+02
  24  beta_phi     4.57721e-02   1.47732e-02   1.90339e-03   6.59464e+02
 CALL LIMIT EXCEEDED IN MIGRAD.
 MIGRAD TERMINATED WITHOUT CONVERGENCE.
 FCN=209.373 FROM MIGRAD    STATUS=CALL LIMIT   1925 CALLS        3257 TOTAL
                     EDM=0.0154043    STRATEGY= 1  ERROR MATRIX UNCERTAINTY  10.1 per cent
  EXT PARAMETER                APPROXIMATE        STEP         FIRST   
  NO.   NAME      VALUE            ERROR          SIZE      DERIVATIVE 
   1  N0           7.52155e+07   2.59688e+04  -2.58144e+03  -4.11637e-05
   2  tau          6.43893e+01   constant   
   3  A0           3.53183e-01   2.00147e-04   9.64407e-07   4.85070e+03
   4  phi          4.10042e+00   1.61690e-03  -1.45447e-04  -1.89701e+02
   5  R           -6.07681e+01   constant   
   6  alpha_CBO   -5.50392e-03   1.57904e-04  -1.04349e-05  -1.08151e+03
   7  w_CBO        2.32500e+00   constant   
   8  beta_CBO     0.00000e+00     fixed    
   9  alpha_2CBO   0.00000e+00     fixed    
  10  beta_2CBO    2.79086e-03   2.11495e-04  -1.27794e-05   3.94479e+03
  11  alpha_y      0.00000e+00     fixed    
  12  w_y          1.44500e+01   constant   
  13  beta_y      -5.85389e-04   3.44902e-05   3.19366e-07   1.88876e+03
  14  alpha_vw     0.00000e+00     fixed    
  15  w_vw         1.29000e+01   constant   
  16  beta_vw      0.00000e+00     fixed    
  17  LM          -5.35738e-04   constant   
  18  zeta_y       0.00000e+00   constant   
  19  zeta_vw      0.00000e+00   constant   
  20  T_CBO        1.16420e+01   5.49568e-01  -4.68402e-04  -9.78249e+02
  21  alpha_A0    -1.75697e-01   7.00277e-02  -6.13180e-03   2.46425e+01
  22  beta_A0      5.23033e-01   1.11878e-01   9.78151e-03  -3.21127e+01
  23  alpha_phi   -3.59222e-02   5.54615e-02   4.37385e-03   3.34236e+01
  24  beta_phi     2.46171e-01   7.45273e-02   6.42228e-03  -3.73234e+01
 EXTERNAL ERROR MATRIX.    NDIM=  25    NPAR= 11    ERR DEF=1
  6.744e+08 
 -1.358e+00  4.006e-08 
  3.994e+01 -1.681e-07  2.614e-06 
  6.972e-01  7.508e-09  4.597e-08  2.493e-08 
  4.736e+00 -2.098e-09  2.498e-07 -5.750e-09  4.473e-08 
 -1.048e-01  1.469e-09 -8.650e-09  5.685e-10 -7.054e-10  1.190e-09 
  1.389e+04 -5.054e-05  8.788e-04  9.151e-06  9.400e-05 -2.831e-06  3.020e-01 
  1.736e+03 -7.424e-06  1.122e-04  7.574e-07  1.155e-05 -4.125e-07  3.832e-02  4.904e-03 
 -2.689e+03  1.338e-05 -1.794e-04 -1.688e-06 -1.685e-05  6.786e-07 -6.053e-02 -7.790e-03  1.252e-02 
 -1.338e+03  6.270e-06 -8.662e-05  6.213e-07 -9.436e-06  3.519e-07 -2.986e-02 -3.843e-03  6.085e-03  3.076e-03 
 -1.783e+03  9.079e-06 -1.191e-04 -7.540e-07 -1.132e-05  4.565e-07 -4.024e-02 -5.187e-03  8.331e-03  4.072e-03  5.554e-03 
ERR MATRIX APPROXIMATE
 PARAMETER  CORRELATION COEFFICIENTS  
       NO.  GLOBAL      1      3      4      6     10     13     20     21     22     23     24
        1  0.99821   1.000 -0.261  0.951  0.170  0.862 -0.117  0.973  0.955 -0.925 -0.929 -0.921
        3  0.99326  -0.261  1.000 -0.520  0.238 -0.050  0.213 -0.459 -0.530  0.597  0.565  0.609
        4  0.99864   0.951 -0.520  1.000  0.180  0.731 -0.155  0.989  0.991 -0.992 -0.966 -0.988
        6  0.99173   0.170  0.238  0.180  1.000 -0.172  0.104  0.105  0.068 -0.096  0.071 -0.064
       10  0.99573   0.862 -0.050  0.731 -0.172  1.000 -0.097  0.809  0.780 -0.712 -0.804 -0.718
       13  0.32874  -0.117  0.213 -0.155  0.104 -0.097  1.000 -0.149 -0.171  0.176  0.184  0.178
       20  0.99962   0.973 -0.459  0.989  0.105  0.809 -0.149  1.000  0.996 -0.984 -0.980 -0.983
       21  0.99981   0.955 -0.530  0.991  0.068  0.780 -0.171  0.996  1.000 -0.994 -0.989 -0.994
       22  0.99993  -0.925  0.597 -0.992 -0.096 -0.712  0.176 -0.984 -0.994  1.000  0.981  0.999
       23  0.99981  -0.929  0.565 -0.966  0.071 -0.804  0.184 -0.980 -0.989  0.981  1.000  0.985
       24  0.99980  -0.921  0.609 -0.988 -0.064 -0.718  0.178 -0.983 -0.994  0.999  0.985  1.000
 ERR MATRIX APPROXIMATE
MINUIT - FIT ONLY 2-CBO
 **********
 **   25 **RES 
 **********
                   PARAMETER   16  beta_vw RESTORED TO VARIABLE.
                   PARAMETER   14  alpha_vw RESTORED TO VARIABLE.
                   PARAMETER   11  alpha_y RESTORED TO VARIABLE.
                   PARAMETER    9  alpha_2CBO RESTORED TO VARIABLE.
                   PARAMETER    8  beta_CBO RESTORED TO VARIABLE.
 **********
 **   26 **FIX            0
 **********
 PARAMETER    0  IS UNDEFINED. IGNORED.
 **********
 **   27 **FIX            1
 **********
 **********
 **   28 **FIX            2
 **********
 PARAMETER    2  IS CONSTANT.   IGNORED.
 **********
 **   29 **FIX            3
 **********
 **********
 **   30 **FIX            4
 **********
 **********
 **   31 **FIX            5
 **********
 PARAMETER    5  IS CONSTANT.   IGNORED.
 **********
 **   32 **FIX            6
 **********
 **********
 **   33 **FIX            7
 **********
 PARAMETER    7  IS CONSTANT.   IGNORED.
 **********
 **   34 **FIX           10
 **********
 **********
 **   35 **FIX           11
 **********
 **********
 **   36 **FIX           12
 **********
 PARAMETER   12  IS CONSTANT.   IGNORED.
 **********
 **   37 **FIX           13
 **********
 **********
 **   38 **FIX           14
 **********
 **********
 **   39 **FIX           15
 **********
 PARAMETER   15  IS CONSTANT.   IGNORED.
 **********
 **   40 **FIX           16
 **********
 **********
 **   41 **MIGRAD
 **********
 START MIGRAD MINIMIZATION.  STRATEGY  1.  CONVERGENCE WHEN EDM .LT. 1.00e-04
 FCN=209.373 FROM MIGRAD    STATUS=INITIATE       18 CALLS        3275 TOTAL
                     EDM= unknown      STRATEGY= 1      NO ERROR MATRIX       
  EXT PARAMETER               CURRENT GUESS       STEP         FIRST   
  NO.   NAME      VALUE            ERROR          SIZE      DERIVATIVE 
   1  N0           7.52155e+07     fixed    
   2  tau          6.43893e+01   constant   
   3  A0           3.53183e-01     fixed    
   4  phi          4.10042e+00     fixed    
   5  R           -6.07681e+01   constant   
   6  alpha_CBO   -5.50392e-03     fixed    
   7  w_CBO        2.32500e+00   constant   
   8  beta_CBO     0.00000e+00   1.00000e-03   1.00000e-03   1.29873e+03
   9  alpha_2CBO   0.00000e+00   1.00000e-03   1.00000e-03   1.32360e+03
  10  beta_2CBO    2.79086e-03     fixed    
  11  alpha_y      0.00000e+00     fixed    
  12  w_y          1.44500e+01   constant   
  13  beta_y      -5.85389e-04     fixed    
  14  alpha_vw     0.00000e+00     fixed    
  15  w_vw         1.29000e+01   constant   
  16  beta_vw      0.00000e+00     fixed    
  17  LM          -5.35738e-04   constant   
  18  zeta_y       0.00000e+00   constant   
  19  zeta_vw      0.00000e+00   constant   
  20  T_CBO        1.16420e+01   5.49568e-01  -4.68402e-04  -9.78249e+02
  21  alpha_A0    -1.75697e-01   7.00277e-02  -6.13180e-03   2.46425e+01
  22  beta_A0      5.23033e-01   1.11878e-01   9.78151e-03  -3.21127e+01
  23  alpha_phi   -3.59222e-02   5.54615e-02   4.37385e-03   3.34236e+01
  24  beta_phi     2.46171e-01   7.45273e-02   6.42228e-03  -3.73234e+01
 MIGRAD MINIMIZATION HAS CONVERGED.
 MIGRAD WILL VERIFY CONVERGENCE AND ERROR MATRIX.
 FCN=209.332 FROM HESSE     STATUS=NOT POSDEF     50 CALLS        3424 TOTAL
                     EDM=0.000249332    STRATEGY= 1      ERR MATRIX NOT POS-DEF
  EXT PARAMETER                APPROXIMATE        STEP         FIRST   
  NO.   NAME      VALUE            ERROR          SIZE      DERIVATIVE 
   1  N0           7.52155e+07     fixed    
   2  tau          6.43893e+01   constant   
   3  A0           3.53183e-01     fixed    
   4  phi          4.10042e+00     fixed    
   5  R           -6.07681e+01   constant   
   6  alpha_CBO   -5.50392e-03     fixed    
   7  w_CBO        2.32500e+00   constant   
   8  beta_CBO     8.68393e-07   9.71794e-05   2.48316e-07   5.16049e+00
   9  alpha_2CBO  -1.53652e-05   1.19760e-04   2.41633e-07  -3.10253e+01
  10  beta_2CBO    2.79086e-03     fixed    
  11  alpha_y      0.00000e+00     fixed    
  12  w_y          1.44500e+01   constant   
  13  beta_y      -5.85389e-04     fixed    
  14  alpha_vw     0.00000e+00     fixed    
  15  w_vw         1.29000e+01   constant   
  16  beta_vw      0.00000e+00     fixed    
  17  LM          -5.35738e-04   constant   
  18  zeta_y       0.00000e+00   constant   
  19  zeta_vw      0.00000e+00   constant   
  20  T_CBO        1.16453e+01   3.13404e-01   1.56683e-06   3.68684e+00
  21  alpha_A0    -1.76793e-01   1.82995e-02   2.31215e-05   2.55680e-01
  22  beta_A0      5.23933e-01   4.80195e-02   3.03214e-05  -3.39810e-01
  23  alpha_phi   -3.59048e-02   5.96211e-03   2.70241e-05  -1.64700e-01
  24  beta_phi     2.45567e-01   2.42578e-02   2.23015e-05  -4.26959e-02
 CALL LIMIT EXCEEDED IN MIGRAD.
 MIGRAD TERMINATED WITHOUT CONVERGENCE.
 FCN=209.11 FROM MIGRAD    STATUS=CALL LIMIT   1146 CALLS        4403 TOTAL
                     EDM=0.00299327    STRATEGY= 1      ERR MATRIX NOT POS-DEF
  EXT PARAMETER                APPROXIMATE        STEP         FIRST   
  NO.   NAME      VALUE            ERROR          SIZE      DERIVATIVE 
   1  N0           7.52155e+07     fixed    
   2  tau          6.43893e+01   constant   
   3  A0           3.53183e-01     fixed    
   4  phi          4.10042e+00     fixed    
   5  R           -6.07681e+01   constant   
   6  alpha_CBO   -5.50392e-03     fixed    
   7  w_CBO        2.32500e+00   constant   
   8  beta_CBO    -8.32674e-05   8.83421e-05  -2.50607e-06   2.26155e+02
   9  alpha_2CBO   2.00512e-05   8.44728e-05  -5.03534e-07  -2.07820e+03
  10  beta_2CBO    2.79086e-03     fixed    
  11  alpha_y      0.00000e+00     fixed    
  12  w_y          1.44500e+01   constant   
  13  beta_y      -5.85389e-04     fixed    
  14  alpha_vw     0.00000e+00     fixed    
  15  w_vw         1.29000e+01   constant   
  16  beta_vw      0.00000e+00     fixed    
  17  LM          -5.35738e-04   constant   
  18  zeta_y       0.00000e+00   constant   
  19  zeta_vw      0.00000e+00   constant   
  20  T_CBO        9.71515e+00   9.78980e-01  -4.35584e-04  -3.34941e+02
  21  alpha_A0    -3.42438e-01   1.33188e-01  -5.92700e-03   1.08047e+01
  22  beta_A0      1.02904e+00   4.14094e-01   1.80487e-02  -6.21514e+00
  23  alpha_phi   -7.58378e-02   3.25712e-02  -1.43474e-03   7.95216e+00
  24  beta_phi     4.79044e-01   1.93238e-01   8.25222e-03   4.98698e+00
 EXTERNAL ERROR MATRIX.    NDIM=  25    NPAR=  7    ERR DEF=1
  7.804e-09  1.242e-09  4.307e-05  6.037e-06 -1.761e-05  1.614e-06 -7.746e-06 
  1.242e-09  7.136e-09 -2.584e-05 -2.810e-06  1.045e-05 -7.941e-07  5.604e-06 
  4.307e-05 -2.584e-05  9.584e-01  1.301e-01 -4.052e-01  3.130e-02 -1.889e-01 
  6.037e-06 -2.810e-06  1.301e-01  1.774e-02 -5.505e-02  4.247e-03 -2.559e-02 
 -1.761e-05  1.045e-05 -4.052e-01 -5.505e-02  1.715e-01 -1.319e-02  7.991e-02 
  1.614e-06 -7.941e-07  3.130e-02  4.247e-03 -1.319e-02  1.061e-03 -6.143e-03 
 -7.746e-06  5.604e-06 -1.889e-01 -2.559e-02  7.991e-02 -6.143e-03  3.734e-02 
ERR MATRIX NOT POS-DEF
 PARAMETER  CORRELATION COEFFICIENTS  
       NO.  GLOBAL      8      9     20     21     22     23     24
        8  0.94277   1.000  0.166  0.498  0.513 -0.481  0.561 -0.454
        9  0.97235   0.166  1.000 -0.312 -0.250  0.299 -0.289  0.343
       20  0.99993   0.498 -0.312  1.000  0.998 -0.999  0.982 -0.998
       21  0.99975   0.513 -0.250  0.998  1.000 -0.998  0.979 -0.994
       22  0.99993  -0.481  0.299 -0.999 -0.998  1.000 -0.978  0.999
       23  0.99020   0.561 -0.289  0.982  0.979 -0.978  1.000 -0.976
       24  0.99986  -0.454  0.343 -0.998 -0.994  0.999 -0.976  1.000
 ERR MATRIX NOT POS-DEF
MINUIT - FIT wiggle + 1-CBO + 2-CBO
 **********
 **   42 **RES 
 **********
                   PARAMETER   16  beta_vw RESTORED TO VARIABLE.
                   PARAMETER   14  alpha_vw RESTORED TO VARIABLE.
                   PARAMETER   13  beta_y RESTORED TO VARIABLE.
                   PARAMETER   11  alpha_y RESTORED TO VARIABLE.
                   PARAMETER   10  beta_2CBO RESTORED TO VARIABLE.
                   PARAMETER    6  alpha_CBO RESTORED TO VARIABLE.
                   PARAMETER    4  phi RESTORED TO VARIABLE.
                   PARAMETER    3  A0 RESTORED TO VARIABLE.
                   PARAMETER    1  N0 RESTORED TO VARIABLE.
 **********
 **   43 **FIX           10
 **********
 **********
 **   44 **FIX           11
 **********
 **********
 **   45 **FIX           12
 **********
 PARAMETER   12  IS CONSTANT.   IGNORED.
 **********
 **   46 **FIX           13
 **********
 **********
 **   47 **FIX           14
 **********
 **********
 **   48 **FIX           15
 **********
 PARAMETER   15  IS CONSTANT.   IGNORED.
 **********
 **   49 **FIX           16
 **********
 **********
 **   50 **MIGRAD
 **********
 START MIGRAD MINIMIZATION.  STRATEGY  1.  CONVERGENCE WHEN EDM .LT. 1.00e-04
 FCN=209.11 FROM MIGRAD    STATUS=INITIATE       22 CALLS        4425 TOTAL
                     EDM= unknown      STRATEGY= 1      NO ERROR MATRIX       
  EXT PARAMETER               CURRENT GUESS       STEP         FIRST   
  NO.   NAME      VALUE            ERROR          SIZE      DERIVATIVE 
   1  N0           7.52155e+07   2.59688e+04   2.59688e+04   8.58807e-06
   2  tau          6.43893e+01   constant   
   3  A0           3.53183e-01   2.00147e-04   2.00147e-04   1.62370e+03
   4  phi          4.10042e+00   1.61690e-03   1.61690e-03   2.04064e+02
   5  R           -6.07681e+01   constant   
   6  alpha_CBO   -5.50392e-03   1.57904e-04   1.57904e-04  -1.87911e+03
   7  w_CBO        2.32500e+00   constant   
   8  beta_CBO    -8.32674e-05   8.83421e-05  -2.50607e-06   2.26155e+02
   9  alpha_2CBO   2.00512e-05   8.44728e-05  -5.03534e-07  -2.07820e+03
  10  beta_2CBO    2.79086e-03     fixed    
  11  alpha_y      0.00000e+00     fixed    
  12  w_y          1.44500e+01   constant   
  13  beta_y      -5.85389e-04     fixed    
  14  alpha_vw     0.00000e+00     fixed    
  15  w_vw         1.29000e+01   constant   
  16  beta_vw      0.00000e+00     fixed    
  17  LM          -5.35738e-04   constant   
  18  zeta_y       0.00000e+00   constant   
  19  zeta_vw      0.00000e+00   constant   
  20  T_CBO        9.71515e+00   9.78980e-01  -4.35584e-04  -3.34941e+02
  21  alpha_A0    -3.42438e-01   1.33188e-01  -5.92700e-03   1.08047e+01
  22  beta_A0      1.02904e+00   4.14094e-01   1.80487e-02  -6.21514e+00
  23  alpha_phi   -7.58378e-02   3.25712e-02  -1.43474e-03   7.95216e+00
  24  beta_phi     4.79044e-01   1.93238e-01   8.25222e-03   4.98698e+00
 CALL LIMIT EXCEEDED IN MIGRAD.
 MIGRAD TERMINATED WITHOUT CONVERGENCE.
 FCN=199.448 FROM MIGRAD    STATUS=CALL LIMIT   1915 CALLS        6318 TOTAL
                     EDM=0.127417    STRATEGY= 1  ERROR MATRIX UNCERTAINTY  16.8 per cent
  EXT PARAMETER                APPROXIMATE        STEP         FIRST   
  NO.   NAME      VALUE            ERROR          SIZE      DERIVATIVE 
   1  N0           7.44896e+07   4.31230e+04   2.67460e+03   4.18291e-05
   2  tau          6.43893e+01   constant   
   3  A0           3.52987e-01   9.16209e-04  -7.22408e-05  -1.00954e+04
   4  phi          4.09941e+00   3.64967e-04   2.56467e-05  -6.40035e+01
   5  R           -6.07681e+01   constant   
   6  alpha_CBO   -6.91400e-03   5.07367e-04   7.83957e-06   4.80063e+03
   7  w_CBO        2.32500e+00   constant   
   8  beta_CBO     6.81916e-03   4.78813e-04   2.91313e-05  -9.09422e+03
   9  alpha_2CBO   2.02854e-03   2.14403e-04   5.86654e-06   6.23071e+03
  10  beta_2CBO    2.79086e-03     fixed    
  11  alpha_y      0.00000e+00     fixed    
  12  w_y          1.44500e+01   constant   
  13  beta_y      -5.85389e-04     fixed    
  14  alpha_vw     0.00000e+00     fixed    
  15  w_vw         1.29000e+01   constant   
  16  beta_vw      0.00000e+00     fixed    
  17  LM          -5.35738e-04   constant   
  18  zeta_y       0.00000e+00   constant   
  19  zeta_vw      0.00000e+00   constant   
  20  T_CBO        1.03914e+01   6.63091e-02  -6.40938e-05   4.27249e+03
  21  alpha_A0    -1.19520e+00   7.94688e-02   8.90354e-03  -2.70922e+01
  22  beta_A0      4.00669e-01   5.04847e-02   4.59566e-03   2.19803e+01
  23  alpha_phi   -4.02014e-01   7.34383e-02   2.99290e-03  -3.05740e+01
  24  beta_phi     1.92861e+00   6.85167e-02  -4.85384e-03   3.06492e+01
 EXTERNAL ERROR MATRIX.    NDIM=  25    NPAR= 11    ERR DEF=1
  1.860e+09 
  6.620e+00  8.394e-07 
  1.170e+01 -3.215e-09  1.332e-07 
  1.543e+01  2.772e-07  1.439e-07  2.574e-07 
 -7.453e+00 -3.405e-07  3.155e-08 -7.764e-08  2.293e-07 
  1.933e+00  6.643e-08  4.265e-08  7.431e-08  1.916e-08  4.597e-08 
 -1.587e+02  5.774e-05 -1.651e-06  1.744e-05 -1.871e-05  5.798e-06  4.397e-03 
  2.545e+03 -3.087e-05  2.364e-05  1.687e-05  1.287e-05  5.542e-06 -2.772e-03  6.315e-03 
  1.849e+03 -7.012e-06  1.695e-05  1.661e-05  3.164e-06  3.526e-06 -8.851e-04  3.626e-03  2.549e-03 
  2.546e+03  2.683e-05  2.352e-05  3.608e-05 -6.657e-06  1.036e-05  1.478e-03  3.618e-03  2.978e-03  5.393e-03 
 -1.604e+03  3.179e-05 -4.191e-06  6.232e-06  2.780e-06  8.589e-06  3.167e-03 -2.909e-03 -1.564e-03  2.993e-05  4.695e-03 
ERR MATRIX APPROXIMATE
 PARAMETER  CORRELATION COEFFICIENTS  
       NO.  GLOBAL      1      3      4      6      8      9     20     21     22     23     24
        1  0.99956   1.000  0.168  0.743  0.705 -0.361  0.209 -0.055  0.743  0.849  0.804 -0.543
        3  0.99975   0.168  1.000 -0.010  0.596 -0.776  0.338  0.950 -0.424 -0.152  0.399  0.506
        4  0.98741   0.743 -0.010  1.000  0.777  0.181  0.545 -0.068  0.815  0.920  0.877 -0.168
        6  0.99885   0.705  0.596  0.777  1.000 -0.320  0.683  0.518  0.418  0.649  0.968  0.179
        8  0.99903  -0.361 -0.776  0.181 -0.320  1.000  0.187 -0.589  0.338  0.131 -0.189  0.085
        9  0.99538   0.209  0.338  0.545  0.683  0.187  1.000  0.408  0.325  0.326  0.658  0.585
       20  0.99761  -0.055  0.950 -0.068  0.518 -0.589  0.408  1.000 -0.526 -0.264  0.304  0.697
       21  0.99946   0.743 -0.424  0.815  0.418  0.338  0.325 -0.526  1.000  0.904  0.620 -0.534
       22  0.99492   0.849 -0.152  0.920  0.649  0.131  0.326 -0.264  0.904  1.000  0.803 -0.452
       23  0.99860   0.804  0.399  0.877  0.968 -0.189  0.658  0.304  0.620  0.803  1.000  0.006
       24  0.99848  -0.543  0.506 -0.168  0.179  0.085  0.585  0.697 -0.534 -0.452  0.006  1.000
 ERR MATRIX APPROXIMATE
MINUIT - FIT ONLY 1-y
 **********
 **   51 **RES 
 **********
                   PARAMETER   16  beta_vw RESTORED TO VARIABLE.
                   PARAMETER   14  alpha_vw RESTORED TO VARIABLE.
                   PARAMETER   13  beta_y RESTORED TO VARIABLE.
                   PARAMETER   11  alpha_y RESTORED TO VARIABLE.
                   PARAMETER   10  beta_2CBO RESTORED TO VARIABLE.
 **********
 **   52 **FIX            0
 **********
 PARAMETER    0  IS UNDEFINED. IGNORED.
 **********
 **   53 **FIX            1
 **********
 **********
 **   54 **FIX            2
 **********
 PARAMETER    2  IS CONSTANT.   IGNORED.
 **********
 **   55 **FIX            3
 **********
 **********
 **   56 **FIX            4
 **********
 **********
 **   57 **FIX            5
 **********
 PARAMETER    5  IS CONSTANT.   IGNORED.
 **********
 **   58 **FIX            6
 **********
 **********
 **   59 **FIX            7
 **********
 PARAMETER    7  IS CONSTANT.   IGNORED.
 **********
 **   60 **FIX            8
 **********
 **********
 **   61 **FIX            9
 **********
 **********
 **   62 **FIX           13
 **********
 **********
 **   63 **FIX           14
 **********
 **********
 **   64 **FIX           15
 **********
 PARAMETER   15  IS CONSTANT.   IGNORED.
 **********
 **   65 **FIX           16
 **********
 **********
 **   66 **MIGRAD
 **********
 START MIGRAD MINIMIZATION.  STRATEGY  1.  CONVERGENCE WHEN EDM .LT. 1.00e-04
 FCN=199.448 FROM MIGRAD    STATUS=INITIATE       16 CALLS        6334 TOTAL
                     EDM= unknown      STRATEGY= 1      NO ERROR MATRIX       
  EXT PARAMETER               CURRENT GUESS       STEP         FIRST   
  NO.   NAME      VALUE            ERROR          SIZE      DERIVATIVE 
   1  N0           7.44896e+07     fixed    
   2  tau          6.43893e+01   constant   
   3  A0           3.52987e-01     fixed    
   4  phi          4.09941e+00     fixed    
   5  R           -6.07681e+01   constant   
   6  alpha_CBO   -6.91400e-03     fixed    
   7  w_CBO        2.32500e+00   constant   
   8  beta_CBO     6.81916e-03     fixed    
   9  alpha_2CBO   2.02854e-03     fixed    
  10  beta_2CBO    2.79086e-03   2.11495e-04   2.11495e-04  -3.39055e+03
  11  alpha_y      0.00000e+00   1.00000e-03   1.00000e-03  -5.85592e+05
  12  w_y          1.44500e+01   constant   
  13  beta_y      -5.85389e-04     fixed    
  14  alpha_vw     0.00000e+00     fixed    
  15  w_vw         1.29000e+01   constant   
  16  beta_vw      0.00000e+00     fixed    
  17  LM          -5.35738e-04   constant   
  18  zeta_y       0.00000e+00   constant   
  19  zeta_vw      0.00000e+00   constant   
  20  T_CBO        1.03914e+01   6.63091e-02  -6.40938e-05   4.27249e+03
  21  alpha_A0    -1.19520e+00   7.94688e-02   8.90354e-03  -2.70922e+01
  22  beta_A0      4.00669e-01   5.04847e-02   4.59566e-03   2.19803e+01
  23  alpha_phi   -4.02014e-01   7.34383e-02   2.99290e-03  -3.05740e+01
  24  beta_phi     1.92861e+00   6.85167e-02  -4.85384e-03   3.06492e+01
 MIGRAD MINIMIZATION HAS CONVERGED.
 MIGRAD WILL VERIFY CONVERGENCE AND ERROR MATRIX.
 FCN=81.6555 FROM HESSE     STATUS=NOT POSDEF     50 CALLS        6478 TOTAL
                     EDM=0.000415726    STRATEGY= 1      ERR MATRIX NOT POS-DEF
  EXT PARAMETER                APPROXIMATE        STEP         FIRST   
  NO.   NAME      VALUE            ERROR          SIZE      DERIVATIVE 
   1  N0           7.44896e+07     fixed    
   2  tau          6.43893e+01   constant   
   3  A0           3.52987e-01     fixed    
   4  phi          4.09941e+00     fixed    
   5  R           -6.07681e+01   constant   
   6  alpha_CBO   -6.91400e-03     fixed    
   7  w_CBO        2.32500e+00   constant   
   8  beta_CBO     6.81916e-03     fixed    
   9  alpha_2CBO   2.02854e-03     fixed    
  10  beta_2CBO    2.87126e-03   5.58021e-05   1.63195e-07  -2.27495e+00
  11  alpha_y      4.02346e-04   3.70288e-05   1.62992e-07   2.86112e+01
  12  w_y          1.44500e+01   constant   
  13  beta_y      -5.85389e-04     fixed    
  14  alpha_vw     0.00000e+00     fixed    
  15  w_vw         1.29000e+01   constant   
  16  beta_vw      0.00000e+00     fixed    
  17  LM          -5.35738e-04   constant   
  18  zeta_y       0.00000e+00   constant   
  19  zeta_vw      0.00000e+00   constant   
  20  T_CBO        1.03921e+01   8.41781e-02   6.51626e-07   2.68350e+01
  21  alpha_A0    -1.19231e+00   3.72258e-02   2.17375e-05   1.39945e-01
  22  beta_A0      4.09450e-01   1.51752e-02   2.86076e-05  -2.96081e-02
  23  alpha_phi   -4.05630e-01   1.52740e-02   2.64117e-05   2.37473e-02
  24  beta_phi     1.92958e+00   6.01099e-02   2.15968e-05  -2.10653e-01
 CALL LIMIT EXCEEDED IN MIGRAD.
 MIGRAD TERMINATED WITHOUT CONVERGENCE.
 FCN=81.3001 FROM MIGRAD    STATUS=CALL LIMIT   1146 CALLS        7464 TOTAL
                     EDM=0.00141507    STRATEGY= 1      ERR MATRIX NOT POS-DEF
  EXT PARAMETER                APPROXIMATE        STEP         FIRST   
  NO.   NAME      VALUE            ERROR          SIZE      DERIVATIVE 
   1  N0           7.44896e+07     fixed    
   2  tau          6.43893e+01   constant   
   3  A0           3.52987e-01     fixed    
   4  phi          4.09941e+00     fixed    
   5  R           -6.07681e+01   constant   
   6  alpha_CBO   -6.91400e-03     fixed    
   7  w_CBO        2.32500e+00   constant   
   8  beta_CBO     6.81916e-03     fixed    
   9  alpha_2CBO   2.02854e-03     fixed    
  10  beta_2CBO    2.89784e-03   5.61547e-05  -5.72835e-07   2.06797e+02
  11  alpha_y      4.02544e-04   3.78902e-05  -1.35262e-06  -1.71860e+02
  12  w_y          1.44500e+01   constant   
  13  beta_y      -5.85389e-04     fixed    
  14  alpha_vw     0.00000e+00     fixed    
  15  w_vw         1.29000e+01   constant   
  16  beta_vw      0.00000e+00     fixed    
  17  LM          -5.35738e-04   constant   
  18  zeta_y       0.00000e+00   constant   
  19  zeta_vw      0.00000e+00   constant   
  20  T_CBO        9.33452e+00   4.00521e-01  -1.00655e-04  -1.37960e+03
  21  alpha_A0    -1.83839e+00   3.30439e-01  -8.23469e-03   6.75232e+00
  22  beta_A0      6.31086e-01   1.12898e-01   2.70543e-03  -1.16392e+00
  23  alpha_phi   -6.47707e-01   1.26501e-01  -2.86408e-03   1.57581e+00
  24  beta_phi     2.98126e+00   5.40336e-01   1.29127e-02  -5.85893e+00
 EXTERNAL ERROR MATRIX.    NDIM=  25    NPAR=  7    ERR DEF=1
  3.153e-09  3.520e-10 -4.597e-06 -3.631e-06  1.608e-06 -1.698e-06  6.314e-06 
  3.520e-10  1.436e-09 -1.530e-06 -1.165e-06  4.362e-07 -5.182e-07  2.047e-06 
 -4.597e-06 -1.530e-06  1.604e-01  1.323e-01 -4.505e-02  5.056e-02 -2.164e-01 
 -3.631e-06 -1.165e-06  1.323e-01  1.092e-01 -3.715e-02  4.167e-02 -1.785e-01 
  1.608e-06  4.362e-07 -4.505e-02 -3.715e-02  1.275e-02 -1.421e-02  6.079e-02 
 -1.698e-06 -5.182e-07  5.056e-02  4.167e-02 -1.421e-02  1.600e-02 -6.822e-02 
  6.314e-06  2.047e-06 -2.164e-01 -1.785e-01  6.079e-02 -6.822e-02  2.920e-01 
ERR MATRIX NOT POS-DEF
 PARAMETER  CORRELATION COEFFICIENTS  
       NO.  GLOBAL     10     11     20     21     22     23     24
       10  0.77916   1.000  0.165 -0.204 -0.196  0.254 -0.239  0.208
       11  0.36855   0.165  1.000 -0.101 -0.093  0.102 -0.108  0.100
       20  0.99996  -0.204 -0.101  1.000  1.000 -0.996  0.998 -1.000
       21  0.99978  -0.196 -0.093  1.000  1.000 -0.996  0.997 -1.000
       22  0.99779   0.254  0.102 -0.996 -0.996  1.000 -0.995  0.996
       23  0.99870  -0.239 -0.108  0.998  0.997 -0.995  1.000 -0.998
       24  0.99995   0.208  0.100 -1.000 -1.000  0.996 -0.998  1.000
 ERR MATRIX NOT POS-DEF
MINUIT - FIT ONLY 2-y
 **********
 **   67 **RES 
 **********
                   PARAMETER   16  beta_vw RESTORED TO VARIABLE.
                   PARAMETER   14  alpha_vw RESTORED TO VARIABLE.
                   PARAMETER   13  beta_y RESTORED TO VARIABLE.
                   PARAMETER    9  alpha_2CBO RESTORED TO VARIABLE.
                   PARAMETER    8  beta_CBO RESTORED TO VARIABLE.
                   PARAMETER    6  alpha_CBO RESTORED TO VARIABLE.
                   PARAMETER    4  phi RESTORED TO VARIABLE.
                   PARAMETER    3  A0 RESTORED TO VARIABLE.
                   PARAMETER    1  N0 RESTORED TO VARIABLE.
 **********
 **   68 **FIX            0
 **********
 PARAMETER    0  IS UNDEFINED. IGNORED.
 **********
 **   69 **FIX            1
 **********
 **********
 **   70 **FIX            2
 **********
 PARAMETER    2  IS CONSTANT.   IGNORED.
 **********
 **   71 **FIX            3
 **********
 **********
 **   72 **FIX            4
 **********
 **********
 **   73 **FIX            5
 **********
 PARAMETER    5  IS CONSTANT.   IGNORED.
 **********
 **   74 **FIX            6
 **********
 **********
 **   75 **FIX            7
 **********
 PARAMETER    7  IS CONSTANT.   IGNORED.
 **********
 **   76 **FIX            8
 **********
 **********
 **   77 **FIX            9
 **********
 **********
 **   78 **FIX           10
 **********
 **********
 **   79 **FIX           11
 **********
 **********
 **   80 **FIX           12
 **********
 PARAMETER   12  IS CONSTANT.   IGNORED.
 **********
 **   81 **FIX           16
 **********
 **********
 **   82 **MIGRAD
 **********
 START MIGRAD MINIMIZATION.  STRATEGY  1.  CONVERGENCE WHEN EDM .LT. 1.00e-04
 FCN=81.3001 FROM MIGRAD    STATUS=INITIATE       16 CALLS        7480 TOTAL
                     EDM= unknown      STRATEGY= 1      NO ERROR MATRIX       
  EXT PARAMETER               CURRENT GUESS       STEP         FIRST   
  NO.   NAME      VALUE            ERROR          SIZE      DERIVATIVE 
   1  N0           7.44896e+07     fixed    
   2  tau          6.43893e+01   constant   
   3  A0           3.52987e-01     fixed    
   4  phi          4.09941e+00     fixed    
   5  R           -6.07681e+01   constant   
   6  alpha_CBO   -6.91400e-03     fixed    
   7  w_CBO        2.32500e+00   constant   
   8  beta_CBO     6.81916e-03     fixed    
   9  alpha_2CBO   2.02854e-03     fixed    
  10  beta_2CBO    2.89784e-03     fixed    
  11  alpha_y      4.02544e-04     fixed    
  12  w_y          1.44500e+01   constant   
  13  beta_y      -5.85389e-04   3.44902e-05   3.44902e-05   5.91441e+03
  14  alpha_vw     0.00000e+00   1.00000e-03   1.00000e-03  -4.45989e+04
  15  w_vw         1.29000e+01   constant   
  16  beta_vw      0.00000e+00     fixed    
  17  LM          -5.35738e-04   constant   
