 + ++++++++++++++++++++++++++++++++++++++++++++++++++++++++++++++++++++ +
 +                                                                      +
 +           You have chose to blind your fitting according to          +
 +                omega_ref * (1 + (R +/- deltaR) *10^{-6})             +
 +                                                                      +
 + ++++++++++++++++++++++++++++++++++++++++++++++++++++++++++++++++++++ +
In main()...
reading format from /gm2data/zkhechad/run45/envelope/formats/formatB_sBin_constraintOn.txt
pBinTau 	= 0  
pBinPhi 	= 0  
constraintau 	= 1 
includeMopTerm 	= 0    
constrainMop    = 0   
Parameters after format file: pBinTau 0 pBinPhi 0 constraintau 1 includeMopTerm 0 constrainMop 0 c_e_scale 0.000000 
Opening file /gm2data/tbarrett/gm2fr/studies/run23_bunch_corrections/CorrectedFourier_Run3b.root.
reading full fit data from /gm2data/zkhechad/cboTemplates/Run4CBOTemplates/templateFits0_v2.0/noRF/sBin_constraintOn_cE0.0_seed0_noRF_calo15.root
windowBins = 17
fitting sliding window 414 from bin 550 at 81.910800 to bin 567 at 84.596400 (17 bins)

Reading data from /gm2data/cornell/histograms/aMethod/histogram_a_noRF.root
 **********
 **    1 **SET PRINTOUT            1
 **********
 **********
 **    2 **SET NOWARNINGS 
 **********
 PARAMETER DEFINITIONS:
    NO.   NAME         VALUE      STEP SIZE      LIMITS
     1 N0           3.09167e+06  1.00000e+02     no limits
     2 tau          6.43743e+01  constant
     3 A0           3.54035e-01  1.00000e-04     no limits
     4 phi          4.11947e+00  1.00000e-02     no limits
     5 R           -6.00908e+01  constant
     6 alpha_CBO    0.00000e+00  1.00000e-03     no limits
     7 w_CBO        2.32500e+00  constant
     8 beta_CBO     0.00000e+00  1.00000e-03     no limits
     9 alpha_2CBO   0.00000e+00  1.00000e-03     no limits
    10 beta_2CBO    0.00000e+00  1.00000e-03     no limits
    11 alpha_y      0.00000e+00  1.00000e-03     no limits
    12 w_y          1.44500e+01  constant
    13 beta_y       0.00000e+00  1.00000e-03     no limits
    14 alpha_vw     0.00000e+00  1.00000e-03     no limits
    15 w_vw         1.29000e+01  constant
    16 beta_vw      0.00000e+00  1.00000e-03     no limits
    17 LM          -9.88464e-04  constant
    18 zeta_y       0.00000e+00  constant
    19 zeta_vw      0.00000e+00  constant
    20 T_CBO        1.00000e+02  1.00000e+00    0.00000e+00  1.00000e+03
    21 alpha_A0     0.00000e+00  1.00000e-03     no limits
    22 beta_A0      0.00000e+00  1.00000e-03     no limits
    23 alpha_phi    0.00000e+00  1.00000e-03     no limits
    24 beta_phi     0.00000e+00  1.00000e-03     no limits
MINUIT - FIT ONLY WIGGLE
 **********
 **    3 **FIX            5
 **********
 PARAMETER    5  IS CONSTANT.   IGNORED.
 **********
 **    4 **FIX            6
 **********
 **********
 **    5 **FIX            7
 **********
 PARAMETER    7  IS CONSTANT.   IGNORED.
 **********
 **    6 **FIX            8
 **********
 **********
 **    7 **FIX            9
 **********
 **********
 **    8 **FIX           10
 **********
 **********
 **    9 **FIX           11
 **********
 **********
 **   10 **FIX           12
 **********
 PARAMETER   12  IS CONSTANT.   IGNORED.
 **********
 **   11 **FIX           13
 **********
 **********
 **   12 **FIX           14
 **********
 **********
 **   13 **FIX           15
 **********
 PARAMETER   15  IS CONSTANT.   IGNORED.
 **********
 **   14 **FIX           16
 **********
 **********
 **   15 **MIGRAD
 **********
 FIRST CALL TO USER FUNCTION AT NEW START POINT, WITH IFLAG=4.
 START MIGRAD MINIMIZATION.  STRATEGY  1.  CONVERGENCE WHEN EDM .LT. 1.00e-04
 FCN=425.184 FROM MIGRAD    STATUS=INITIATE      437 CALLS         438 TOTAL
                     EDM= unknown      STRATEGY= 1      NO ERROR MATRIX       
  EXT PARAMETER               CURRENT GUESS       STEP         FIRST   
  NO.   NAME      VALUE            ERROR          SIZE      DERIVATIVE 
   1  N0           3.09167e+06   1.00000e+02   0.00000e+00   1.67188e-02
   2  tau          6.43743e+01   constant   
   3  A0           3.54035e-01   1.00000e-04   0.00000e+00   2.15932e+04
   4  phi          4.11947e+00   1.00000e-02   0.00000e+00   5.67389e+04
   5  R           -6.00908e+01   constant   
   6  alpha_CBO    0.00000e+00     fixed    
   7  w_CBO        2.32500e+00   constant   
   8  beta_CBO     0.00000e+00     fixed    
   9  alpha_2CBO   0.00000e+00     fixed    
  10  beta_2CBO    0.00000e+00     fixed    
  11  alpha_y      0.00000e+00     fixed    
  12  w_y          1.44500e+01   constant   
  13  beta_y       0.00000e+00     fixed    
  14  alpha_vw     0.00000e+00     fixed    
  15  w_vw         1.29000e+01   constant   
  16  beta_vw      0.00000e+00     fixed    
  17  LM          -9.88464e-04   constant   
  18  zeta_y       0.00000e+00   constant   
  19  zeta_vw      0.00000e+00   constant   
  20  T_CBO        1.00000e+02   1.00000e+00   0.00000e+00   0.00000e+00
  21  alpha_A0     0.00000e+00   1.00000e-03   0.00000e+00  -8.97454e+03
  22  beta_A0      0.00000e+00   1.00000e-03   0.00000e+00  -7.20137e+03
  23  alpha_phi    0.00000e+00   1.00000e-03   0.00000e+00   1.08834e+04
  24  beta_phi     0.00000e+00   1.00000e-03   0.00000e+00   8.34031e+03
 MIGRAD MINIMIZATION HAS CONVERGED.
 FCN=14.7293 FROM MIGRAD    STATUS=CONVERGED    1085 CALLS        1086 TOTAL
                     EDM=2.74157e-06    STRATEGY= 1  ERROR MATRIX UNCERTAINTY   2.9 per cent
  EXT PARAMETER                                   STEP         FIRST   
  NO.   NAME      VALUE            ERROR          SIZE      DERIVATIVE 
   1  N0           3.09739e+06   1.29195e+03   1.10685e+00   1.47849e-06
   2  tau          6.43743e+01   constant   
   3  A0           3.50523e-01   1.71264e-03   1.81580e-06   3.65454e+00
   4  phi          4.08216e+00   8.93110e-03   7.64853e-06   2.16468e+00
   5  R           -6.00908e+01   constant   
   6  alpha_CBO    0.00000e+00     fixed    
   7  w_CBO        2.32500e+00   constant   
   8  beta_CBO     0.00000e+00     fixed    
   9  alpha_2CBO   0.00000e+00     fixed    
  10  beta_2CBO    0.00000e+00     fixed    
  11  alpha_y      0.00000e+00     fixed    
  12  w_y          1.44500e+01   constant   
  13  beta_y       0.00000e+00     fixed    
  14  alpha_vw     0.00000e+00     fixed    
  15  w_vw         1.29000e+01   constant   
  16  beta_vw      0.00000e+00     fixed    
  17  LM          -9.88464e-04   constant   
  18  zeta_y       0.00000e+00   constant   
  19  zeta_vw      0.00000e+00   constant   
  20  T_CBO        5.37961e+01   2.05352e+00   9.99141e-06   2.78294e-01
  21  alpha_A0    -1.11353e-01   5.64756e-02   5.17341e-05  -1.40370e+00
  22  beta_A0      1.31094e-01   4.53027e-02  -4.33802e-05  -1.13179e+00
  23  alpha_phi    1.16050e-01   5.48183e-02  -4.28870e-05  -8.04370e-01
  24  beta_phi     1.45992e-01   5.21667e-02  -4.52207e-05   8.53335e-01
 EXTERNAL ERROR MATRIX.    NDIM=  25    NPAR=  8    ERR DEF=1
  1.669e+06  1.412e+00  5.170e+00  1.282e+03  4.076e+01 -3.181e+01 -3.618e+01 -3.335e+01 
  1.412e+00  2.933e-06  1.473e-05  2.651e-03  9.533e-05 -7.643e-05 -9.189e-05 -8.727e-05 
  5.170e+00  1.473e-05  7.976e-05  1.335e-02  4.968e-04 -4.000e-04 -4.844e-04 -4.638e-04 
  1.282e+03  2.651e-03  1.335e-02  4.217e+00  9.220e-02 -7.283e-02 -8.952e-02 -8.295e-02 
  4.076e+01  9.533e-05  4.968e-04  9.220e-02  3.189e-03 -2.556e-03 -3.083e-03 -2.929e-03 
 -3.181e+01 -7.643e-05 -4.000e-04 -7.283e-02 -2.556e-03  2.052e-03  2.471e-03  2.352e-03 
 -3.618e+01 -9.189e-05 -4.844e-04 -8.952e-02 -3.083e-03  2.471e-03  3.005e-03  2.854e-03 
 -3.335e+01 -8.727e-05 -4.638e-04 -8.295e-02 -2.929e-03  2.352e-03  2.854e-03  2.721e-03 
 PARAMETER  CORRELATION COEFFICIENTS  
       NO.  GLOBAL      1      3      4     20     21     22     23     24
        1  0.92538   1.000  0.638  0.448  0.483  0.559 -0.544 -0.511 -0.495
        3  0.99655   0.638  1.000  0.963  0.754  0.986 -0.985 -0.979 -0.977
        4  0.99935   0.448  0.963  1.000  0.728  0.985 -0.989 -0.989 -0.996
       20  0.95640   0.483  0.754  0.728  1.000  0.795 -0.783 -0.795 -0.774
       21  0.99951   0.559  0.986  0.985  0.795  1.000 -0.999 -0.996 -0.994
       22  0.99949  -0.544 -0.985 -0.989 -0.783 -0.999  1.000  0.995  0.995
       23  0.99915  -0.511 -0.979 -0.989 -0.795 -0.996  0.995  1.000  0.998
       24  0.99970  -0.495 -0.977 -0.996 -0.774 -0.994  0.995  0.998  1.000
MINUIT - FIT ONLY 1-CBO + wiggle
 **********
 **   16 **RES 
 **********
                   PARAMETER   16  beta_vw RESTORED TO VARIABLE.
                   PARAMETER   14  alpha_vw RESTORED TO VARIABLE.
                   PARAMETER   13  beta_y RESTORED TO VARIABLE.
                   PARAMETER   11  alpha_y RESTORED TO VARIABLE.
                   PARAMETER   10  beta_2CBO RESTORED TO VARIABLE.
                   PARAMETER    9  alpha_2CBO RESTORED TO VARIABLE.
                   PARAMETER    8  beta_CBO RESTORED TO VARIABLE.
                   PARAMETER    6  alpha_CBO RESTORED TO VARIABLE.
 **********
 **   17 **FIX            8
 **********
 **********
 **   18 **FIX            9
 **********
 **********
 **   19 **FIX           11
 **********
 **********
 **   20 **FIX           12
 **********
 PARAMETER   12  IS CONSTANT.   IGNORED.
 **********
 **   21 **FIX           14
 **********
 **********
 **   22 **FIX           15
 **********
 PARAMETER   15  IS CONSTANT.   IGNORED.
 **********
 **   23 **FIX           16
 **********
 **********
 **   24 **MIGRAD
 **********
 START MIGRAD MINIMIZATION.  STRATEGY  1.  CONVERGENCE WHEN EDM .LT. 1.00e-04
 FCN=14.7293 FROM MIGRAD    STATUS=INITIATE       28 CALLS        1114 TOTAL
                     EDM= unknown      STRATEGY= 1      NO ERROR MATRIX       
  EXT PARAMETER               CURRENT GUESS       STEP         FIRST   
  NO.   NAME      VALUE            ERROR          SIZE      DERIVATIVE 
   1  N0           3.09739e+06   1.29195e+03   1.10685e+00   1.47849e-06
   2  tau          6.43743e+01   constant   
   3  A0           3.50523e-01   1.71264e-03   1.81580e-06   3.65454e+00
   4  phi          4.08216e+00   8.93110e-03   7.64853e-06   2.16468e+00
   5  R           -6.00908e+01   constant   
   6  alpha_CBO    0.00000e+00   1.00000e-03   1.00000e-03  -3.24108e+01
   7  w_CBO        2.32500e+00   constant   
   8  beta_CBO     0.00000e+00     fixed    
   9  alpha_2CBO   0.00000e+00     fixed    
  10  beta_2CBO    0.00000e+00   1.00000e-03   1.00000e-03  -4.03552e+02
  11  alpha_y      0.00000e+00     fixed    
  12  w_y          1.44500e+01   constant   
  13  beta_y       0.00000e+00   1.00000e-03   1.00000e-03  -3.36812e+03
  14  alpha_vw     0.00000e+00     fixed    
  15  w_vw         1.29000e+01   constant   
  16  beta_vw      0.00000e+00     fixed    
  17  LM          -9.88464e-04   constant   
  18  zeta_y       0.00000e+00   constant   
  19  zeta_vw      0.00000e+00   constant   
  20  T_CBO        5.37961e+01   2.05352e+00   9.99141e-06   2.78298e-01
  21  alpha_A0    -1.11353e-01   5.64756e-02   5.17341e-05  -1.40370e+00
  22  beta_A0      1.31094e-01   4.53027e-02  -4.33802e-05  -1.13178e+00
  23  alpha_phi    1.16050e-01   5.48183e-02  -4.28870e-05  -8.04370e-01
  24  beta_phi     1.45992e-01   5.21667e-02  -4.52207e-05   8.53335e-01
 MIGRAD MINIMIZATION HAS CONVERGED.
 MIGRAD WILL VERIFY CONVERGENCE AND ERROR MATRIX.
 FCN=14.3604 FROM MIGRAD    STATUS=CONVERGED     449 CALLS        1535 TOTAL
                     EDM=3.94365e-05    STRATEGY= 1      ERR MATRIX NOT POS-DEF
  EXT PARAMETER                APPROXIMATE        STEP         FIRST   
  NO.   NAME      VALUE            ERROR          SIZE      DERIVATIVE 
   1  N0           3.09865e+06   4.65248e+03   1.47755e+00   4.89578e-07
   2  tau          6.43743e+01   constant   
   3  A0           3.50569e-01   1.98621e-03   3.54062e-07  -7.22428e-01
   4  phi          4.08179e+00   6.77629e-03   1.94635e-06   6.98086e-01
   5  R           -6.00908e+01   constant   
   6  alpha_CBO   -1.34686e-03   2.31685e-03   4.43017e-07   2.64025e-01
   7  w_CBO        2.32500e+00   constant   
   8  beta_CBO     0.00000e+00     fixed    
   9  alpha_2CBO   0.00000e+00     fixed    
  10  beta_2CBO    9.33981e-04   1.24742e-03   4.45004e-07   2.29372e+00
  11  alpha_y      0.00000e+00     fixed    
  12  w_y          1.44500e+01   constant   
  13  beta_y       1.12610e-04   2.51454e-04   4.74813e-07   8.44827e-01
  14  alpha_vw     0.00000e+00     fixed    
  15  w_vw         1.29000e+01   constant   
  16  beta_vw      0.00000e+00     fixed    
  17  LM          -9.88464e-04   constant   
  18  zeta_y       0.00000e+00   constant   
  19  zeta_vw      0.00000e+00   constant   
  20  T_CBO        5.21768e+01   8.17962e+00   5.59977e-06  -9.62198e-02
  21  alpha_A0    -8.94439e-02   4.20831e-02   7.92225e-06   4.99376e-02
  22  beta_A0      1.41747e-01   3.93597e-02   7.95484e-06  -1.84770e-01
  23  alpha_phi    1.03665e-01   3.95732e-02   6.79004e-06   1.22511e-01
  24  beta_phi     1.52077e-01   4.25477e-02   7.46064e-06  -4.64197e-02
 EXTERNAL ERROR MATRIX.    NDIM=  25    NPAR= 11    ERR DEF=1
  2.165e+07 
 -3.264e+00  3.945e-06 
  1.187e+01  6.136e-06  4.592e-05 
  9.398e-01  1.470e-06  8.349e-06  5.368e-06 
  9.236e-01  2.489e-07 -1.834e-06 -2.060e-06  1.556e-06 
  6.745e-02  2.051e-08 -3.992e-08  1.097e-08  1.522e-08  6.323e-08 
 -2.862e+03 -5.539e-03 -2.578e-02 -1.122e-04 -1.336e-03  2.601e-05  6.694e+01 
  1.298e+02 -6.421e-06  1.045e-04 -3.515e-05  2.799e-05  1.282e-07  1.710e-02  1.771e-03 
  9.692e+01 -3.873e-05 -9.063e-06 -2.224e-05  1.163e-05  1.081e-07 -1.795e-01  1.471e-04  1.549e-03 
  7.389e+01 -4.672e-05 -9.058e-06  3.314e-05 -2.437e-05 -1.634e-08 -5.426e-02 -5.832e-04  1.024e-03  1.566e-03 
 -1.033e+02  2.109e-05 -1.175e-04 -3.019e-05  1.587e-05  2.189e-07 -1.854e-01 -9.865e-04  5.032e-04 -1.675e-05  1.810e-03 
ERR MATRIX NOT POS-DEF
 PARAMETER  CORRELATION COEFFICIENTS  
       NO.  GLOBAL      1      3      4      6     10     13     20     21     22     23     24
        1  0.99363   1.000 -0.353  0.376  0.087  0.159  0.058 -0.075  0.663  0.529  0.401 -0.522
        3  0.99567  -0.353  1.000  0.456  0.319  0.100  0.041 -0.341 -0.077 -0.495 -0.594  0.250
        4  0.99613   0.376  0.456  1.000  0.532 -0.217 -0.023 -0.465  0.366 -0.034 -0.034 -0.408
        6  0.99501   0.087  0.319  0.532  1.000 -0.713  0.019 -0.006 -0.360 -0.244  0.361 -0.306
       10  0.98254   0.159  0.100 -0.217 -0.713  1.000  0.049 -0.131  0.533  0.237 -0.494  0.299
       13  0.17317   0.058  0.041 -0.023  0.019  0.049  1.000  0.013  0.012  0.011 -0.002  0.020
       20  0.99684  -0.075 -0.341 -0.465 -0.006 -0.131  0.013  1.000  0.050 -0.557 -0.168 -0.533
       21  0.99516   0.663 -0.077  0.366 -0.360  0.533  0.012  0.050  1.000  0.089 -0.350 -0.551
       22  0.99442   0.529 -0.495 -0.034 -0.244  0.237  0.011 -0.557  0.089  1.000  0.657  0.300
       23  0.99598   0.401 -0.594 -0.034  0.361 -0.494 -0.002 -0.168 -0.350  0.657  1.000 -0.010
       24  0.99580  -0.522  0.250 -0.408 -0.306  0.299  0.020 -0.533 -0.551  0.300 -0.010  1.000
 ERR MATRIX NOT POS-DEF
MINUIT - FIT ONLY 2-CBO
 **********
 **   25 **RES 
 **********
                   PARAMETER   16  beta_vw RESTORED TO VARIABLE.
                   PARAMETER   14  alpha_vw RESTORED TO VARIABLE.
                   PARAMETER   11  alpha_y RESTORED TO VARIABLE.
                   PARAMETER    9  alpha_2CBO RESTORED TO VARIABLE.
                   PARAMETER    8  beta_CBO RESTORED TO VARIABLE.
 **********
 **   26 **FIX            0
 **********
 PARAMETER    0  IS UNDEFINED. IGNORED.
 **********
 **   27 **FIX            1
 **********
 **********
 **   28 **FIX            2
 **********
 PARAMETER    2  IS CONSTANT.   IGNORED.
 **********
 **   29 **FIX            3
 **********
 **********
 **   30 **FIX            4
 **********
 **********
 **   31 **FIX            5
 **********
 PARAMETER    5  IS CONSTANT.   IGNORED.
 **********
 **   32 **FIX            6
 **********
 **********
 **   33 **FIX            7
 **********
 PARAMETER    7  IS CONSTANT.   IGNORED.
 **********
 **   34 **FIX           10
 **********
 **********
 **   35 **FIX           11
 **********
 **********
 **   36 **FIX           12
 **********
 PARAMETER   12  IS CONSTANT.   IGNORED.
 **********
 **   37 **FIX           13
 **********
 **********
 **   38 **FIX           14
 **********
 **********
 **   39 **FIX           15
 **********
 PARAMETER   15  IS CONSTANT.   IGNORED.
 **********
 **   40 **FIX           16
 **********
 **********
 **   41 **MIGRAD
 **********
 START MIGRAD MINIMIZATION.  STRATEGY  1.  CONVERGENCE WHEN EDM .LT. 1.00e-04
 FCN=14.3604 FROM MIGRAD    STATUS=INITIATE       18 CALLS        1553 TOTAL
                     EDM= unknown      STRATEGY= 1      NO ERROR MATRIX       
  EXT PARAMETER               CURRENT GUESS       STEP         FIRST   
  NO.   NAME      VALUE            ERROR          SIZE      DERIVATIVE 
   1  N0           3.09865e+06     fixed    
   2  tau          6.43743e+01   constant   
   3  A0           3.50569e-01     fixed    
   4  phi          4.08179e+00     fixed    
   5  R           -6.00908e+01   constant   
   6  alpha_CBO   -1.34686e-03     fixed    
   7  w_CBO        2.32500e+00   constant   
   8  beta_CBO     0.00000e+00   1.00000e-03   1.00000e-03  -6.64578e+01
   9  alpha_2CBO   0.00000e+00   1.00000e-03   1.00000e-03   4.44141e+02
  10  beta_2CBO    9.33981e-04     fixed    
  11  alpha_y      0.00000e+00     fixed    
  12  w_y          1.44500e+01   constant   
  13  beta_y       1.12610e-04     fixed    
  14  alpha_vw     0.00000e+00     fixed    
  15  w_vw         1.29000e+01   constant   
  16  beta_vw      0.00000e+00     fixed    
  17  LM          -9.88464e-04   constant   
  18  zeta_y       0.00000e+00   constant   
  19  zeta_vw      0.00000e+00   constant   
  20  T_CBO        5.21768e+01   8.17962e+00   5.59977e-06  -9.62327e-02
  21  alpha_A0    -8.94439e-02   4.20831e-02   7.92225e-06   4.99389e-02
  22  beta_A0      1.41747e-01   3.93597e-02   7.95484e-06  -1.84766e-01
  23  alpha_phi    1.03665e-01   3.95732e-02   6.79004e-06   1.22511e-01
  24  beta_phi     1.52077e-01   4.25477e-02   7.46064e-06  -4.64196e-02
 MIGRAD MINIMIZATION HAS CONVERGED.
 MIGRAD WILL VERIFY CONVERGENCE AND ERROR MATRIX.
 FCN=14.3104 FROM MIGRAD    STATUS=CONVERGED     164 CALLS        1699 TOTAL
                     EDM=3.07797e-06    STRATEGY= 1      ERR MATRIX NOT POS-DEF
  EXT PARAMETER                APPROXIMATE        STEP         FIRST   
  NO.   NAME      VALUE            ERROR          SIZE      DERIVATIVE 
   1  N0           3.09865e+06     fixed    
   2  tau          6.43743e+01   constant   
   3  A0           3.50569e-01     fixed    
   4  phi          4.08179e+00     fixed    
   5  R           -6.00908e+01   constant   
   6  alpha_CBO   -1.34686e-03     fixed    
   7  w_CBO        2.32500e+00   constant   
   8  beta_CBO    -2.24646e-04   1.01743e-03   4.75987e-07  -1.20856e+00
   9  alpha_2CBO  -2.57677e-04   1.06175e-03   4.73492e-07  -8.37925e+00
  10  beta_2CBO    9.33981e-04     fixed    
  11  alpha_y      0.00000e+00     fixed    
  12  w_y          1.44500e+01   constant   
  13  beta_y       1.12610e-04     fixed    
  14  alpha_vw     0.00000e+00     fixed    
  15  w_vw         1.29000e+01   constant   
  16  beta_vw      0.00000e+00     fixed    
  17  LM          -9.88464e-04   constant   
  18  zeta_y       0.00000e+00   constant   
  19  zeta_vw      0.00000e+00   constant   
  20  T_CBO        5.21692e+01   8.68156e+00   5.61135e-06  -1.93748e-01
  21  alpha_A0    -9.23203e-02   2.72618e-02   7.91453e-06   1.86870e-02
  22  beta_A0      1.45329e-01   4.17109e-02   7.94942e-06  -4.37347e-01
  23  alpha_phi    1.01956e-01   2.82580e-02   6.78361e-06   3.03496e-01
  24  beta_phi     1.48897e-01   4.17139e-02   7.44846e-06   4.88088e-02
 EXTERNAL ERROR MATRIX.    NDIM=  25    NPAR=  7    ERR DEF=1
  1.035e-06  9.939e-07  3.772e-04  1.248e-05 -1.619e-05  5.985e-06  1.243e-05 
  9.939e-07  1.127e-06 -4.096e-05  1.238e-05 -1.537e-05  7.733e-06  1.434e-05 
  3.772e-04 -4.096e-05  7.541e+01  2.096e-01 -3.365e-01 -2.348e-01 -3.395e-01 
  1.248e-05  1.238e-05  2.096e-01  7.432e-04 -1.116e-03 -5.729e-04 -7.854e-04 
 -1.619e-05 -1.537e-05 -3.365e-01 -1.116e-03  1.740e-03  9.419e-04  1.314e-03 
  5.985e-06  7.733e-06 -2.348e-01 -5.729e-04  9.419e-04  7.985e-04  1.161e-03 
  1.243e-05  1.434e-05 -3.395e-01 -7.854e-04  1.314e-03  1.161e-03  1.740e-03 
ERR MATRIX NOT POS-DEF
 PARAMETER  CORRELATION COEFFICIENTS  
       NO.  GLOBAL      8      9     20     21     22     23     24
        8  0.96963   1.000  0.920  0.043  0.450 -0.382  0.208  0.293
        9  0.97244   0.920  1.000 -0.004  0.428 -0.347  0.258  0.324
       20  0.99717   0.043 -0.004  1.000  0.885 -0.929 -0.957 -0.937
       21  0.98841   0.450  0.428  0.885  1.000 -0.981 -0.744 -0.691
       22  0.99502  -0.382 -0.347 -0.929 -0.981  1.000  0.799  0.755
       23  0.99209   0.208  0.258 -0.957 -0.744  0.799  1.000  0.985
       24  0.99563   0.293  0.324 -0.937 -0.691  0.755  0.985  1.000
 ERR MATRIX NOT POS-DEF
MINUIT - FIT wiggle + 1-CBO + 2-CBO
 **********
 **   42 **RES 
 **********
                   PARAMETER   16  beta_vw RESTORED TO VARIABLE.
                   PARAMETER   14  alpha_vw RESTORED TO VARIABLE.
                   PARAMETER   13  beta_y RESTORED TO VARIABLE.
                   PARAMETER   11  alpha_y RESTORED TO VARIABLE.
                   PARAMETER   10  beta_2CBO RESTORED TO VARIABLE.
                   PARAMETER    6  alpha_CBO RESTORED TO VARIABLE.
                   PARAMETER    4  phi RESTORED TO VARIABLE.
                   PARAMETER    3  A0 RESTORED TO VARIABLE.
                   PARAMETER    1  N0 RESTORED TO VARIABLE.
 **********
 **   43 **FIX           10
 **********
 **********
 **   44 **FIX           11
 **********
 **********
 **   45 **FIX           12
 **********
 PARAMETER   12  IS CONSTANT.   IGNORED.
 **********
 **   46 **FIX           13
 **********
 **********
 **   47 **FIX           14
 **********
 **********
 **   48 **FIX           15
 **********
 PARAMETER   15  IS CONSTANT.   IGNORED.
 **********
 **   49 **FIX           16
 **********
 **********
 **   50 **MIGRAD
 **********
 START MIGRAD MINIMIZATION.  STRATEGY  1.  CONVERGENCE WHEN EDM .LT. 1.00e-04
 FCN=14.3104 FROM MIGRAD    STATUS=INITIATE       22 CALLS        1721 TOTAL
                     EDM= unknown      STRATEGY= 1      NO ERROR MATRIX       
  EXT PARAMETER               CURRENT GUESS       STEP         FIRST   
  NO.   NAME      VALUE            ERROR          SIZE      DERIVATIVE 
   1  N0           3.09865e+06   4.65248e+03   4.65248e+03  -9.69783e-06
   2  tau          6.43743e+01   constant   
   3  A0           3.50569e-01   1.98621e-03   1.98621e-03  -6.89304e+01
   4  phi          4.08179e+00   6.77629e-03   6.77629e-03  -3.18694e+01
   5  R           -6.00908e+01   constant   
   6  alpha_CBO   -1.34686e-03   2.31685e-03   2.31685e-03   3.10888e+02
   7  w_CBO        2.32500e+00   constant   
   8  beta_CBO    -2.24646e-04   1.01743e-03   4.75987e-07  -1.20856e+00
   9  alpha_2CBO  -2.57677e-04   1.06175e-03   4.73492e-07  -8.37925e+00
  10  beta_2CBO    9.33981e-04     fixed    
  11  alpha_y      0.00000e+00     fixed    
  12  w_y          1.44500e+01   constant   
  13  beta_y       1.12610e-04     fixed    
  14  alpha_vw     0.00000e+00     fixed    
  15  w_vw         1.29000e+01   constant   
  16  beta_vw      0.00000e+00     fixed    
  17  LM          -9.88464e-04   constant   
  18  zeta_y       0.00000e+00   constant   
  19  zeta_vw      0.00000e+00   constant   
  20  T_CBO        5.21692e+01   8.68156e+00   5.61135e-06  -1.93747e-01
  21  alpha_A0    -9.23203e-02   2.72618e-02   7.91453e-06   1.86830e-02
  22  beta_A0      1.45329e-01   4.17109e-02   7.94942e-06  -4.37349e-01
  23  alpha_phi    1.01956e-01   2.82580e-02   6.78361e-06   3.03497e-01
  24  beta_phi     1.48897e-01   4.17139e-02   7.44846e-06   4.88078e-02
 MIGRAD MINIMIZATION HAS CONVERGED.
 MIGRAD WILL VERIFY CONVERGENCE AND ERROR MATRIX.
 FCN=10.8186 FROM HESSE     STATUS=NOT POSDEF    100 CALLS        3344 TOTAL
                     EDM=0.000394154    STRATEGY= 1      ERR MATRIX NOT POS-DEF
  EXT PARAMETER                APPROXIMATE        STEP         FIRST   
  NO.   NAME      VALUE            ERROR          SIZE      DERIVATIVE 
   1  N0           3.18506e+06   6.34703e+03   1.51875e+00   4.49512e-06
   2  tau          6.43743e+01   constant   
   3  A0           3.70191e-01   2.11092e-03   2.92703e-07  -1.21944e+01
   4  phi          4.04948e+00   6.03854e-03   1.93094e-06  -4.78827e-01
   5  R           -6.00908e+01   constant   
   6  alpha_CBO   -9.08362e-03   1.66662e-03   3.84534e-07   4.84047e+00
   7  w_CBO        2.32500e+00   constant   
   8  beta_CBO    -4.57408e-02   2.39245e-03   4.21953e-07  -3.36125e+00
   9  alpha_2CBO  -1.87983e-02   1.77741e-03   4.16132e-07   1.08183e+01
  10  beta_2CBO    9.33981e-04     fixed    
  11  alpha_y      0.00000e+00     fixed    
  12  w_y          1.44500e+01   constant   
  13  beta_y       1.12610e-04     fixed    
  14  alpha_vw     0.00000e+00     fixed    
  15  w_vw         1.29000e+01   constant   
  16  beta_vw      0.00000e+00     fixed    
  17  LM          -9.88464e-04   constant   
  18  zeta_y       0.00000e+00   constant   
  19  zeta_vw      0.00000e+00   constant   
  20  T_CBO        3.62233e+01   1.25429e+00   8.74923e-07  -1.95425e+00
  21  alpha_A0     7.84055e-02   7.06666e-02   1.27407e-05  -5.81634e-01
  22  beta_A0      8.13390e-01   8.13397e-02   1.33192e-05  -1.15009e-01
  23  alpha_phi   -3.02927e-01   7.29649e-02   1.11447e-05  -5.98216e-01
  24  beta_phi    -6.79320e-01   7.11580e-02   1.14123e-05   2.77525e-01
 CALL LIMIT EXCEEDED IN MIGRAD.
 MIGRAD TERMINATED WITHOUT CONVERGENCE.
 FCN=10.7297 FROM MIGRAD    STATUS=CALL LIMIT   1924 CALLS        3623 TOTAL
                     EDM=0.00582511    STRATEGY= 1      ERR MATRIX NOT POS-DEF
  EXT PARAMETER                APPROXIMATE        STEP         FIRST   
  NO.   NAME      VALUE            ERROR          SIZE      DERIVATIVE 
   1  N0           3.20448e+06   4.70535e+04  -4.22856e+02   3.19824e-05
   2  tau          6.43743e+01   constant   
   3  A0           3.69997e-01   3.99830e-03  -2.96726e-05  -3.20380e+02
   4  phi          4.05682e+00   1.84134e-02  -2.97560e-04  -1.40547e+02
   5  R           -6.00908e+01   constant   
   6  alpha_CBO   -7.34371e-03   4.83267e-03  -1.55411e-04   3.92083e+02
   7  w_CBO        2.32500e+00   constant   
   8  beta_CBO    -4.82973e-02   1.14621e-02  -3.81374e-05   1.27639e+02
   9  alpha_2CBO  -1.88400e-02   4.95199e-03  -7.14634e-05  -1.21534e+01
  10  beta_2CBO    9.33981e-04     fixed    
  11  alpha_y      0.00000e+00     fixed    
  12  w_y          1.44500e+01   constant   
  13  beta_y       1.12610e-04     fixed    
  14  alpha_vw     0.00000e+00     fixed    
  15  w_vw         1.29000e+01   constant   
  16  beta_vw      0.00000e+00     fixed    
  17  LM          -9.88464e-04   constant   
  18  zeta_y       0.00000e+00   constant   
  19  zeta_vw      0.00000e+00   constant   
  20  T_CBO        3.66421e+01   6.15406e-01  -1.46068e-04   5.32663e+01
  21  alpha_A0     2.49874e-01   3.71172e-01  -3.73682e-03   3.27313e+00
  22  beta_A0      8.87895e-01   2.65816e-01   1.00708e-03  -1.27480e+00
  23  alpha_phi   -2.17112e-01   2.04843e-01  -4.10620e-03  -1.21346e+01
  24  beta_phi    -8.28244e-01   3.60134e-01   5.38695e-04  -2.80055e+00
 EXTERNAL ERROR MATRIX.    NDIM=  25    NPAR= 11    ERR DEF=1
  2.214e+09 
  7.715e+01  1.599e-05 
  3.270e+02 -3.570e-05  3.391e-04 
  1.629e+02  2.207e-06  6.269e-05  2.335e-05 
 -4.171e+02 -3.148e-05  4.606e-05 -9.178e-06  1.314e-04 
 -4.326e+01 -8.947e-06  5.300e-05  1.181e-05  4.196e-05  2.452e-05 
 -6.231e+03 -7.154e-04  1.807e-03 -1.150e-04  2.152e-03  6.260e-04  3.787e-01 
  1.511e+04  2.662e-05  5.325e-03  1.540e-03 -1.610e-03  4.294e-04 -1.717e-02  1.378e-01 
  1.129e+04  4.050e-04  5.743e-04  5.203e-04 -2.736e-03 -6.862e-04 -5.718e-02  6.354e-02  7.066e-02 
  7.646e+03 -2.259e-05  2.523e-03  9.077e-04 -6.178e-04  3.884e-04 -2.094e-03  6.850e-02  3.104e-02  4.196e-02 
 -1.612e+04 -3.848e-04 -2.933e-03 -1.021e-03  3.181e-03  5.426e-04  5.491e-02 -1.139e-01 -8.834e-02 -5.048e-02  1.297e-01 
ERR MATRIX NOT POS-DEF
 PARAMETER  CORRELATION COEFFICIENTS  
       NO.  GLOBAL      1      3      4      6      8      9     20     21     22     23     24
        1  0.99998   1.000  0.410  0.377  0.716 -0.773 -0.186 -0.215  0.865  0.902  0.793 -0.951
        3  0.99951   0.410  1.000 -0.485  0.114 -0.687 -0.452 -0.291  0.018  0.381 -0.028 -0.267
        4  0.99979   0.377 -0.485  1.000  0.705  0.218  0.581  0.159  0.779  0.117  0.669 -0.442
        6  0.99908   0.716  0.114  0.705  1.000 -0.166  0.493 -0.039  0.858  0.405  0.917 -0.587
        8  0.99981  -0.773 -0.687  0.218 -0.166  1.000  0.739  0.305 -0.378 -0.898 -0.263  0.771
        9  0.99889  -0.186 -0.452  0.581  0.493  0.739  1.000  0.205  0.234 -0.521  0.383  0.304
       20  0.99455  -0.215 -0.291  0.159 -0.039  0.305  0.205  1.000 -0.075 -0.350 -0.017  0.248
       21  0.99990   0.865  0.018  0.779  0.858 -0.378  0.234 -0.075  1.000  0.644  0.901 -0.852
       22  0.99968   0.902  0.381  0.117  0.405 -0.898 -0.521 -0.350  0.644  1.000  0.570 -0.923
       23  0.99967   0.793 -0.028  0.669  0.917 -0.263  0.383 -0.017  0.901  0.570  1.000 -0.684
       24  0.99992  -0.951 -0.267 -0.442 -0.587  0.771  0.304  0.248 -0.852 -0.923 -0.684  1.000
 ERR MATRIX NOT POS-DEF
MINUIT - FIT ONLY 1-y
 **********
 **   51 **RES 
 **********
                   PARAMETER   16  beta_vw RESTORED TO VARIABLE.
                   PARAMETER   14  alpha_vw RESTORED TO VARIABLE.
                   PARAMETER   13  beta_y RESTORED TO VARIABLE.
                   PARAMETER   11  alpha_y RESTORED TO VARIABLE.
                   PARAMETER   10  beta_2CBO RESTORED TO VARIABLE.
 **********
 **   52 **FIX            0
 **********
 PARAMETER    0  IS UNDEFINED. IGNORED.
 **********
 **   53 **FIX            1
 **********
 **********
 **   54 **FIX            2
 **********
 PARAMETER    2  IS CONSTANT.   IGNORED.
 **********
 **   55 **FIX            3
 **********
 **********
 **   56 **FIX            4
 **********
 **********
 **   57 **FIX            5
 **********
 PARAMETER    5  IS CONSTANT.   IGNORED.
 **********
 **   58 **FIX            6
 **********
 **********
 **   59 **FIX            7
 **********
 PARAMETER    7  IS CONSTANT.   IGNORED.
 **********
 **   60 **FIX            8
 **********
 **********
 **   61 **FIX            9
 **********
 **********
 **   62 **FIX           13
 **********
 **********
 **   63 **FIX           14
 **********
 **********
 **   64 **FIX           15
 **********
 PARAMETER   15  IS CONSTANT.   IGNORED.
 **********
 **   65 **FIX           16
 **********
 **********
 **   66 **MIGRAD
 **********
 START MIGRAD MINIMIZATION.  STRATEGY  1.  CONVERGENCE WHEN EDM .LT. 1.00e-04
 FCN=10.7297 FROM MIGRAD    STATUS=INITIATE       16 CALLS        3639 TOTAL
                     EDM= unknown      STRATEGY= 1      NO ERROR MATRIX       
  EXT PARAMETER               CURRENT GUESS       STEP         FIRST   
  NO.   NAME      VALUE            ERROR          SIZE      DERIVATIVE 
   1  N0           3.20448e+06     fixed    
   2  tau          6.43743e+01   constant   
   3  A0           3.69997e-01     fixed    
   4  phi          4.05682e+00     fixed    
   5  R           -6.00908e+01   constant   
   6  alpha_CBO   -7.34371e-03     fixed    
   7  w_CBO        2.32500e+00   constant   
   8  beta_CBO    -4.82973e-02     fixed    
   9  alpha_2CBO  -1.88400e-02     fixed    
  10  beta_2CBO    9.33981e-04   1.24742e-03   1.24742e-03  -2.09105e+02
  11  alpha_y      0.00000e+00   1.00000e-03   1.00000e-03  -1.42163e+04
  12  w_y          1.44500e+01   constant   
  13  beta_y       1.12610e-04     fixed    
  14  alpha_vw     0.00000e+00     fixed    
  15  w_vw         1.29000e+01   constant   
  16  beta_vw      0.00000e+00     fixed    
  17  LM          -9.88464e-04   constant   
  18  zeta_y       0.00000e+00   constant   
  19  zeta_vw      0.00000e+00   constant   
  20  T_CBO        3.66421e+01   6.15406e-01  -1.46068e-04   5.32663e+01
  21  alpha_A0     2.49874e-01   3.71172e-01  -3.73682e-03   3.27313e+00
  22  beta_A0      8.87895e-01   2.65816e-01   1.00708e-03  -1.27480e+00
  23  alpha_phi   -2.17112e-01   2.04843e-01  -4.10620e-03  -1.21346e+01
  24  beta_phi    -8.28244e-01   3.60134e-01   5.38695e-04  -2.80055e+00
 MIGRAD MINIMIZATION HAS CONVERGED.
 MIGRAD WILL VERIFY CONVERGENCE AND ERROR MATRIX.
 FCN=7.72497 FROM MIGRAD    STATUS=CONVERGED     161 CALLS        3784 TOTAL
                     EDM=1.15321e-05    STRATEGY= 1      ERR MATRIX NOT POS-DEF
  EXT PARAMETER                APPROXIMATE        STEP         FIRST   
  NO.   NAME      VALUE            ERROR          SIZE      DERIVATIVE 
   1  N0           3.20448e+06     fixed    
   2  tau          6.43743e+01   constant   
   3  A0           3.69997e-01     fixed    
   4  phi          4.05682e+00     fixed    
   5  R           -6.00908e+01   constant   
   6  alpha_CBO   -7.34371e-03     fixed    
   7  w_CBO        2.32500e+00   constant   
   8  beta_CBO    -4.82973e-02     fixed    
   9  alpha_2CBO  -1.88400e-02     fixed    
  10  beta_2CBO    1.19220e-03   5.71428e-04   3.34187e-07  -1.67798e-01
  11  alpha_y      4.17833e-04   2.40698e-04   3.34998e-07   1.84750e+00
  12  w_y          1.44500e+01   constant   
  13  beta_y       1.12610e-04     fixed    
  14  alpha_vw     0.00000e+00     fixed    
  15  w_vw         1.29000e+01   constant   
  16  beta_vw      0.00000e+00     fixed    
  17  LM          -9.88464e-04   constant   
  18  zeta_y       0.00000e+00   constant   
  19  zeta_vw      0.00000e+00   constant   
  20  T_CBO        3.66470e+01   1.23677e+00   6.26526e-07   3.84472e-01
  21  alpha_A0     2.49613e-01   2.05644e-02   1.07497e-05  -2.87728e-03
  22  beta_A0      8.96322e-01   7.09060e-02   1.11658e-05  -1.54889e-02
  23  alpha_phi   -2.18062e-01   1.81677e-02   9.19349e-06  -1.10725e-03
  24  beta_phi    -8.22078e-01   6.36415e-02   9.41890e-06   1.83049e-02
 EXTERNAL ERROR MATRIX.    NDIM=  25    NPAR=  7    ERR DEF=1
  3.265e-07  3.008e-08 -2.086e-05  1.189e-06  9.438e-06 -2.116e-06  4.658e-06 
  3.008e-08  5.794e-08  4.414e-07 -1.996e-08  1.016e-06 -1.445e-07  7.210e-07 
 -2.086e-05  4.414e-07  1.530e+00 -2.335e-02 -8.520e-02  2.055e-02  7.726e-02 
  1.189e-06 -1.996e-08 -2.335e-02  4.229e-04  1.301e-03 -3.299e-04 -1.171e-03 
  9.438e-06  1.016e-06 -8.520e-02  1.301e-03  5.028e-03 -1.185e-03 -4.142e-03 
 -2.116e-06 -1.445e-07  2.055e-02 -3.299e-04 -1.185e-03  3.301e-04  1.014e-03 
  4.658e-06  7.210e-07  7.726e-02 -1.171e-03 -4.142e-03  1.014e-03  4.050e-03 
ERR MATRIX NOT POS-DEF
 PARAMETER  CORRELATION COEFFICIENTS  
       NO.  GLOBAL     10     11     20     21     22     23     24
       10  0.91432   1.000  0.219 -0.030  0.101  0.233 -0.204  0.128
       11  0.26658   0.219  1.000  0.001 -0.004  0.060 -0.033  0.047
       20  0.99783  -0.030  0.001  1.000 -0.918 -0.972  0.914  0.982
       21  0.93219   0.101 -0.004 -0.918  1.000  0.892 -0.883 -0.895
       22  0.99404   0.233  0.060 -0.972  0.892  1.000 -0.920 -0.918
       23  0.93659  -0.204 -0.033  0.914 -0.883 -0.920  1.000  0.877
       24  0.99473   0.128  0.047  0.982 -0.895 -0.918  0.877  1.000
 ERR MATRIX NOT POS-DEF
MINUIT - FIT ONLY 2-y
 **********
 **   67 **RES 
 **********
                   PARAMETER   16  beta_vw RESTORED TO VARIABLE.
                   PARAMETER   14  alpha_vw RESTORED TO VARIABLE.
                   PARAMETER   13  beta_y RESTORED TO VARIABLE.
                   PARAMETER    9  alpha_2CBO RESTORED TO VARIABLE.
                   PARAMETER    8  beta_CBO RESTORED TO VARIABLE.
                   PARAMETER    6  alpha_CBO RESTORED TO VARIABLE.
                   PARAMETER    4  phi RESTORED TO VARIABLE.
                   PARAMETER    3  A0 RESTORED TO VARIABLE.
                   PARAMETER    1  N0 RESTORED TO VARIABLE.
 **********
 **   68 **FIX            0
 **********
 PARAMETER    0  IS UNDEFINED. IGNORED.
 **********
 **   69 **FIX            1
 **********
 **********
 **   70 **FIX            2
 **********
 PARAMETER    2  IS CONSTANT.   IGNORED.
 **********
 **   71 **FIX            3
 **********
 **********
 **   72 **FIX            4
 **********
 **********
 **   73 **FIX            5
 **********
 PARAMETER    5  IS CONSTANT.   IGNORED.
 **********
 **   74 **FIX            6
 **********
 **********
 **   75 **FIX            7
 **********
 PARAMETER    7  IS CONSTANT.   IGNORED.
 **********
 **   76 **FIX            8
 **********
 **********
 **   77 **FIX            9
 **********
 **********
 **   78 **FIX           10
 **********
 **********
 **   79 **FIX           11
 **********
 **********
 **   80 **FIX           12
 **********
 PARAMETER   12  IS CONSTANT.   IGNORED.
 **********
 **   81 **FIX           16
 **********
 **********
 **   82 **MIGRAD
 **********
 START MIGRAD MINIMIZATION.  STRATEGY  1.  CONVERGENCE WHEN EDM .LT. 1.00e-04
 FCN=7.72497 FROM MIGRAD    STATUS=INITIATE       16 CALLS        3800 TOTAL
                     EDM= unknown      STRATEGY= 1      NO ERROR MATRIX       
  EXT PARAMETER               CURRENT GUESS       STEP         FIRST   
  NO.   NAME      VALUE            ERROR          SIZE      DERIVATIVE 
   1  N0           3.20448e+06     fixed    
   2  tau          6.43743e+01   constant   
   3  A0           3.69997e-01     fixed    
   4  phi          4.05682e+00     fixed    
   5  R           -6.00908e+01   constant   
   6  alpha_CBO   -7.34371e-03     fixed    
   7  w_CBO        2.32500e+00   constant   
   8  beta_CBO    -4.82973e-02     fixed    
   9  alpha_2CBO  -1.88400e-02     fixed    
  10  beta_2CBO    1.19220e-03     fixed    
  11  alpha_y      4.17833e-04     fixed    
  12  w_y          1.44500e+01   constant   
  13  beta_y       1.12610e-04   2.51454e-04   2.51454e-04  -1.34848e+02
  14  alpha_vw     0.00000e+00   1.00000e-03   1.00000e-03   5.22519e+03
  15  w_vw         1.29000e+01   constant   
  16  beta_vw      0.00000e+00     fixed    
  17  LM          -9.88464e-04   constant   
  18  zeta_y       0.00000e+00   constant   
  19  zeta_vw      0.00000e+00   constant   
  20  T_CBO        3.66470e+01   1.23677e+00   6.26526e-07   3.84497e-01
  21  alpha_A0     2.49613e-01   2.05644e-02   1.07497e-05  -2.87427e-03
  22  beta_A0      8.96322e-01   7.09060e-02   1.11658e-05  -1.54923e-02
  23  alpha_phi   -2.18062e-01   1.81677e-02   9.19349e-06  -1.10746e-03
  24  beta_phi    -8.22078e-01   6.36415e-02   9.41890e-06   1.83050e-02
 MIGRAD MINIMIZATION HAS CONVERGED.
 MIGRAD WILL VERIFY CONVERGENCE AND ERROR MATRIX.
 FCN=7.29004 FROM MIGRAD    STATUS=CONVERGED     129 CALLS        3913 TOTAL
                     EDM=5.77238e-05    STRATEGY= 1      ERR MATRIX NOT POS-DEF
  EXT PARAMETER                APPROXIMATE        STEP         FIRST   
  NO.   NAME      VALUE            ERROR          SIZE      DERIVATIVE 
   1  N0           3.20448e+06     fixed    
   2  tau          6.43743e+01   constant   
   3  A0           3.69997e-01     fixed    
   4  phi          4.05682e+00     fixed    
   5  R           -6.00908e+01   constant   
   6  alpha_CBO   -7.34371e-03     fixed    
   7  w_CBO        2.32500e+00   constant   
   8  beta_CBO    -4.82973e-02     fixed    
   9  alpha_2CBO  -1.88400e-02     fixed    
  10  beta_2CBO    1.19220e-03     fixed    
  11  alpha_y      4.17833e-04     fixed    
  12  w_y          1.44500e+01   constant   
  13  beta_y       1.22108e-04   2.48321e-04   3.48802e-07  -3.65105e+00
  14  alpha_vw    -1.66233e-04   2.51820e-04   3.49057e-07  -1.76827e-01
  15  w_vw         1.29000e+01   constant   
