 + ++++++++++++++++++++++++++++++++++++++++++++++++++++++++++++++++++++ +
 +                                                                      +
 +           You have chose to blind your fitting according to          +
 +                omega_ref * (1 + (R +/- deltaR) *10^{-6})             +
 +                                                                      +
 + ++++++++++++++++++++++++++++++++++++++++++++++++++++++++++++++++++++ +
In main()...
reading format from /gm2data/zkhechad/run45/envelope/formats/formatB_sBin_constraintOn.txt
pBinTau 	= 0  
pBinPhi 	= 0  
constraintau 	= 1 
includeMopTerm 	= 0    
constrainMop    = 0   
Parameters after format file: pBinTau 0 pBinPhi 0 constraintau 1 includeMopTerm 0 constrainMop 0 c_e_scale 0.000000 
Opening file /gm2data/tbarrett/gm2fr/studies/run23_bunch_corrections/CorrectedFourier_Run3b.root.
reading full fit data from /gm2data/zkhechad/cboTemplates/Run4CBOTemplates/templateFits0_v2.0/noRF/sBin_constraintOn_cE0.0_seed0_noRF_calo21.root
windowBins = 69
fitting sliding window 1278 from bin 1414 at 210.819600 to bin 1483 at 221.263600 (69 bins)

Reading data from /gm2data/cornell/histograms/aMethod/histogram_a_noRF.root
 **********
 **    1 **SET PRINTOUT            1
 **********
 **********
 **    2 **SET NOWARNINGS 
 **********
 PARAMETER DEFINITIONS:
    NO.   NAME         VALUE      STEP SIZE      LIMITS
     1 N0           2.83546e+06  1.00000e+02     no limits
     2 tau          6.43976e+01  constant
     3 A0           3.54104e-01  1.00000e-04     no limits
     4 phi          4.11635e+00  1.00000e-02     no limits
     5 R           -5.94693e+01  constant
     6 alpha_CBO    0.00000e+00  1.00000e-03     no limits
     7 w_CBO        2.32500e+00  constant
     8 beta_CBO     0.00000e+00  1.00000e-03     no limits
     9 alpha_2CBO   0.00000e+00  1.00000e-03     no limits
    10 beta_2CBO    0.00000e+00  1.00000e-03     no limits
    11 alpha_y      0.00000e+00  1.00000e-03     no limits
    12 w_y          1.44500e+01  constant
    13 beta_y       0.00000e+00  1.00000e-03     no limits
    14 alpha_vw     0.00000e+00  1.00000e-03     no limits
    15 w_vw         1.29000e+01  constant
    16 beta_vw      0.00000e+00  1.00000e-03     no limits
    17 LM          -2.20020e-04  constant
    18 zeta_y       0.00000e+00  constant
    19 zeta_vw      0.00000e+00  constant
    20 T_CBO        1.00000e+02  1.00000e+00    0.00000e+00  1.00000e+03
    21 alpha_A0     0.00000e+00  1.00000e-03     no limits
    22 beta_A0      0.00000e+00  1.00000e-03     no limits
    23 alpha_phi    0.00000e+00  1.00000e-03     no limits
    24 beta_phi     0.00000e+00  1.00000e-03     no limits
MINUIT - FIT ONLY WIGGLE
 **********
 **    3 **FIX            5
 **********
 PARAMETER    5  IS CONSTANT.   IGNORED.
 **********
 **    4 **FIX            6
 **********
 **********
 **    5 **FIX            7
 **********
 PARAMETER    7  IS CONSTANT.   IGNORED.
 **********
 **    6 **FIX            8
 **********
 **********
 **    7 **FIX            9
 **********
 **********
 **    8 **FIX           10
 **********
 **********
 **    9 **FIX           11
 **********
 **********
 **   10 **FIX           12
 **********
 PARAMETER   12  IS CONSTANT.   IGNORED.
 **********
 **   11 **FIX           13
 **********
 **********
 **   12 **FIX           14
 **********
 **********
 **   13 **FIX           15
 **********
 PARAMETER   15  IS CONSTANT.   IGNORED.
 **********
 **   14 **FIX           16
 **********
 **********
 **   15 **MIGRAD
 **********
 FIRST CALL TO USER FUNCTION AT NEW START POINT, WITH IFLAG=4.
 START MIGRAD MINIMIZATION.  STRATEGY  1.  CONVERGENCE WHEN EDM .LT. 1.00e-04
 FCN=217.155 FROM MIGRAD    STATUS=INITIATE      437 CALLS         438 TOTAL
                     EDM= unknown      STRATEGY= 1      NO ERROR MATRIX       
  EXT PARAMETER               CURRENT GUESS       STEP         FIRST   
  NO.   NAME      VALUE            ERROR          SIZE      DERIVATIVE 
   1  N0           2.83546e+06   1.00000e+02   0.00000e+00  -3.71134e-03
   2  tau          6.43976e+01   constant   
   3  A0           3.54104e-01   1.00000e-04   0.00000e+00   7.49002e+02
   4  phi          4.11635e+00   1.00000e-02   0.00000e+00   6.50519e+03
   5  R           -5.94693e+01   constant   
   6  alpha_CBO    0.00000e+00     fixed    
   7  w_CBO        2.32500e+00   constant   
   8  beta_CBO     0.00000e+00     fixed    
   9  alpha_2CBO   0.00000e+00     fixed    
  10  beta_2CBO    0.00000e+00     fixed    
  11  alpha_y      0.00000e+00     fixed    
  12  w_y          1.44500e+01   constant   
  13  beta_y       0.00000e+00     fixed    
  14  alpha_vw     0.00000e+00     fixed    
  15  w_vw         1.29000e+01   constant   
  16  beta_vw      0.00000e+00     fixed    
  17  LM          -2.20020e-04   constant   
  18  zeta_y       0.00000e+00   constant   
  19  zeta_vw      0.00000e+00   constant   
  20  T_CBO        1.00000e+02   1.00000e+00   0.00000e+00   0.00000e+00
  21  alpha_A0     0.00000e+00   1.00000e-03   0.00000e+00   4.55491e+01
  22  beta_A0      0.00000e+00   1.00000e-03   0.00000e+00   1.27087e+02
  23  alpha_phi    0.00000e+00   1.00000e-03   0.00000e+00  -2.53070e+02
  24  beta_phi     0.00000e+00   1.00000e-03   0.00000e+00   6.91355e+01
 MIGRAD MINIMIZATION HAS CONVERGED.
 FCN=206.539 FROM MIGRAD    STATUS=CONVERGED    1078 CALLS        1079 TOTAL
                     EDM=7.73141e-06    STRATEGY= 1  ERROR MATRIX UNCERTAINTY   1.5 per cent
  EXT PARAMETER                                   STEP         FIRST   
  NO.   NAME      VALUE            ERROR          SIZE      DERIVATIVE 
   1  N0           2.83604e+06   6.50502e+02   8.14031e-01  -2.58275e-06
   2  tau          6.43976e+01   constant   
   3  A0           3.54077e-01   3.04723e-04   1.98848e-07  -9.30996e-01
   4  phi          4.11412e+00   8.85112e-04  -1.32491e-06   9.63620e-01
   5  R           -5.94693e+01   constant   
   6  alpha_CBO    0.00000e+00     fixed    
   7  w_CBO        2.32500e+00   constant   
   8  beta_CBO     0.00000e+00     fixed    
   9  alpha_2CBO   0.00000e+00     fixed    
  10  beta_2CBO    0.00000e+00     fixed    
  11  alpha_y      0.00000e+00     fixed    
  12  w_y          1.44500e+01   constant   
  13  beta_y       0.00000e+00     fixed    
  14  alpha_vw     0.00000e+00     fixed    
  15  w_vw         1.29000e+01   constant   
  16  beta_vw      0.00000e+00     fixed    
  17  LM          -2.20020e-04   constant   
  18  zeta_y       0.00000e+00   constant   
  19  zeta_vw      0.00000e+00   constant   
  20  T_CBO        9.99778e+02   9.93979e+02   1.92815e-02  -2.33706e-04
  21  alpha_A0    -2.70962e-04   1.73527e-03  -9.22464e-07  -7.46685e-01
  22  beta_A0     -8.33416e-04   1.54904e-03  -5.56317e-07   5.67212e-01
  23  alpha_phi    1.95291e-03   1.63585e-03   6.18027e-06   1.14546e+00
  24  beta_phi    -3.72631e-04   2.00955e-03   2.24295e-06   3.15531e-01
 EXTERNAL ERROR MATRIX.    NDIM=  25    NPAR=  8    ERR DEF=1
  4.232e+05  3.431e-03  6.827e-02  9.046e+03 -1.484e-01  2.026e-01  1.131e-01  2.647e-01 
  3.431e-03  9.286e-08  2.729e-09  1.746e-03  3.771e-08 -8.415e-09  4.060e-09 -9.290e-08 
  6.827e-02  2.729e-09  7.834e-07 -1.691e-02 -1.319e-07  1.553e-08  2.308e-07 -1.492e-08 
  9.046e+03  1.746e-03 -1.691e-02  5.312e+04  1.879e-02  6.252e-02 -7.042e-02  1.057e-01 
 -1.484e-01  3.771e-08 -1.319e-07  1.879e-02  3.011e-06 -1.841e-07 -2.513e-07  2.008e-07 
  2.026e-01 -8.415e-09  1.553e-08  6.252e-02 -1.841e-07  2.400e-06 -3.455e-07  6.473e-07 
  1.131e-01  4.060e-09  2.308e-07 -7.042e-02 -2.513e-07 -3.455e-07  2.676e-06 -5.716e-07 
  2.647e-01 -9.290e-08 -1.492e-08  1.057e-01  2.008e-07  6.473e-07 -5.716e-07  4.038e-06 
 PARAMETER  CORRELATION COEFFICIENTS  
       NO.  GLOBAL      1      3      4     20     21     22     23     24
        1  0.34353   1.000  0.017  0.119  0.060 -0.131  0.201  0.106  0.202
        3  0.19201   0.017  1.000  0.010  0.025  0.071 -0.018  0.008 -0.152
        4  0.20902   0.119  0.010  1.000 -0.083 -0.086  0.011  0.159 -0.008
       20  0.30943   0.060  0.025 -0.083  1.000  0.047  0.175 -0.187  0.228
       21  0.21103  -0.131  0.071 -0.086  0.047  1.000 -0.069 -0.089  0.058
       22  0.32047   0.201 -0.018  0.011  0.175 -0.069  1.000 -0.136  0.208
       23  0.32540   0.106  0.008  0.159 -0.187 -0.089 -0.136  1.000 -0.174
       24  0.39658   0.202 -0.152 -0.008  0.228  0.058  0.208 -0.174  1.000
MINUIT - FIT ONLY 1-CBO + wiggle
 **********
 **   16 **RES 
 **********
                   PARAMETER   16  beta_vw RESTORED TO VARIABLE.
                   PARAMETER   14  alpha_vw RESTORED TO VARIABLE.
                   PARAMETER   13  beta_y RESTORED TO VARIABLE.
                   PARAMETER   11  alpha_y RESTORED TO VARIABLE.
                   PARAMETER   10  beta_2CBO RESTORED TO VARIABLE.
                   PARAMETER    9  alpha_2CBO RESTORED TO VARIABLE.
                   PARAMETER    8  beta_CBO RESTORED TO VARIABLE.
                   PARAMETER    6  alpha_CBO RESTORED TO VARIABLE.
 **********
 **   17 **FIX            8
 **********
 **********
 **   18 **FIX            9
 **********
 **********
 **   19 **FIX           11
 **********
 **********
 **   20 **FIX           12
 **********
 PARAMETER   12  IS CONSTANT.   IGNORED.
 **********
 **   21 **FIX           14
 **********
 **********
 **   22 **FIX           15
 **********
 PARAMETER   15  IS CONSTANT.   IGNORED.
 **********
 **   23 **FIX           16
 **********
 **********
 **   24 **MIGRAD
 **********
 START MIGRAD MINIMIZATION.  STRATEGY  1.  CONVERGENCE WHEN EDM .LT. 1.00e-04
 FCN=206.539 FROM MIGRAD    STATUS=INITIATE       28 CALLS        1107 TOTAL
                     EDM= unknown      STRATEGY= 1      NO ERROR MATRIX       
  EXT PARAMETER               CURRENT GUESS       STEP         FIRST   
  NO.   NAME      VALUE            ERROR          SIZE      DERIVATIVE 
   1  N0           2.83604e+06   6.50502e+02   8.14031e-01  -2.58275e-06
   2  tau          6.43976e+01   constant   
   3  A0           3.54077e-01   3.04723e-04   1.98848e-07  -9.30996e-01
   4  phi          4.11412e+00   8.85112e-04  -1.32491e-06   9.63620e-01
   5  R           -5.94693e+01   constant   
   6  alpha_CBO    0.00000e+00   1.00000e-03   1.00000e-03   6.00479e+04
   7  w_CBO        2.32500e+00   constant   
   8  beta_CBO     0.00000e+00     fixed    
   9  alpha_2CBO   0.00000e+00     fixed    
  10  beta_2CBO    0.00000e+00   1.00000e-03   1.00000e-03   6.19718e+03
  11  alpha_y      0.00000e+00     fixed    
  12  w_y          1.44500e+01   constant   
  13  beta_y       0.00000e+00   1.00000e-03   1.00000e-03   2.48638e+03
  14  alpha_vw     0.00000e+00     fixed    
  15  w_vw         1.29000e+01   constant   
  16  beta_vw      0.00000e+00     fixed    
  17  LM          -2.20020e-04   constant   
  18  zeta_y       0.00000e+00   constant   
  19  zeta_vw      0.00000e+00   constant   
  20  T_CBO        9.99778e+02   9.93979e+02   1.92815e-02  -2.35008e-04
  21  alpha_A0    -2.70962e-04   1.73527e-03  -9.22464e-07  -7.46692e-01
  22  beta_A0     -8.33416e-04   1.54904e-03  -5.56317e-07   5.67217e-01
  23  alpha_phi    1.95291e-03   1.63585e-03   6.18027e-06   1.14546e+00
  24  beta_phi    -3.72631e-04   2.00955e-03   2.24295e-06   3.15531e-01
 MIGRAD MINIMIZATION HAS CONVERGED.
 MIGRAD WILL VERIFY CONVERGENCE AND ERROR MATRIX.
 COVARIANCE MATRIX CALCULATED SUCCESSFULLY
 FCN=105.888 FROM MIGRAD    STATUS=CONVERGED     277 CALLS        1356 TOTAL
                     EDM=9.65514e-07    STRATEGY= 1      ERROR MATRIX ACCURATE 
  EXT PARAMETER                                   STEP         FIRST   
  NO.   NAME      VALUE            ERROR          SIZE      DERIVATIVE 
   1  N0           2.83571e+06   6.81337e+02   3.19011e+00   5.32747e-07
   2  tau          6.43976e+01   constant   
   3  A0           3.53461e-01   3.22652e-04   1.55200e-06   5.32789e-01
   4  phi          4.11491e+00   8.95873e-04   4.40210e-06   2.66437e-01
   5  R           -5.94693e+01   constant   
   6  alpha_CBO   -3.32464e-03   3.33446e-04   1.61967e-06   3.77498e-01
   7  w_CBO        2.32500e+00   constant   
   8  beta_CBO     0.00000e+00     fixed    
   9  alpha_2CBO   0.00000e+00     fixed    
  10  beta_2CBO   -2.46972e-04   3.27985e-04   1.60868e-06  -6.97424e-01
  11  alpha_y      0.00000e+00     fixed    
  12  w_y          1.44500e+01   constant   
  13  beta_y      -6.83741e-05   3.18773e-04   1.60789e-06  -6.15569e-01
  14  alpha_vw     0.00000e+00     fixed    
  15  w_vw         1.29000e+01   constant   
  16  beta_vw      0.00000e+00     fixed    
  17  LM          -2.20020e-04   constant   
  18  zeta_y       0.00000e+00   constant   
  19  zeta_vw      0.00000e+00   constant   
  20  T_CBO        1.00000e+03   9.53947e+02   9.94241e-02** at limit **
  21  alpha_A0    -3.19983e-03   1.69701e-03   7.94405e-06  -3.66895e-02
  22  beta_A0     -1.19624e-03   1.54007e-03   7.52142e-06   8.70610e-02
  23  alpha_phi    1.50329e-03   1.54901e-03   7.53427e-06  -8.35114e-01
  24  beta_phi     7.27710e-05   1.64522e-03   7.89475e-06  -8.60034e-02
 EXTERNAL ERROR MATRIX.    NDIM=  25    NPAR= 11    ERR DEF=1
  4.642e+05 
 -9.737e-03  1.041e-07 
  1.002e-01 -2.354e-09  8.026e-07 
  1.255e-02  2.058e-08 -2.767e-08  1.112e-07 
 -7.954e-03  4.730e-11  1.629e-08 -2.967e-09  1.076e-07 
 -3.906e-03 -1.456e-09  1.972e-09 -2.125e-09  1.857e-09  1.016e-07 
 -5.791e-01  2.460e-07  2.985e-06 -3.043e-08  1.509e-07  2.305e-08  4.042e+00 
 -1.570e-01  8.307e-08 -1.028e-07  8.991e-08  7.368e-08  5.243e-09 -7.728e-04  2.880e-06 
  1.968e-01 -1.825e-08  1.773e-08  1.663e-08 -4.181e-08 -1.188e-09 -2.946e-04 -2.102e-07  2.372e-06 
  1.808e-01  1.718e-08  1.808e-07  9.819e-09  5.401e-08 -7.304e-10  3.625e-04 -1.173e-07 -1.305e-07  2.399e-06 
  2.042e-01 -1.133e-07  4.369e-08 -2.102e-08  5.546e-08  1.027e-08  2.093e-05 -3.229e-07  2.164e-07  9.004e-08  2.707e-06 
 PARAMETER  CORRELATION COEFFICIENTS  
       NO.  GLOBAL      1      3      4      6     10     13     20     21     22     23     24
        1  0.35972   1.000 -0.044  0.164  0.055 -0.036 -0.018 -0.000 -0.136  0.188  0.171  0.182
        3  0.30345  -0.044  1.000 -0.008  0.191  0.000 -0.014  0.000  0.152 -0.037  0.034 -0.213
        4  0.22923   0.164 -0.008  1.000 -0.093  0.055  0.007  0.002 -0.068  0.013  0.130  0.030
        6  0.27233   0.055  0.191 -0.093  1.000 -0.027 -0.020 -0.000  0.159  0.032  0.019 -0.038
       10  0.23669  -0.036  0.000  0.055 -0.027  1.000  0.018  0.000  0.132 -0.083  0.106  0.103
       13  0.04065  -0.018 -0.014  0.007 -0.020  0.018  1.000  0.000  0.010 -0.002 -0.001  0.020
       20  0.27895  -0.000  0.000  0.002 -0.000  0.000  0.000  1.000 -0.227 -0.095  0.116  0.006
       21  0.37431  -0.136  0.152 -0.068  0.159  0.132  0.010 -0.227  1.000 -0.080 -0.045 -0.116
       22  0.25309   0.188 -0.037  0.013  0.032 -0.083 -0.002 -0.095 -0.080  1.000 -0.055  0.085
       23  0.26769   0.171  0.034  0.130  0.019  0.106 -0.001  0.116 -0.045 -0.055  1.000  0.035
       24  0.31054   0.182 -0.213  0.030 -0.038  0.103  0.020  0.006 -0.116  0.085  0.035  1.000
MINUIT - FIT ONLY 2-CBO
 **********
 **   25 **RES 
 **********
                   PARAMETER   16  beta_vw RESTORED TO VARIABLE.
                   PARAMETER   14  alpha_vw RESTORED TO VARIABLE.
                   PARAMETER   11  alpha_y RESTORED TO VARIABLE.
                   PARAMETER    9  alpha_2CBO RESTORED TO VARIABLE.
                   PARAMETER    8  beta_CBO RESTORED TO VARIABLE.
 **********
 **   26 **FIX            0
 **********
 PARAMETER    0  IS UNDEFINED. IGNORED.
 **********
 **   27 **FIX            1
 **********
 **********
 **   28 **FIX            2
 **********
 PARAMETER    2  IS CONSTANT.   IGNORED.
 **********
 **   29 **FIX            3
 **********
 **********
 **   30 **FIX            4
 **********
 **********
 **   31 **FIX            5
 **********
 PARAMETER    5  IS CONSTANT.   IGNORED.
 **********
 **   32 **FIX            6
 **********
 **********
 **   33 **FIX            7
 **********
 PARAMETER    7  IS CONSTANT.   IGNORED.
 **********
 **   34 **FIX           10
 **********
 **********
 **   35 **FIX           11
 **********
 **********
 **   36 **FIX           12
 **********
 PARAMETER   12  IS CONSTANT.   IGNORED.
 **********
 **   37 **FIX           13
 **********
 **********
 **   38 **FIX           14
 **********
 **********
 **   39 **FIX           15
 **********
 PARAMETER   15  IS CONSTANT.   IGNORED.
 **********
 **   40 **FIX           16
 **********
 **********
 **   41 **MIGRAD
 **********
 START MIGRAD MINIMIZATION.  STRATEGY  1.  CONVERGENCE WHEN EDM .LT. 1.00e-04
 FCN=105.888 FROM MIGRAD    STATUS=INITIATE       18 CALLS        1374 TOTAL
                     EDM= unknown      STRATEGY= 1      NO ERROR MATRIX       
  EXT PARAMETER               CURRENT GUESS       STEP         FIRST   
  NO.   NAME      VALUE            ERROR          SIZE      DERIVATIVE 
   1  N0           2.83571e+06     fixed    
   2  tau          6.43976e+01   constant   
   3  A0           3.53461e-01     fixed    
   4  phi          4.11491e+00     fixed    
   5  R           -5.94693e+01   constant   
   6  alpha_CBO   -3.32464e-03     fixed    
   7  w_CBO        2.32500e+00   constant   
   8  beta_CBO     0.00000e+00   1.00000e-03   1.00000e-03  -4.30332e+04
   9  alpha_2CBO   0.00000e+00   1.00000e-03   1.00000e-03  -1.85801e+03
  10  beta_2CBO   -2.46972e-04     fixed    
  11  alpha_y      0.00000e+00     fixed    
  12  w_y          1.44500e+01   constant   
  13  beta_y      -6.83741e-05     fixed    
  14  alpha_vw     0.00000e+00     fixed    
  15  w_vw         1.29000e+01   constant   
  16  beta_vw      0.00000e+00     fixed    
  17  LM          -2.20020e-04   constant   
  18  zeta_y       0.00000e+00   constant   
  19  zeta_vw      0.00000e+00   constant   
  20  T_CBO        9.99999e+02   9.53947e+02   9.94241e-02  -7.83586e-06
  21  alpha_A0    -3.19983e-03   1.69701e-03   7.94405e-06  -3.61566e-02
  22  beta_A0     -1.19624e-03   1.54007e-03   7.52142e-06   8.73152e-02
  23  alpha_phi    1.50329e-03   1.54901e-03   7.53427e-06  -8.35359e-01
  24  beta_phi     7.27710e-05   1.64522e-03   7.89475e-06  -8.59864e-02
 MIGRAD MINIMIZATION HAS CONVERGED.
 MIGRAD WILL VERIFY CONVERGENCE AND ERROR MATRIX.
 COVARIANCE MATRIX CALCULATED SUCCESSFULLY
 FCN=59.3361 FROM MIGRAD    STATUS=CONVERGED     130 CALLS        1486 TOTAL
                     EDM=4.11283e-06    STRATEGY= 1      ERROR MATRIX ACCURATE 
  EXT PARAMETER                                   STEP         FIRST   
  NO.   NAME      VALUE            ERROR          SIZE      DERIVATIVE 
   1  N0           2.83571e+06     fixed    
   2  tau          6.43976e+01   constant   
   3  A0           3.53461e-01     fixed    
   4  phi          4.11491e+00     fixed    
   5  R           -5.94693e+01   constant   
   6  alpha_CBO   -3.32464e-03     fixed    
   7  w_CBO        2.32500e+00   constant   
   8  beta_CBO     2.16267e-03   3.17284e-04   1.18907e-06  -3.22088e-01
   9  alpha_2CBO   2.03315e-05   3.22569e-04   1.19691e-06   4.43531e+00
  10  beta_2CBO   -2.46972e-04     fixed    
  11  alpha_y      0.00000e+00     fixed    
  12  w_y          1.44500e+01   constant   
  13  beta_y      -6.83741e-05     fixed    
  14  alpha_vw     0.00000e+00     fixed    
  15  w_vw         1.29000e+01   constant   
  16  beta_vw      0.00000e+00     fixed    
  17  LM          -2.20020e-04   constant   
  18  zeta_y       0.00000e+00   constant   
  19  zeta_vw      0.00000e+00   constant   
  20  T_CBO        1.00000e+03   8.76562e+02   7.63983e-02** at limit **
  21  alpha_A0    -2.86113e-03   1.59783e-03   5.96670e-06   1.04284e+00
  22  beta_A0      2.17913e-04   1.52420e-03   5.64712e-06   1.50613e-01
  23  alpha_phi    1.44137e-03   1.51054e-03   5.65964e-06  -1.27037e+00
  24  beta_phi    -3.35273e-04   1.58208e-03   5.92917e-06  -2.90626e-01
 EXTERNAL ERROR MATRIX.    NDIM=  25    NPAR=  7    ERR DEF=1
  1.007e-07 -3.566e-09 -1.651e-07  1.688e-08  6.831e-08 -5.381e-09 -1.616e-08 
 -3.566e-09  1.041e-07 -1.636e-07 -3.036e-08 -5.795e-08  5.948e-08 -5.716e-08 
 -1.651e-07 -1.636e-07  3.855e+01 -1.194e-03  8.304e-05  6.018e-04 -1.406e-04 
  1.688e-08 -3.036e-08 -1.194e-03  2.553e-06 -1.516e-07 -6.741e-08 -1.865e-07 
  6.831e-08 -5.795e-08  8.304e-05 -1.516e-07  2.323e-06 -1.895e-07  1.612e-07 
 -5.381e-09  5.948e-08  6.018e-04 -6.741e-08 -1.895e-07  2.282e-06 -3.294e-08 
 -1.616e-08 -5.716e-08 -1.406e-04 -1.865e-07  1.612e-07 -3.294e-08  2.503e-06 
 PARAMETER  CORRELATION COEFFICIENTS  
       NO.  GLOBAL      8      9     20     21     22     23     24
        8  0.15381   1.000 -0.035 -0.000  0.033  0.141 -0.011 -0.032
        9  0.20709  -0.035  1.000 -0.000 -0.059 -0.118  0.122 -0.112
       20  0.13791  -0.000 -0.000  1.000 -0.120  0.009  0.064 -0.014
       21  0.17502   0.033 -0.059 -0.120  1.000 -0.062 -0.028 -0.074
       22  0.21393   0.141 -0.118  0.009 -0.062  1.000 -0.082  0.067
       23  0.15532  -0.011  0.122  0.064 -0.028 -0.082  1.000 -0.014
       24  0.15375  -0.032 -0.112 -0.014 -0.074  0.067 -0.014  1.000
MINUIT - FIT wiggle + 1-CBO + 2-CBO
 **********
 **   42 **RES 
 **********
                   PARAMETER   16  beta_vw RESTORED TO VARIABLE.
                   PARAMETER   14  alpha_vw RESTORED TO VARIABLE.
                   PARAMETER   13  beta_y RESTORED TO VARIABLE.
                   PARAMETER   11  alpha_y RESTORED TO VARIABLE.
                   PARAMETER   10  beta_2CBO RESTORED TO VARIABLE.
                   PARAMETER    6  alpha_CBO RESTORED TO VARIABLE.
                   PARAMETER    4  phi RESTORED TO VARIABLE.
                   PARAMETER    3  A0 RESTORED TO VARIABLE.
                   PARAMETER    1  N0 RESTORED TO VARIABLE.
 **********
 **   43 **FIX           10
 **********
 **********
 **   44 **FIX           11
 **********
 **********
 **   45 **FIX           12
 **********
 PARAMETER   12  IS CONSTANT.   IGNORED.
 **********
 **   46 **FIX           13
 **********
 **********
 **   47 **FIX           14
 **********
 **********
 **   48 **FIX           15
 **********
 PARAMETER   15  IS CONSTANT.   IGNORED.
 **********
 **   49 **FIX           16
 **********
 **********
 **   50 **MIGRAD
 **********
 START MIGRAD MINIMIZATION.  STRATEGY  1.  CONVERGENCE WHEN EDM .LT. 1.00e-04
 FCN=59.3361 FROM MIGRAD    STATUS=INITIATE       22 CALLS        1508 TOTAL
                     EDM= unknown      STRATEGY= 1      NO ERROR MATRIX       
  EXT PARAMETER               CURRENT GUESS       STEP         FIRST   
  NO.   NAME      VALUE            ERROR          SIZE      DERIVATIVE 
   1  N0           2.83571e+06   6.81337e+02   6.81337e+02  -3.32687e-05
   2  tau          6.43976e+01   constant   
   3  A0           3.53461e-01   3.22652e-04   3.22652e-04  -7.17333e+03
   4  phi          4.11491e+00   8.95873e-04   8.95873e-04  -2.68737e+03
   5  R           -5.94693e+01   constant   
   6  alpha_CBO   -3.32464e-03   3.33446e-04   3.33446e-04   1.04736e+03
   7  w_CBO        2.32500e+00   constant   
   8  beta_CBO     2.16267e-03   3.17284e-04   1.18907e-06  -3.22088e-01
   9  alpha_2CBO   2.03315e-05   3.22569e-04   1.19691e-06   4.43531e+00
  10  beta_2CBO   -2.46972e-04     fixed    
  11  alpha_y      0.00000e+00     fixed    
  12  w_y          1.44500e+01   constant   
  13  beta_y      -6.83741e-05     fixed    
  14  alpha_vw     0.00000e+00     fixed    
  15  w_vw         1.29000e+01   constant   
  16  beta_vw      0.00000e+00     fixed    
  17  LM          -2.20020e-04   constant   
  18  zeta_y       0.00000e+00   constant   
  19  zeta_vw      0.00000e+00   constant   
  20  T_CBO        1.00000e+03   8.76562e+02   7.63983e-02** at limit **
  21  alpha_A0    -2.86113e-03   1.59783e-03   5.96670e-06   1.04283e+00
  22  beta_A0      2.17913e-04   1.52420e-03   5.64712e-06   1.50659e-01
  23  alpha_phi    1.44137e-03   1.51054e-03   5.65964e-06  -1.27037e+00
  24  beta_phi    -3.35273e-04   1.58208e-03   5.92917e-06  -2.90626e-01
 MIGRAD MINIMIZATION HAS CONVERGED.
 MIGRAD WILL VERIFY CONVERGENCE AND ERROR MATRIX.
 COVARIANCE MATRIX CALCULATED SUCCESSFULLY
 FCN=56.3989 FROM MIGRAD    STATUS=CONVERGED     243 CALLS        1729 TOTAL
                     EDM=2.12815e-06    STRATEGY= 1      ERROR MATRIX ACCURATE 
  EXT PARAMETER                                   STEP         FIRST   
  NO.   NAME      VALUE            ERROR          SIZE      DERIVATIVE 
   1  N0           2.83582e+06   6.81202e+02   2.33781e+00   5.91245e-07
   2  tau          6.43976e+01   constant   
   3  A0           3.53845e-01   3.28119e-04   1.13707e-06  -2.10649e+00
   4  phi          4.11606e+00   9.08170e-04   3.22210e-06   9.90280e-01
   5  R           -5.94693e+01   constant   
   6  alpha_CBO   -3.34492e-03   3.33919e-04   1.18693e-06   3.01840e+00
   7  w_CBO        2.32500e+00   constant   
   8  beta_CBO     2.29778e-03   3.26921e-04   1.15975e-06  -1.20188e+00
   9  alpha_2CBO   4.83263e-05   3.23946e-04   1.16741e-06  -1.73151e+00
  10  beta_2CBO   -2.46972e-04     fixed    
  11  alpha_y      0.00000e+00     fixed    
  12  w_y          1.44500e+01   constant   
  13  beta_y      -6.83741e-05     fixed    
  14  alpha_vw     0.00000e+00     fixed    
  15  w_vw         1.29000e+01   constant   
  16  beta_vw      0.00000e+00     fixed    
  17  LM          -2.20020e-04   constant   
  18  zeta_y       0.00000e+00   constant   
  19  zeta_vw      0.00000e+00   constant   
  20  T_CBO        1.00000e+03   7.78812e+02   1.20846e-01** at limit **
  21  alpha_A0    -2.74619e-03   1.74300e-03   5.81644e-06  -1.26349e-01
  22  beta_A0      2.47014e-04   1.55009e-03   5.50365e-06   2.57201e-01
  23  alpha_phi    1.76372e-03   1.58734e-03   5.51374e-06   4.64361e-01
  24  beta_phi    -7.47888e-04   1.65851e-03   5.77686e-06   3.04916e-01
 EXTERNAL ERROR MATRIX.    NDIM=  25    NPAR= 11    ERR DEF=1
  4.640e+05 
 -8.628e-03  1.077e-07 
  1.036e-01  6.717e-09  8.248e-07 
  1.255e-02  2.086e-08 -2.763e-08  1.115e-07 
  4.516e-03  1.755e-08  5.314e-08 -1.255e-09  1.069e-07 
  5.483e-03  7.776e-09  2.805e-09  6.774e-09 -2.298e-09  1.049e-07 
 -6.295e-02  1.640e-07  3.560e-07 -7.738e-09  3.307e-08 -5.688e-09  5.610e-02 
 -1.521e-01  8.460e-08 -1.046e-07  9.005e-08  2.199e-08 -2.271e-08 -1.404e-04  3.038e-06 
  1.931e-01 -1.112e-08  5.332e-08  1.106e-08  6.914e-08 -5.570e-08  1.182e-05 -2.423e-07  2.403e-06 
  1.880e-01  2.383e-08  1.791e-07  1.520e-08  9.179e-09  6.427e-08  9.044e-05 -3.238e-07 -9.293e-08  2.520e-06 
  2.041e-01 -1.254e-07  1.497e-08 -2.316e-08 -3.549e-08 -6.388e-08 -3.793e-05 -2.581e-07  2.432e-07 -4.372e-08  2.751e-06 
 PARAMETER  CORRELATION COEFFICIENTS  
       NO.  GLOBAL      1      3      4      6      8      9     20     21     22     23     24
        1  0.35915   1.000 -0.039  0.167  0.055  0.020  0.025 -0.000 -0.128  0.183  0.174  0.181
        3  0.34994  -0.039  1.000  0.023  0.190  0.164  0.073  0.002  0.148 -0.022  0.046 -0.231
        4  0.28318   0.167  0.023  1.000 -0.091  0.179  0.010  0.002 -0.066  0.038  0.124  0.010
        6  0.27702   0.055  0.190 -0.091  1.000 -0.011  0.063 -0.000  0.155  0.021  0.029 -0.042
        8  0.28354   0.020  0.164  0.179 -0.011  1.000 -0.022  0.000  0.039  0.136  0.018 -0.065
        9  0.22588   0.025  0.073  0.010  0.063 -0.022  1.000 -0.000 -0.040 -0.111  0.125 -0.119
       20  0.42603  -0.000  0.002  0.002 -0.000  0.000 -0.000  1.000 -0.340  0.032  0.241 -0.097
       21  0.43159  -0.128  0.148 -0.066  0.155  0.039 -0.040 -0.340  1.000 -0.090 -0.117 -0.089
       22  0.28076   0.183 -0.022  0.038  0.021  0.136 -0.111  0.032 -0.090  1.000 -0.038  0.095
       23  0.34398   0.174  0.046  0.124  0.029  0.018  0.125  0.241 -0.117 -0.038  1.000 -0.017
       24  0.33682   0.181 -0.231  0.010 -0.042 -0.065 -0.119 -0.097 -0.089  0.095 -0.017  1.000
MINUIT - FIT ONLY 1-y
 **********
 **   51 **RES 
 **********
                   PARAMETER   16  beta_vw RESTORED TO VARIABLE.
                   PARAMETER   14  alpha_vw RESTORED TO VARIABLE.
                   PARAMETER   13  beta_y RESTORED TO VARIABLE.
                   PARAMETER   11  alpha_y RESTORED TO VARIABLE.
                   PARAMETER   10  beta_2CBO RESTORED TO VARIABLE.
 **********
 **   52 **FIX            0
 **********
 PARAMETER    0  IS UNDEFINED. IGNORED.
 **********
 **   53 **FIX            1
 **********
 **********
 **   54 **FIX            2
 **********
 PARAMETER    2  IS CONSTANT.   IGNORED.
 **********
 **   55 **FIX            3
 **********
 **********
 **   56 **FIX            4
 **********
 **********
 **   57 **FIX            5
 **********
 PARAMETER    5  IS CONSTANT.   IGNORED.
 **********
 **   58 **FIX            6
 **********
 **********
 **   59 **FIX            7
 **********
 PARAMETER    7  IS CONSTANT.   IGNORED.
 **********
 **   60 **FIX            8
 **********
 **********
 **   61 **FIX            9
 **********
 **********
 **   62 **FIX           13
 **********
 **********
 **   63 **FIX           14
 **********
 **********
 **   64 **FIX           15
 **********
 PARAMETER   15  IS CONSTANT.   IGNORED.
 **********
 **   65 **FIX           16
 **********
 **********
 **   66 **MIGRAD
 **********
 START MIGRAD MINIMIZATION.  STRATEGY  1.  CONVERGENCE WHEN EDM .LT. 1.00e-04
 FCN=56.3989 FROM MIGRAD    STATUS=INITIATE       16 CALLS        1745 TOTAL
                     EDM= unknown      STRATEGY= 1      NO ERROR MATRIX       
  EXT PARAMETER               CURRENT GUESS       STEP         FIRST   
  NO.   NAME      VALUE            ERROR          SIZE      DERIVATIVE 
   1  N0           2.83582e+06     fixed    
   2  tau          6.43976e+01   constant   
   3  A0           3.53845e-01     fixed    
   4  phi          4.11606e+00     fixed    
   5  R           -5.94693e+01   constant   
   6  alpha_CBO   -3.34492e-03     fixed    
   7  w_CBO        2.32500e+00   constant   
   8  beta_CBO     2.29778e-03     fixed    
   9  alpha_2CBO   4.83263e-05     fixed    
  10  beta_2CBO   -2.46972e-04   3.27985e-04   3.27985e-04  -2.66956e+03
  11  alpha_y      0.00000e+00   1.00000e-03   1.00000e-03   2.84546e+03
  12  w_y          1.44500e+01   constant   
  13  beta_y      -6.83741e-05     fixed    
  14  alpha_vw     0.00000e+00     fixed    
  15  w_vw         1.29000e+01   constant   
  16  beta_vw      0.00000e+00     fixed    
  17  LM          -2.20020e-04   constant   
  18  zeta_y       0.00000e+00   constant   
  19  zeta_vw      0.00000e+00   constant   
  20  T_CBO        9.99999e+02   7.78812e+02   1.20846e-01  -3.81018e-06
  21  alpha_A0    -2.74619e-03   1.74300e-03   5.81644e-06  -1.25883e-01
  22  beta_A0      2.47014e-04   1.55009e-03   5.50365e-06   2.57189e-01
  23  alpha_phi    1.76372e-03   1.58734e-03   5.51374e-06   4.64040e-01
  24  beta_phi    -7.47888e-04   1.65851e-03   5.77686e-06   3.05081e-01
 MIGRAD MINIMIZATION HAS CONVERGED.
 MIGRAD WILL VERIFY CONVERGENCE AND ERROR MATRIX.
 COVARIANCE MATRIX CALCULATED SUCCESSFULLY
 FCN=56.0065 FROM MIGRAD    STATUS=CONVERGED     114 CALLS        1843 TOTAL
                     EDM=1.84097e-06    STRATEGY= 1      ERROR MATRIX ACCURATE 
  EXT PARAMETER                                   STEP         FIRST   
  NO.   NAME      VALUE            ERROR          SIZE      DERIVATIVE 
   1  N0           2.83582e+06     fixed    
   2  tau          6.43976e+01   constant   
   3  A0           3.53845e-01     fixed    
   4  phi          4.11606e+00     fixed    
   5  R           -5.94693e+01   constant   
   6  alpha_CBO   -3.34492e-03     fixed    
   7  w_CBO        2.32500e+00   constant   
   8  beta_CBO     2.29778e-03     fixed    
   9  alpha_2CBO   4.83263e-05     fixed    
  10  beta_2CBO   -1.04104e-04   3.27050e-04   1.17484e-06   1.36653e+00
  11  alpha_y     -1.41839e-04   3.15707e-04   1.16353e-06   3.10056e-01
  12  w_y          1.44500e+01   constant   
  13  beta_y      -6.83741e-05     fixed    
  14  alpha_vw     0.00000e+00     fixed    
  15  w_vw         1.29000e+01   constant   
  16  beta_vw      0.00000e+00     fixed    
  17  LM          -2.20020e-04   constant   
  18  zeta_y       0.00000e+00   constant   
  19  zeta_vw      0.00000e+00   constant   
  20  T_CBO        1.00000e+03   6.79653e+02   9.47170e-02** at limit **
  21  alpha_A0    -2.66068e-03   1.65775e-03   5.79643e-06  -5.72075e-01
  22  beta_A0      1.99348e-04   1.50247e-03   5.48476e-06   4.66794e-02
  23  alpha_phi    1.82307e-03   1.53384e-03   5.49491e-06  -5.00458e-01
  24  beta_phi    -6.67677e-04   1.58306e-03   5.75710e-06   8.84907e-01
 EXTERNAL ERROR MATRIX.    NDIM=  25    NPAR=  7    ERR DEF=1
  1.070e-07 -3.180e-11  4.913e-07  7.384e-08 -3.765e-08  5.406e-08  5.841e-08 
 -3.180e-11  9.967e-08 -1.101e-07  8.827e-09 -1.905e-09  8.248e-09 -1.041e-09 
  4.913e-07 -1.101e-07  4.386e+01 -2.919e-03  2.016e-04  2.003e-03 -7.203e-04 
  7.384e-08  8.827e-09 -2.919e-03  2.748e-06 -2.153e-07 -1.281e-07 -1.166e-07 
 -3.765e-08 -1.905e-09  2.016e-04 -2.153e-07  2.257e-06 -1.656e-07  1.149e-07 
  5.406e-08  8.248e-09  2.003e-03 -1.281e-07 -1.656e-07  2.353e-06 -2.531e-09 
  5.841e-08 -1.041e-09 -7.203e-04 -1.166e-07  1.149e-07 -2.531e-09  2.506e-06 
 PARAMETER  CORRELATION COEFFICIENTS  
       NO.  GLOBAL     10     11     20     21     22     23     24
       10  0.22486   1.000 -0.000  0.000  0.136 -0.077  0.108  0.113
       11  0.02513  -0.000  1.000 -0.000  0.017 -0.004  0.017 -0.002
       20  0.33452   0.000 -0.000  1.000 -0.266  0.020  0.197 -0.069
       21  0.31697   0.136  0.017 -0.266  1.000 -0.086 -0.050 -0.044
       22  0.13967  -0.077 -0.004  0.020 -0.086  1.000 -0.072  0.048
       23  0.23607   0.108  0.017  0.197 -0.050 -0.072  1.000 -0.001
       24  0.16407   0.113 -0.002 -0.069 -0.044  0.048 -0.001  1.000
MINUIT - FIT ONLY 2-y
 **********
 **   67 **RES 
 **********
                   PARAMETER   16  beta_vw RESTORED TO VARIABLE.
                   PARAMETER   14  alpha_vw RESTORED TO VARIABLE.
                   PARAMETER   13  beta_y RESTORED TO VARIABLE.
                   PARAMETER    9  alpha_2CBO RESTORED TO VARIABLE.
                   PARAMETER    8  beta_CBO RESTORED TO VARIABLE.
                   PARAMETER    6  alpha_CBO RESTORED TO VARIABLE.
                   PARAMETER    4  phi RESTORED TO VARIABLE.
                   PARAMETER    3  A0 RESTORED TO VARIABLE.
                   PARAMETER    1  N0 RESTORED TO VARIABLE.
 **********
 **   68 **FIX            0
 **********
 PARAMETER    0  IS UNDEFINED. IGNORED.
 **********
 **   69 **FIX            1
 **********
 **********
 **   70 **FIX            2
 **********
 PARAMETER    2  IS CONSTANT.   IGNORED.
 **********
 **   71 **FIX            3
 **********
 **********
 **   72 **FIX            4
 **********
 **********
 **   73 **FIX            5
 **********
 PARAMETER    5  IS CONSTANT.   IGNORED.
 **********
 **   74 **FIX            6
 **********
 **********
 **   75 **FIX            7
 **********
 PARAMETER    7  IS CONSTANT.   IGNORED.
 **********
 **   76 **FIX            8
 **********
 **********
 **   77 **FIX            9
 **********
 **********
 **   78 **FIX           10
 **********
 **********
 **   79 **FIX           11
 **********
 **********
 **   80 **FIX           12
 **********
 PARAMETER   12  IS CONSTANT.   IGNORED.
 **********
 **   81 **FIX           16
 **********
 **********
 **   82 **MIGRAD
 **********
 START MIGRAD MINIMIZATION.  STRATEGY  1.  CONVERGENCE WHEN EDM .LT. 1.00e-04
 FCN=56.0065 FROM MIGRAD    STATUS=INITIATE       16 CALLS        1859 TOTAL
                     EDM= unknown      STRATEGY= 1      NO ERROR MATRIX       
  EXT PARAMETER               CURRENT GUESS       STEP         FIRST   
  NO.   NAME      VALUE            ERROR          SIZE      DERIVATIVE 
   1  N0           2.83582e+06     fixed    
   2  tau          6.43976e+01   constant   
   3  A0           3.53845e-01     fixed    
   4  phi          4.11606e+00     fixed    
   5  R           -5.94693e+01   constant   
   6  alpha_CBO   -3.34492e-03     fixed    
   7  w_CBO        2.32500e+00   constant   
   8  beta_CBO     2.29778e-03     fixed    
   9  alpha_2CBO   4.83263e-05     fixed    
  10  beta_2CBO   -1.04104e-04     fixed    
  11  alpha_y     -1.41839e-04     fixed    
  12  w_y          1.44500e+01   constant   
  13  beta_y      -6.83741e-05   3.18773e-04   3.18773e-04  -7.08157e+02
  14  alpha_vw     0.00000e+00   1.00000e-03   1.00000e-03   4.07778e+03
  15  w_vw         1.29000e+01   constant   
  16  beta_vw      0.00000e+00     fixed    
  17  LM          -2.20020e-04   constant   
  18  zeta_y       0.00000e+00   constant   
  19  zeta_vw      0.00000e+00   constant   
  20  T_CBO        1.00000e+03   6.79653e+02   9.47170e-02** at limit **
  21  alpha_A0    -2.66068e-03   1.65775e-03   5.79643e-06  -5.72071e-01
  22  beta_A0      1.99348e-04   1.50247e-03   5.48476e-06   4.67149e-02
  23  alpha_phi    1.82307e-03   1.53384e-03   5.49491e-06  -5.00458e-01
  24  beta_phi    -6.67677e-04   1.58306e-03   5.75710e-06   8.84907e-01
 MIGRAD MINIMIZATION HAS CONVERGED.
 MIGRAD WILL VERIFY CONVERGENCE AND ERROR MATRIX.
 COVARIANCE MATRIX CALCULATED SUCCESSFULLY
 FCN=55.5401 FROM MIGRAD    STATUS=CONVERGED     114 CALLS        1957 TOTAL
                     EDM=3.83485e-07    STRATEGY= 1      ERROR MATRIX ACCURATE 
  EXT PARAMETER                                   STEP         FIRST   
  NO.   NAME      VALUE            ERROR          SIZE      DERIVATIVE 
   1  N0           2.83582e+06     fixed    
   2  tau          6.43976e+01   constant   
   3  A0           3.53845e-01     fixed    
   4  phi          4.11606e+00     fixed    
   5  R           -5.94693e+01   constant   
   6  alpha_CBO   -3.34492e-03     fixed    
   7  w_CBO        2.32500e+00   constant   
   8  beta_CBO     2.29778e-03     fixed    
   9  alpha_2CBO   4.83263e-05     fixed    
  10  beta_2CBO   -1.04104e-04     fixed    
  11  alpha_y     -1.41839e-04     fixed    
  12  w_y          1.44500e+01   constant   
  13  beta_y       3.34582e-06   3.22980e-04   1.16940e-06   3.33703e-01
  14  alpha_vw    -2.16282e-04   3.21125e-04   1.16261e-06   6.17568e-02
  15  w_vw         1.29000e+01   constant   
  16  beta_vw      0.00000e+00     fixed    
  17  LM          -2.20020e-04   constant   
  18  zeta_y       0.00000e+00   constant   
  19  zeta_vw      0.00000e+00   constant   
  20  T_CBO        1.00000e+03   6.35623e+02   1.36533e-01** at limit **
  21  alpha_A0    -2.67593e-03   1.70712e-03   5.77274e-06   4.61208e-01
  22  beta_A0      2.02051e-04   1.49841e-03   5.46231e-06  -1.54335e-01
  23  alpha_phi    1.80737e-03   1.55629e-03   5.47240e-06   1.81375e-01
  24  beta_phi    -6.56954e-04   1.57716e-03   5.73349e-06  -5.52213e-02
 EXTERNAL ERROR MATRIX.    NDIM=  25    NPAR=  7    ERR DEF=1
  1.043e-07 -1.705e-08  1.010e-09  3.832e-09  1.349e-09 -1.410e-09  1.000e-08 
 -1.705e-08  1.031e-07 -1.073e-09  8.865e-09 -1.318e-09  7.801e-09 -4.158e-09 
  1.010e-09 -1.073e-09  1.100e-03 -2.126e-05  1.481e-06  1.439e-05 -5.146e-06 
  3.832e-09  8.865e-09 -2.126e-05  2.914e-06 -2.044e-07 -3.104e-07 -1.052e-07 
  1.349e-09 -1.318e-09  1.481e-06 -2.044e-07  2.245e-06 -1.363e-07  1.320e-07 
 -1.410e-09  7.801e-09  1.439e-05 -3.104e-07 -1.363e-07  2.422e-06 -6.671e-08 
  1.000e-08 -4.158e-09 -5.146e-06 -1.052e-07  1.320e-07 -6.671e-08  2.487e-06 
 PARAMETER  CORRELATION COEFFICIENTS  
       NO.  GLOBAL     13     14     20     21     22     23     24
       13  0.16589   1.000 -0.164  0.000  0.007  0.003 -0.003  0.020
       14  0.16629  -0.164  1.000 -0.000  0.016 -0.003  0.016 -0.008
       20  0.45680   0.000 -0.000  1.000 -0.376  0.030  0.279 -0.098
       21  0.38951   0.007  0.016 -0.376  1.000 -0.080 -0.117 -0.039
       22  0.11909   0.003 -0.003  0.030 -0.080  1.000 -0.058  0.056
       23  0.28770  -0.003  0.016  0.279 -0.117 -0.058  1.000 -0.027
       24  0.14010   0.020 -0.008 -0.098 -0.039  0.056 -0.027  1.000
