 + ++++++++++++++++++++++++++++++++++++++++++++++++++++++++++++++++++++ +
 +                                                                      +
 +           You have chose to blind your fitting according to          +
 +                omega_ref * (1 + (R +/- deltaR) *10^{-6})             +
 +                                                                      +
 + ++++++++++++++++++++++++++++++++++++++++++++++++++++++++++++++++++++ +
In main()...
reading format from /gm2data/zkhechad/run45/envelope/formats/formatB_sBin_constraintOn.txt
pBinTau 	= 0  
pBinPhi 	= 0  
constraintau 	= 1 
includeMopTerm 	= 0    
constrainMop    = 0   
Parameters after format file: pBinTau 0 pBinPhi 0 constraintau 1 includeMopTerm 0 constrainMop 0 c_e_scale 0.000000 
Opening file /gm2data/tbarrett/gm2fr/studies/run23_bunch_corrections/CorrectedFourier_Run3b.root.
reading full fit data from /gm2data/zkhechad/cboTemplates/Run4CBOTemplates/fullFits/noRF/sBin_constraintOn_cE0.0_seed0_noRF_calo5.root
windowBins = 69
fitting sliding window 1260 from bin 1396 at 208.134000 to bin 1465 at 218.578000 (69 bins)

Reading data from /gm2data/cornell/histograms/aMethod/histogram_a_noRF.root
 **********
 **    1 **SET PRINTOUT            1
 **********
 **********
 **    2 **SET NOWARNINGS 
 **********
 PARAMETER DEFINITIONS:
    NO.   NAME         VALUE      STEP SIZE      LIMITS
     1 N0           2.79633e+06  1.00000e+02     no limits
     2 tau          6.44140e+01  constant
     3 A0           3.58434e-01  1.00000e-04     no limits
     4 phi          4.11632e+00  1.00000e-02     no limits
     5 R           -6.26390e+01  constant
     6 alpha_CBO    0.00000e+00  1.00000e-03     no limits
     7 w_CBO        2.32500e+00  constant
     8 beta_CBO     0.00000e+00  1.00000e-03     no limits
     9 alpha_2CBO   0.00000e+00  1.00000e-03     no limits
    10 beta_2CBO    0.00000e+00  1.00000e-03     no limits
    11 alpha_y      0.00000e+00  1.00000e-03     no limits
    12 w_y          1.38860e+01  constant
    13 beta_y       0.00000e+00  1.00000e-03     no limits
    14 alpha_vw     0.00000e+00  1.00000e-03     no limits
    15 w_vw         1.43404e+01  constant
    16 beta_vw      0.00000e+00  1.00000e-03     no limits
    17 LM           3.79801e-04  constant
    18 zeta_y       0.00000e+00  constant
    19 zeta_vw      0.00000e+00  constant
    20 T_CBO        1.00000e+02  1.00000e+00    0.00000e+00  1.00000e+03
    21 alpha_A0     0.00000e+00  1.00000e-04   -1.00000e-02  1.00000e-02
    22 beta_A0      0.00000e+00  1.00000e-04   -1.00000e-02  1.00000e-02
    23 alpha_phi    0.00000e+00  1.00000e-04   -1.00000e-02  1.00000e-02
    24 beta_phi     0.00000e+00  1.00000e-04   -1.00000e-02  1.00000e-02
MINUIT - FIT ONLY WIGGLE
 **********
 **    3 **FIX            5
 **********
 PARAMETER    5  IS CONSTANT.   IGNORED.
 **********
 **    4 **FIX            6
 **********
 **********
 **    5 **FIX            7
 **********
 PARAMETER    7  IS CONSTANT.   IGNORED.
 **********
 **    6 **FIX            8
 **********
 **********
 **    7 **FIX            9
 **********
 **********
 **    8 **FIX           10
 **********
 **********
 **    9 **FIX           11
 **********
 **********
 **   10 **FIX           12
 **********
 PARAMETER   12  IS CONSTANT.   IGNORED.
 **********
 **   11 **FIX           13
 **********
 **********
 **   12 **FIX           14
 **********
 **********
 **   13 **FIX           15
 **********
 PARAMETER   15  IS CONSTANT.   IGNORED.
 **********
 **   14 **FIX           16
 **********
 **********
 **   15 **MIGRAD
 **********
 FIRST CALL TO USER FUNCTION AT NEW START POINT, WITH IFLAG=4.
 START MIGRAD MINIMIZATION.  STRATEGY  1.  CONVERGENCE WHEN EDM .LT. 1.00e-04
 FCN=206.429 FROM MIGRAD    STATUS=INITIATE      437 CALLS         438 TOTAL
                     EDM= unknown      STRATEGY= 1      NO ERROR MATRIX       
  EXT PARAMETER               CURRENT GUESS       STEP         FIRST   
  NO.   NAME      VALUE            ERROR          SIZE      DERIVATIVE 
   1  N0           2.79633e+06   1.00000e+02   0.00000e+00   3.69280e-03
   2  tau          6.44140e+01   constant   
   3  A0           3.58434e-01   1.00000e-04   0.00000e+00   2.39799e+04
   4  phi          4.11632e+00   1.00000e-02   0.00000e+00  -1.38528e+03
   5  R           -6.26390e+01   constant   
   6  alpha_CBO    0.00000e+00     fixed    
   7  w_CBO        2.32500e+00   constant   
   8  beta_CBO     0.00000e+00     fixed    
   9  alpha_2CBO   0.00000e+00     fixed    
  10  beta_2CBO    0.00000e+00     fixed    
  11  alpha_y      0.00000e+00     fixed    
  12  w_y          1.38860e+01   constant   
  13  beta_y       0.00000e+00     fixed    
  14  alpha_vw     0.00000e+00     fixed    
  15  w_vw         1.43404e+01   constant   
  16  beta_vw      0.00000e+00     fixed    
  17  LM           3.79801e-04   constant   
  18  zeta_y       0.00000e+00   constant   
  19  zeta_vw      0.00000e+00   constant   
  20  T_CBO        1.00000e+02   1.00000e+00   0.00000e+00   0.00000e+00
  21  alpha_A0     0.00000e+00   1.00000e-04   0.00000e+00  -1.48651e+00
  22  beta_A0      0.00000e+00   1.00000e-04   0.00000e+00   5.58991e+00
  23  alpha_phi    0.00000e+00   1.00000e-04   0.00000e+00  -1.12790e+00
  24  beta_phi     0.00000e+00   1.00000e-04   0.00000e+00   4.40328e+00
 MIGRAD MINIMIZATION HAS CONVERGED.
 FCN=174.946 FROM MIGRAD    STATUS=CONVERGED     641 CALLS         642 TOTAL
                     EDM=5.433e-07    STRATEGY= 1  ERROR MATRIX UNCERTAINTY   1.4 per cent
  EXT PARAMETER                                   STEP         FIRST   
  NO.   NAME      VALUE            ERROR          SIZE      DERIVATIVE 
   1  N0           2.79608e+06   6.62637e+02  -1.10339e+00   8.92509e-08
   2  tau          6.44140e+01   constant   
   3  A0           3.57158e-01   3.15470e-04  -1.44912e-07  -8.34097e-01
   4  phi          4.11677e+00   8.69244e-04   3.04698e-06   6.83270e-01
   5  R           -6.26390e+01   constant   
   6  alpha_CBO    0.00000e+00     fixed    
   7  w_CBO        2.32500e+00   constant   
   8  beta_CBO     0.00000e+00     fixed    
   9  alpha_2CBO   0.00000e+00     fixed    
  10  beta_2CBO    0.00000e+00     fixed    
  11  alpha_y      0.00000e+00     fixed    
  12  w_y          1.38860e+01   constant   
  13  beta_y       0.00000e+00     fixed    
  14  alpha_vw     0.00000e+00     fixed    
  15  w_vw         1.43404e+01   constant   
  16  beta_vw      0.00000e+00     fixed    
  17  LM           3.79801e-04   constant   
  18  zeta_y       0.00000e+00   constant   
  19  zeta_vw      0.00000e+00   constant   
  20  T_CBO        2.33792e+02   7.56233e+01   9.52539e-04  -3.15301e-03
  21  alpha_A0     3.46669e-03   3.12527e-03  -3.04360e-03  -2.83401e-03
  22  beta_A0     -9.99991e-03   2.30952e-03   2.44073e-03  -4.23908e-04
  23  alpha_phi   -1.53827e-03   3.17665e-03   1.72591e-03   1.39346e-03
  24  beta_phi    -7.19828e-03   3.48920e-03  -1.62972e-03  -1.28290e-03
 EXTERNAL ERROR MATRIX.    NDIM=  25    NPAR=  8    ERR DEF=1
  4.391e+05 -1.983e-03 -9.411e-02  3.093e+03  3.568e-01  1.789e-04 -1.778e-01  3.835e-01 
 -1.983e-03  9.952e-08  2.098e-09 -2.063e-03 -5.957e-08 -5.749e-10  2.031e-07 -3.567e-08 
 -9.411e-02  2.098e-09  7.556e-07 -9.170e-04 -7.418e-08  3.160e-10 -1.658e-07 -2.137e-07 
  3.093e+03 -2.063e-03 -9.170e-04  5.781e+03 -6.388e-02  1.255e-03  1.608e-02 -1.466e-01 
  3.568e-01 -5.957e-08 -7.418e-08 -6.388e-02  1.015e-05 -4.581e-09 -1.080e-06  1.830e-06 
  1.789e-04 -5.749e-10  3.160e-10  1.255e-03 -4.581e-09  8.495e-10  2.484e-08 -3.347e-08 
 -1.778e-01  2.031e-07 -1.658e-07  1.608e-02 -1.080e-06  2.484e-08  1.046e-05 -8.929e-07 
  3.835e-01 -3.567e-08 -2.137e-07 -1.466e-01  1.830e-06 -3.347e-08 -8.929e-07  1.337e-05 
 PARAMETER  CORRELATION COEFFICIENTS  
       NO.  GLOBAL      1      3      4     20     21     22     23     24
        1  0.33998   1.000 -0.009 -0.163  0.061  0.169  0.009 -0.083  0.158
        3  0.25857  -0.009  1.000  0.008 -0.086 -0.059 -0.063  0.199 -0.031
        4  0.19285  -0.163  0.008  1.000 -0.014 -0.027  0.012 -0.059 -0.067
       20  0.72483   0.061 -0.086 -0.014  1.000 -0.264  0.566  0.065 -0.527
       21  0.36943   0.169 -0.059 -0.027 -0.264  1.000 -0.049 -0.105  0.157
       22  0.62684   0.009 -0.063  0.012  0.566 -0.049  1.000  0.264 -0.314
       23  0.38177  -0.083  0.199 -0.059  0.065 -0.105  0.264  1.000 -0.076
       24  0.56835   0.158 -0.031 -0.067 -0.527  0.157 -0.314 -0.076  1.000
MINUIT - FIT ONLY 1-CBO + wiggle
 **********
 **   16 **RES 
 **********
                   PARAMETER   16  beta_vw RESTORED TO VARIABLE.
                   PARAMETER   14  alpha_vw RESTORED TO VARIABLE.
                   PARAMETER   13  beta_y RESTORED TO VARIABLE.
                   PARAMETER   11  alpha_y RESTORED TO VARIABLE.
                   PARAMETER   10  beta_2CBO RESTORED TO VARIABLE.
                   PARAMETER    9  alpha_2CBO RESTORED TO VARIABLE.
                   PARAMETER    8  beta_CBO RESTORED TO VARIABLE.
                   PARAMETER    6  alpha_CBO RESTORED TO VARIABLE.
 **********
 **   17 **FIX            8
 **********
 **********
 **   18 **FIX            9
 **********
 **********
 **   19 **FIX           11
 **********
 **********
 **   20 **FIX           12
 **********
 PARAMETER   12  IS CONSTANT.   IGNORED.
 **********
 **   21 **FIX           14
 **********
 **********
 **   22 **FIX           15
 **********
 PARAMETER   15  IS CONSTANT.   IGNORED.
 **********
 **   23 **FIX           16
 **********
 **********
 **   24 **MIGRAD
 **********
 START MIGRAD MINIMIZATION.  STRATEGY  1.  CONVERGENCE WHEN EDM .LT. 1.00e-04
 FCN=174.946 FROM MIGRAD    STATUS=INITIATE       28 CALLS         670 TOTAL
                     EDM= unknown      STRATEGY= 1      NO ERROR MATRIX       
  EXT PARAMETER               CURRENT GUESS       STEP         FIRST   
  NO.   NAME      VALUE            ERROR          SIZE      DERIVATIVE 
   1  N0           2.79608e+06   6.62637e+02  -1.10339e+00   8.92511e-08
   2  tau          6.44140e+01   constant   
   3  A0           3.57158e-01   3.15470e-04  -1.44912e-07  -8.34096e-01
   4  phi          4.11677e+00   8.69244e-04   3.04698e-06   6.83269e-01
   5  R           -6.26390e+01   constant   
   6  alpha_CBO    0.00000e+00   1.00000e-03   1.00000e-03   3.53935e+04
   7  w_CBO        2.32500e+00   constant   
   8  beta_CBO     0.00000e+00     fixed    
   9  alpha_2CBO   0.00000e+00     fixed    
  10  beta_2CBO    0.00000e+00   1.00000e-03   1.00000e-03  -1.89373e+03
  11  alpha_y      0.00000e+00     fixed    
  12  w_y          1.38860e+01   constant   
  13  beta_y       0.00000e+00   1.00000e-03   1.00000e-03   1.58812e+03
  14  alpha_vw     0.00000e+00     fixed    
  15  w_vw         1.43404e+01   constant   
  16  beta_vw      0.00000e+00     fixed    
  17  LM           3.79801e-04   constant   
  18  zeta_y       0.00000e+00   constant   
  19  zeta_vw      0.00000e+00   constant   
  20  T_CBO        2.33792e+02   7.56233e+01   9.52539e-04  -3.15334e-03
  21  alpha_A0     3.46669e-03   3.12527e-03  -3.04360e-03  -2.83392e-03
  22  beta_A0     -9.99991e-03   2.30952e-03   2.44073e-03   4.35610e-04
  23  alpha_phi   -1.53827e-03   3.17665e-03   1.72591e-03   1.39344e-03
  24  beta_phi    -7.19828e-03   3.48920e-03  -1.62972e-03   1.28262e-03
 MIGRAD MINIMIZATION HAS CONVERGED.
 FCN=140.541 FROM MIGRAD    STATUS=CONVERGED     358 CALLS        1000 TOTAL
                     EDM=6.16461e-06    STRATEGY= 1  ERROR MATRIX UNCERTAINTY   1.0 per cent
  EXT PARAMETER                                   STEP         FIRST   
  NO.   NAME      VALUE            ERROR          SIZE      DERIVATIVE 
   1  N0           2.79608e+06   6.29604e+02  -3.03302e-01  -2.97445e-06
   2  tau          6.44140e+01   constant   
   3  A0           3.57267e-01   3.09933e-04  -9.08415e-08   2.93076e+00
   4  phi          4.11578e+00   8.76889e-04  -2.29603e-06  -1.15950e+00
   5  R           -6.26390e+01   constant   
   6  alpha_CBO   -1.92773e-03   3.29240e-04  -1.48018e-07   4.63309e-01
   7  w_CBO        2.32500e+00   constant   
   8  beta_CBO     0.00000e+00     fixed    
   9  alpha_2CBO   0.00000e+00     fixed    
  10  beta_2CBO    2.76660e-04   3.16731e-04  -2.63947e-07  -1.94413e+00
  11  alpha_y      0.00000e+00     fixed    
  12  w_y          1.38860e+01   constant   
  13  beta_y      -3.60049e-05   3.15480e-04   4.90322e-08   6.45948e-01
  14  alpha_vw     0.00000e+00     fixed    
  15  w_vw         1.43404e+01   constant   
  16  beta_vw      0.00000e+00     fixed    
  17  LM           3.79801e-04   constant   
  18  zeta_y       0.00000e+00   constant   
  19  zeta_vw      0.00000e+00   constant   
  20  T_CBO        2.17514e+02   9.94918e+01  -8.51099e-05  -1.93838e-02
  21  alpha_A0     6.13733e-03   3.70932e-03   6.42588e-04  -5.83392e-04
  22  beta_A0     -9.99951e-03   1.15419e-02   2.66054e-02  -6.91767e-04
  23  alpha_phi   -1.86165e-03   3.22720e-03  -1.57069e-03  -6.61005e-03
  24  beta_phi    -7.35044e-03   4.01499e-03  -1.06202e-04  -5.44963e-04
 EXTERNAL ERROR MATRIX.    NDIM=  25    NPAR= 11    ERR DEF=1
  3.964e+05 
  1.368e-02  9.606e-08 
 -9.489e-02 -2.298e-09  7.689e-07 
 -1.860e-03 -5.671e-09  5.468e-08  1.084e-07 
 -2.033e-03 -4.311e-09 -1.084e-08 -1.047e-08  1.003e-07 
 -1.393e-03 -6.917e-10 -1.093e-09 -2.477e-09 -1.783e-10  9.953e-08 
  2.700e+03 -2.031e-03 -6.683e-03  3.441e-04 -3.094e-03  1.641e-04  1.010e+04 
  3.432e-01 -6.318e-08 -2.097e-08 -1.288e-07  1.329e-07  3.461e-09 -2.501e-01  1.491e-05 
 -5.235e-03 -1.289e-09 -2.652e-09 -3.236e-10  9.339e-10  3.074e-10 -2.824e-02  7.883e-07  2.927e-07 
 -1.490e-01  1.509e-07 -2.841e-07  1.100e-08 -1.752e-07 -2.288e-08  3.809e-02 -2.523e-06 -2.982e-07  1.081e-05 
 -3.698e-01 -1.562e-08  6.844e-08 -3.853e-10 -8.316e-08  8.660e-09  3.148e-01 -9.135e-06 -9.262e-07  1.163e-06  1.846e-05 
 PARAMETER  CORRELATION COEFFICIENTS  
       NO.  GLOBAL      1      3      4      6     10     13     20     21     22     23     24
        1  0.36648   1.000  0.070 -0.172 -0.009 -0.010 -0.007  0.043  0.141 -0.015 -0.072 -0.137
        3  0.24688   0.070  1.000 -0.008 -0.056 -0.044 -0.007 -0.065 -0.053 -0.008  0.148 -0.012
        4  0.30473  -0.172 -0.008  1.000  0.189 -0.039 -0.004 -0.076 -0.006 -0.006 -0.099  0.018
        6  0.25590  -0.009 -0.056  0.189  1.000 -0.100 -0.024  0.010 -0.101 -0.002  0.010 -0.000
       10  0.23310  -0.010 -0.044 -0.039 -0.100  1.000 -0.002 -0.097  0.109  0.005 -0.168 -0.061
       13  0.03597  -0.007 -0.007 -0.004 -0.024 -0.002  1.000  0.005  0.003  0.002 -0.022  0.006
       20  0.83054   0.043 -0.065 -0.076  0.010 -0.097  0.005  1.000 -0.645 -0.519  0.115  0.729
       21  0.69381   0.141 -0.053 -0.006 -0.101  0.109  0.003 -0.645  1.000  0.377 -0.199 -0.551
       22  0.54016  -0.015 -0.008 -0.006 -0.002  0.005  0.002 -0.519  0.377  1.000 -0.168 -0.398
       23  0.33662  -0.072  0.148 -0.099  0.010 -0.168 -0.022  0.115 -0.199 -0.168  1.000  0.082
       24  0.75479  -0.137 -0.012  0.018 -0.000 -0.061  0.006  0.729 -0.551 -0.398  0.082  1.000
MINUIT - FIT ONLY 2-CBO
 **********
 **   25 **RES 
 **********
                   PARAMETER   16  beta_vw RESTORED TO VARIABLE.
                   PARAMETER   14  alpha_vw RESTORED TO VARIABLE.
                   PARAMETER   11  alpha_y RESTORED TO VARIABLE.
                   PARAMETER    9  alpha_2CBO RESTORED TO VARIABLE.
                   PARAMETER    8  beta_CBO RESTORED TO VARIABLE.
 **********
 **   26 **FIX            0
 **********
 PARAMETER    0  IS UNDEFINED. IGNORED.
 **********
 **   27 **FIX            1
 **********
 **********
 **   28 **FIX            2
 **********
 PARAMETER    2  IS CONSTANT.   IGNORED.
 **********
 **   29 **FIX            3
 **********
 **********
 **   30 **FIX            4
 **********
 **********
 **   31 **FIX            5
 **********
 PARAMETER    5  IS CONSTANT.   IGNORED.
 **********
 **   32 **FIX            6
 **********
 **********
 **   33 **FIX            7
 **********
 PARAMETER    7  IS CONSTANT.   IGNORED.
 **********
 **   34 **FIX           10
 **********
 **********
 **   35 **FIX           11
 **********
 **********
 **   36 **FIX           12
 **********
 PARAMETER   12  IS CONSTANT.   IGNORED.
 **********
 **   37 **FIX           13
 **********
 **********
 **   38 **FIX           14
 **********
 **********
 **   39 **FIX           15
 **********
 PARAMETER   15  IS CONSTANT.   IGNORED.
 **********
 **   40 **FIX           16
 **********
 **********
 **   41 **MIGRAD
 **********
 START MIGRAD MINIMIZATION.  STRATEGY  1.  CONVERGENCE WHEN EDM .LT. 1.00e-04
 FCN=140.541 FROM MIGRAD    STATUS=INITIATE       18 CALLS        1018 TOTAL
                     EDM= unknown      STRATEGY= 1      NO ERROR MATRIX       
  EXT PARAMETER               CURRENT GUESS       STEP         FIRST   
  NO.   NAME      VALUE            ERROR          SIZE      DERIVATIVE 
   1  N0           2.79608e+06     fixed    
   2  tau          6.44140e+01   constant   
   3  A0           3.57267e-01     fixed    
   4  phi          4.11578e+00     fixed    
   5  R           -6.26390e+01   constant   
   6  alpha_CBO   -1.92773e-03     fixed    
   7  w_CBO        2.32500e+00   constant   
   8  beta_CBO     0.00000e+00   1.00000e-03   1.00000e-03   4.94428e+04
   9  alpha_2CBO   0.00000e+00   1.00000e-03   1.00000e-03  -1.29497e+04
  10  beta_2CBO    2.76660e-04     fixed    
  11  alpha_y      0.00000e+00     fixed    
  12  w_y          1.38860e+01   constant   
  13  beta_y      -3.60049e-05     fixed    
  14  alpha_vw     0.00000e+00     fixed    
  15  w_vw         1.43404e+01   constant   
  16  beta_vw      0.00000e+00     fixed    
  17  LM           3.79801e-04   constant   
  18  zeta_y       0.00000e+00   constant   
  19  zeta_vw      0.00000e+00   constant   
  20  T_CBO        2.17514e+02   9.94918e+01  -8.51099e-05  -1.93839e-02
  21  alpha_A0     6.13733e-03   3.70932e-03   6.42588e-04  -5.83421e-04
  22  beta_A0     -9.99951e-03   1.15419e-02   2.66054e-02   7.19931e-04
  23  alpha_phi   -1.86165e-03   3.22720e-03  -1.57069e-03  -6.61004e-03
  24  beta_phi    -7.35044e-03   4.01499e-03  -1.06202e-04  -5.44948e-04
 MIGRAD MINIMIZATION HAS CONVERGED.
 MIGRAD WILL VERIFY CONVERGENCE AND ERROR MATRIX.
 COVARIANCE MATRIX CALCULATED SUCCESSFULLY
 FCN=75.3866 FROM HESSE     STATUS=OK             52 CALLS        1349 TOTAL
                     EDM=0.000217259    STRATEGY= 1      ERROR MATRIX ACCURATE 
  EXT PARAMETER                                   STEP         FIRST   
  NO.   NAME      VALUE            ERROR          SIZE      DERIVATIVE 
   1  N0           2.79608e+06     fixed    
   2  tau          6.44140e+01   constant   
   3  A0           3.57267e-01     fixed    
   4  phi          4.11578e+00     fixed    
   5  R           -6.26390e+01   constant   
   6  alpha_CBO   -1.92773e-03     fixed    
   7  w_CBO        2.32500e+00   constant   
   8  beta_CBO    -2.48345e-03   3.18418e-04   1.33293e-06  -7.50297e+00
   9  alpha_2CBO   5.80897e-04   3.19951e-04   1.34365e-06   2.55281e-01
  10  beta_2CBO    2.76660e-04     fixed    
  11  alpha_y      0.00000e+00     fixed    
  12  w_y          1.38860e+01   constant   
  13  beta_y      -3.60049e-05     fixed    
  14  alpha_vw     0.00000e+00     fixed    
  15  w_vw         1.43404e+01   constant   
  16  beta_vw      0.00000e+00     fixed    
  17  LM           3.79801e-04   constant   
  18  zeta_y       0.00000e+00   constant   
  19  zeta_vw      0.00000e+00   constant   
  20  T_CBO        1.62109e+02   5.64731e+01   4.08233e-04   3.33501e-02
  21  alpha_A0     9.91145e-03   1.64603e-02   1.24658e-02  -3.98534e-03
  22  beta_A0     -7.30892e-03   4.93553e-03   2.80713e-03  -5.39522e-04
  23  alpha_phi   -1.74691e-03   4.49251e-03   1.99129e-03   3.47098e-04
  24  beta_phi    -9.98125e-03   1.04303e-02   2.53985e-02  -2.36997e-03
 MIGRAD MINIMIZATION HAS CONVERGED.
 MIGRAD WILL VERIFY CONVERGENCE AND ERROR MATRIX.
 COVARIANCE MATRIX CALCULATED SUCCESSFULLY
 FCN=75.3863 FROM MIGRAD    STATUS=CONVERGED     456 CALLS        1456 TOTAL
                     EDM=6.9618e-06    STRATEGY= 1      ERROR MATRIX ACCURATE 
  EXT PARAMETER                                   STEP         FIRST   
  NO.   NAME      VALUE            ERROR          SIZE      DERIVATIVE 
   1  N0           2.79608e+06     fixed    
   2  tau          6.44140e+01   constant   
   3  A0           3.57267e-01     fixed    
   4  phi          4.11578e+00     fixed    
   5  R           -6.26390e+01   constant   
   6  alpha_CBO   -1.92773e-03     fixed    
   7  w_CBO        2.32500e+00   constant   
   8  beta_CBO    -2.48294e-03   3.18380e-04   1.33292e-06   4.85819e-01
   9  alpha_2CBO   5.81619e-04   3.16834e-04   1.34365e-06   1.98643e+00
  10  beta_2CBO    2.76660e-04     fixed    
  11  alpha_y      0.00000e+00     fixed    
  12  w_y          1.38860e+01   constant   
  13  beta_y      -3.60049e-05     fixed    
  14  alpha_vw     0.00000e+00     fixed    
  15  w_vw         1.43404e+01   constant   
  16  beta_vw      0.00000e+00     fixed    
  17  LM           3.79801e-04   constant   
  18  zeta_y       0.00000e+00   constant   
  19  zeta_vw      0.00000e+00   constant   
  20  T_CBO        1.61446e+02   4.18304e+01   4.06007e-04  -3.66916e-03
  21  alpha_A0     9.98978e-03   1.95357e-02   2.63627e-02  -3.81660e-04
  22  beta_A0     -7.34990e-03   4.61338e-03   2.83297e-03   2.11166e-04
  23  alpha_phi   -1.75883e-03   4.47859e-03   2.00151e-03  -4.07211e-04
  24  beta_phi    -9.99990e-03   1.25763e-02   2.34744e-02   3.27348e-04
 EXTERNAL ERROR MATRIX.    NDIM=  25    NPAR=  7    ERR DEF=1
  1.014e-07  3.325e-09 -3.514e-04  1.294e-08  2.913e-07 -5.995e-08  2.019e-10 
  3.325e-09  1.004e-07 -6.255e-04  1.164e-07  3.291e-08 -8.045e-08  1.630e-09 
 -3.514e-04 -6.255e-04  1.757e+03 -7.036e-02 -8.995e-02  1.322e-02  1.459e-03 
  1.294e-08  1.164e-07 -7.036e-02  1.636e-05  4.255e-06 -1.391e-06 -5.378e-08 
  2.913e-07  3.291e-08 -8.995e-02  4.255e-06  2.574e-05 -1.650e-06 -8.595e-08 
 -5.995e-08 -8.045e-08  1.322e-02 -1.391e-06 -1.650e-06  2.162e-05  1.473e-08 
  2.019e-10  1.630e-09  1.459e-03 -5.378e-08 -8.595e-08  1.473e-08  5.407e-08 
 PARAMETER  CORRELATION COEFFICIENTS  
       NO.  GLOBAL      8      9     20     21     22     23     24
        8  0.19386   1.000  0.033 -0.026  0.010  0.180 -0.040  0.003
        9  0.11165   0.033  1.000 -0.047  0.091  0.020 -0.055  0.022
       20  0.55119  -0.026 -0.047  1.000 -0.415 -0.423  0.068  0.150
       21  0.42461   0.010  0.091 -0.415  1.000  0.207 -0.074 -0.057
       22  0.45826   0.180  0.020 -0.423  0.207  1.000 -0.070 -0.073
       23  0.11055  -0.040 -0.055  0.068 -0.074 -0.070  1.000  0.014
       24  0.15321   0.003  0.022  0.150 -0.057 -0.073  0.014  1.000
MINUIT - FIT wiggle + 1-CBO + 2-CBO
 **********
 **   42 **RES 
 **********
                   PARAMETER   16  beta_vw RESTORED TO VARIABLE.
                   PARAMETER   14  alpha_vw RESTORED TO VARIABLE.
                   PARAMETER   13  beta_y RESTORED TO VARIABLE.
                   PARAMETER   11  alpha_y RESTORED TO VARIABLE.
                   PARAMETER   10  beta_2CBO RESTORED TO VARIABLE.
                   PARAMETER    6  alpha_CBO RESTORED TO VARIABLE.
                   PARAMETER    4  phi RESTORED TO VARIABLE.
                   PARAMETER    3  A0 RESTORED TO VARIABLE.
                   PARAMETER    1  N0 RESTORED TO VARIABLE.
 **********
 **   43 **FIX           10
 **********
 **********
 **   44 **FIX           11
 **********
 **********
 **   45 **FIX           12
 **********
 PARAMETER   12  IS CONSTANT.   IGNORED.
 **********
 **   46 **FIX           13
 **********
 **********
 **   47 **FIX           14
 **********
 **********
 **   48 **FIX           15
 **********
 PARAMETER   15  IS CONSTANT.   IGNORED.
 **********
 **   49 **FIX           16
 **********
 **********
 **   50 **MIGRAD
 **********
 START MIGRAD MINIMIZATION.  STRATEGY  1.  CONVERGENCE WHEN EDM .LT. 1.00e-04
 FCN=75.3863 FROM MIGRAD    STATUS=INITIATE       22 CALLS        1478 TOTAL
                     EDM= unknown      STRATEGY= 1      NO ERROR MATRIX       
  EXT PARAMETER               CURRENT GUESS       STEP         FIRST   
  NO.   NAME      VALUE            ERROR          SIZE      DERIVATIVE 
   1  N0           2.79608e+06   6.29604e+02   6.29604e+02  -2.25499e-03
   2  tau          6.44140e+01   constant   
   3  A0           3.57267e-01   3.09933e-04   3.09933e-04  -1.21411e+04
   4  phi          4.11578e+00   8.76889e-04   8.76889e-04  -7.84447e+02
   5  R           -6.26390e+01   constant   
   6  alpha_CBO   -1.92773e-03   3.29240e-04   3.29240e-04  -1.84797e+03
   7  w_CBO        2.32500e+00   constant   
   8  beta_CBO    -2.48294e-03   3.18380e-04   1.33292e-06   4.85819e-01
   9  alpha_2CBO   5.81619e-04   3.16834e-04   1.34365e-06   1.98644e+00
  10  beta_2CBO    2.76660e-04     fixed    
  11  alpha_y      0.00000e+00     fixed    
  12  w_y          1.38860e+01   constant   
  13  beta_y      -3.60049e-05     fixed    
  14  alpha_vw     0.00000e+00     fixed    
  15  w_vw         1.43404e+01   constant   
  16  beta_vw      0.00000e+00     fixed    
  17  LM           3.79801e-04   constant   
  18  zeta_y       0.00000e+00   constant   
  19  zeta_vw      0.00000e+00   constant   
  20  T_CBO        1.61446e+02   4.18304e+01   4.06007e-04  -3.68020e-03
  21  alpha_A0     9.98978e-03   1.95357e-02   2.63627e-02  -4.06366e-04
  22  beta_A0     -7.34990e-03   4.61338e-03   2.83297e-03  -2.08373e-04
  23  alpha_phi   -1.75883e-03   4.47859e-03   2.00151e-03  -4.04085e-04
  24  beta_phi    -9.99990e-03   1.25763e-02   2.34744e-02   3.38273e-04
 MIGRAD MINIMIZATION HAS CONVERGED.
 FCN=70.9383 FROM MIGRAD    STATUS=CONVERGED     200 CALLS        1656 TOTAL
                     EDM=5.79578e-06    STRATEGY= 1  ERROR MATRIX UNCERTAINTY   3.2 per cent
  EXT PARAMETER                                   STEP         FIRST   
  NO.   NAME      VALUE            ERROR          SIZE      DERIVATIVE 
   1  N0           2.79653e+06   6.59742e+02  -1.04778e+00   4.66867e-06
   2  tau          6.44140e+01   constant   
   3  A0           3.57890e-01   3.22342e-04   2.50947e-07  -1.86841e+00
   4  phi          4.11599e+00   8.18579e-04   1.19770e-07  -2.00027e+00
   5  R           -6.26390e+01   constant   
   6  alpha_CBO   -1.84674e-03   3.17393e-04   4.76132e-07  -2.85035e+00
   7  w_CBO        2.32500e+00   constant   
   8  beta_CBO    -2.66877e-03   3.40407e-04  -4.02800e-07   3.94168e+00
   9  alpha_2CBO   5.58762e-04   3.22201e-04  -2.06656e-07   1.71176e-01
  10  beta_2CBO    2.76660e-04     fixed    
  11  alpha_y      0.00000e+00     fixed    
  12  w_y          1.38860e+01   constant   
  13  beta_y      -3.60049e-05     fixed    
  14  alpha_vw     0.00000e+00     fixed    
  15  w_vw         1.43404e+01   constant   
  16  beta_vw      0.00000e+00     fixed    
  17  LM           3.79801e-04   constant   
  18  zeta_y       0.00000e+00   constant   
  19  zeta_vw      0.00000e+00   constant   
  20  T_CBO        1.62844e+02   5.68805e+01   9.00442e-05  -1.52185e-02
  21  alpha_A0     9.41110e-03   1.84208e-02  -2.66046e-03  -6.45795e-05
  22  beta_A0     -6.20534e-03   4.82610e-03   4.00565e-03   2.78177e-03
  23  alpha_phi   -9.51233e-05   4.68411e-03   6.17801e-04  -1.56136e-03
  24  beta_phi    -9.99980e-03   1.28222e-02  -2.08028e-03   1.05460e-04
 EXTERNAL ERROR MATRIX.    NDIM=  25    NPAR= 11    ERR DEF=1
  4.353e+05 
 -3.022e-03  1.039e-07 
 -6.787e-02  6.389e-10  6.701e-07 
  4.417e-03 -3.614e-09  2.134e-08  1.007e-07 
 -1.872e-03 -3.120e-08 -5.240e-09 -1.788e-09  1.159e-07 
 -5.865e-03 -3.382e-09  1.235e-08  6.042e-10  6.892e-09  1.038e-07 
  8.231e+03 -7.560e-04 -6.999e-03  9.125e-05 -1.118e-03 -2.733e-03  3.261e+03 
 -5.206e-01 -9.998e-09  5.080e-07 -2.012e-07  1.507e-07  4.091e-07 -2.890e-01  4.868e-05 
  2.051e-01  1.581e-07 -1.288e-07  1.804e-09 -3.303e-07 -1.619e-07  1.389e-01 -1.462e-05  2.703e-05 
 -2.354e-01  3.286e-07 -1.797e-07  5.630e-08 -2.276e-07 -4.317e-08 -2.854e-03 -1.249e-06  1.349e-06  2.376e-05 
  5.828e-03 -9.912e-10  1.840e-09 -1.638e-09  1.194e-09 -5.057e-10  3.563e-04 -2.668e-08 -1.751e-10  6.025e-10  1.072e-07 
 PARAMETER  CORRELATION COEFFICIENTS  
       NO.  GLOBAL      1      3      4      6      8      9     20     21     22     23     24
        1  0.26317   1.000 -0.014 -0.126  0.021 -0.008 -0.028  0.218 -0.113  0.060 -0.073  0.027
        3  0.34884  -0.014  1.000  0.002 -0.035 -0.284 -0.033 -0.041 -0.004  0.094  0.209 -0.009
        4  0.21355  -0.126  0.002  1.000  0.082 -0.019  0.047 -0.150  0.089 -0.030 -0.045  0.007
        6  0.16975   0.021 -0.035  0.082  1.000 -0.017  0.006  0.005 -0.091  0.001  0.036 -0.016
        8  0.33914  -0.008 -0.284 -0.019 -0.017  1.000  0.063 -0.057  0.063 -0.187 -0.137  0.011
        9  0.19515  -0.028 -0.033  0.047  0.006  0.063  1.000 -0.149  0.182 -0.097 -0.027 -0.005
       20  0.77019   0.218 -0.041 -0.150  0.005 -0.057 -0.149  1.000 -0.725  0.468 -0.010  0.019
       21  0.74013  -0.113 -0.004  0.089 -0.091  0.063  0.182 -0.725  1.000 -0.403 -0.037 -0.012
       22  0.50951   0.060  0.094 -0.030  0.001 -0.187 -0.097  0.468 -0.403  1.000  0.053 -0.000
       23  0.25175  -0.073  0.209 -0.045  0.036 -0.137 -0.027 -0.010 -0.037  0.053  1.000  0.000
       24  0.04056   0.027 -0.009  0.007 -0.016  0.011 -0.005  0.019 -0.012 -0.000  0.000  1.000
MINUIT - FIT ONLY 1-y
 **********
 **   51 **RES 
 **********
                   PARAMETER   16  beta_vw RESTORED TO VARIABLE.
                   PARAMETER   14  alpha_vw RESTORED TO VARIABLE.
                   PARAMETER   13  beta_y RESTORED TO VARIABLE.
                   PARAMETER   11  alpha_y RESTORED TO VARIABLE.
                   PARAMETER   10  beta_2CBO RESTORED TO VARIABLE.
 **********
 **   52 **FIX            0
 **********
 PARAMETER    0  IS UNDEFINED. IGNORED.
 **********
 **   53 **FIX            1
 **********
 **********
 **   54 **FIX            2
 **********
 PARAMETER    2  IS CONSTANT.   IGNORED.
 **********
 **   55 **FIX            3
 **********
 **********
 **   56 **FIX            4
 **********
 **********
 **   57 **FIX            5
 **********
 PARAMETER    5  IS CONSTANT.   IGNORED.
 **********
 **   58 **FIX            6
 **********
 **********
 **   59 **FIX            7
 **********
 PARAMETER    7  IS CONSTANT.   IGNORED.
 **********
 **   60 **FIX            8
 **********
 **********
 **   61 **FIX            9
 **********
 **********
 **   62 **FIX           13
 **********
 **********
 **   63 **FIX           14
 **********
 **********
 **   64 **FIX           15
 **********
 PARAMETER   15  IS CONSTANT.   IGNORED.
 **********
 **   65 **FIX           16
 **********
 **********
 **   66 **MIGRAD
 **********
 START MIGRAD MINIMIZATION.  STRATEGY  1.  CONVERGENCE WHEN EDM .LT. 1.00e-04
 FCN=70.9383 FROM MIGRAD    STATUS=INITIATE       16 CALLS        1672 TOTAL
                     EDM= unknown      STRATEGY= 1      NO ERROR MATRIX       
  EXT PARAMETER               CURRENT GUESS       STEP         FIRST   
  NO.   NAME      VALUE            ERROR          SIZE      DERIVATIVE 
   1  N0           2.79653e+06     fixed    
   2  tau          6.44140e+01   constant   
   3  A0           3.57890e-01     fixed    
   4  phi          4.11599e+00     fixed    
   5  R           -6.26390e+01   constant   
   6  alpha_CBO   -1.84674e-03     fixed    
   7  w_CBO        2.32500e+00   constant   
   8  beta_CBO    -2.66877e-03     fixed    
   9  alpha_2CBO   5.58762e-04     fixed    
  10  beta_2CBO    2.76660e-04   3.16731e-04   3.16731e-04   1.77758e+03
  11  alpha_y      0.00000e+00   1.00000e-03   1.00000e-03  -1.33576e+04
  12  w_y          1.38860e+01   constant   
  13  beta_y      -3.60049e-05     fixed    
  14  alpha_vw     0.00000e+00     fixed    
  15  w_vw         1.43404e+01   constant   
  16  beta_vw      0.00000e+00     fixed    
  17  LM           3.79801e-04   constant   
  18  zeta_y       0.00000e+00   constant   
  19  zeta_vw      0.00000e+00   constant   
  20  T_CBO        1.62844e+02   5.68805e+01   9.00442e-05  -1.52185e-02
  21  alpha_A0     9.41110e-03   1.84208e-02  -2.66046e-03  -6.37930e-05
  22  beta_A0     -6.20534e-03   4.82610e-03   4.00565e-03   2.78165e-03
  23  alpha_phi   -9.51233e-05   4.68411e-03   6.17801e-04  -1.56136e-03
  24  beta_phi    -9.99980e-03   1.28222e-02  -2.08028e-03   1.42229e-04
 MIGRAD MINIMIZATION HAS CONVERGED.
 MIGRAD WILL VERIFY CONVERGENCE AND ERROR MATRIX.
 COVARIANCE MATRIX CALCULATED SUCCESSFULLY
 FCN=66.4275 FROM MIGRAD    STATUS=CONVERGED     174 CALLS        1830 TOTAL
                     EDM=3.18362e-05    STRATEGY= 1      ERROR MATRIX ACCURATE 
  EXT PARAMETER                                   STEP         FIRST   
  NO.   NAME      VALUE            ERROR          SIZE      DERIVATIVE 
   1  N0           2.79653e+06     fixed    
   2  tau          6.44140e+01   constant   
   3  A0           3.57890e-01     fixed    
   4  phi          4.11599e+00     fixed    
   5  R           -6.26390e+01   constant   
   6  alpha_CBO   -1.84674e-03     fixed    
   7  w_CBO        2.32500e+00   constant   
   8  beta_CBO    -2.66877e-03     fixed    
   9  alpha_2CBO   5.58762e-04     fixed    
  10  beta_2CBO    1.78158e-04   3.23385e-04   1.26472e-06  -6.29912e-01
  11  alpha_y      6.62284e-04   3.14728e-04   1.26144e-06  -1.16352e-01
  12  w_y          1.38860e+01   constant   
  13  beta_y      -3.60049e-05     fixed    
  14  alpha_vw     0.00000e+00     fixed    
  15  w_vw         1.43404e+01   constant   
  16  beta_vw      0.00000e+00     fixed    
  17  LM           3.79801e-04   constant   
  18  zeta_y       0.00000e+00   constant   
  19  zeta_vw      0.00000e+00   constant   
  20  T_CBO        1.62834e+02   2.26213e+02   3.98969e-04   6.43375e-03
  21  alpha_A0     9.56364e-03   1.05336e-02   6.03312e-03  -4.51589e-04
  22  beta_A0     -6.49541e-03   1.00739e-02   2.35166e-03   7.89271e-04
  23  alpha_phi    1.81717e-05   4.48129e-03   1.82825e-03   7.38285e-04
  24  beta_phi    -9.79279e-03   1.97016e-02   8.45190e-03   5.19242e-05
 EXTERNAL ERROR MATRIX.    NDIM=  25    NPAR=  7    ERR DEF=1
  1.046e-07 -8.223e-10  5.113e-04 -9.222e-08  2.108e-07 -2.486e-07  3.144e-08 
 -8.223e-10  9.905e-08 -1.201e-04  2.489e-08 -2.466e-08 -1.644e-08 -1.271e-08 
  5.113e-04 -1.201e-04  5.928e+04 -4.526e+00  3.042e+00 -3.296e-02 -4.566e+00 
 -9.222e-08  2.489e-08 -4.526e+00  3.654e-04 -2.336e-04  1.012e-06  3.480e-04 
  2.108e-07 -2.466e-08  3.042e+00 -2.336e-04  1.764e-04 -1.215e-06 -2.353e-04 
 -2.486e-07 -1.644e-08 -3.296e-02  1.012e-06 -1.215e-06  2.159e-05  1.874e-06 
  3.144e-08 -1.271e-08 -4.566e+00  3.480e-04 -2.353e-04  1.874e-06  3.702e-04 
 PARAMETER  CORRELATION COEFFICIENTS  
       NO.  GLOBAL     10     11     20     21     22     23     24
       10  0.22042   1.000 -0.008  0.006 -0.015  0.049 -0.165  0.005
       11  0.02690  -0.008  1.000 -0.002  0.004 -0.006 -0.011 -0.002
       20  0.98855   0.006 -0.002  1.000 -0.972  0.941 -0.029 -0.975
       21  0.97283  -0.015  0.004 -0.972  1.000 -0.920  0.011  0.946
       22  0.94210   0.049 -0.006  0.941 -0.920  1.000 -0.020 -0.921
       23  0.19137  -0.165 -0.011 -0.029  0.011 -0.020  1.000  0.021
       24  0.97491   0.005 -0.002 -0.975  0.946 -0.921  0.021  1.000
MINUIT - FIT ONLY 2-y
 **********
 **   67 **RES 
 **********
                   PARAMETER   16  beta_vw RESTORED TO VARIABLE.
                   PARAMETER   14  alpha_vw RESTORED TO VARIABLE.
                   PARAMETER   13  beta_y RESTORED TO VARIABLE.
                   PARAMETER    9  alpha_2CBO RESTORED TO VARIABLE.
                   PARAMETER    8  beta_CBO RESTORED TO VARIABLE.
                   PARAMETER    6  alpha_CBO RESTORED TO VARIABLE.
                   PARAMETER    4  phi RESTORED TO VARIABLE.
                   PARAMETER    3  A0 RESTORED TO VARIABLE.
                   PARAMETER    1  N0 RESTORED TO VARIABLE.
 **********
 **   68 **FIX            0
 **********
 PARAMETER    0  IS UNDEFINED. IGNORED.
 **********
 **   69 **FIX            1
 **********
 **********
 **   70 **FIX            2
 **********
 PARAMETER    2  IS CONSTANT.   IGNORED.
 **********
 **   71 **FIX            3
 **********
 **********
 **   72 **FIX            4
 **********
 **********
 **   73 **FIX            5
 **********
 PARAMETER    5  IS CONSTANT.   IGNORED.
 **********
 **   74 **FIX            6
 **********
 **********
 **   75 **FIX            7
 **********
 PARAMETER    7  IS CONSTANT.   IGNORED.
 **********
 **   76 **FIX            8
 **********
 **********
 **   77 **FIX            9
 **********
 **********
 **   78 **FIX           10
 **********
 **********
 **   79 **FIX           11
 **********
 **********
 **   80 **FIX           12
 **********
 PARAMETER   12  IS CONSTANT.   IGNORED.
 **********
 **   81 **FIX           16
 **********
 **********
 **   82 **MIGRAD
 **********
 START MIGRAD MINIMIZATION.  STRATEGY  1.  CONVERGENCE WHEN EDM .LT. 1.00e-04
 FCN=66.4275 FROM MIGRAD    STATUS=INITIATE       16 CALLS        1846 TOTAL
                     EDM= unknown      STRATEGY= 1      NO ERROR MATRIX       
  EXT PARAMETER               CURRENT GUESS       STEP         FIRST   
  NO.   NAME      VALUE            ERROR          SIZE      DERIVATIVE 
   1  N0           2.79653e+06     fixed    
   2  tau          6.44140e+01   constant   
   3  A0           3.57890e-01     fixed    
   4  phi          4.11599e+00     fixed    
   5  R           -6.26390e+01   constant   
   6  alpha_CBO   -1.84674e-03     fixed    
   7  w_CBO        2.32500e+00   constant   
   8  beta_CBO    -2.66877e-03     fixed    
   9  alpha_2CBO   5.58762e-04     fixed    
  10  beta_2CBO    1.78158e-04     fixed    
  11  alpha_y      6.62284e-04     fixed    
  12  w_y          1.38860e+01   constant   
  13  beta_y      -3.60049e-05   3.15480e-04   3.15480e-04   7.83682e+02
  14  alpha_vw     0.00000e+00   1.00000e-03   1.00000e-03  -2.19074e+03
  15  w_vw         1.43404e+01   constant   
  16  beta_vw      0.00000e+00     fixed    
  17  LM           3.79801e-04   constant   
  18  zeta_y       0.00000e+00   constant   
  19  zeta_vw      0.00000e+00   constant   
  20  T_CBO        1.62834e+02   2.26213e+02   3.98969e-04   6.42375e-03
  21  alpha_A0     9.56364e-03   1.05336e-02   6.03312e-03  -4.59737e-04
  22  beta_A0     -6.49541e-03   1.00739e-02   2.35166e-03   8.02364e-04
  23  alpha_phi    1.81717e-05   4.48129e-03   1.82825e-03   7.38258e-04
  24  beta_phi    -9.79279e-03   1.97016e-02   8.45190e-03  -3.96907e-05
 MIGRAD MINIMIZATION HAS CONVERGED.
 MIGRAD WILL VERIFY CONVERGENCE AND ERROR MATRIX.
 FCN=66.3021 FROM HESSE     STATUS=NOT POSDEF     54 CALLS        1932 TOTAL
                     EDM=9.15616e-05    STRATEGY= 1      ERR MATRIX NOT POS-DEF
  EXT PARAMETER                APPROXIMATE        STEP         FIRST   
  NO.   NAME      VALUE            ERROR          SIZE      DERIVATIVE 
   1  N0           2.79653e+06     fixed    
   2  tau          6.44140e+01   constant   
   3  A0           3.57890e-01     fixed    
   4  phi          4.11599e+00     fixed    
   5  R           -6.26390e+01   constant   
   6  alpha_CBO   -1.84674e-03     fixed    
   7  w_CBO        2.32500e+00   constant   
   8  beta_CBO    -2.66877e-03     fixed    
   9  alpha_2CBO   5.58762e-04     fixed    
  10  beta_2CBO    1.78158e-04     fixed    
  11  alpha_y      6.62284e-04     fixed    
  12  w_y          1.38860e+01   constant   
  13  beta_y      -6.07254e-05   3.17605e-04   1.26456e-06  -1.02614e+00
  14  alpha_vw     1.05690e-04   3.17365e-04   1.26401e-06  -3.63425e-01
  15  w_vw         1.43404e+01   constant   
  16  beta_vw      0.00000e+00     fixed    
  17  LM           3.79801e-04   constant   
  18  zeta_y       0.00000e+00   constant   
  19  zeta_vw      0.00000e+00   constant   
