 + ++++++++++++++++++++++++++++++++++++++++++++++++++++++++++++++++++++ +
 +                                                                      +
 +           You have chose to blind your fitting according to          +
 +                omega_ref * (1 + (R +/- deltaR) *10^{-6})             +
 +                                                                      +
 + ++++++++++++++++++++++++++++++++++++++++++++++++++++++++++++++++++++ +
In main()...
reading format from /gm2data/zkhechad/run45/envelope/formats/formatB_sBin_constraintOn.txt
pBinTau 	= 0  
pBinPhi 	= 0  
constraintau 	= 1 
includeMopTerm 	= 0    
constrainMop    = 0   
Parameters after format file: pBinTau 0 pBinPhi 0 constraintau 1 includeMopTerm 0 constrainMop 0 c_e_scale 0.000000 
Opening file /gm2data/tbarrett/gm2fr/studies/run23_bunch_corrections/CorrectedFourier_Run3b.root.
reading full fit data from /gm2data/zkhechad/cboTemplates/Run4CBOTemplates/templateFits0_v2.0/noRF/sBin_constraintOn_cE0.0_seed0_noRF_calo7.root
windowBins = 17
fitting sliding window 288 from bin 424 at 63.111600 to bin 441 at 65.797200 (17 bins)

Reading data from /gm2data/cornell/histograms/aMethod/histogram_a_noRF.root
 **********
 **    1 **SET PRINTOUT            1
 **********
 **********
 **    2 **SET NOWARNINGS 
 **********
 PARAMETER DEFINITIONS:
    NO.   NAME         VALUE      STEP SIZE      LIMITS
     1 N0           3.03263e+06  1.00000e+02     no limits
     2 tau          6.43884e+01  constant
     3 A0           3.50182e-01  1.00000e-04     no limits
     4 phi          4.11722e+00  1.00000e-02     no limits
     5 R           -6.17521e+01  constant
     6 alpha_CBO    0.00000e+00  1.00000e-03     no limits
     7 w_CBO        2.32500e+00  constant
     8 beta_CBO     0.00000e+00  1.00000e-03     no limits
     9 alpha_2CBO   0.00000e+00  1.00000e-03     no limits
    10 beta_2CBO    0.00000e+00  1.00000e-03     no limits
    11 alpha_y      0.00000e+00  1.00000e-03     no limits
    12 w_y          1.44500e+01  constant
    13 beta_y       0.00000e+00  1.00000e-03     no limits
    14 alpha_vw     0.00000e+00  1.00000e-03     no limits
    15 w_vw         1.29000e+01  constant
    16 beta_vw      0.00000e+00  1.00000e-03     no limits
    17 LM          -7.01586e-04  constant
    18 zeta_y       0.00000e+00  constant
    19 zeta_vw      0.00000e+00  constant
    20 T_CBO        1.00000e+02  1.00000e+00    0.00000e+00  1.00000e+03
    21 alpha_A0     0.00000e+00  1.00000e-03     no limits
    22 beta_A0      0.00000e+00  1.00000e-03     no limits
    23 alpha_phi    0.00000e+00  1.00000e-03     no limits
    24 beta_phi     0.00000e+00  1.00000e-03     no limits
MINUIT - FIT ONLY WIGGLE
 **********
 **    3 **FIX            5
 **********
 PARAMETER    5  IS CONSTANT.   IGNORED.
 **********
 **    4 **FIX            6
 **********
 **********
 **    5 **FIX            7
 **********
 PARAMETER    7  IS CONSTANT.   IGNORED.
 **********
 **    6 **FIX            8
 **********
 **********
 **    7 **FIX            9
 **********
 **********
 **    8 **FIX           10
 **********
 **********
 **    9 **FIX           11
 **********
 **********
 **   10 **FIX           12
 **********
 PARAMETER   12  IS CONSTANT.   IGNORED.
 **********
 **   11 **FIX           13
 **********
 **********
 **   12 **FIX           14
 **********
 **********
 **   13 **FIX           15
 **********
 PARAMETER   15  IS CONSTANT.   IGNORED.
 **********
 **   14 **FIX           16
 **********
 **********
 **   15 **MIGRAD
 **********
 FIRST CALL TO USER FUNCTION AT NEW START POINT, WITH IFLAG=4.
 START MIGRAD MINIMIZATION.  STRATEGY  1.  CONVERGENCE WHEN EDM .LT. 1.00e-04
 FCN=2388.59 FROM MIGRAD    STATUS=INITIATE      437 CALLS         438 TOTAL
                     EDM= unknown      STRATEGY= 1      NO ERROR MATRIX       
  EXT PARAMETER               CURRENT GUESS       STEP         FIRST   
  NO.   NAME      VALUE            ERROR          SIZE      DERIVATIVE 
   1  N0           3.03263e+06   1.00000e+02   0.00000e+00  -3.28911e-02
   2  tau          6.43884e+01   constant   
   3  A0           3.50182e-01   1.00000e-04   0.00000e+00  -1.78572e+05
   4  phi          4.11722e+00   1.00000e-02   0.00000e+00  -6.67120e+04
   5  R           -6.17521e+01   constant   
   6  alpha_CBO    0.00000e+00     fixed    
   7  w_CBO        2.32500e+00   constant   
   8  beta_CBO     0.00000e+00     fixed    
   9  alpha_2CBO   0.00000e+00     fixed    
  10  beta_2CBO    0.00000e+00     fixed    
  11  alpha_y      0.00000e+00     fixed    
  12  w_y          1.44500e+01   constant   
  13  beta_y       0.00000e+00     fixed    
  14  alpha_vw     0.00000e+00     fixed    
  15  w_vw         1.29000e+01   constant   
  16  beta_vw      0.00000e+00     fixed    
  17  LM          -7.01586e-04   constant   
  18  zeta_y       0.00000e+00   constant   
  19  zeta_vw      0.00000e+00   constant   
  20  T_CBO        1.00000e+02   1.00000e+00   0.00000e+00   0.00000e+00
  21  alpha_A0     0.00000e+00   1.00000e-03   0.00000e+00  -1.26935e+03
  22  beta_A0      0.00000e+00   1.00000e-03   0.00000e+00   2.11771e+04
  23  alpha_phi    0.00000e+00   1.00000e-03   0.00000e+00  -2.60389e+04
  24  beta_phi     0.00000e+00   1.00000e-03   0.00000e+00   2.38425e+04
 MIGRAD MINIMIZATION HAS CONVERGED.
 FCN=215.518 FROM MIGRAD    STATUS=CONVERGED    1229 CALLS        1230 TOTAL
                     EDM=8.43048e-06    STRATEGY= 1  ERROR MATRIX UNCERTAINTY   4.5 per cent
  EXT PARAMETER                                   STEP         FIRST   
  NO.   NAME      VALUE            ERROR          SIZE      DERIVATIVE 
   1  N0           3.01273e+06   1.38382e+03  -1.72847e+00  -5.32555e-06
   2  tau          6.43884e+01   constant   
   3  A0           3.59024e-01   1.56734e-03   3.01127e-06  -7.91529e+00
   4  phi          4.16538e+00   8.16356e-03  -9.81542e-06  -3.97768e+00
   5  R           -6.17521e+01   constant   
   6  alpha_CBO    0.00000e+00     fixed    
   7  w_CBO        2.32500e+00   constant   
   8  beta_CBO     0.00000e+00     fixed    
   9  alpha_2CBO   0.00000e+00     fixed    
  10  beta_2CBO    0.00000e+00     fixed    
  11  alpha_y      0.00000e+00     fixed    
  12  w_y          1.44500e+01   constant   
  13  beta_y       0.00000e+00     fixed    
  14  alpha_vw     0.00000e+00     fixed    
  15  w_vw         1.29000e+01   constant   
  16  beta_vw      0.00000e+00     fixed    
  17  LM          -7.01586e-04   constant   
  18  zeta_y       0.00000e+00   constant   
  19  zeta_vw      0.00000e+00   constant   
  20  T_CBO        2.82855e+01   2.18190e+00   5.37220e-06  -4.69689e-02
  21  alpha_A0    -8.85978e-02   2.56917e-02   1.66238e-05  -2.93945e+00
  22  beta_A0     -3.79564e-01   1.78797e-01   2.26489e-04   4.24688e-01
  23  alpha_phi   -2.88285e-01   1.75051e-01   1.78334e-04  -3.34608e-01
  24  beta_phi    -6.79001e-02   2.33498e-02  -6.23760e-06   1.89091e+00
 EXTERNAL ERROR MATRIX.    NDIM=  25    NPAR=  8    ERR DEF=1
  1.915e+06  1.068e+00 -8.685e+00  2.547e+03  2.803e+01  1.924e+02  1.926e+02  2.536e+01 
  1.068e+00  2.457e-06 -1.173e-05  2.393e-03  3.620e-05  2.541e-04  2.455e-04  3.194e-05 
 -8.685e+00 -1.173e-05  6.664e-05 -1.538e-02 -2.070e-04 -1.444e-03 -1.409e-03 -1.808e-04 
  2.547e+03  2.393e-03 -1.538e-02  4.761e+00  5.066e-02  3.580e-01  3.540e-01  4.494e-02 
  2.803e+01  3.620e-05 -2.070e-04  5.066e-02  6.601e-04  4.553e-03  4.472e-03  5.880e-04 
  1.924e+02  2.541e-04 -1.444e-03  3.580e-01  4.553e-03  3.197e-02  3.126e-02  3.992e-03 
  1.926e+02  2.455e-04 -1.409e-03  3.540e-01  4.472e-03  3.126e-02  3.064e-02  3.950e-03 
  2.536e+01  3.194e-05 -1.808e-04  4.494e-02  5.880e-04  3.992e-03  3.950e-03  5.452e-04 
 PARAMETER  CORRELATION COEFFICIENTS  
       NO.  GLOBAL      1      3      4     20     21     22     23     24
        1  0.96317   1.000  0.492 -0.769  0.844  0.788  0.778  0.795  0.785
        3  0.99430   0.492  1.000 -0.917  0.700  0.899  0.907  0.895  0.873
        4  0.99891  -0.769 -0.917  1.000 -0.863 -0.987 -0.989 -0.986 -0.949
       20  0.99470   0.844  0.700 -0.863  1.000  0.904  0.918  0.927  0.882
       21  0.99865   0.788  0.899 -0.987  0.904  1.000  0.991  0.994  0.980
       22  0.99993   0.778  0.907 -0.989  0.918  0.991  1.000  0.999  0.956
       23  0.99992   0.795  0.895 -0.986  0.927  0.994  0.999  1.000  0.966
       24  0.99640   0.785  0.873 -0.949  0.882  0.980  0.956  0.966  1.000
MINUIT - FIT ONLY 1-CBO + wiggle
 **********
 **   16 **RES 
 **********
                   PARAMETER   16  beta_vw RESTORED TO VARIABLE.
                   PARAMETER   14  alpha_vw RESTORED TO VARIABLE.
                   PARAMETER   13  beta_y RESTORED TO VARIABLE.
                   PARAMETER   11  alpha_y RESTORED TO VARIABLE.
                   PARAMETER   10  beta_2CBO RESTORED TO VARIABLE.
                   PARAMETER    9  alpha_2CBO RESTORED TO VARIABLE.
                   PARAMETER    8  beta_CBO RESTORED TO VARIABLE.
                   PARAMETER    6  alpha_CBO RESTORED TO VARIABLE.
 **********
 **   17 **FIX            8
 **********
 **********
 **   18 **FIX            9
 **********
 **********
 **   19 **FIX           11
 **********
 **********
 **   20 **FIX           12
 **********
 PARAMETER   12  IS CONSTANT.   IGNORED.
 **********
 **   21 **FIX           14
 **********
 **********
 **   22 **FIX           15
 **********
 PARAMETER   15  IS CONSTANT.   IGNORED.
 **********
 **   23 **FIX           16
 **********
 **********
 **   24 **MIGRAD
 **********
 START MIGRAD MINIMIZATION.  STRATEGY  1.  CONVERGENCE WHEN EDM .LT. 1.00e-04
 FCN=215.518 FROM MIGRAD    STATUS=INITIATE       28 CALLS        1258 TOTAL
                     EDM= unknown      STRATEGY= 1      NO ERROR MATRIX       
  EXT PARAMETER               CURRENT GUESS       STEP         FIRST   
  NO.   NAME      VALUE            ERROR          SIZE      DERIVATIVE 
   1  N0           3.01273e+06   1.38382e+03  -1.72847e+00  -5.32555e-06
   2  tau          6.43884e+01   constant   
   3  A0           3.59024e-01   1.56734e-03   3.01127e-06  -7.91529e+00
   4  phi          4.16538e+00   8.16356e-03  -9.81542e-06  -3.97768e+00
   5  R           -6.17521e+01   constant   
   6  alpha_CBO    0.00000e+00   1.00000e-03   1.00000e-03   1.13191e+01
   7  w_CBO        2.32500e+00   constant   
   8  beta_CBO     0.00000e+00     fixed    
   9  alpha_2CBO   0.00000e+00     fixed    
  10  beta_2CBO    0.00000e+00   1.00000e-03   1.00000e-03   4.29623e+03
  11  alpha_y      0.00000e+00     fixed    
  12  w_y          1.44500e+01   constant   
  13  beta_y       0.00000e+00   1.00000e-03   1.00000e-03  -1.24476e+05
  14  alpha_vw     0.00000e+00     fixed    
  15  w_vw         1.29000e+01   constant   
  16  beta_vw      0.00000e+00     fixed    
  17  LM          -7.01586e-04   constant   
  18  zeta_y       0.00000e+00   constant   
  19  zeta_vw      0.00000e+00   constant   
  20  T_CBO        2.82855e+01   2.18190e+00   5.37220e-06  -4.69668e-02
  21  alpha_A0    -8.85978e-02   2.56917e-02   1.66238e-05  -2.93945e+00
  22  beta_A0     -3.79564e-01   1.78797e-01   2.26489e-04   4.24689e-01
  23  alpha_phi   -2.88285e-01   1.75051e-01   1.78334e-04  -3.34608e-01
  24  beta_phi    -6.79001e-02   2.33498e-02  -6.23760e-06   1.89091e+00
 MIGRAD MINIMIZATION HAS CONVERGED.
 FCN=70.7918 FROM MIGRAD    STATUS=CONVERGED     489 CALLS        1719 TOTAL
                     EDM=1.84186e-06    STRATEGY= 1  ERROR MATRIX UNCERTAINTY   2.2 per cent
  EXT PARAMETER                                   STEP         FIRST   
  NO.   NAME      VALUE            ERROR          SIZE      DERIVATIVE 
   1  N0           3.00916e+06   1.38459e+03  -1.33516e+00  -2.64102e-06
   2  tau          6.43884e+01   constant   
   3  A0           3.63016e-01   1.25553e-03   5.22420e-06  -3.53518e+00
   4  phi          4.16721e+00   9.92555e-04  -1.13052e-06   2.09969e+00
   5  R           -6.17521e+01   constant   
   6  alpha_CBO   -3.08089e-03   1.94117e-03  -1.11866e-05  -4.33655e+00
   7  w_CBO        2.32500e+00   constant   
   8  beta_CBO     0.00000e+00     fixed    
   9  alpha_2CBO   0.00000e+00     fixed    
  10  beta_2CBO   -9.14141e-04   7.73750e-04   2.90551e-06  -4.35595e-01
  11  alpha_y      0.00000e+00     fixed    
  12  w_y          1.44500e+01   constant   
  13  beta_y       2.29450e-03   1.90961e-04   5.77419e-07   3.54846e+00
  14  alpha_vw     0.00000e+00     fixed    
  15  w_vw         1.29000e+01   constant   
  16  beta_vw      0.00000e+00     fixed    
  17  LM          -7.01586e-04   constant   
  18  zeta_y       0.00000e+00   constant   
  19  zeta_vw      0.00000e+00   constant   
  20  T_CBO        2.43820e+01   2.00512e+00  -7.49716e-05   1.57419e-01
  21  alpha_A0    -9.56098e-02   1.24753e-02   4.48282e-05   6.66662e-02
  22  beta_A0     -3.12863e-01   3.71656e-02  -1.27501e-04  -3.29451e-02
  23  alpha_phi   -1.70399e-01   1.40472e-01   8.33587e-04  -3.56603e-02
  24  beta_phi    -4.18949e-02   1.78552e-02   8.65406e-05   1.73421e-02
 EXTERNAL ERROR MATRIX.    NDIM=  25    NPAR= 11    ERR DEF=1
  1.917e+06 
 -1.347e+00  1.576e-06 
 -1.130e+00  7.498e-07  9.852e-07 
 -1.088e-02 -1.409e-06  1.857e-07  3.768e-06 
  6.342e-01 -5.155e-08 -4.734e-07 -1.070e-06  5.987e-07 
 -2.453e-02  5.017e-08  1.414e-08 -8.827e-08  1.239e-08  3.647e-08 
  4.299e+02 -1.771e-03 -4.308e-05  3.808e-03 -9.338e-04 -9.654e-05  4.021e+00 
  5.345e+00  1.984e-06 -4.888e-06 -1.714e-05  7.180e-06  1.982e-07 -1.611e-02  1.556e-04 
 -3.908e+01  1.347e-05  2.674e-05  4.028e-05 -2.683e-05 -2.000e-07  3.190e-02 -3.160e-04  1.381e-03 
  2.871e+01  8.111e-05 -3.361e-05 -2.677e-04  8.841e-05  5.773e-06 -2.651e-01  1.319e-03 -3.550e-03  1.973e-02 
 -1.012e+01  1.782e-05  5.301e-06 -2.521e-05  4.074e-06  5.702e-07 -2.859e-02  1.059e-04 -5.534e-05  1.662e-03  3.188e-04 
 PARAMETER  CORRELATION COEFFICIENTS  
       NO.  GLOBAL      1      3      4      6     10     13     20     21     22     23     24
        1  0.96715   1.000 -0.775 -0.822 -0.004  0.592 -0.093  0.155  0.309 -0.760  0.148 -0.409
        3  0.98485  -0.775  1.000  0.602 -0.578 -0.053  0.209 -0.704  0.127  0.289  0.460  0.795
        4  0.88179  -0.822  0.602  1.000  0.096 -0.616  0.075 -0.022 -0.395  0.725 -0.241  0.299
        6  0.99649  -0.004 -0.578  0.096  1.000 -0.713 -0.238  0.978 -0.708  0.558 -0.982 -0.727
       10  0.97064   0.592 -0.053 -0.616 -0.713  1.000  0.084 -0.602  0.744 -0.933  0.813  0.295
       13  0.30741  -0.093  0.209  0.075 -0.238  0.084  1.000 -0.252  0.083 -0.028  0.215  0.167
       20  0.99438   0.155 -0.704 -0.022  0.978 -0.602 -0.252  1.000 -0.644  0.428 -0.941 -0.799
       21  0.84403   0.309  0.127 -0.395 -0.708  0.744  0.083 -0.644  1.000 -0.681  0.753  0.476
       22  0.97700  -0.760  0.289  0.725  0.558 -0.933 -0.028  0.428 -0.681  1.000 -0.680 -0.083
       23  0.99639   0.148  0.460 -0.241 -0.982  0.813  0.215 -0.941  0.753 -0.680  1.000  0.663
       24  0.89553  -0.409  0.795  0.299 -0.727  0.295  0.167 -0.799  0.476 -0.083  0.663  1.000
MINUIT - FIT ONLY 2-CBO
 **********
 **   25 **RES 
 **********
                   PARAMETER   16  beta_vw RESTORED TO VARIABLE.
                   PARAMETER   14  alpha_vw RESTORED TO VARIABLE.
                   PARAMETER   11  alpha_y RESTORED TO VARIABLE.
                   PARAMETER    9  alpha_2CBO RESTORED TO VARIABLE.
                   PARAMETER    8  beta_CBO RESTORED TO VARIABLE.
 **********
 **   26 **FIX            0
 **********
 PARAMETER    0  IS UNDEFINED. IGNORED.
 **********
 **   27 **FIX            1
 **********
 **********
 **   28 **FIX            2
 **********
 PARAMETER    2  IS CONSTANT.   IGNORED.
 **********
 **   29 **FIX            3
 **********
 **********
 **   30 **FIX            4
 **********
 **********
 **   31 **FIX            5
 **********
 PARAMETER    5  IS CONSTANT.   IGNORED.
 **********
 **   32 **FIX            6
 **********
 **********
 **   33 **FIX            7
 **********
 PARAMETER    7  IS CONSTANT.   IGNORED.
 **********
 **   34 **FIX           10
 **********
 **********
 **   35 **FIX           11
 **********
 **********
 **   36 **FIX           12
 **********
 PARAMETER   12  IS CONSTANT.   IGNORED.
 **********
 **   37 **FIX           13
 **********
 **********
 **   38 **FIX           14
 **********
 **********
 **   39 **FIX           15
 **********
 PARAMETER   15  IS CONSTANT.   IGNORED.
 **********
 **   40 **FIX           16
 **********
 **********
 **   41 **MIGRAD
 **********
 START MIGRAD MINIMIZATION.  STRATEGY  1.  CONVERGENCE WHEN EDM .LT. 1.00e-04
 FCN=70.7918 FROM MIGRAD    STATUS=INITIATE       18 CALLS        1737 TOTAL
                     EDM= unknown      STRATEGY= 1      NO ERROR MATRIX       
  EXT PARAMETER               CURRENT GUESS       STEP         FIRST   
  NO.   NAME      VALUE            ERROR          SIZE      DERIVATIVE 
   1  N0           3.00916e+06     fixed    
   2  tau          6.43884e+01   constant   
   3  A0           3.63016e-01     fixed    
   4  phi          4.16721e+00     fixed    
   5  R           -6.17521e+01   constant   
   6  alpha_CBO   -3.08089e-03     fixed    
   7  w_CBO        2.32500e+00   constant   
   8  beta_CBO     0.00000e+00   1.00000e-03   1.00000e-03   6.62390e+01
   9  alpha_2CBO   0.00000e+00   1.00000e-03   1.00000e-03  -1.29068e+02
  10  beta_2CBO   -9.14141e-04     fixed    
  11  alpha_y      0.00000e+00     fixed    
  12  w_y          1.44500e+01   constant   
  13  beta_y       2.29450e-03     fixed    
  14  alpha_vw     0.00000e+00     fixed    
  15  w_vw         1.29000e+01   constant   
  16  beta_vw      0.00000e+00     fixed    
  17  LM          -7.01586e-04   constant   
  18  zeta_y       0.00000e+00   constant   
  19  zeta_vw      0.00000e+00   constant   
  20  T_CBO        2.43820e+01   2.00512e+00  -7.49716e-05   1.57420e-01
  21  alpha_A0    -9.56098e-02   1.24753e-02   4.48282e-05   6.66668e-02
  22  beta_A0     -3.12863e-01   3.71656e-02  -1.27501e-04  -3.29456e-02
  23  alpha_phi   -1.70399e-01   1.40472e-01   8.33587e-04  -3.56603e-02
  24  beta_phi    -4.18949e-02   1.78552e-02   8.65406e-05   1.73420e-02
 MIGRAD MINIMIZATION HAS CONVERGED.
 MIGRAD WILL VERIFY CONVERGENCE AND ERROR MATRIX.
 COVARIANCE MATRIX CALCULATED SUCCESSFULLY
 FCN=70.7912 FROM HESSE     STATUS=OK             50 CALLS        1884 TOTAL
                     EDM=7.45373e-05    STRATEGY= 1      ERROR MATRIX ACCURATE 
  EXT PARAMETER                                   STEP         FIRST   
  NO.   NAME      VALUE            ERROR          SIZE      DERIVATIVE 
   1  N0           3.00916e+06     fixed    
   2  tau          6.43884e+01   constant   
   3  A0           3.63016e-01     fixed    
   4  phi          4.16721e+00     fixed    
   5  R           -6.17521e+01   constant   
   6  alpha_CBO   -3.08089e-03     fixed    
   7  w_CBO        2.32500e+00   constant   
   8  beta_CBO     1.46517e-06   5.33134e-04   7.94662e-07  -7.27047e-03
   9  alpha_2CBO   8.98221e-06   4.58636e-04   7.69269e-07  -1.20290e-02
  10  beta_2CBO   -9.14141e-04     fixed    
  11  alpha_y      0.00000e+00     fixed    
  12  w_y          1.44500e+01   constant   
  13  beta_y       2.29450e-03     fixed    
  14  alpha_vw     0.00000e+00     fixed    
  15  w_vw         1.29000e+01   constant   
  16  beta_vw      0.00000e+00     fixed    
  17  LM          -7.01586e-04   constant   
  18  zeta_y       0.00000e+00   constant   
  19  zeta_vw      0.00000e+00   constant   
  20  T_CBO        2.43831e+01   2.34538e+01   8.86176e-06   5.25657e-02
  21  alpha_A0    -9.59172e-02   2.49774e-01   4.26604e-05   3.26070e-03
  22  beta_A0     -3.12819e-01   7.96056e-01   4.89842e-05   8.29942e-03
  23  alpha_phi   -1.70280e-01   4.32705e-01   5.65159e-05   4.14510e-03
  24  beta_phi    -4.22970e-02   1.05506e-01   4.81124e-05   3.41632e-04
 CALL LIMIT EXCEEDED IN MIGRAD.
 MIGRAD TERMINATED WITHOUT CONVERGENCE.
 FCN=70.7878 FROM MIGRAD    STATUS=CALL LIMIT   1156 CALLS        2875 TOTAL
                     EDM=5.53963e-05    STRATEGY= 1  ERROR MATRIX UNCERTAINTY  26.8 per cent
  EXT PARAMETER                APPROXIMATE        STEP         FIRST   
  NO.   NAME      VALUE            ERROR          SIZE      DERIVATIVE 
   1  N0           3.00916e+06     fixed    
   2  tau          6.43884e+01   constant   
   3  A0           3.63016e-01     fixed    
   4  phi          4.16721e+00     fixed    
   5  R           -6.17521e+01   constant   
   6  alpha_CBO   -3.08089e-03     fixed    
   7  w_CBO        2.32500e+00   constant   
   8  beta_CBO    -3.25724e-05   4.60119e-04  -8.86453e-07  -4.20973e+00
   9  alpha_2CBO   1.98890e-05   4.48483e-04   6.13858e-07  -4.00988e+01
  10  beta_2CBO   -9.14141e-04     fixed    
  11  alpha_y      0.00000e+00     fixed    
  12  w_y          1.44500e+01   constant   
  13  beta_y       2.29450e-03     fixed    
  14  alpha_vw     0.00000e+00     fixed    
  15  w_vw         1.29000e+01   constant   
  16  beta_vw      0.00000e+00     fixed    
  17  LM          -7.01586e-04   constant   
  18  zeta_y       0.00000e+00   constant   
  19  zeta_vw      0.00000e+00   constant   
  20  T_CBO        2.01775e+01   1.64762e+01  -1.09502e-03  -3.14932e+00
  21  alpha_A0    -1.68442e-01   4.46178e-01  -4.21828e-03  -3.81117e-01
  22  beta_A0     -5.42066e-01   1.37818e+00  -1.30581e-02   1.38215e-01
  23  alpha_phi   -2.94449e-01   7.39312e-01  -6.96283e-03   5.17878e-01
  24  beta_phi    -7.08801e-02   1.85683e-01  -1.65868e-03  -2.10852e-01
 EXTERNAL ERROR MATRIX.    NDIM=  25    NPAR=  7    ERR DEF=1
  2.117e-07  1.056e-07  1.283e-03  2.573e-05  9.437e-05  5.693e-05 -3.399e-06 
  1.056e-07  2.011e-07 -2.441e-03 -7.532e-05 -2.100e-04 -1.075e-04 -4.233e-05 
  1.283e-03 -2.441e-03  2.727e+02  7.353e+00  2.275e+01  1.220e+01  2.976e+00 
  2.573e-05 -7.532e-05  7.353e+00  1.991e-01  6.142e-01  3.292e-01  8.129e-02 
  9.437e-05 -2.100e-04  2.275e+01  6.142e-01  1.899e+00  1.018e+00  2.494e-01 
  5.693e-05 -1.075e-04  1.220e+01  3.292e-01  1.018e+00  5.466e-01  1.332e-01 
 -3.399e-06 -4.233e-05  2.976e+00  8.129e-02  2.494e-01  1.332e-01  3.448e-02 
ERR MATRIX APPROXIMATE
 PARAMETER  CORRELATION COEFFICIENTS  
       NO.  GLOBAL      8      9     20     21     22     23     24
        8  0.89103   1.000  0.512  0.169  0.125  0.149  0.167 -0.040
        9  0.92164   0.512  1.000 -0.330 -0.376 -0.340 -0.324 -0.508
       20  0.99974   0.169 -0.330  1.000  0.998  1.000  1.000  0.970
       21  0.99969   0.125 -0.376  0.998  1.000  0.999  0.998  0.981
       22  0.99986   0.149 -0.340  1.000  0.999  1.000  1.000  0.974
       23  0.99976   0.167 -0.324  1.000  0.998  1.000  1.000  0.970
       24  0.99687  -0.040 -0.508  0.970  0.981  0.974  0.970  1.000
 ERR MATRIX APPROXIMATE
MINUIT - FIT wiggle + 1-CBO + 2-CBO
 **********
 **   42 **RES 
 **********
                   PARAMETER   16  beta_vw RESTORED TO VARIABLE.
                   PARAMETER   14  alpha_vw RESTORED TO VARIABLE.
                   PARAMETER   13  beta_y RESTORED TO VARIABLE.
                   PARAMETER   11  alpha_y RESTORED TO VARIABLE.
                   PARAMETER   10  beta_2CBO RESTORED TO VARIABLE.
                   PARAMETER    6  alpha_CBO RESTORED TO VARIABLE.
                   PARAMETER    4  phi RESTORED TO VARIABLE.
                   PARAMETER    3  A0 RESTORED TO VARIABLE.
                   PARAMETER    1  N0 RESTORED TO VARIABLE.
 **********
 **   43 **FIX           10
 **********
 **********
 **   44 **FIX           11
 **********
 **********
 **   45 **FIX           12
 **********
 PARAMETER   12  IS CONSTANT.   IGNORED.
 **********
 **   46 **FIX           13
 **********
 **********
 **   47 **FIX           14
 **********
 **********
 **   48 **FIX           15
 **********
 PARAMETER   15  IS CONSTANT.   IGNORED.
 **********
 **   49 **FIX           16
 **********
 **********
 **   50 **MIGRAD
 **********
 START MIGRAD MINIMIZATION.  STRATEGY  1.  CONVERGENCE WHEN EDM .LT. 1.00e-04
 FCN=70.7878 FROM MIGRAD    STATUS=INITIATE       22 CALLS        2897 TOTAL
                     EDM= unknown      STRATEGY= 1      NO ERROR MATRIX       
  EXT PARAMETER               CURRENT GUESS       STEP         FIRST   
  NO.   NAME      VALUE            ERROR          SIZE      DERIVATIVE 
   1  N0           3.00916e+06   1.38459e+03   1.38459e+03  -1.74506e-05
   2  tau          6.43884e+01   constant   
   3  A0           3.63016e-01   1.25553e-03   1.25553e-03  -7.06481e+00
   4  phi          4.16721e+00   9.92555e-04   9.92555e-04   2.01025e+01
   5  R           -6.17521e+01   constant   
   6  alpha_CBO   -3.08089e-03   1.94117e-03   1.94117e-03   5.25897e+01
   7  w_CBO        2.32500e+00   constant   
   8  beta_CBO    -3.25724e-05   4.60119e-04  -8.86453e-07  -4.20972e+00
   9  alpha_2CBO   1.98890e-05   4.48483e-04   6.13858e-07  -4.00988e+01
  10  beta_2CBO   -9.14141e-04     fixed    
  11  alpha_y      0.00000e+00     fixed    
  12  w_y          1.44500e+01   constant   
  13  beta_y       2.29450e-03     fixed    
  14  alpha_vw     0.00000e+00     fixed    
  15  w_vw         1.29000e+01   constant   
  16  beta_vw      0.00000e+00     fixed    
  17  LM          -7.01586e-04   constant   
  18  zeta_y       0.00000e+00   constant   
  19  zeta_vw      0.00000e+00   constant   
  20  T_CBO        2.01775e+01   1.64762e+01  -1.09502e-03  -3.14933e+00
  21  alpha_A0    -1.68442e-01   4.46178e-01  -4.21828e-03  -3.81118e-01
  22  beta_A0     -5.42066e-01   1.37818e+00  -1.30581e-02   1.38215e-01
  23  alpha_phi   -2.94449e-01   7.39312e-01  -6.96283e-03   5.17878e-01
  24  beta_phi    -7.08801e-02   1.85683e-01  -1.65868e-03  -2.10852e-01
 MIGRAD MINIMIZATION HAS CONVERGED.
 MIGRAD WILL VERIFY CONVERGENCE AND ERROR MATRIX.
 FCN=70.6774 FROM HESSE     STATUS=NOT POSDEF    100 CALLS        3597 TOTAL
                     EDM=6.21813e-05    STRATEGY= 1      ERR MATRIX NOT POS-DEF
  EXT PARAMETER                APPROXIMATE        STEP         FIRST   
  NO.   NAME      VALUE            ERROR          SIZE      DERIVATIVE 
   1  N0           3.01571e+06   4.60458e+03   1.63968e+00   1.86301e-06
   2  tau          6.43884e+01   constant   
   3  A0           3.56978e-01   2.84178e-03   9.46736e-07   9.07232e+00
   4  phi          4.15912e+00   7.43616e-03   2.30223e-06  -3.50186e+00
   5  R           -6.17521e+01   constant   
   6  alpha_CBO   -2.17897e-03   1.77152e-03   7.49389e-07  -1.96547e+01
   7  w_CBO        2.32500e+00   constant   
   8  beta_CBO    -4.08847e-03   1.76990e-03   7.94926e-07  -1.38008e+01
   9  alpha_2CBO  -3.61220e-04   6.45780e-04   7.69040e-07  -1.33572e+01
  10  beta_2CBO   -9.14141e-04     fixed    
  11  alpha_y      0.00000e+00     fixed    
  12  w_y          1.44500e+01   constant   
  13  beta_y       2.29450e-03     fixed    
  14  alpha_vw     0.00000e+00     fixed    
  15  w_vw         1.29000e+01   constant   
  16  beta_vw      0.00000e+00     fixed    
  17  LM          -7.01586e-04   constant   
  18  zeta_y       0.00000e+00   constant   
  19  zeta_vw      0.00000e+00   constant   
  20  T_CBO        1.93141e+01   3.15308e+00   7.18619e-06   9.11591e-01
  21  alpha_A0    -4.35877e-02   2.22431e-01   8.65360e-05  -1.28686e-01
  22  beta_A0     -5.23519e-01   2.61464e-01   9.96312e-05   6.96811e-03
  23  alpha_phi   -3.53361e-01   2.48351e-01   1.13030e-04  -1.22019e-01
  24  beta_phi     7.80042e-02   2.41279e-01   9.70794e-05  -8.19857e-02
 CALL LIMIT EXCEEDED IN MIGRAD.
 MIGRAD TERMINATED WITHOUT CONVERGENCE.
 FCN=68.954 FROM MIGRAD    STATUS=CALL LIMIT   1914 CALLS        4789 TOTAL
                     EDM=0.0571992    STRATEGY= 1      ERR MATRIX NOT POS-DEF
  EXT PARAMETER                APPROXIMATE        STEP         FIRST   
  NO.   NAME      VALUE            ERROR          SIZE      DERIVATIVE 
   1  N0           2.99467e+06   1.02798e+04   1.05230e+03   3.09974e-04
   2  tau          6.43884e+01   constant   
   3  A0           2.92863e-01   1.75178e-02  -6.52245e-04  -8.27631e+01
   4  phi          4.12160e+00   8.04478e-03  -7.51393e-05   2.85893e+02
   5  R           -6.17521e+01   constant   
   6  alpha_CBO    1.07216e-02   4.71344e-03   3.75564e-04   1.03696e+03
   7  w_CBO        2.32500e+00   constant   
   8  beta_CBO    -3.21552e-02   9.23443e-03  -1.98077e-04   7.40759e+01
   9  alpha_2CBO   7.97251e-04   1.53193e-03   1.40421e-04  -8.08378e+02
  10  beta_2CBO   -9.14141e-04     fixed    
  11  alpha_y      0.00000e+00     fixed    
  12  w_y          1.44500e+01   constant   
  13  beta_y       2.29450e-03     fixed    
  14  alpha_vw     0.00000e+00     fixed    
  15  w_vw         1.29000e+01   constant   
  16  beta_vw      0.00000e+00     fixed    
  17  LM          -7.01586e-04   constant   
  18  zeta_y       0.00000e+00   constant   
  19  zeta_vw      0.00000e+00   constant   
  20  T_CBO        2.03606e+01   4.30309e-01   5.18651e-05  -9.22832e+00
  21  alpha_A0     3.68843e+00   8.34889e-01  -3.89799e-02   3.06919e+00
  22  beta_A0     -3.07356e+00   8.22367e-01  -5.60606e-02   3.23592e+00
  23  alpha_phi   -3.76050e+00   9.66951e-01  -6.14859e-02   5.53339e+00
  24  beta_phi    -2.49930e+00   4.64884e-01  -2.77877e-03  -7.46275e+00
 EXTERNAL ERROR MATRIX.    NDIM=  25    NPAR= 11    ERR DEF=1
  1.057e+08 
 -8.106e+01  3.069e-04 
 -3.131e+01  1.289e-04  6.472e-05 
  2.120e+01 -5.330e-05 -1.340e-05  2.222e-05 
 -4.255e+01  1.569e-04  7.208e-05 -1.967e-05  8.527e-05 
  3.634e+00 -5.402e-06  1.598e-06  6.125e-06  4.774e-07  2.347e-06 
  1.380e+03 -7.352e-03 -3.272e-03  1.001e-03 -3.897e-03  1.976e-05  1.852e-01 
 -1.032e+03 -1.112e-02 -5.698e-03  4.679e-04 -6.364e-03 -3.836e-04  3.141e-01  6.970e-01 
 -2.880e+03  1.156e-02  3.466e-03 -3.674e-03  4.809e-03 -9.022e-04 -2.462e-01 -2.678e-01  6.763e-01 
 -3.946e+03  1.381e-02  4.297e-03 -4.379e-03  5.830e-03 -1.046e-03 -2.925e-01 -3.057e-01  7.905e-01  9.350e-01 
  1.661e+03  3.579e-03  7.999e-04 -1.450e-03  1.113e-03 -4.449e-04 -8.316e-02 -1.535e-01  2.876e-01  3.188e-01  2.161e-01 
ERR MATRIX NOT POS-DEF
 PARAMETER  CORRELATION COEFFICIENTS  
       NO.  GLOBAL      1      3      4      6      8      9     20     21     22     23     24
        1  0.99994   1.000 -0.450 -0.379  0.438 -0.448  0.231  0.312 -0.120 -0.341 -0.397  0.348
        3  0.99999  -0.450  1.000  0.915 -0.645  0.970 -0.201 -0.975 -0.761  0.802  0.815  0.439
        4  0.99970  -0.379  0.915  1.000 -0.353  0.970  0.130 -0.945 -0.848  0.524  0.552  0.214
        6  0.99988   0.438 -0.645 -0.353  1.000 -0.452  0.848  0.494  0.119 -0.948 -0.961 -0.662
        8  0.99988  -0.448  0.970  0.970 -0.452  1.000  0.034 -0.981 -0.825  0.633  0.653  0.259
        9  0.99772   0.231 -0.201  0.130  0.848  0.034  1.000  0.030 -0.300 -0.716 -0.706 -0.625
       20  0.99861   0.312 -0.975 -0.945  0.494 -0.981  0.030  1.000  0.874 -0.696 -0.703 -0.416
       21  0.99995  -0.120 -0.761 -0.848  0.119 -0.825 -0.300  0.874  1.000 -0.390 -0.379 -0.396
       22  0.99979  -0.341  0.802  0.524 -0.948  0.633 -0.716 -0.696 -0.390  1.000  0.994  0.752
       23  0.99992  -0.397  0.815  0.552 -0.961  0.653 -0.706 -0.703 -0.379  0.994  1.000  0.709
       24  0.99988   0.348  0.439  0.214 -0.662  0.259 -0.625 -0.416 -0.396  0.752  0.709  1.000
 ERR MATRIX NOT POS-DEF
MINUIT - FIT ONLY 1-y
 **********
 **   51 **RES 
 **********
                   PARAMETER   16  beta_vw RESTORED TO VARIABLE.
                   PARAMETER   14  alpha_vw RESTORED TO VARIABLE.
                   PARAMETER   13  beta_y RESTORED TO VARIABLE.
                   PARAMETER   11  alpha_y RESTORED TO VARIABLE.
                   PARAMETER   10  beta_2CBO RESTORED TO VARIABLE.
 **********
 **   52 **FIX            0
 **********
 PARAMETER    0  IS UNDEFINED. IGNORED.
 **********
 **   53 **FIX            1
 **********
 **********
 **   54 **FIX            2
 **********
 PARAMETER    2  IS CONSTANT.   IGNORED.
 **********
 **   55 **FIX            3
 **********
 **********
 **   56 **FIX            4
 **********
 **********
 **   57 **FIX            5
 **********
 PARAMETER    5  IS CONSTANT.   IGNORED.
 **********
 **   58 **FIX            6
 **********
 **********
 **   59 **FIX            7
 **********
 PARAMETER    7  IS CONSTANT.   IGNORED.
 **********
 **   60 **FIX            8
 **********
 **********
 **   61 **FIX            9
 **********
 **********
 **   62 **FIX           13
 **********
 **********
 **   63 **FIX           14
 **********
 **********
 **   64 **FIX           15
 **********
 PARAMETER   15  IS CONSTANT.   IGNORED.
 **********
 **   65 **FIX           16
 **********
 **********
 **   66 **MIGRAD
 **********
 START MIGRAD MINIMIZATION.  STRATEGY  1.  CONVERGENCE WHEN EDM .LT. 1.00e-04
 FCN=68.954 FROM MIGRAD    STATUS=INITIATE       16 CALLS        4805 TOTAL
                     EDM= unknown      STRATEGY= 1      NO ERROR MATRIX       
  EXT PARAMETER               CURRENT GUESS       STEP         FIRST   
  NO.   NAME      VALUE            ERROR          SIZE      DERIVATIVE 
   1  N0           2.99467e+06     fixed    
   2  tau          6.43884e+01   constant   
   3  A0           2.92863e-01     fixed    
   4  phi          4.12160e+00     fixed    
   5  R           -6.17521e+01   constant   
   6  alpha_CBO    1.07216e-02     fixed    
   7  w_CBO        2.32500e+00   constant   
   8  beta_CBO    -3.21552e-02     fixed    
   9  alpha_2CBO   7.97251e-04     fixed    
  10  beta_2CBO   -9.14141e-04   7.73750e-04   7.73750e-04  -3.22900e+02
  11  alpha_y      0.00000e+00   1.00000e-03   1.00000e-03  -7.37289e+04
  12  w_y          1.44500e+01   constant   
  13  beta_y       2.29450e-03     fixed    
  14  alpha_vw     0.00000e+00     fixed    
  15  w_vw         1.29000e+01   constant   
  16  beta_vw      0.00000e+00     fixed    
  17  LM          -7.01586e-04   constant   
  18  zeta_y       0.00000e+00   constant   
  19  zeta_vw      0.00000e+00   constant   
  20  T_CBO        2.03606e+01   4.30309e-01   5.18651e-05  -9.22831e+00
  21  alpha_A0     3.68843e+00   8.34889e-01  -3.89799e-02   3.06919e+00
  22  beta_A0     -3.07356e+00   8.22367e-01  -5.60606e-02   3.23592e+00
  23  alpha_phi   -3.76050e+00   9.66951e-01  -6.14859e-02   5.53339e+00
  24  beta_phi    -2.49930e+00   4.64884e-01  -2.77877e-03  -7.46275e+00
 MIGRAD MINIMIZATION HAS CONVERGED.
 MIGRAD WILL VERIFY CONVERGENCE AND ERROR MATRIX.
 FCN=19.184 FROM HESSE     STATUS=NOT POSDEF     50 CALLS        4950 TOTAL
                     EDM=0.000114122    STRATEGY= 1      ERR MATRIX NOT POS-DEF
  EXT PARAMETER                APPROXIMATE        STEP         FIRST   
  NO.   NAME      VALUE            ERROR          SIZE      DERIVATIVE 
   1  N0           2.99467e+06     fixed    
   2  tau          6.43884e+01   constant   
   3  A0           2.92863e-01     fixed    
   4  phi          4.12160e+00     fixed    
   5  R           -6.17521e+01   constant   
   6  alpha_CBO    1.07216e-02     fixed    
   7  w_CBO        2.32500e+00   constant   
   8  beta_CBO    -3.21552e-02     fixed    
   9  alpha_2CBO   7.97251e-04     fixed    
  10  beta_2CBO   -9.92698e-04   2.97358e-04   4.11653e-07  -2.30027e-01
  11  alpha_y      1.34928e-03   1.91074e-04   4.17804e-07  -7.08305e-01
  12  w_y          1.44500e+01   constant   
  13  beta_y       2.29450e-03     fixed    
  14  alpha_vw     0.00000e+00     fixed    
  15  w_vw         1.29000e+01   constant   
  16  beta_vw      0.00000e+00     fixed    
  17  LM          -7.01586e-04   constant   
  18  zeta_y       0.00000e+00   constant   
  19  zeta_vw      0.00000e+00   constant   
  20  T_CBO        2.03654e+01   3.79169e-01   6.12451e-07   4.52885e+00
  21  alpha_A0     3.69208e+00   2.17298e-01   5.69914e-05  -1.39245e-02
  22  beta_A0     -3.07535e+00   1.84870e-01   6.78196e-05   7.30282e-03
  23  alpha_phi   -3.76906e+00   2.18875e-01   5.42346e-05   1.43009e-02
  24  beta_phi    -2.49401e+00   1.47714e-01   4.90197e-05   1.22032e-02
 CALL LIMIT EXCEEDED IN MIGRAD.
 MIGRAD TERMINATED WITHOUT CONVERGENCE.
 FCN=19.0791 FROM MIGRAD    STATUS=CALL LIMIT   1156 CALLS        5945 TOTAL
                     EDM=0.000767386    STRATEGY= 1      ERR MATRIX NOT POS-DEF
  EXT PARAMETER                APPROXIMATE        STEP         FIRST   
  NO.   NAME      VALUE            ERROR          SIZE      DERIVATIVE 
   1  N0           2.99467e+06     fixed    
   2  tau          6.43884e+01   constant   
   3  A0           2.92863e-01     fixed    
   4  phi          4.12160e+00     fixed    
   5  R           -6.17521e+01   constant   
   6  alpha_CBO    1.07216e-02     fixed    
   7  w_CBO        2.32500e+00   constant   
   8  beta_CBO    -3.21552e-02     fixed    
   9  alpha_2CBO   7.97251e-04     fixed    
  10  beta_2CBO   -8.87336e-04   2.71086e-04  -6.17978e-07  -6.08269e+01
  11  alpha_y      1.35298e-03   1.87019e-04   5.81409e-08   1.25416e+02
  12  w_y          1.44500e+01   constant   
  13  beta_y       2.29450e-03     fixed    
  14  alpha_vw     0.00000e+00     fixed    
  15  w_vw         1.29000e+01   constant   
  16  beta_vw      0.00000e+00     fixed    
  17  LM          -7.01586e-04   constant   
  18  zeta_y       0.00000e+00   constant   
  19  zeta_vw      0.00000e+00   constant   
  20  T_CBO        1.80861e+01   9.92536e-01   6.32093e-05  -8.82342e+01
  21  alpha_A0     5.48594e+00   1.06765e+00  -8.63301e-03   3.90155e-02
  22  beta_A0     -4.57091e+00   8.81699e-01   7.08743e-03  -6.41372e-03
  23  alpha_phi   -5.56920e+00   1.05966e+00   8.53314e-03   4.64128e-01
  24  beta_phi    -3.70926e+00   7.16522e-01   5.76726e-03   3.30897e-01
 EXTERNAL ERROR MATRIX.    NDIM=  25    NPAR=  7    ERR DEF=1
  7.349e-08  4.084e-09 -1.536e-06  3.892e-06 -1.007e-05  3.101e-06  7.521e-08 
  4.084e-09  3.498e-08 -9.004e-05  9.669e-05 -8.152e-05 -9.748e-05 -6.590e-05 
 -1.536e-06 -9.004e-05  9.851e-01 -1.059e+00  8.737e-01  1.051e+00  7.107e-01 
  3.892e-06  9.669e-05 -1.059e+00  1.140e+00 -9.397e-01 -1.130e+00 -7.640e-01 
 -1.007e-05 -8.152e-05  8.737e-01 -9.397e-01  7.774e-01  9.321e-01  6.306e-01 
  3.101e-06 -9.748e-05  1.051e+00 -1.130e+00  9.321e-01  1.123e+00  7.586e-01 
  7.521e-08 -6.590e-05  7.107e-01 -7.640e-01  6.306e-01  7.586e-01  5.134e-01 
ERR MATRIX NOT POS-DEF
 PARAMETER  CORRELATION COEFFICIENTS  
       NO.  GLOBAL     10     11     20     21     22     23     24
       10  0.80161   1.000  0.081 -0.006  0.013 -0.042  0.011  0.000
       11  0.59376   0.081  1.000 -0.485  0.484 -0.494 -0.492 -0.492
       20  0.99983  -0.006 -0.485  1.000 -0.999  0.998  0.999  0.999
       21  0.99949   0.013  0.484 -0.999  1.000 -0.998 -0.999 -0.999
       22  0.99928  -0.042 -0.494  0.998 -0.998  1.000  0.998  0.998
       23  0.99969   0.011 -0.492  0.999 -0.999  0.998  1.000  0.999
       24  0.99948   0.000 -0.492  0.999 -0.999  0.998  0.999  1.000
 ERR MATRIX NOT POS-DEF
MINUIT - FIT ONLY 2-y
 **********
 **   67 **RES 
 **********
                   PARAMETER   16  beta_vw RESTORED TO VARIABLE.
                   PARAMETER   14  alpha_vw RESTORED TO VARIABLE.
                   PARAMETER   13  beta_y RESTORED TO VARIABLE.
                   PARAMETER    9  alpha_2CBO RESTORED TO VARIABLE.
                   PARAMETER    8  beta_CBO RESTORED TO VARIABLE.
                   PARAMETER    6  alpha_CBO RESTORED TO VARIABLE.
                   PARAMETER    4  phi RESTORED TO VARIABLE.
                   PARAMETER    3  A0 RESTORED TO VARIABLE.
                   PARAMETER    1  N0 RESTORED TO VARIABLE.
 **********
 **   68 **FIX            0
 **********
 PARAMETER    0  IS UNDEFINED. IGNORED.
 **********
 **   69 **FIX            1
 **********
 **********
 **   70 **FIX            2
 **********
 PARAMETER    2  IS CONSTANT.   IGNORED.
 **********
 **   71 **FIX            3
 **********
 **********
 **   72 **FIX            4
 **********
 **********
 **   73 **FIX            5
 **********
 PARAMETER    5  IS CONSTANT.   IGNORED.
 **********
 **   74 **FIX            6
 **********
 **********
