 + ++++++++++++++++++++++++++++++++++++++++++++++++++++++++++++++++++++ +
 +                                                                      +
 +           You have chose to blind your fitting according to          +
 +                omega_ref * (1 + (R +/- deltaR) *10^{-6})             +
 +                                                                      +
 + ++++++++++++++++++++++++++++++++++++++++++++++++++++++++++++++++++++ +
In main()...
reading format from /gm2data/zkhechad/run45/envelope/formats/formatB_sBin_constraintOn.txt
pBinTau 	= 0  
pBinPhi 	= 0  
constraintau 	= 1 
includeMopTerm 	= 0    
constrainMop    = 0   
Parameters after format file: pBinTau 0 pBinPhi 0 constraintau 1 includeMopTerm 0 constrainMop 0 c_e_scale 0.000000 
Opening file /gm2data/tbarrett/gm2fr/studies/run23_bunch_corrections/CorrectedFourier_Run3b.root.
reading full fit data from /gm2data/zkhechad/cboTemplates/Run4CBOTemplates/templateFits0_v2.0/noRF/sBin_constraintOn_cE0.0_seed0_noRF_calo0.root
windowBins = 17
fitting sliding window 432 from bin 568 at 84.596400 to bin 585 at 87.282000 (17 bins)

Reading data from /gm2data/cornell/histograms/aMethod/histogram_a_noRF.root
 **********
 **    1 **SET PRINTOUT            1
 **********
 **********
 **    2 **SET NOWARNINGS 
 **********
 PARAMETER DEFINITIONS:
    NO.   NAME         VALUE      STEP SIZE      LIMITS
     1 N0           7.53704e+07  1.00000e+02     no limits
     2 tau          6.43893e+01  constant
     3 A0           3.53537e-01  1.00000e-04     no limits
     4 phi          4.11945e+00  1.00000e-02     no limits
     5 R           -6.07681e+01  constant
     6 alpha_CBO    0.00000e+00  1.00000e-03     no limits
     7 w_CBO        2.32500e+00  constant
     8 beta_CBO     0.00000e+00  1.00000e-03     no limits
     9 alpha_2CBO   0.00000e+00  1.00000e-03     no limits
    10 beta_2CBO    0.00000e+00  1.00000e-03     no limits
    11 alpha_y      0.00000e+00  1.00000e-03     no limits
    12 w_y          1.44500e+01  constant
    13 beta_y       0.00000e+00  1.00000e-03     no limits
    14 alpha_vw     0.00000e+00  1.00000e-03     no limits
    15 w_vw         1.29000e+01  constant
    16 beta_vw      0.00000e+00  1.00000e-03     no limits
    17 LM          -5.35738e-04  constant
    18 zeta_y       0.00000e+00  constant
    19 zeta_vw      0.00000e+00  constant
    20 T_CBO        1.00000e+02  1.00000e+00    0.00000e+00  1.00000e+03
    21 alpha_A0     0.00000e+00  1.00000e-03     no limits
    22 beta_A0      0.00000e+00  1.00000e-03     no limits
    23 alpha_phi    0.00000e+00  1.00000e-03     no limits
    24 beta_phi     0.00000e+00  1.00000e-03     no limits
MINUIT - FIT ONLY WIGGLE
 **********
 **    3 **FIX            5
 **********
 PARAMETER    5  IS CONSTANT.   IGNORED.
 **********
 **    4 **FIX            6
 **********
 **********
 **    5 **FIX            7
 **********
 PARAMETER    7  IS CONSTANT.   IGNORED.
 **********
 **    6 **FIX            8
 **********
 **********
 **    7 **FIX            9
 **********
 **********
 **    8 **FIX           10
 **********
 **********
 **    9 **FIX           11
 **********
 **********
 **   10 **FIX           12
 **********
 PARAMETER   12  IS CONSTANT.   IGNORED.
 **********
 **   11 **FIX           13
 **********
 **********
 **   12 **FIX           14
 **********
 **********
 **   13 **FIX           15
 **********
 PARAMETER   15  IS CONSTANT.   IGNORED.
 **********
 **   14 **FIX           16
 **********
 **********
 **   15 **MIGRAD
 **********
 FIRST CALL TO USER FUNCTION AT NEW START POINT, WITH IFLAG=4.
 START MIGRAD MINIMIZATION.  STRATEGY  1.  CONVERGENCE WHEN EDM .LT. 1.00e-04
 FCN=802.884 FROM MIGRAD    STATUS=INITIATE      435 CALLS         436 TOTAL
                     EDM= unknown      STRATEGY= 1      NO ERROR MATRIX       
  EXT PARAMETER               CURRENT GUESS       STEP         FIRST   
  NO.   NAME      VALUE            ERROR          SIZE      DERIVATIVE 
   1  N0           7.53704e+07   1.00000e+02   0.00000e+00  -6.22392e-04
   2  tau          6.43893e+01   constant   
   3  A0           3.53537e-01   1.00000e-04   0.00000e+00  -8.80519e+04
   4  phi          4.11945e+00   1.00000e-02   0.00000e+00  -3.54906e+05
   5  R           -6.07681e+01   constant   
   6  alpha_CBO    0.00000e+00     fixed    
   7  w_CBO        2.32500e+00   constant   
   8  beta_CBO     0.00000e+00     fixed    
   9  alpha_2CBO   0.00000e+00     fixed    
  10  beta_2CBO    0.00000e+00     fixed    
  11  alpha_y      0.00000e+00     fixed    
  12  w_y          1.44500e+01   constant   
  13  beta_y       0.00000e+00     fixed    
  14  alpha_vw     0.00000e+00     fixed    
  15  w_vw         1.29000e+01   constant   
  16  beta_vw      0.00000e+00     fixed    
  17  LM          -5.35738e-04   constant   
  18  zeta_y       0.00000e+00   constant   
  19  zeta_vw      0.00000e+00   constant   
  20  T_CBO        1.00000e+02   1.00000e+00   0.00000e+00   0.00000e+00
  21  alpha_A0     0.00000e+00   1.00000e-03   0.00000e+00   1.24864e+04
  22  beta_A0      0.00000e+00   1.00000e-03   0.00000e+00  -2.80766e+04
  23  alpha_phi    0.00000e+00   1.00000e-03   0.00000e+00  -8.08116e+04
  24  beta_phi     0.00000e+00   1.00000e-03   0.00000e+00   1.91895e+04
 CALL LIMIT EXCEEDED IN MIGRAD.
 MIGRAD TERMINATED WITHOUT CONVERGENCE.
 FCN=83.7144 FROM MIGRAD    STATUS=CALL LIMIT   1328 CALLS        1329 TOTAL
                     EDM=0.00308004    STRATEGY= 1  ERROR MATRIX UNCERTAINTY   6.5 per cent
  EXT PARAMETER                APPROXIMATE        STEP         FIRST   
  NO.   NAME      VALUE            ERROR          SIZE      DERIVATIVE 
   1  N0           7.53567e+07   4.60736e+03  -2.26500e+02   1.07791e-06
   2  tau          6.43893e+01   constant   
   3  A0           3.53926e-01   1.26621e-04   4.23418e-06  -7.76457e+01
   4  phi          4.12487e+00   9.55085e-04   6.63671e-05   6.16753e+02
   5  R           -6.07681e+01   constant   
   6  alpha_CBO    0.00000e+00     fixed    
   7  w_CBO        2.32500e+00   constant   
   8  beta_CBO     0.00000e+00     fixed    
   9  alpha_2CBO   0.00000e+00     fixed    
  10  beta_2CBO    0.00000e+00     fixed    
  11  alpha_y      0.00000e+00     fixed    
  12  w_y          1.44500e+01   constant   
  13  beta_y       0.00000e+00     fixed    
  14  alpha_vw     0.00000e+00     fixed    
  15  w_vw         1.29000e+01   constant   
  16  beta_vw      0.00000e+00     fixed    
  17  LM          -5.35738e-04   constant   
  18  zeta_y       0.00000e+00   constant   
  19  zeta_vw      0.00000e+00   constant   
  20  T_CBO        3.39496e+01   5.71707e+00  -1.75427e-03  -1.17778e+01
  21  alpha_A0    -4.42105e-03   7.78276e-04  -4.41816e-05   5.03865e+01
  22  beta_A0     -5.26551e-02   3.48417e-02  -2.12613e-03  -1.73256e+01
  23  alpha_phi   -1.80298e-02   2.22774e-02  -1.34959e-03   6.41842e+01
  24  beta_phi    -9.01768e-03   3.24407e-03  -1.98279e-04   4.48405e+01
 EXTERNAL ERROR MATRIX.    NDIM=  25    NPAR=  8    ERR DEF=1
  2.123e+07 -4.803e-01 -2.530e+00  1.631e+04  1.129e+00  9.676e+01  6.230e+01  7.003e+00 
 -4.803e-01  1.603e-08  3.918e-08 -2.951e-04 -1.839e-08 -1.610e-06 -1.042e-06 -7.068e-08 
 -2.530e+00  3.918e-08  9.122e-07 -5.039e-03 -5.533e-07 -3.258e-05 -2.082e-05 -2.962e-06 
  1.631e+04 -2.951e-04 -5.039e-03  3.270e+01  2.955e-03  1.950e-01  1.246e-01  1.703e-02 
  1.129e+00 -1.839e-08 -5.533e-07  2.955e-03  6.057e-07  1.918e-05  1.231e-05  2.016e-06 
  9.676e+01 -1.610e-06 -3.258e-05  1.950e-01  1.918e-05  1.214e-03  7.760e-04  1.079e-04 
  6.230e+01 -1.042e-06 -2.082e-05  1.246e-01  1.231e-05  7.760e-04  4.963e-04  6.895e-05 
  7.003e+00 -7.068e-08 -2.962e-06  1.703e-02  2.016e-06  1.079e-04  6.895e-05  1.052e-05 
ERR MATRIX APPROXIMATE
 PARAMETER  CORRELATION COEFFICIENTS  
       NO.  GLOBAL      1      3      4     20     21     22     23     24
        1  0.91029   1.000 -0.823 -0.575  0.619  0.315  0.603  0.607  0.469
        3  0.92458  -0.823  1.000  0.324 -0.408 -0.187 -0.365 -0.369 -0.172
        4  0.99587  -0.575  0.324  1.000 -0.923 -0.744 -0.979 -0.978 -0.956
       20  0.99545   0.619 -0.408 -0.923  1.000  0.664  0.979  0.978  0.918
       21  0.88869   0.315 -0.187 -0.744  0.664  1.000  0.707  0.710  0.798
       22  0.99986   0.603 -0.365 -0.979  0.979  0.707  1.000  1.000  0.954
       23  0.99980   0.607 -0.369 -0.978  0.978  0.710  1.000  1.000  0.954
       24  0.98780   0.469 -0.172 -0.956  0.918  0.798  0.954  0.954  1.000
 ERR MATRIX APPROXIMATE
MINUIT - FIT ONLY 1-CBO + wiggle
 **********
 **   16 **RES 
 **********
                   PARAMETER   16  beta_vw RESTORED TO VARIABLE.
                   PARAMETER   14  alpha_vw RESTORED TO VARIABLE.
                   PARAMETER   13  beta_y RESTORED TO VARIABLE.
                   PARAMETER   11  alpha_y RESTORED TO VARIABLE.
                   PARAMETER   10  beta_2CBO RESTORED TO VARIABLE.
                   PARAMETER    9  alpha_2CBO RESTORED TO VARIABLE.
                   PARAMETER    8  beta_CBO RESTORED TO VARIABLE.
                   PARAMETER    6  alpha_CBO RESTORED TO VARIABLE.
 **********
 **   17 **FIX            8
 **********
 **********
 **   18 **FIX            9
 **********
 **********
 **   19 **FIX           11
 **********
 **********
 **   20 **FIX           12
 **********
 PARAMETER   12  IS CONSTANT.   IGNORED.
 **********
 **   21 **FIX           14
 **********
 **********
 **   22 **FIX           15
 **********
 PARAMETER   15  IS CONSTANT.   IGNORED.
 **********
 **   23 **FIX           16
 **********
 **********
 **   24 **MIGRAD
 **********
 START MIGRAD MINIMIZATION.  STRATEGY  1.  CONVERGENCE WHEN EDM .LT. 1.00e-04
 FCN=83.7144 FROM MIGRAD    STATUS=INITIATE       28 CALLS        1357 TOTAL
                     EDM= unknown      STRATEGY= 1      NO ERROR MATRIX       
  EXT PARAMETER               CURRENT GUESS       STEP         FIRST   
  NO.   NAME      VALUE            ERROR          SIZE      DERIVATIVE 
   1  N0           7.53567e+07   4.60736e+03  -2.26500e+02   1.07791e-06
   2  tau          6.43893e+01   constant   
   3  A0           3.53926e-01   1.26621e-04   4.23418e-06  -7.76457e+01
   4  phi          4.12487e+00   9.55085e-04   6.63671e-05   6.16753e+02
   5  R           -6.07681e+01   constant   
   6  alpha_CBO    0.00000e+00   1.00000e-03   1.00000e-03   9.12112e+02
   7  w_CBO        2.32500e+00   constant   
   8  beta_CBO     0.00000e+00     fixed    
   9  alpha_2CBO   0.00000e+00     fixed    
  10  beta_2CBO    0.00000e+00   1.00000e-03   1.00000e-03  -2.76214e+04
  11  alpha_y      0.00000e+00     fixed    
  12  w_y          1.44500e+01   constant   
  13  beta_y       0.00000e+00   1.00000e-03   1.00000e-03  -1.85252e+04
  14  alpha_vw     0.00000e+00     fixed    
  15  w_vw         1.29000e+01   constant   
  16  beta_vw      0.00000e+00     fixed    
  17  LM          -5.35738e-04   constant   
  18  zeta_y       0.00000e+00   constant   
  19  zeta_vw      0.00000e+00   constant   
  20  T_CBO        3.39496e+01   5.71707e+00  -1.75427e-03  -1.17778e+01
  21  alpha_A0    -4.42105e-03   7.78276e-04  -4.41816e-05   5.03865e+01
  22  beta_A0     -5.26551e-02   3.48417e-02  -2.12613e-03  -1.73256e+01
  23  alpha_phi   -1.80298e-02   2.22774e-02  -1.34959e-03   6.41842e+01
  24  beta_phi    -9.01768e-03   3.24407e-03  -1.98279e-04   4.48405e+01
 MIGRAD MINIMIZATION HAS CONVERGED.
 FCN=78.6736 FROM MIGRAD    STATUS=CONVERGED     548 CALLS        1877 TOTAL
                     EDM=3.52727e-06    STRATEGY= 1  ERROR MATRIX UNCERTAINTY   0.8 per cent
  EXT PARAMETER                                   STEP         FIRST   
  NO.   NAME      VALUE            ERROR          SIZE      DERIVATIVE 
   1  N0           7.53616e+07   4.21481e+03   2.14039e+01  -5.44238e-07
   2  tau          6.43893e+01   constant   
   3  A0           3.54133e-01   2.30563e-04  -5.51620e-07  -1.95890e+01
   4  phi          4.12561e+00   6.65344e-04   2.52806e-06  -6.49994e+00
   5  R           -6.07681e+01   constant   
   6  alpha_CBO   -2.22459e-03   1.27029e-03  -3.87114e-06   4.31607e+01
   7  w_CBO        2.32500e+00   constant   
   8  beta_CBO     0.00000e+00     fixed    
   9  alpha_2CBO   0.00000e+00     fixed    
  10  beta_2CBO    6.83738e-04   3.20417e-04   6.31879e-07  -2.79587e+01
  11  alpha_y      0.00000e+00     fixed    
  12  w_y          1.44500e+01   constant   
  13  beta_y       9.25191e-07   4.77497e-05  -1.25354e-07   2.09944e+01
  14  alpha_vw     0.00000e+00     fixed    
  15  w_vw         1.29000e+01   constant   
  16  beta_vw      0.00000e+00     fixed    
  17  LM          -5.35738e-04   constant   
  18  zeta_y       0.00000e+00   constant   
  19  zeta_vw      0.00000e+00   constant   
  20  T_CBO        3.16762e+01   6.13910e-01  -2.92634e-06   4.43801e-01
  21  alpha_A0    -1.19463e-02   4.64963e-03  -1.53756e-05   8.79023e-01
  22  beta_A0     -4.91992e-02   7.89699e-03   3.34185e-05  -3.14472e-01
  23  alpha_phi    1.71136e-01   1.10094e-01   3.23389e-04   7.06478e-01
  24  beta_phi     1.81918e-03   9.77298e-03   8.54162e-06   1.70183e-01
 EXTERNAL ERROR MATRIX.    NDIM=  25    NPAR= 11    ERR DEF=1
  1.776e+07 
 -3.104e-01  5.316e-08 
  6.558e-01  1.177e-07  4.427e-07 
 -1.533e+00 -2.210e-07 -8.259e-07  1.614e-06 
  4.964e-01  4.869e-08  1.914e-07 -3.888e-07  1.027e-07 
 -4.558e-03 -3.600e-09 -1.239e-08  2.201e-08 -4.444e-09  2.280e-09 
 -2.102e+02 -1.028e-04 -3.445e-04  6.422e-04 -1.386e-04  1.086e-05  3.769e-01 
 -5.786e+00 -7.440e-07 -2.727e-06  5.289e-06 -1.257e-06  7.690e-08  2.135e-03  2.162e-05 
  2.657e+00  1.429e-06  4.728e-06 -8.844e-06  1.853e-06 -1.583e-07 -3.879e-03 -2.980e-05  6.236e-05 
  1.334e+02  1.915e-05  7.127e-05 -1.398e-04  3.385e-05 -1.891e-06 -5.586e-02 -4.576e-04  7.621e-04  1.212e-02 
 -2.578e-01  2.045e-06  5.801e-06 -1.111e-05  2.567e-06 -1.642e-07 -4.800e-03 -3.563e-05  6.607e-05  9.630e-04  9.551e-05 
 PARAMETER  CORRELATION COEFFICIENTS  
       NO.  GLOBAL      1      3      4      6     10     13     20     21     22     23     24
        1  0.89133   1.000 -0.319  0.234 -0.286  0.368 -0.023 -0.081 -0.295  0.080  0.288 -0.006
        3  0.97119  -0.319  1.000  0.767 -0.755  0.659 -0.327 -0.726 -0.694  0.785  0.754  0.908
        4  0.98749   0.234  0.767  1.000 -0.977  0.898 -0.390 -0.843 -0.881  0.900  0.973  0.892
        6  0.99975  -0.286 -0.755 -0.977  1.000 -0.955  0.363  0.823  0.895 -0.882 -0.999 -0.895
       10  0.99318   0.368  0.659  0.898 -0.955  1.000 -0.290 -0.705 -0.844  0.732  0.960  0.820
       13  0.43577  -0.023 -0.327 -0.390  0.363 -0.290  1.000  0.370  0.346 -0.420 -0.360 -0.352
       20  0.93275  -0.081 -0.726 -0.843  0.823 -0.705  0.370  1.000  0.748 -0.800 -0.826 -0.800
       21  0.91586  -0.295 -0.694 -0.881  0.895 -0.844  0.346  0.748  1.000 -0.812 -0.894 -0.784
       22  0.96784   0.080  0.785  0.900 -0.882  0.732 -0.420 -0.800 -0.812  1.000  0.877  0.856
       23  0.99978   0.288  0.754  0.973 -0.999  0.960 -0.360 -0.826 -0.894  0.877  1.000  0.895
       24  0.96751  -0.006  0.908  0.892 -0.895  0.820 -0.352 -0.800 -0.784  0.856  0.895  1.000
MINUIT - FIT ONLY 2-CBO
 **********
 **   25 **RES 
 **********
                   PARAMETER   16  beta_vw RESTORED TO VARIABLE.
                   PARAMETER   14  alpha_vw RESTORED TO VARIABLE.
                   PARAMETER   11  alpha_y RESTORED TO VARIABLE.
                   PARAMETER    9  alpha_2CBO RESTORED TO VARIABLE.
                   PARAMETER    8  beta_CBO RESTORED TO VARIABLE.
 **********
 **   26 **FIX            0
 **********
 PARAMETER    0  IS UNDEFINED. IGNORED.
 **********
 **   27 **FIX            1
 **********
 **********
 **   28 **FIX            2
 **********
 PARAMETER    2  IS CONSTANT.   IGNORED.
 **********
 **   29 **FIX            3
 **********
 **********
 **   30 **FIX            4
 **********
 **********
 **   31 **FIX            5
 **********
 PARAMETER    5  IS CONSTANT.   IGNORED.
 **********
 **   32 **FIX            6
 **********
 **********
 **   33 **FIX            7
 **********
 PARAMETER    7  IS CONSTANT.   IGNORED.
 **********
 **   34 **FIX           10
 **********
 **********
 **   35 **FIX           11
 **********
 **********
 **   36 **FIX           12
 **********
 PARAMETER   12  IS CONSTANT.   IGNORED.
 **********
 **   37 **FIX           13
 **********
 **********
 **   38 **FIX           14
 **********
 **********
 **   39 **FIX           15
 **********
 PARAMETER   15  IS CONSTANT.   IGNORED.
 **********
 **   40 **FIX           16
 **********
 **********
 **   41 **MIGRAD
 **********
 START MIGRAD MINIMIZATION.  STRATEGY  1.  CONVERGENCE WHEN EDM .LT. 1.00e-04
 FCN=78.6736 FROM MIGRAD    STATUS=INITIATE       18 CALLS        1895 TOTAL
                     EDM= unknown      STRATEGY= 1      NO ERROR MATRIX       
  EXT PARAMETER               CURRENT GUESS       STEP         FIRST   
  NO.   NAME      VALUE            ERROR          SIZE      DERIVATIVE 
   1  N0           7.53616e+07     fixed    
   2  tau          6.43893e+01   constant   
   3  A0           3.54133e-01     fixed    
   4  phi          4.12561e+00     fixed    
   5  R           -6.07681e+01   constant   
   6  alpha_CBO   -2.22459e-03     fixed    
   7  w_CBO        2.32500e+00   constant   
   8  beta_CBO     0.00000e+00   1.00000e-03   1.00000e-03   5.89454e+02
   9  alpha_2CBO   0.00000e+00   1.00000e-03   1.00000e-03  -9.81452e+03
  10  beta_2CBO    6.83738e-04     fixed    
  11  alpha_y      0.00000e+00     fixed    
  12  w_y          1.44500e+01   constant   
  13  beta_y       9.25191e-07     fixed    
  14  alpha_vw     0.00000e+00     fixed    
  15  w_vw         1.29000e+01   constant   
  16  beta_vw      0.00000e+00     fixed    
  17  LM          -5.35738e-04   constant   
  18  zeta_y       0.00000e+00   constant   
  19  zeta_vw      0.00000e+00   constant   
  20  T_CBO        3.16762e+01   6.13910e-01  -2.92634e-06   4.43823e-01
  21  alpha_A0    -1.19463e-02   4.64963e-03  -1.53756e-05   8.79025e-01
  22  beta_A0     -4.91992e-02   7.89699e-03   3.34185e-05  -3.14471e-01
  23  alpha_phi    1.71136e-01   1.10094e-01   3.23389e-04   7.06478e-01
  24  beta_phi     1.81918e-03   9.77298e-03   8.54162e-06   1.70184e-01
 MIGRAD MINIMIZATION HAS CONVERGED.
 MIGRAD WILL VERIFY CONVERGENCE AND ERROR MATRIX.
 FCN=78.1026 FROM MIGRAD    STATUS=CONVERGED     179 CALLS        2056 TOTAL
                     EDM=6.36559e-05    STRATEGY= 1      ERR MATRIX NOT POS-DEF
  EXT PARAMETER                APPROXIMATE        STEP         FIRST   
  NO.   NAME      VALUE            ERROR          SIZE      DERIVATIVE 
   1  N0           7.53616e+07     fixed    
   2  tau          6.43893e+01   constant   
   3  A0           3.54133e-01     fixed    
   4  phi          4.12561e+00     fixed    
   5  R           -6.07681e+01   constant   
   6  alpha_CBO   -2.22459e-03     fixed    
   7  w_CBO        2.32500e+00   constant   
   8  beta_CBO     1.39479e-04   1.90084e-04   1.97568e-07   1.27768e+00
   9  alpha_2CBO   1.23948e-04   1.52243e-04   1.95842e-07   2.21786e+00
  10  beta_2CBO    6.83738e-04     fixed    
  11  alpha_y      0.00000e+00     fixed    
  12  w_y          1.44500e+01   constant   
  13  beta_y       9.25191e-07     fixed    
  14  alpha_vw     0.00000e+00     fixed    
  15  w_vw         1.29000e+01   constant   
  16  beta_vw      0.00000e+00     fixed    
  17  LM          -5.35738e-04   constant   
  18  zeta_y       0.00000e+00   constant   
  19  zeta_vw      0.00000e+00   constant   
  20  T_CBO        3.17016e+01   3.46879e+00   5.56206e-06   3.18288e-01
  21  alpha_A0    -1.86144e-02   1.01273e-02   1.13414e-05   3.08605e-02
  22  beta_A0     -4.99419e-02   1.51465e-02   1.31499e-05   5.13747e-02
  23  alpha_phi    1.70624e-01   5.05289e-02   1.60798e-05  -7.93223e-02
  24  beta_phi    -1.16975e-02   1.78237e-02   1.47004e-05   1.59007e-02
 EXTERNAL ERROR MATRIX.    NDIM=  25    NPAR=  7    ERR DEF=1
  3.613e-08  2.596e-08  3.563e-05 -1.468e-06 -1.017e-07 -5.581e-07 -3.208e-06 
  2.596e-08  2.318e-08  6.877e-06 -1.235e-06 -1.275e-07 -1.249e-07 -2.506e-06 
  3.563e-05  6.877e-06  1.203e+01  1.783e-02  5.122e-02 -1.748e-01  9.742e-03 
 -1.468e-06 -1.235e-06  1.783e-02  1.026e-04  8.583e-05 -2.571e-04  1.584e-04 
 -1.017e-07 -1.275e-07  5.122e-02  8.583e-05  2.294e-04 -7.417e-04  6.394e-05 
 -5.581e-07 -1.249e-07 -1.748e-01 -2.571e-04 -7.417e-04  2.553e-03 -1.380e-04 
 -3.208e-06 -2.506e-06  9.742e-03  1.584e-04  6.394e-05 -1.380e-04  3.177e-04 
ERR MATRIX NOT POS-DEF
 PARAMETER  CORRELATION COEFFICIENTS  
       NO.  GLOBAL      8      9     20     21     22     23     24
        8  0.97101   1.000  0.897  0.054 -0.763 -0.035 -0.058 -0.947
        9  0.95523   0.897  1.000  0.013 -0.801 -0.055 -0.016 -0.924
       20  0.99791   0.054  0.013  1.000  0.508  0.975 -0.997  0.158
       21  0.96626  -0.763 -0.801  0.508  1.000  0.560 -0.502  0.877
       22  0.97986  -0.035 -0.055  0.975  0.560  1.000 -0.969  0.237
       23  0.99732  -0.058 -0.016 -0.997 -0.502 -0.969  1.000 -0.153
       24  0.98184  -0.947 -0.924  0.158  0.877  0.237 -0.153  1.000
 ERR MATRIX NOT POS-DEF
MINUIT - FIT wiggle + 1-CBO + 2-CBO
 **********
 **   42 **RES 
 **********
                   PARAMETER   16  beta_vw RESTORED TO VARIABLE.
                   PARAMETER   14  alpha_vw RESTORED TO VARIABLE.
                   PARAMETER   13  beta_y RESTORED TO VARIABLE.
                   PARAMETER   11  alpha_y RESTORED TO VARIABLE.
                   PARAMETER   10  beta_2CBO RESTORED TO VARIABLE.
                   PARAMETER    6  alpha_CBO RESTORED TO VARIABLE.
                   PARAMETER    4  phi RESTORED TO VARIABLE.
                   PARAMETER    3  A0 RESTORED TO VARIABLE.
                   PARAMETER    1  N0 RESTORED TO VARIABLE.
 **********
 **   43 **FIX           10
 **********
 **********
 **   44 **FIX           11
 **********
 **********
 **   45 **FIX           12
 **********
 PARAMETER   12  IS CONSTANT.   IGNORED.
 **********
 **   46 **FIX           13
 **********
 **********
 **   47 **FIX           14
 **********
 **********
 **   48 **FIX           15
 **********
 PARAMETER   15  IS CONSTANT.   IGNORED.
 **********
 **   49 **FIX           16
 **********
 **********
 **   50 **MIGRAD
 **********
 START MIGRAD MINIMIZATION.  STRATEGY  1.  CONVERGENCE WHEN EDM .LT. 1.00e-04
 FCN=78.1026 FROM MIGRAD    STATUS=INITIATE       22 CALLS        2078 TOTAL
                     EDM= unknown      STRATEGY= 1      NO ERROR MATRIX       
  EXT PARAMETER               CURRENT GUESS       STEP         FIRST   
  NO.   NAME      VALUE            ERROR          SIZE      DERIVATIVE 
   1  N0           7.53616e+07   4.21481e+03   4.21481e+03   1.61148e-06
   2  tau          6.43893e+01   constant   
   3  A0           3.54133e-01   2.30563e-04   2.30563e-04  -1.21025e+02
   4  phi          4.12561e+00   6.65344e-04   6.65344e-04  -1.83868e+02
   5  R           -6.07681e+01   constant   
   6  alpha_CBO   -2.22459e-03   1.27029e-03   1.27029e-03  -1.75329e+03
   7  w_CBO        2.32500e+00   constant   
   8  beta_CBO     1.39479e-04   1.90084e-04   1.97568e-07   1.27749e+00
   9  alpha_2CBO   1.23948e-04   1.52243e-04   1.95842e-07   2.21796e+00
  10  beta_2CBO    6.83738e-04     fixed    
  11  alpha_y      0.00000e+00     fixed    
  12  w_y          1.44500e+01   constant   
  13  beta_y       9.25191e-07     fixed    
  14  alpha_vw     0.00000e+00     fixed    
  15  w_vw         1.29000e+01   constant   
  16  beta_vw      0.00000e+00     fixed    
  17  LM          -5.35738e-04   constant   
  18  zeta_y       0.00000e+00   constant   
  19  zeta_vw      0.00000e+00   constant   
  20  T_CBO        3.17016e+01   3.46879e+00   5.56206e-06   3.18448e-01
  21  alpha_A0    -1.86144e-02   1.01273e-02   1.13414e-05   3.08663e-02
  22  beta_A0     -4.99419e-02   1.51465e-02   1.31499e-05   5.13548e-02
  23  alpha_phi    1.70624e-01   5.05289e-02   1.60798e-05  -7.93216e-02
  24  beta_phi    -1.16975e-02   1.78237e-02   1.47004e-05   1.59047e-02
 MIGRAD MINIMIZATION HAS CONVERGED.
 MIGRAD WILL VERIFY CONVERGENCE AND ERROR MATRIX.
 FCN=78.0053 FROM HESSE     STATUS=NOT POSDEF    100 CALLS        2401 TOTAL
                     EDM=0.0011097    STRATEGY= 1      ERR MATRIX NOT POS-DEF
  EXT PARAMETER                APPROXIMATE        STEP         FIRST   
  NO.   NAME      VALUE            ERROR          SIZE      DERIVATIVE 
   1  N0           7.53618e+07   2.95219e+04   3.59353e+01   9.49646e-07
   2  tau          6.43893e+01   constant   
   3  A0           3.54124e-01   7.54357e-04   2.56219e-07  -5.00245e+01
   4  phi          4.12554e+00   1.71538e-03   1.96721e-06   1.29467e+01
   5  R           -6.07681e+01   constant   
   6  alpha_CBO   -2.10636e-03   3.58485e-04   1.85312e-07   5.14836e+01
   7  w_CBO        2.32500e+00   constant   
   8  beta_CBO     1.73344e-04   4.37957e-04   1.97443e-07  -2.07542e+01
   9  alpha_2CBO   1.45033e-04   1.53434e-04   1.95721e-07   1.34314e+01
  10  beta_2CBO    6.83738e-04     fixed    
  11  alpha_y      0.00000e+00     fixed    
  12  w_y          1.44500e+01   constant   
  13  beta_y       9.25191e-07     fixed    
  14  alpha_vw     0.00000e+00     fixed    
  15  w_vw         1.29000e+01   constant   
  16  beta_vw      0.00000e+00     fixed    
  17  LM          -5.35738e-04   constant   
  18  zeta_y       0.00000e+00   constant   
  19  zeta_vw      0.00000e+00   constant   
  20  T_CBO        3.14943e+01   2.94697e+00   5.69009e-06   2.48341e-01
  21  alpha_A0    -2.02842e-02   2.98586e-02   1.15392e-05   6.01761e-01
  22  beta_A0     -5.33633e-02   3.16483e-02   1.33821e-05   5.67059e-01
  23  alpha_phi    1.64827e-01   4.84433e-02   1.63624e-05   2.92199e-01
  24  beta_phi    -1.52602e-02   3.31857e-02   1.49582e-05   1.74288e-01
 MIGRAD MINIMIZATION HAS CONVERGED.
 MIGRAD WILL VERIFY CONVERGENCE AND ERROR MATRIX.
 FCN=77.3796 FROM MIGRAD    STATUS=CONVERGED    1320 CALLS        3376 TOTAL
                     EDM=2.55925e-05    STRATEGY= 1      ERR MATRIX NOT POS-DEF
  EXT PARAMETER                APPROXIMATE        STEP         FIRST   
  NO.   NAME      VALUE            ERROR          SIZE      DERIVATIVE 
   1  N0           7.49963e+07   2.86899e+04   3.57610e+01  -1.91690e-06
   2  tau          6.43893e+01   constant   
   3  A0           3.67277e-01   7.40531e-04   2.56490e-07  -7.44173e+01
   4  phi          4.11903e+00   1.64879e-03   1.96410e-06   4.91295e+00
   5  R           -6.07681e+01   constant   
   6  alpha_CBO   -1.97329e-03   3.52697e-04   1.84573e-07  -2.78896e+01
   7  w_CBO        2.32500e+00   constant   
   8  beta_CBO     8.33036e-03   4.30158e-04   1.96222e-07   4.21362e+01
   9  alpha_2CBO   7.32119e-04   1.52188e-04   1.94660e-07  -2.53973e+01
  10  beta_2CBO    6.83738e-04     fixed    
  11  alpha_y      0.00000e+00     fixed    
  12  w_y          1.44500e+01   constant   
  13  beta_y       9.25191e-07     fixed    
  14  alpha_vw     0.00000e+00     fixed    
  15  w_vw         1.29000e+01   constant   
  16  beta_vw      0.00000e+00     fixed    
  17  LM          -5.35738e-04   constant   
  18  zeta_y       0.00000e+00   constant   
  19  zeta_vw      0.00000e+00   constant   
  20  T_CBO        3.22075e+01   1.28127e+00   2.62014e-06  -2.44809e+00
  21  alpha_A0    -1.23048e-01   2.87379e-02   1.04696e-05  -1.45529e+00
  22  beta_A0      5.97466e-02   2.40688e-02   1.22004e-05   1.23138e+00
  23  alpha_phi    2.76267e-01   3.65943e-02   1.50057e-05  -7.25978e-01
  24  beta_phi    -2.26502e-01   3.56776e-02   1.37045e-05   9.74076e-01
 EXTERNAL ERROR MATRIX.    NDIM=  25    NPAR= 11    ERR DEF=1
  8.231e+08 
 -5.846e+00  5.484e-07 
 -1.100e+00 -8.568e-09  2.718e-06 
  1.191e+00 -2.924e-08 -3.280e-07  1.244e-07 
 -5.010e+00  2.770e-07 -4.609e-08  1.012e-08  1.850e-07 
  1.113e-01  6.269e-10 -2.261e-08  1.268e-08  2.684e-08  2.316e-08 
 -2.862e+03  9.684e-05 -4.689e-04  1.099e-05  8.625e-05  2.790e-05  1.642e+00 
 -5.021e+02 -8.988e-06 -3.795e-06 -7.653e-07 -4.091e-06 -9.870e-07  1.499e-02  8.259e-04 
 -9.721e+00  5.781e-07 -3.596e-05  2.157e-06 -5.604e-08 -2.311e-07 -2.378e-04  2.649e-05  5.793e-04 
 -1.029e+01  1.502e-07 -2.016e-05 -3.282e-06 -1.870e-06 -1.166e-06 -2.833e-02 -1.930e-04  5.885e-04  1.339e-03 
  5.707e+02  4.168e-06 -5.516e-06 -1.330e-06 -2.257e-06 -1.802e-06  2.645e-02 -1.687e-04  1.374e-05 -3.843e-04  1.273e-03 
ERR MATRIX NOT POS-DEF
 PARAMETER  CORRELATION COEFFICIENTS  
       NO.  GLOBAL      1      3      4      6      8      9     20     21     22     23     24
        1  0.99669   1.000 -0.275 -0.023  0.118 -0.406  0.025 -0.078 -0.609 -0.014 -0.010  0.558
        3  0.99680  -0.275  1.000 -0.007 -0.112  0.870  0.006  0.102 -0.422  0.032  0.006  0.158
        4  0.99701  -0.023 -0.007  1.000 -0.564 -0.065 -0.090 -0.222 -0.080 -0.906 -0.334 -0.094
        6  0.99267   0.118 -0.112 -0.564  1.000  0.067  0.236  0.024 -0.076  0.254 -0.254 -0.106
        8  0.99444  -0.406  0.870 -0.065  0.067  1.000  0.410  0.156 -0.331 -0.005 -0.119 -0.147
        9  0.95539   0.025  0.006 -0.090  0.236  0.410  1.000  0.143 -0.226 -0.063 -0.209 -0.332
       20  0.99656  -0.078  0.102 -0.222  0.024  0.156  0.143  1.000  0.407 -0.008 -0.604  0.579
       21  0.99646  -0.609 -0.422 -0.080 -0.076 -0.331 -0.226  0.407  1.000  0.038 -0.183 -0.165
       22  0.99313  -0.014  0.032 -0.906  0.254 -0.005 -0.063 -0.008  0.038  1.000  0.668  0.016
       23  0.99551  -0.010  0.006 -0.334 -0.254 -0.119 -0.209 -0.604 -0.183  0.668  1.000 -0.294
       24  0.99606   0.558  0.158 -0.094 -0.106 -0.147 -0.332  0.579 -0.165  0.016 -0.294  1.000
 ERR MATRIX NOT POS-DEF
MINUIT - FIT ONLY 1-y
 **********
 **   51 **RES 
 **********
                   PARAMETER   16  beta_vw RESTORED TO VARIABLE.
                   PARAMETER   14  alpha_vw RESTORED TO VARIABLE.
                   PARAMETER   13  beta_y RESTORED TO VARIABLE.
                   PARAMETER   11  alpha_y RESTORED TO VARIABLE.
                   PARAMETER   10  beta_2CBO RESTORED TO VARIABLE.
 **********
 **   52 **FIX            0
 **********
 PARAMETER    0  IS UNDEFINED. IGNORED.
 **********
 **   53 **FIX            1
 **********
 **********
 **   54 **FIX            2
 **********
 PARAMETER    2  IS CONSTANT.   IGNORED.
 **********
 **   55 **FIX            3
 **********
 **********
 **   56 **FIX            4
 **********
 **********
 **   57 **FIX            5
 **********
 PARAMETER    5  IS CONSTANT.   IGNORED.
 **********
 **   58 **FIX            6
 **********
 **********
 **   59 **FIX            7
 **********
 PARAMETER    7  IS CONSTANT.   IGNORED.
 **********
 **   60 **FIX            8
 **********
 **********
 **   61 **FIX            9
 **********
 **********
 **   62 **FIX           13
 **********
 **********
 **   63 **FIX           14
 **********
 **********
 **   64 **FIX           15
 **********
 PARAMETER   15  IS CONSTANT.   IGNORED.
 **********
 **   65 **FIX           16
 **********
 **********
 **   66 **MIGRAD
 **********
 START MIGRAD MINIMIZATION.  STRATEGY  1.  CONVERGENCE WHEN EDM .LT. 1.00e-04
 FCN=77.3796 FROM MIGRAD    STATUS=INITIATE       16 CALLS        3392 TOTAL
                     EDM= unknown      STRATEGY= 1      NO ERROR MATRIX       
  EXT PARAMETER               CURRENT GUESS       STEP         FIRST   
  NO.   NAME      VALUE            ERROR          SIZE      DERIVATIVE 
   1  N0           7.49963e+07     fixed    
   2  tau          6.43893e+01   constant   
   3  A0           3.67277e-01     fixed    
   4  phi          4.11903e+00     fixed    
   5  R           -6.07681e+01   constant   
   6  alpha_CBO   -1.97329e-03     fixed    
   7  w_CBO        2.32500e+00   constant   
   8  beta_CBO     8.33036e-03     fixed    
   9  alpha_2CBO   7.32119e-04     fixed    
  10  beta_2CBO    6.83738e-04   3.20417e-04   3.20417e-04   3.67975e+02
  11  alpha_y      0.00000e+00   1.00000e-03   1.00000e-03  -3.51630e+05
  12  w_y          1.44500e+01   constant   
  13  beta_y       9.25191e-07     fixed    
  14  alpha_vw     0.00000e+00     fixed    
  15  w_vw         1.29000e+01   constant   
  16  beta_vw      0.00000e+00     fixed    
  17  LM          -5.35738e-04   constant   
  18  zeta_y       0.00000e+00   constant   
  19  zeta_vw      0.00000e+00   constant   
  20  T_CBO        3.22075e+01   1.28127e+00   2.62014e-06  -2.44794e+00
  21  alpha_A0    -1.23048e-01   2.87379e-02   1.04696e-05  -1.45525e+00
  22  beta_A0      5.97466e-02   2.40688e-02   1.22004e-05   1.23138e+00
  23  alpha_phi    2.76267e-01   3.65943e-02   1.50057e-05  -7.25976e-01
  24  beta_phi    -2.26502e-01   3.56776e-02   1.37045e-05   9.74073e-01
 MIGRAD MINIMIZATION HAS CONVERGED.
 MIGRAD WILL VERIFY CONVERGENCE AND ERROR MATRIX.
 FCN=14.1983 FROM HESSE     STATUS=NOT POSDEF     50 CALLS        3537 TOTAL
                     EDM=9.48834e-05    STRATEGY= 1      ERR MATRIX NOT POS-DEF
  EXT PARAMETER                APPROXIMATE        STEP         FIRST   
  NO.   NAME      VALUE            ERROR          SIZE      DERIVATIVE 
   1  N0           7.49963e+07     fixed    
   2  tau          6.43893e+01   constant   
   3  A0           3.67277e-01     fixed    
   4  phi          4.11903e+00     fixed    
   5  R           -6.07681e+01   constant   
   6  alpha_CBO   -1.97329e-03     fixed    
   7  w_CBO        2.32500e+00   constant   
   8  beta_CBO     8.33036e-03     fixed    
   9  alpha_2CBO   7.32119e-04     fixed    
  10  beta_2CBO    7.31855e-04   8.76977e-05   8.18619e-08  -1.77625e+00
  11  alpha_y      3.59404e-04   4.51638e-05   8.57839e-08  -4.27725e-01
  12  w_y          1.44500e+01   constant   
  13  beta_y       9.25191e-07     fixed    
  14  alpha_vw     0.00000e+00     fixed    
  15  w_vw         1.29000e+01   constant   
  16  beta_vw      0.00000e+00     fixed    
  17  LM          -5.35738e-04   constant   
  18  zeta_y       0.00000e+00   constant   
  19  zeta_vw      0.00000e+00   constant   
  20  T_CBO        3.22102e+01   1.56004e+00   1.14543e-06   1.04128e+00
  21  alpha_A0    -1.23414e-01   1.59012e-02   4.60868e-06   1.21528e-01
  22  beta_A0      5.66880e-02   9.04049e-03   5.37032e-06  -5.68647e-02
  23  alpha_phi    2.77439e-01   3.57160e-02   6.60554e-06  -1.11935e-01
  24  beta_phi    -2.26223e-01   2.93086e-02   6.03264e-06   1.36456e-01
 CALL LIMIT EXCEEDED IN MIGRAD.
 MIGRAD TERMINATED WITHOUT CONVERGENCE.
 FCN=14.1164 FROM MIGRAD    STATUS=CALL LIMIT   1148 CALLS        4524 TOTAL
                     EDM=0.00103963    STRATEGY= 1      ERR MATRIX NOT POS-DEF
  EXT PARAMETER                APPROXIMATE        STEP         FIRST   
  NO.   NAME      VALUE            ERROR          SIZE      DERIVATIVE 
   1  N0           7.49963e+07     fixed    
   2  tau          6.43893e+01   constant   
   3  A0           3.67277e-01     fixed    
   4  phi          4.11903e+00     fixed    
   5  R           -6.07681e+01   constant   
   6  alpha_CBO   -1.97329e-03     fixed    
   7  w_CBO        2.32500e+00   constant   
   8  beta_CBO     8.33036e-03     fixed    
   9  alpha_2CBO   7.32119e-04     fixed    
  10  beta_2CBO    7.10115e-04   6.82156e-05   2.28913e-07  -4.11303e+02
  11  alpha_y      3.59217e-04   4.32799e-05   8.48066e-08  -3.75573e+02
  12  w_y          1.44500e+01   constant   
  13  beta_y       9.25191e-07     fixed    
  14  alpha_vw     0.00000e+00     fixed    
  15  w_vw         1.29000e+01   constant   
  16  beta_vw      0.00000e+00     fixed    
  17  LM          -5.35738e-04   constant   
  18  zeta_y       0.00000e+00   constant   
  19  zeta_vw      0.00000e+00   constant   
  20  T_CBO        2.65015e+01   4.45098e+00  -6.73057e-04  -9.63346e+01
  21  alpha_A0    -2.17681e-01   1.15178e-01  -2.78675e-03   4.74472e+00
  22  beta_A0      1.01457e-01   5.35375e-02   1.26720e-03  -5.68804e+00
  23  alpha_phi    4.90472e-01   2.60892e-01   6.32338e-03  -4.83627e+00
  24  beta_phi    -4.01654e-01   2.15528e-01  -5.21864e-03   2.73114e+00
 EXTERNAL ERROR MATRIX.    NDIM=  25    NPAR=  7    ERR DEF=1
  4.653e-09 -1.987e-10  4.962e-05  1.287e-06 -8.621e-07 -2.768e-06  2.370e-06 
 -1.987e-10  1.873e-09  6.740e-06  1.830e-07 -8.582e-08 -4.322e-07  3.389e-07 
  4.962e-05  6.740e-06  1.982e+01  5.126e-01 -2.373e-01 -1.161e+00  9.592e-01 
  1.287e-06  1.830e-07  5.126e-01  1.327e-02 -6.138e-03 -3.004e-02  2.481e-02 
 -8.621e-07 -8.582e-08 -2.373e-01 -6.138e-03  2.866e-03  1.390e-02 -1.148e-02 
 -2.768e-06 -4.322e-07 -1.161e+00 -3.004e-02  1.390e-02  6.806e-02 -5.620e-02 
  2.370e-06  3.389e-07  9.592e-01  2.481e-02 -1.148e-02 -5.620e-02  4.645e-02 
ERR MATRIX NOT POS-DEF
 PARAMETER  CORRELATION COEFFICIENTS  
       NO.  GLOBAL     10     11     20     21     22     23     24
       10  0.85431   1.000 -0.067  0.163  0.164 -0.236 -0.156  0.161
       11  0.30254  -0.067  1.000  0.035  0.037 -0.037 -0.038  0.036
       20  0.99996   0.163  0.035  1.000  1.000 -0.996 -1.000  1.000
       21  0.99979   0.164  0.037  1.000  1.000 -0.995 -1.000  1.000
       22  0.99884  -0.236 -0.037 -0.996 -0.995  1.000  0.995 -0.995
       23  0.99990  -0.156 -0.038 -1.000 -1.000  0.995  1.000 -1.000
       24  0.99979   0.161  0.036  1.000  1.000 -0.995 -1.000  1.000
 ERR MATRIX NOT POS-DEF
MINUIT - FIT ONLY 2-y
 **********
 **   67 **RES 
 **********
                   PARAMETER   16  beta_vw RESTORED TO VARIABLE.
                   PARAMETER   14  alpha_vw RESTORED TO VARIABLE.
                   PARAMETER   13  beta_y RESTORED TO VARIABLE.
                   PARAMETER    9  alpha_2CBO RESTORED TO VARIABLE.
                   PARAMETER    8  beta_CBO RESTORED TO VARIABLE.
                   PARAMETER    6  alpha_CBO RESTORED TO VARIABLE.
                   PARAMETER    4  phi RESTORED TO VARIABLE.
                   PARAMETER    3  A0 RESTORED TO VARIABLE.
                   PARAMETER    1  N0 RESTORED TO VARIABLE.
 **********
 **   68 **FIX            0
 **********
 PARAMETER    0  IS UNDEFINED. IGNORED.
 **********
 **   69 **FIX            1
 **********
 **********
 **   70 **FIX            2
 **********
 PARAMETER    2  IS CONSTANT.   IGNORED.
 **********
 **   71 **FIX            3
 **********
 **********
 **   72 **FIX            4
 **********
 **********
 **   73 **FIX            5
 **********
 PARAMETER    5  IS CONSTANT.   IGNORED.
 **********
 **   74 **FIX            6
 **********
 **********
 **   75 **FIX            7
 **********
 PARAMETER    7  IS CONSTANT.   IGNORED.
 **********
 **   76 **FIX            8
 **********
 **********
 **   77 **FIX            9
 **********
 **********
 **   78 **FIX           10
 **********
 **********
 **   79 **FIX           11
 **********
 **********
 **   80 **FIX           12
 **********
 PARAMETER   12  IS CONSTANT.   IGNORED.
 **********
 **   81 **FIX           16
 **********
 **********
 **   82 **MIGRAD
 **********
 START MIGRAD MINIMIZATION.  STRATEGY  1.  CONVERGENCE WHEN EDM .LT. 1.00e-04
 FCN=14.1164 FROM MIGRAD    STATUS=INITIATE       16 CALLS        4540 TOTAL
                     EDM= unknown      STRATEGY= 1      NO ERROR MATRIX       
  EXT PARAMETER               CURRENT GUESS       STEP         FIRST   
  NO.   NAME      VALUE            ERROR          SIZE      DERIVATIVE 
   1  N0           7.49963e+07     fixed    
   2  tau          6.43893e+01   constant   
   3  A0           3.67277e-01     fixed    
   4  phi          4.11903e+00     fixed    
   5  R           -6.07681e+01   constant   
   6  alpha_CBO   -1.97329e-03     fixed    
   7  w_CBO        2.32500e+00   constant   
   8  beta_CBO     8.33036e-03     fixed    
   9  alpha_2CBO   7.32119e-04     fixed    
  10  beta_2CBO    7.10115e-04     fixed    
  11  alpha_y      3.59217e-04     fixed    
  12  w_y          1.44500e+01   constant   
  13  beta_y       9.25191e-07   4.77497e-05   4.77497e-05  -6.43380e+03
  14  alpha_vw     0.00000e+00   1.00000e-03   1.00000e-03  -2.96715e+04
  15  w_vw         1.29000e+01   constant   
