 + ++++++++++++++++++++++++++++++++++++++++++++++++++++++++++++++++++++ +
 +                                                                      +
 +           You have chose to blind your fitting according to          +
 +                omega_ref * (1 + (R +/- deltaR) *10^{-6})             +
 +                                                                      +
 + ++++++++++++++++++++++++++++++++++++++++++++++++++++++++++++++++++++ +
In main()...
reading format from /gm2data/zkhechad/run45/envelope/formats/formatB_sBin_constraintOn.txt
pBinTau 	= 0  
pBinPhi 	= 0  
constraintau 	= 1 
includeMopTerm 	= 0    
constrainMop    = 0   
Parameters after format file: pBinTau 0 pBinPhi 0 constraintau 1 includeMopTerm 0 constrainMop 0 c_e_scale 0.000000 
Opening file /gm2data/tbarrett/gm2fr/studies/run23_bunch_corrections/CorrectedFourier_Run3b.root.
reading full fit data from /gm2data/zkhechad/cboTemplates/Run4CBOTemplates/templateFits0_v2.0/noRF/sBin_constraintOn_cE0.0_seed0_noRF_calo14.root
windowBins = 17
fitting sliding window 414 from bin 550 at 81.910800 to bin 567 at 84.596400 (17 bins)

Reading data from /gm2data/cornell/histograms/aMethod/histogram_a_noRF.root
 **********
 **    1 **SET PRINTOUT            1
 **********
 **********
 **    2 **SET NOWARNINGS 
 **********
 PARAMETER DEFINITIONS:
    NO.   NAME         VALUE      STEP SIZE      LIMITS
     1 N0           3.41556e+06  1.00000e+02     no limits
     2 tau          6.43834e+01  constant
     3 A0           3.61902e-01  1.00000e-04     no limits
     4 phi          4.12125e+00  1.00000e-02     no limits
     5 R           -6.07281e+01  constant
     6 alpha_CBO    0.00000e+00  1.00000e-03     no limits
     7 w_CBO        2.32500e+00  constant
     8 beta_CBO     0.00000e+00  1.00000e-03     no limits
     9 alpha_2CBO   0.00000e+00  1.00000e-03     no limits
    10 beta_2CBO    0.00000e+00  1.00000e-03     no limits
    11 alpha_y      0.00000e+00  1.00000e-03     no limits
    12 w_y          1.44500e+01  constant
    13 beta_y       0.00000e+00  1.00000e-03     no limits
    14 alpha_vw     0.00000e+00  1.00000e-03     no limits
    15 w_vw         1.29000e+01  constant
    16 beta_vw      0.00000e+00  1.00000e-03     no limits
    17 LM          -7.06631e-04  constant
    18 zeta_y       0.00000e+00  constant
    19 zeta_vw      0.00000e+00  constant
    20 T_CBO        1.00000e+02  1.00000e+00    0.00000e+00  1.00000e+03
    21 alpha_A0     0.00000e+00  1.00000e-03     no limits
    22 beta_A0      0.00000e+00  1.00000e-03     no limits
    23 alpha_phi    0.00000e+00  1.00000e-03     no limits
    24 beta_phi     0.00000e+00  1.00000e-03     no limits
MINUIT - FIT ONLY WIGGLE
 **********
 **    3 **FIX            5
 **********
 PARAMETER    5  IS CONSTANT.   IGNORED.
 **********
 **    4 **FIX            6
 **********
 **********
 **    5 **FIX            7
 **********
 PARAMETER    7  IS CONSTANT.   IGNORED.
 **********
 **    6 **FIX            8
 **********
 **********
 **    7 **FIX            9
 **********
 **********
 **    8 **FIX           10
 **********
 **********
 **    9 **FIX           11
 **********
 **********
 **   10 **FIX           12
 **********
 PARAMETER   12  IS CONSTANT.   IGNORED.
 **********
 **   11 **FIX           13
 **********
 **********
 **   12 **FIX           14
 **********
 **********
 **   13 **FIX           15
 **********
 PARAMETER   15  IS CONSTANT.   IGNORED.
 **********
 **   14 **FIX           16
 **********
 **********
 **   15 **MIGRAD
 **********
 FIRST CALL TO USER FUNCTION AT NEW START POINT, WITH IFLAG=4.
 START MIGRAD MINIMIZATION.  STRATEGY  1.  CONVERGENCE WHEN EDM .LT. 1.00e-04
 FCN=467.542 FROM MIGRAD    STATUS=INITIATE      437 CALLS         438 TOTAL
                     EDM= unknown      STRATEGY= 1      NO ERROR MATRIX       
  EXT PARAMETER               CURRENT GUESS       STEP         FIRST   
  NO.   NAME      VALUE            ERROR          SIZE      DERIVATIVE 
   1  N0           3.41556e+06   1.00000e+02   0.00000e+00   1.22673e-02
   2  tau          6.43834e+01   constant   
   3  A0           3.61902e-01   1.00000e-04   0.00000e+00   1.51534e+05
   4  phi          4.12125e+00   1.00000e-02   0.00000e+00   2.13925e+04
   5  R           -6.07281e+01   constant   
   6  alpha_CBO    0.00000e+00     fixed    
   7  w_CBO        2.32500e+00   constant   
   8  beta_CBO     0.00000e+00     fixed    
   9  alpha_2CBO   0.00000e+00     fixed    
  10  beta_2CBO    0.00000e+00     fixed    
  11  alpha_y      0.00000e+00     fixed    
  12  w_y          1.44500e+01   constant   
  13  beta_y       0.00000e+00     fixed    
  14  alpha_vw     0.00000e+00     fixed    
  15  w_vw         1.29000e+01   constant   
  16  beta_vw      0.00000e+00     fixed    
  17  LM          -7.06631e-04   constant   
  18  zeta_y       0.00000e+00   constant   
  19  zeta_vw      0.00000e+00   constant   
  20  T_CBO        1.00000e+02   1.00000e+00   0.00000e+00   0.00000e+00
  21  alpha_A0     0.00000e+00   1.00000e-03   0.00000e+00  -1.27443e+04
  22  beta_A0      0.00000e+00   1.00000e-03   0.00000e+00   6.67675e+03
  23  alpha_phi    0.00000e+00   1.00000e-03   0.00000e+00   9.06931e+03
  24  beta_phi     0.00000e+00   1.00000e-03   0.00000e+00  -6.29622e+03
 CALL LIMIT EXCEEDED IN MIGRAD.
 MIGRAD TERMINATED WITHOUT CONVERGENCE.
 FCN=26.7911 FROM MIGRAD    STATUS=CALL LIMIT   1324 CALLS        1325 TOTAL
                     EDM=0.00477909    STRATEGY= 1  ERROR MATRIX UNCERTAINTY  12.1 per cent
  EXT PARAMETER                APPROXIMATE        STEP         FIRST   
  NO.   NAME      VALUE            ERROR          SIZE      DERIVATIVE 
   1  N0           3.40343e+06   9.65659e+02   3.49827e+01   1.58523e-04
   2  tau          6.43834e+01   constant   
   3  A0           3.56841e-01   2.78328e-04  -2.34635e-07  -2.88934e+02
   4  phi          4.12208e+00   1.28350e-03  -1.75709e-05  -4.72697e+01
   5  R           -6.07281e+01   constant   
   6  alpha_CBO    0.00000e+00     fixed    
   7  w_CBO        2.32500e+00   constant   
   8  beta_CBO     0.00000e+00     fixed    
   9  alpha_2CBO   0.00000e+00     fixed    
  10  beta_2CBO    0.00000e+00     fixed    
  11  alpha_y      0.00000e+00     fixed    
  12  w_y          1.44500e+01   constant   
  13  beta_y       0.00000e+00     fixed    
  14  alpha_vw     0.00000e+00     fixed    
  15  w_vw         1.29000e+01   constant   
  16  beta_vw      0.00000e+00     fixed    
  17  LM          -7.06631e-04   constant   
  18  zeta_y       0.00000e+00   constant   
  19  zeta_vw      0.00000e+00   constant   
  20  T_CBO        1.54031e+01   5.93179e+00   3.89311e-03   1.20071e+01
  21  alpha_A0    -1.53073e-01   3.19922e-01  -2.93425e-02   4.02253e-01
  22  beta_A0      3.60111e-01   6.63501e-01   6.12305e-02  -6.00814e-01
  23  alpha_phi    1.91518e-01   3.40525e-01   3.08870e-02  -5.03575e-01
  24  beta_phi     8.00419e-01   1.39374e+00   1.27671e-01   9.03020e-02
 EXTERNAL ERROR MATRIX.    NDIM=  25    NPAR=  8    ERR DEF=1
  9.325e+05  1.983e-01 -7.785e-01 -1.845e+03  6.719e+01 -1.414e+02 -6.865e+01 -2.907e+02 
  1.983e-01  7.747e-08 -1.418e-07 -5.314e-04  2.452e-05 -5.118e-05 -2.559e-05 -1.062e-04 
 -7.785e-01 -1.418e-07  1.647e-06  7.090e-04  3.216e-05 -5.820e-05 -4.229e-05 -1.432e-04 
 -1.845e+03 -5.314e-04  7.090e-04  3.521e+01 -1.844e+00  3.824e+00  1.961e+00  8.034e+00 
  6.719e+01  2.452e-05  3.216e-05 -1.844e+00  1.024e-01 -2.122e-01 -1.089e-01 -4.459e-01 
 -1.414e+02 -5.118e-05 -5.820e-05  3.824e+00 -2.122e-01  4.402e-01  2.256e-01  9.245e-01 
 -6.865e+01 -2.559e-05 -4.229e-05  1.961e+00 -1.089e-01  2.256e-01  1.160e-01  4.744e-01 
 -2.907e+02 -1.062e-04 -1.432e-04  8.034e+00 -4.459e-01  9.245e-01  4.744e-01  1.943e+00 
ERR MATRIX APPROXIMATE
 PARAMETER  CORRELATION COEFFICIENTS  
       NO.  GLOBAL      1      3      4     20     21     22     23     24
        1  0.84649   1.000  0.738 -0.628 -0.322  0.217 -0.221 -0.209 -0.216
        3  0.80215   0.738  1.000 -0.397 -0.322  0.275 -0.277 -0.270 -0.274
        4  0.92322  -0.628 -0.397  1.000  0.093  0.078 -0.068 -0.097 -0.080
       20  0.99306  -0.322 -0.322  0.093  1.000 -0.971  0.971  0.971  0.971
       21  0.99999   0.217  0.275  0.078 -0.971  1.000 -1.000 -0.999 -1.000
       22  0.99999  -0.221 -0.277 -0.068  0.971 -1.000  1.000  0.999  1.000
       23  0.99999  -0.209 -0.270 -0.097  0.971 -0.999  0.999  1.000  1.000
       24  1.00000  -0.216 -0.274 -0.080  0.971 -1.000  1.000  1.000  1.000
 ERR MATRIX APPROXIMATE
MINUIT - FIT ONLY 1-CBO + wiggle
 **********
 **   16 **RES 
 **********
                   PARAMETER   16  beta_vw RESTORED TO VARIABLE.
                   PARAMETER   14  alpha_vw RESTORED TO VARIABLE.
                   PARAMETER   13  beta_y RESTORED TO VARIABLE.
                   PARAMETER   11  alpha_y RESTORED TO VARIABLE.
                   PARAMETER   10  beta_2CBO RESTORED TO VARIABLE.
                   PARAMETER    9  alpha_2CBO RESTORED TO VARIABLE.
                   PARAMETER    8  beta_CBO RESTORED TO VARIABLE.
                   PARAMETER    6  alpha_CBO RESTORED TO VARIABLE.
 **********
 **   17 **FIX            8
 **********
 **********
 **   18 **FIX            9
 **********
 **********
 **   19 **FIX           11
 **********
 **********
 **   20 **FIX           12
 **********
 PARAMETER   12  IS CONSTANT.   IGNORED.
 **********
 **   21 **FIX           14
 **********
 **********
 **   22 **FIX           15
 **********
 PARAMETER   15  IS CONSTANT.   IGNORED.
 **********
 **   23 **FIX           16
 **********
 **********
 **   24 **MIGRAD
 **********
 START MIGRAD MINIMIZATION.  STRATEGY  1.  CONVERGENCE WHEN EDM .LT. 1.00e-04
 FCN=26.7911 FROM MIGRAD    STATUS=INITIATE       28 CALLS        1353 TOTAL
                     EDM= unknown      STRATEGY= 1      NO ERROR MATRIX       
  EXT PARAMETER               CURRENT GUESS       STEP         FIRST   
  NO.   NAME      VALUE            ERROR          SIZE      DERIVATIVE 
   1  N0           3.40343e+06   9.65659e+02   3.49827e+01   1.58523e-04
   2  tau          6.43834e+01   constant   
   3  A0           3.56841e-01   2.78328e-04  -2.34635e-07  -2.88934e+02
   4  phi          4.12208e+00   1.28350e-03  -1.75709e-05  -4.72697e+01
   5  R           -6.07281e+01   constant   
   6  alpha_CBO    0.00000e+00   1.00000e-03   1.00000e-03  -1.15538e+03
   7  w_CBO        2.32500e+00   constant   
   8  beta_CBO     0.00000e+00     fixed    
   9  alpha_2CBO   0.00000e+00     fixed    
  10  beta_2CBO    0.00000e+00   1.00000e-03   1.00000e-03  -1.04288e+03
  11  alpha_y      0.00000e+00     fixed    
  12  w_y          1.44500e+01   constant   
  13  beta_y       0.00000e+00   1.00000e-03   1.00000e-03  -3.42641e+04
  14  alpha_vw     0.00000e+00     fixed    
  15  w_vw         1.29000e+01   constant   
  16  beta_vw      0.00000e+00     fixed    
  17  LM          -7.06631e-04   constant   
  18  zeta_y       0.00000e+00   constant   
  19  zeta_vw      0.00000e+00   constant   
  20  T_CBO        1.54031e+01   5.93179e+00   3.89311e-03  -1.20071e+01
  21  alpha_A0    -1.53073e-01   3.19922e-01  -2.93425e-02   4.02253e-01
  22  beta_A0      3.60111e-01   6.63501e-01   6.12305e-02  -6.00813e-01
  23  alpha_phi    1.91518e-01   3.40525e-01   3.08870e-02  -5.03575e-01
  24  beta_phi     8.00419e-01   1.39374e+00   1.27671e-01   9.03020e-02
 MIGRAD MINIMIZATION HAS CONVERGED.
 FCN=2.44859 FROM MIGRAD    STATUS=CONVERGED     582 CALLS        1907 TOTAL
                     EDM=5.05403e-06    STRATEGY= 1  ERROR MATRIX UNCERTAINTY   2.2 per cent
  EXT PARAMETER                                   STEP         FIRST   
  NO.   NAME      VALUE            ERROR          SIZE      DERIVATIVE 
   1  N0           3.40138e+06   2.53813e+03   4.45699e+01   3.01022e-06
   2  tau          6.43834e+01   constant   
   3  A0           3.57199e-01   5.15843e-04   8.53261e-06  -8.06781e+00
   4  phi          4.12282e+00   1.48122e-03  -2.51584e-05   1.62981e+00
   5  R           -6.07281e+01   constant   
   6  alpha_CBO    8.17212e-03   3.18666e-03  -2.45257e-05  -1.04542e+01
   7  w_CBO        2.32500e+00   constant   
   8  beta_CBO     0.00000e+00     fixed    
   9  alpha_2CBO   0.00000e+00     fixed    
  10  beta_2CBO   -3.68522e-03   1.95759e-03   2.48667e-05   2.74446e+00
  11  alpha_y      0.00000e+00     fixed    
  12  w_y          1.44500e+01   constant   
  13  beta_y       1.06254e-03   2.48621e-04   1.11039e-06   3.10671e+00
  14  alpha_vw     0.00000e+00     fixed    
  15  w_vw         1.29000e+01   constant   
  16  beta_vw      0.00000e+00     fixed    
  17  LM          -7.06631e-04   constant   
  18  zeta_y       0.00000e+00   constant   
  19  zeta_vw      0.00000e+00   constant   
  20  T_CBO        1.74391e+01   1.74001e-01   7.84558e-07   3.53114e+00
  21  alpha_A0    -3.33299e+00   1.31586e+00   1.33256e-02  -1.71325e-02
  22  beta_A0      2.61314e-01   2.36990e-01   3.07165e-03  -3.26853e-03
  23  alpha_phi    2.52730e+00   9.42996e-01  -8.34088e-03   1.68724e-02
  24  beta_phi     9.04741e-01   2.73096e-01   3.10198e-03   7.70716e-03
 EXTERNAL ERROR MATRIX.    NDIM=  25    NPAR= 11    ERR DEF=1
  6.442e+06 
  1.019e+00  2.661e-07 
 -3.465e+00 -5.678e-07  2.194e-06 
 -4.984e+00 -1.328e-07  2.747e-06  1.015e-05 
  4.123e+00  4.213e-07 -2.167e-06 -5.589e-06  3.832e-06 
  8.773e-02  2.191e-08 -4.843e-08 -1.666e-09  2.743e-08  6.181e-08 
 -4.664e+01  9.215e-06  1.658e-05  2.081e-04 -8.389e-05  1.142e-06  3.028e-02 
  2.450e+03  1.586e-04 -1.308e-03 -4.115e-03  2.452e-03  8.740e-06 -6.925e-02  1.731e+00 
  3.870e+02  7.134e-05 -1.829e-04 -1.594e-04  2.623e-04  6.373e-06  3.313e-03  1.037e-01  5.616e-02 
 -1.585e+03 -8.155e-05  8.554e-04  2.968e-03 -1.722e-03 -3.561e-06  5.171e-02 -1.223e+00 -6.380e-02  8.892e-01 
  3.343e+02  1.094e-04 -2.021e-04  1.883e-04  9.453e-05  9.679e-06  1.063e-02 -2.856e-02  4.188e-02  3.471e-02  7.458e-02 
 PARAMETER  CORRELATION COEFFICIENTS  
       NO.  GLOBAL      1      3      4      6     10     13     20     21     22     23     24
        1  0.98424   1.000  0.778 -0.922 -0.616  0.830  0.139 -0.106  0.734  0.643 -0.662  0.482
        3  0.96799   0.778  1.000 -0.743 -0.081  0.417  0.171  0.103  0.234  0.584 -0.168  0.777
        4  0.97019  -0.922 -0.743  1.000  0.582 -0.747 -0.132  0.064 -0.671 -0.521  0.612 -0.500
        6  0.99896  -0.616 -0.081  0.582  1.000 -0.896 -0.002  0.375 -0.981 -0.211  0.988  0.216
       10  0.99573   0.830  0.417 -0.747 -0.896  1.000  0.056 -0.246  0.952  0.565 -0.933  0.177
       13  0.18824   0.139  0.171 -0.132 -0.002  0.056  1.000  0.026  0.027  0.108 -0.015  0.143
       20  0.81306  -0.106  0.103  0.064  0.375 -0.246  0.026  1.000 -0.302  0.080  0.315  0.224
       21  0.99854   0.734  0.234 -0.671 -0.981  0.952  0.027 -0.302  1.000  0.333 -0.986 -0.079
       22  0.91559   0.643  0.584 -0.521 -0.211  0.565  0.108  0.080  0.333  1.000 -0.286  0.647
       23  0.99728  -0.662 -0.168  0.612  0.988 -0.933 -0.015  0.315 -0.986 -0.286  1.000  0.135
       24  0.93203   0.482  0.777 -0.500  0.216  0.177  0.143  0.224 -0.079  0.647  0.135  1.000
MINUIT - FIT ONLY 2-CBO
 **********
 **   25 **RES 
 **********
                   PARAMETER   16  beta_vw RESTORED TO VARIABLE.
                   PARAMETER   14  alpha_vw RESTORED TO VARIABLE.
                   PARAMETER   11  alpha_y RESTORED TO VARIABLE.
                   PARAMETER    9  alpha_2CBO RESTORED TO VARIABLE.
                   PARAMETER    8  beta_CBO RESTORED TO VARIABLE.
 **********
 **   26 **FIX            0
 **********
 PARAMETER    0  IS UNDEFINED. IGNORED.
 **********
 **   27 **FIX            1
 **********
 **********
 **   28 **FIX            2
 **********
 PARAMETER    2  IS CONSTANT.   IGNORED.
 **********
 **   29 **FIX            3
 **********
 **********
 **   30 **FIX            4
 **********
 **********
 **   31 **FIX            5
 **********
 PARAMETER    5  IS CONSTANT.   IGNORED.
 **********
 **   32 **FIX            6
 **********
 **********
 **   33 **FIX            7
 **********
 PARAMETER    7  IS CONSTANT.   IGNORED.
 **********
 **   34 **FIX           10
 **********
 **********
 **   35 **FIX           11
 **********
 **********
 **   36 **FIX           12
 **********
 PARAMETER   12  IS CONSTANT.   IGNORED.
 **********
 **   37 **FIX           13
 **********
 **********
 **   38 **FIX           14
 **********
 **********
 **   39 **FIX           15
 **********
 PARAMETER   15  IS CONSTANT.   IGNORED.
 **********
 **   40 **FIX           16
 **********
 **********
 **   41 **MIGRAD
 **********
 START MIGRAD MINIMIZATION.  STRATEGY  1.  CONVERGENCE WHEN EDM .LT. 1.00e-04
 FCN=2.44859 FROM MIGRAD    STATUS=INITIATE       18 CALLS        1925 TOTAL
                     EDM= unknown      STRATEGY= 1      NO ERROR MATRIX       
  EXT PARAMETER               CURRENT GUESS       STEP         FIRST   
  NO.   NAME      VALUE            ERROR          SIZE      DERIVATIVE 
   1  N0           3.40138e+06     fixed    
   2  tau          6.43834e+01   constant   
   3  A0           3.57199e-01     fixed    
   4  phi          4.12282e+00     fixed    
   5  R           -6.07281e+01   constant   
   6  alpha_CBO    8.17212e-03     fixed    
   7  w_CBO        2.32500e+00   constant   
   8  beta_CBO     0.00000e+00   1.00000e-03   1.00000e-03  -5.82984e+01
   9  alpha_2CBO   0.00000e+00   1.00000e-03   1.00000e-03  -3.79376e+02
  10  beta_2CBO   -3.68522e-03     fixed    
  11  alpha_y      0.00000e+00     fixed    
  12  w_y          1.44500e+01   constant   
  13  beta_y       1.06254e-03     fixed    
  14  alpha_vw     0.00000e+00     fixed    
  15  w_vw         1.29000e+01   constant   
  16  beta_vw      0.00000e+00     fixed    
  17  LM          -7.06631e-04   constant   
  18  zeta_y       0.00000e+00   constant   
  19  zeta_vw      0.00000e+00   constant   
  20  T_CBO        1.74391e+01   1.74001e-01   7.84558e-07   3.53115e+00
  21  alpha_A0    -3.33299e+00   1.31586e+00   1.33256e-02  -1.71324e-02
  22  beta_A0      2.61314e-01   2.36990e-01   3.07165e-03  -3.26859e-03
  23  alpha_phi    2.52730e+00   9.42996e-01  -8.34088e-03   1.68724e-02
  24  beta_phi     9.04741e-01   2.73096e-01   3.10198e-03   7.70716e-03
 MIGRAD MINIMIZATION HAS CONVERGED.
 MIGRAD WILL VERIFY CONVERGENCE AND ERROR MATRIX.
 FCN=2.39105 FROM MIGRAD    STATUS=CONVERGED     163 CALLS        2070 TOTAL
                     EDM=5.18238e-05    STRATEGY= 1      ERR MATRIX NOT POS-DEF
  EXT PARAMETER                APPROXIMATE        STEP         FIRST   
  NO.   NAME      VALUE            ERROR          SIZE      DERIVATIVE 
   1  N0           3.40138e+06     fixed    
   2  tau          6.43834e+01   constant   
   3  A0           3.57199e-01     fixed    
   4  phi          4.12282e+00     fixed    
   5  R           -6.07281e+01   constant   
   6  alpha_CBO    8.17212e-03     fixed    
   7  w_CBO        2.32500e+00   constant   
   8  beta_CBO     2.40577e-04   9.80929e-04   2.20393e-07  -2.84607e+00
   9  alpha_2CBO   2.67419e-04   1.03149e-03   2.19183e-07   3.78861e+00
  10  beta_2CBO   -3.68522e-03     fixed    
  11  alpha_y      0.00000e+00     fixed    
  12  w_y          1.44500e+01   constant   
  13  beta_y       1.06254e-03     fixed    
  14  alpha_vw     0.00000e+00     fixed    
  15  w_vw         1.29000e+01   constant   
  16  beta_vw      0.00000e+00     fixed    
  17  LM          -7.06631e-04   constant   
  18  zeta_y       0.00000e+00   constant   
  19  zeta_vw      0.00000e+00   constant   
  20  T_CBO        1.74390e+01   1.33150e+00   6.71548e-07  -2.56105e-01
  21  alpha_A0    -3.26702e+00   1.21357e+00   8.63418e-05  -3.52145e-03
  22  beta_A0      1.72143e-01   3.63821e-01   8.51274e-05   3.89075e-03
  23  alpha_phi    2.57500e+00   9.55316e-01   7.40831e-05   1.85568e-03
  24  beta_phi     9.81884e-01   4.72973e-01   8.34869e-05   3.85428e-03
 EXTERNAL ERROR MATRIX.    NDIM=  25    NPAR=  7    ERR DEF=1
  9.622e-07  9.310e-07  2.338e-05  2.568e-04 -3.274e-04  1.586e-04  2.920e-04 
  9.310e-07  1.064e-06  2.358e-05  2.811e-04 -3.515e-04  1.710e-04  2.940e-04 
  2.338e-05  2.358e-05  1.773e+00  1.574e+00 -8.875e-02 -1.243e+00 -4.632e-01 
  2.568e-04  2.811e-04  1.574e+00  1.473e+00 -1.685e-01 -1.060e+00 -3.377e-01 
 -3.274e-04 -3.515e-04 -8.875e-02 -1.685e-01  1.324e-01 -5.718e-04 -7.867e-02 
  1.586e-04  1.710e-04 -1.243e+00 -1.060e+00 -5.718e-04  9.126e-01  3.823e-01 
  2.920e-04  2.940e-04 -4.632e-01 -3.377e-01 -7.867e-02  3.823e-01  2.237e-01 
ERR MATRIX NOT POS-DEF
 PARAMETER  CORRELATION COEFFICIENTS  
       NO.  GLOBAL      8      9     20     21     22     23     24
        8  0.96835   1.000  0.920  0.018  0.216 -0.917  0.169  0.629
        9  0.97174   0.920  1.000  0.017  0.225 -0.937  0.174  0.603
       20  0.99731   0.018  0.017  1.000  0.974 -0.183 -0.977 -0.735
       21  0.99687   0.216  0.225  0.974  1.000 -0.382 -0.914 -0.588
       22  0.96563  -0.917 -0.937 -0.183 -0.382  1.000 -0.002 -0.457
       23  0.99628   0.169  0.174 -0.977 -0.914 -0.002  1.000  0.846
       24  0.98059   0.629  0.603 -0.735 -0.588 -0.457  0.846  1.000
 ERR MATRIX NOT POS-DEF
MINUIT - FIT wiggle + 1-CBO + 2-CBO
 **********
 **   42 **RES 
 **********
                   PARAMETER   16  beta_vw RESTORED TO VARIABLE.
                   PARAMETER   14  alpha_vw RESTORED TO VARIABLE.
                   PARAMETER   13  beta_y RESTORED TO VARIABLE.
                   PARAMETER   11  alpha_y RESTORED TO VARIABLE.
                   PARAMETER   10  beta_2CBO RESTORED TO VARIABLE.
                   PARAMETER    6  alpha_CBO RESTORED TO VARIABLE.
                   PARAMETER    4  phi RESTORED TO VARIABLE.
                   PARAMETER    3  A0 RESTORED TO VARIABLE.
                   PARAMETER    1  N0 RESTORED TO VARIABLE.
 **********
 **   43 **FIX           10
 **********
 **********
 **   44 **FIX           11
 **********
 **********
 **   45 **FIX           12
 **********
 PARAMETER   12  IS CONSTANT.   IGNORED.
 **********
 **   46 **FIX           13
 **********
 **********
 **   47 **FIX           14
 **********
 **********
 **   48 **FIX           15
 **********
 PARAMETER   15  IS CONSTANT.   IGNORED.
 **********
 **   49 **FIX           16
 **********
 **********
 **   50 **MIGRAD
 **********
 START MIGRAD MINIMIZATION.  STRATEGY  1.  CONVERGENCE WHEN EDM .LT. 1.00e-04
 FCN=2.39105 FROM MIGRAD    STATUS=INITIATE       22 CALLS        2092 TOTAL
                     EDM= unknown      STRATEGY= 1      NO ERROR MATRIX       
  EXT PARAMETER               CURRENT GUESS       STEP         FIRST   
  NO.   NAME      VALUE            ERROR          SIZE      DERIVATIVE 
   1  N0           3.40138e+06   2.53813e+03   2.53813e+03   3.03488e-05
   2  tau          6.43834e+01   constant   
   3  A0           3.57199e-01   5.15843e-04   5.15843e-04   1.07188e+02
   4  phi          4.12282e+00   1.48122e-03   1.48122e-03   1.99338e+01
   5  R           -6.07281e+01   constant   
   6  alpha_CBO    8.17212e-03   3.18666e-03   3.18666e-03  -3.77163e+02
   7  w_CBO        2.32500e+00   constant   
   8  beta_CBO     2.40577e-04   9.80929e-04   2.20393e-07  -2.84607e+00
   9  alpha_2CBO   2.67419e-04   1.03149e-03   2.19183e-07   3.78861e+00
  10  beta_2CBO   -3.68522e-03     fixed    
  11  alpha_y      0.00000e+00     fixed    
  12  w_y          1.44500e+01   constant   
  13  beta_y       1.06254e-03     fixed    
  14  alpha_vw     0.00000e+00     fixed    
  15  w_vw         1.29000e+01   constant   
  16  beta_vw      0.00000e+00     fixed    
  17  LM          -7.06631e-04   constant   
  18  zeta_y       0.00000e+00   constant   
  19  zeta_vw      0.00000e+00   constant   
  20  T_CBO        1.74390e+01   1.33150e+00   6.71548e-07  -2.56085e-01
  21  alpha_A0    -3.26702e+00   1.21357e+00   8.63418e-05  -3.52134e-03
  22  beta_A0      1.72143e-01   3.63821e-01   8.51274e-05   3.89053e-03
  23  alpha_phi    2.57500e+00   9.55316e-01   7.40831e-05   1.85568e-03
  24  beta_phi     9.81884e-01   4.72973e-01   8.34869e-05   3.85431e-03
 MIGRAD MINIMIZATION HAS CONVERGED.
 FCN=1.42854 FROM MIGRAD    STATUS=CONVERGED     714 CALLS        2784 TOTAL
                     EDM=2.86545e-06    STRATEGY= 1  ERROR MATRIX UNCERTAINTY   4.2 per cent
  EXT PARAMETER                                   STEP         FIRST   
  NO.   NAME      VALUE            ERROR          SIZE      DERIVATIVE 
   1  N0           3.39135e+06   2.35846e+04  -8.05170e+01  -7.07435e-07
   2  tau          6.43834e+01   constant   
   3  A0           3.56995e-01   1.61683e-03  -7.50835e-06   5.16651e+00
   4  phi          4.12951e+00   1.09418e-02   2.74666e-05   1.85976e+00
   5  R           -6.07281e+01   constant   
   6  alpha_CBO    1.24097e-02   4.65743e-03  -2.47406e-05  -4.84315e+00
   7  w_CBO        2.32500e+00   constant   
   8  beta_CBO     6.38866e-03   6.70129e-03   2.52230e-06  -1.60828e+00
   9  alpha_2CBO   3.75690e-03   3.46954e-03  -1.42463e-05   4.05981e+00
  10  beta_2CBO   -3.68522e-03     fixed    
  11  alpha_y      0.00000e+00     fixed    
  12  w_y          1.44500e+01   constant   
  13  beta_y       1.06254e-03     fixed    
  14  alpha_vw     0.00000e+00     fixed    
  15  w_vw         1.29000e+01   constant   
  16  beta_vw      0.00000e+00     fixed    
  17  LM          -7.06631e-04   constant   
  18  zeta_y       0.00000e+00   constant   
  19  zeta_vw      0.00000e+00   constant   
  20  T_CBO        1.83443e+01   7.51070e-01  -2.35105e-05   9.60797e-01
  21  alpha_A0    -3.25310e+00   6.61300e-01  -2.38026e-03  -2.38184e-03
  22  beta_A0     -1.08074e+00   1.47258e+00  -3.13002e-03   1.09777e-02
  23  alpha_phi    2.96953e+00   1.28147e+00  -7.16161e-03   9.73200e-03
  24  beta_phi     2.37925e+00   1.13993e+00  -1.52683e-03   1.95764e-03
 EXTERNAL ERROR MATRIX.    NDIM=  25    NPAR= 11    ERR DEF=1
  5.562e+08 
  3.575e+01  2.614e-06 
 -2.535e+02 -1.523e-05  1.197e-04 
  6.520e+00  2.922e-06  6.216e-06  2.169e-05 
 -1.310e+02 -6.411e-06  6.701e-05  1.541e-05  4.491e-05 
 -6.735e+00  1.406e-06  9.707e-06  1.539e-05  1.446e-05  1.204e-05 
 -3.930e+03  1.360e-04  3.216e-03  3.337e-03  3.564e-03  2.453e-03  5.641e-01 
  1.465e+04  1.009e-03 -6.437e-03  6.794e-04 -2.896e-03  3.565e-04 -2.575e-02  4.373e-01 
  3.289e+04  1.889e-03 -1.577e-02 -1.390e-03 -9.364e-03 -1.917e-03 -5.041e-01  7.740e-01  2.168e+00 
  2.319e+04  1.930e-03 -8.963e-03  4.037e-03 -2.410e-03  2.526e-03  4.221e-01  7.202e-01  1.030e+00  1.642e+00 
 -1.661e+04 -5.869e-04  9.292e-03  3.839e-03  7.257e-03  3.279e-03  7.445e-01 -3.043e-01 -1.370e+00  3.592e-02  1.299e+00 
 PARAMETER  CORRELATION COEFFICIENTS  
       NO.  GLOBAL      1      3      4      6      8      9     20     21     22     23     24
        1  0.99978   1.000  0.937 -0.982  0.059 -0.829 -0.082 -0.222  0.939  0.947  0.767 -0.618
        3  0.99679   0.937  1.000 -0.861  0.388 -0.592  0.251  0.112  0.944  0.794  0.931 -0.318
        4  0.99926  -0.982 -0.861  1.000  0.122  0.914  0.256  0.391 -0.890 -0.979 -0.639  0.745
        6  0.99891   0.059  0.388  0.122  1.000  0.494  0.952  0.954  0.221 -0.203  0.676  0.723
        8  0.99938  -0.829 -0.592  0.914  0.494  1.000  0.622  0.708 -0.654 -0.949 -0.281  0.950
        9  0.99747  -0.082  0.251  0.256  0.952  0.622  1.000  0.941  0.155 -0.375  0.568  0.829
       20  0.99632  -0.222  0.112  0.391  0.954  0.708  0.941  1.000 -0.052 -0.456  0.439  0.870
       21  0.99473   0.939  0.944 -0.890  0.221 -0.654  0.155 -0.052  1.000  0.795  0.850 -0.404
       22  0.99896   0.947  0.794 -0.979 -0.203 -0.949 -0.375 -0.456  0.795  1.000  0.546 -0.816
       23  0.99897   0.767  0.931 -0.639  0.676 -0.281  0.568  0.439  0.850  0.546  1.000  0.025
       24  0.99822  -0.618 -0.318  0.745  0.723  0.950  0.829  0.870 -0.404 -0.816  0.025  1.000
MINUIT - FIT ONLY 1-y
 **********
 **   51 **RES 
 **********
                   PARAMETER   16  beta_vw RESTORED TO VARIABLE.
                   PARAMETER   14  alpha_vw RESTORED TO VARIABLE.
                   PARAMETER   13  beta_y RESTORED TO VARIABLE.
                   PARAMETER   11  alpha_y RESTORED TO VARIABLE.
                   PARAMETER   10  beta_2CBO RESTORED TO VARIABLE.
 **********
 **   52 **FIX            0
 **********
 PARAMETER    0  IS UNDEFINED. IGNORED.
 **********
 **   53 **FIX            1
 **********
 **********
 **   54 **FIX            2
 **********
 PARAMETER    2  IS CONSTANT.   IGNORED.
 **********
 **   55 **FIX            3
 **********
 **********
 **   56 **FIX            4
 **********
 **********
 **   57 **FIX            5
 **********
 PARAMETER    5  IS CONSTANT.   IGNORED.
 **********
 **   58 **FIX            6
 **********
 **********
 **   59 **FIX            7
 **********
 PARAMETER    7  IS CONSTANT.   IGNORED.
 **********
 **   60 **FIX            8
 **********
 **********
 **   61 **FIX            9
 **********
 **********
 **   62 **FIX           13
 **********
 **********
 **   63 **FIX           14
 **********
 **********
 **   64 **FIX           15
 **********
 PARAMETER   15  IS CONSTANT.   IGNORED.
 **********
 **   65 **FIX           16
 **********
 **********
 **   66 **MIGRAD
 **********
 START MIGRAD MINIMIZATION.  STRATEGY  1.  CONVERGENCE WHEN EDM .LT. 1.00e-04
 FCN=1.42854 FROM MIGRAD    STATUS=INITIATE       16 CALLS        2800 TOTAL
                     EDM= unknown      STRATEGY= 1      NO ERROR MATRIX       
  EXT PARAMETER               CURRENT GUESS       STEP         FIRST   
  NO.   NAME      VALUE            ERROR          SIZE      DERIVATIVE 
   1  N0           3.39135e+06     fixed    
   2  tau          6.43834e+01   constant   
   3  A0           3.56995e-01     fixed    
   4  phi          4.12951e+00     fixed    
   5  R           -6.07281e+01   constant   
   6  alpha_CBO    1.24097e-02     fixed    
   7  w_CBO        2.32500e+00   constant   
   8  beta_CBO     6.38866e-03     fixed    
   9  alpha_2CBO   3.75690e-03     fixed    
  10  beta_2CBO   -3.68522e-03   1.95759e-03   1.95759e-03   1.96256e+01
  11  alpha_y      0.00000e+00   1.00000e-03   1.00000e-03  -5.62313e+01
  12  w_y          1.44500e+01   constant   
  13  beta_y       1.06254e-03     fixed    
  14  alpha_vw     0.00000e+00     fixed    
  15  w_vw         1.29000e+01   constant   
  16  beta_vw      0.00000e+00     fixed    
  17  LM          -7.06631e-04   constant   
  18  zeta_y       0.00000e+00   constant   
  19  zeta_vw      0.00000e+00   constant   
  20  T_CBO        1.83443e+01   7.51070e-01  -2.35105e-05   9.60797e-01
  21  alpha_A0    -3.25310e+00   6.61300e-01  -2.38026e-03  -2.38184e-03
  22  beta_A0     -1.08074e+00   1.47258e+00  -3.13002e-03   1.09777e-02
  23  alpha_phi    2.96953e+00   1.28147e+00  -7.16161e-03   9.73200e-03
  24  beta_phi     2.37925e+00   1.13993e+00  -1.52683e-03   1.95764e-03
 MIGRAD MINIMIZATION HAS CONVERGED.
 MIGRAD WILL VERIFY CONVERGENCE AND ERROR MATRIX.
 FCN=1.4285 FROM MIGRAD    STATUS=CONVERGED      81 CALLS        2865 TOTAL
                     EDM=2.67519e-05    STRATEGY= 1      ERR MATRIX NOT POS-DEF
  EXT PARAMETER                APPROXIMATE        STEP         FIRST   
  NO.   NAME      VALUE            ERROR          SIZE      DERIVATIVE 
   1  N0           3.39135e+06     fixed    
   2  tau          6.43834e+01   constant   
   3  A0           3.56995e-01     fixed    
   4  phi          4.12951e+00     fixed    
   5  R           -6.07281e+01   constant   
   6  alpha_CBO    1.24097e-02     fixed    
   7  w_CBO        2.32500e+00   constant   
   8  beta_CBO     6.38866e-03     fixed    
   9  alpha_2CBO   3.75690e-03     fixed    
  10  beta_2CBO   -3.68574e-03   5.28405e-04   1.73979e-07   2.91993e+00
  11  alpha_y      1.46913e-06   2.36060e-04   1.73938e-07  -2.55292e-01
  12  w_y          1.44500e+01   constant   
  13  beta_y       1.06254e-03     fixed    
  14  alpha_vw     0.00000e+00     fixed    
  15  w_vw         1.29000e+01   constant   
  16  beta_vw      0.00000e+00     fixed    
  17  LM          -7.06631e-04   constant   
  18  zeta_y       0.00000e+00   constant   
  19  zeta_vw      0.00000e+00   constant   
  20  T_CBO        1.83443e+01   9.31636e-01   6.19449e-07  -2.69739e+00
  21  alpha_A0    -3.25309e+00   7.46277e-01   5.82183e-05   1.72164e-02
  22  beta_A0     -1.08077e+00   2.85157e-01   5.68563e-05   1.83927e-02
  23  alpha_phi    2.96951e+00   6.87181e-01   4.95181e-05  -1.83088e-02
  24  beta_phi     2.37924e+00   5.58288e-01   5.67207e-05   2.05868e-02
 EXTERNAL ERROR MATRIX.    NDIM=  25    NPAR=  7    ERR DEF=1
  2.792e-07  2.476e-08  2.549e-06  1.662e-05  6.010e-05 -2.203e-05  5.062e-05 
  2.476e-08  5.572e-08  4.417e-07  5.332e-07  7.937e-06 -1.918e-06  6.220e-06 
  2.549e-06  4.417e-07  8.680e-01  6.903e-01  2.328e-01 -6.358e-01 -5.067e-01 
  1.662e-05  5.332e-07  6.903e-01  5.569e-01  1.864e-01 -5.087e-01 -4.016e-01 
  6.010e-05  7.937e-06  2.328e-01  1.864e-01  8.131e-02 -1.746e-01 -1.237e-01 
 -2.203e-05 -1.918e-06 -6.358e-01 -5.087e-01 -1.746e-01  4.722e-01  3.688e-01 
  5.062e-05  6.220e-06 -5.067e-01 -4.016e-01 -1.237e-01  3.688e-01  3.117e-01 
ERR MATRIX NOT POS-DEF
 PARAMETER  CORRELATION COEFFICIENTS  
       NO.  GLOBAL     10     11     20     21     22     23     24
       10  0.90177   1.000  0.199  0.005  0.042  0.399 -0.061  0.172
       11  0.25377   0.199  1.000  0.002  0.003  0.118 -0.012  0.047
       20  0.99720   0.005  0.002  1.000  0.993  0.876 -0.993 -0.974
       21  0.99474   0.042  0.003  0.993  1.000  0.876 -0.992 -0.964
       22  0.96514   0.399  0.118  0.876  0.876  1.000 -0.891 -0.777
       23  0.99552  -0.061 -0.012 -0.993 -0.992 -0.891  1.000  0.961
       24  0.99107   0.172  0.047 -0.974 -0.964 -0.777  0.961  1.000
 ERR MATRIX NOT POS-DEF
MINUIT - FIT ONLY 2-y
 **********
 **   67 **RES 
 **********
                   PARAMETER   16  beta_vw RESTORED TO VARIABLE.
                   PARAMETER   14  alpha_vw RESTORED TO VARIABLE.
                   PARAMETER   13  beta_y RESTORED TO VARIABLE.
                   PARAMETER    9  alpha_2CBO RESTORED TO VARIABLE.
                   PARAMETER    8  beta_CBO RESTORED TO VARIABLE.
                   PARAMETER    6  alpha_CBO RESTORED TO VARIABLE.
                   PARAMETER    4  phi RESTORED TO VARIABLE.
                   PARAMETER    3  A0 RESTORED TO VARIABLE.
                   PARAMETER    1  N0 RESTORED TO VARIABLE.
 **********
 **   68 **FIX            0
 **********
 PARAMETER    0  IS UNDEFINED. IGNORED.
 **********
 **   69 **FIX            1
 **********
 **********
 **   70 **FIX            2
 **********
 PARAMETER    2  IS CONSTANT.   IGNORED.
 **********
 **   71 **FIX            3
 **********
 **********
 **   72 **FIX            4
 **********
 **********
 **   73 **FIX            5
 **********
 PARAMETER    5  IS CONSTANT.   IGNORED.
 **********
 **   74 **FIX            6
 **********
 **********
 **   75 **FIX            7
 **********
 PARAMETER    7  IS CONSTANT.   IGNORED.
 **********
 **   76 **FIX            8
 **********
 **********
 **   77 **FIX            9
 **********
 **********
 **   78 **FIX           10
 **********
 **********
 **   79 **FIX           11
 **********
 **********
 **   80 **FIX           12
 **********
 PARAMETER   12  IS CONSTANT.   IGNORED.
 **********
 **   81 **FIX           16
 **********
 **********
 **   82 **MIGRAD
 **********
 START MIGRAD MINIMIZATION.  STRATEGY  1.  CONVERGENCE WHEN EDM .LT. 1.00e-04
 FCN=1.4285 FROM MIGRAD    STATUS=INITIATE       16 CALLS        2881 TOTAL
                     EDM= unknown      STRATEGY= 1      NO ERROR MATRIX       
  EXT PARAMETER               CURRENT GUESS       STEP         FIRST   
  NO.   NAME      VALUE            ERROR          SIZE      DERIVATIVE 
   1  N0           3.39135e+06     fixed    
   2  tau          6.43834e+01   constant   
   3  A0           3.56995e-01     fixed    
   4  phi          4.12951e+00     fixed    
   5  R           -6.07281e+01   constant   
   6  alpha_CBO    1.24097e-02     fixed    
   7  w_CBO        2.32500e+00   constant   
   8  beta_CBO     6.38866e-03     fixed    
   9  alpha_2CBO   3.75690e-03     fixed    
  10  beta_2CBO   -3.68574e-03     fixed    
  11  alpha_y      1.46913e-06     fixed    
  12  w_y          1.44500e+01   constant   
  13  beta_y       1.06254e-03   2.48621e-04   2.48621e-04  -2.17136e+02
  14  alpha_vw     0.00000e+00   1.00000e-03   1.00000e-03  -3.93952e+03
  15  w_vw         1.29000e+01   constant   
  16  beta_vw      0.00000e+00     fixed    
  17  LM          -7.06631e-04   constant   
  18  zeta_y       0.00000e+00   constant   
  19  zeta_vw      0.00000e+00   constant   
  20  T_CBO        1.83443e+01   9.31636e-01   6.19449e-07  -2.69737e+00
  21  alpha_A0    -3.25309e+00   7.46277e-01   5.82183e-05   1.72163e-02
  22  beta_A0     -1.08077e+00   2.85157e-01   5.68563e-05   1.83931e-02
  23  alpha_phi    2.96951e+00   6.87181e-01   4.95181e-05  -1.83088e-02
  24  beta_phi     2.37924e+00   5.58288e-01   5.67207e-05   2.05868e-02
 MIGRAD MINIMIZATION HAS CONVERGED.
 MIGRAD WILL VERIFY CONVERGENCE AND ERROR MATRIX.
 FCN=1.18923 FROM MIGRAD    STATUS=CONVERGED     129 CALLS        2994 TOTAL
                     EDM=1.72272e-06    STRATEGY= 1      ERR MATRIX NOT POS-DEF
  EXT PARAMETER                APPROXIMATE        STEP         FIRST   
  NO.   NAME      VALUE            ERROR          SIZE      DERIVATIVE 
   1  N0           3.39135e+06     fixed    
   2  tau          6.43834e+01   constant   
   3  A0           3.56995e-01     fixed    
   4  phi          4.12951e+00     fixed    
   5  R           -6.07281e+01   constant   
   6  alpha_CBO    1.24097e-02     fixed    
   7  w_CBO        2.32500e+00   constant   
   8  beta_CBO     6.38866e-03     fixed    
   9  alpha_2CBO   3.75690e-03     fixed    
  10  beta_2CBO   -3.68574e-03     fixed    
  11  alpha_y      1.46913e-06     fixed    
  12  w_y          1.44500e+01   constant   
  13  beta_y       1.06492e-03   2.44645e-04   1.76479e-07  -3.15274e+00
  14  alpha_vw     1.21363e-04   2.48238e-04   1.76554e-07  -2.09973e-01
  15  w_vw         1.29000e+01   constant   
  16  beta_vw      0.00000e+00     fixed    
  17  LM          -7.06631e-04   constant   
  18  zeta_y       0.00000e+00   constant   
  19  zeta_vw      0.00000e+00   constant   
  20  T_CBO        1.83455e+01   1.01705e+00   6.19445e-07   5.35321e-01
  21  alpha_A0    -3.25486e+00   8.13965e-01   5.52603e-05   1.20196e-02
  22  beta_A0     -1.07467e+00   2.81880e-01   5.39679e-05   4.68959e-03
  23  alpha_phi    2.96891e+00   7.48411e-01   4.70003e-05   2.14038e-02
  24  beta_phi     2.38304e+00   6.00699e-01   5.38353e-05  -2.76746e-03
 EXTERNAL ERROR MATRIX.    NDIM=  25    NPAR=  7    ERR DEF=1
  5.985e-08 -2.042e-09  5.701e-07 -2.987e-07  7.902e-07 -5.221e-07  3.506e-07 
 -2.042e-09  6.162e-08  3.478e-07 -1.042e-06  3.003e-06 -1.552e-07  2.053e-06 
  5.701e-07  3.478e-07  1.034e+00  8.233e-01  2.751e-01 -7.578e-01 -6.057e-01 
 -2.987e-07 -1.042e-06  8.233e-01  6.625e-01  2.171e-01 -6.052e-01 -4.835e-01 
  7.902e-07  3.003e-06  2.751e-01  2.171e-01  7.946e-02 -2.013e-01 -1.600e-01 
 -5.221e-07 -1.552e-07 -7.578e-01 -6.052e-01 -2.013e-01  5.601e-01  4.451e-01 
  3.506e-07  2.053e-06 -6.057e-01 -4.835e-01 -1.600e-01  4.451e-01  3.608e-01 
ERR MATRIX NOT POS-DEF
 PARAMETER  CORRELATION COEFFICIENTS  
       NO.  GLOBAL     13     14     20     21     22     23     24
       13  0.07013   1.000 -0.034  0.002 -0.002  0.011 -0.003  0.002
       14  0.18081  -0.034  1.000  0.001 -0.005  0.043 -0.001  0.014
       20  0.99765   0.002  0.001  1.000  0.995  0.960 -0.996 -0.991
       21  0.99558  -0.002 -0.005  0.995  1.000  0.946 -0.993 -0.989
       22  0.96431   0.011  0.043  0.960  0.946  1.000 -0.954 -0.945
       23  0.99622  -0.003 -0.001 -0.996 -0.993 -0.954  1.000  0.990
       24  0.99229   0.002  0.014 -0.991 -0.989 -0.945  0.990  1.000
 ERR MATRIX NOT POS-DEF
MINUIT - FIT ALTOGETHER
 **********
 **   83 **RES 
 **********
