 + ++++++++++++++++++++++++++++++++++++++++++++++++++++++++++++++++++++ +
 +                                                                      +
 +           You have chose to blind your fitting according to          +
 +                omega_ref * (1 + (R +/- deltaR) *10^{-6})             +
 +                                                                      +
 + ++++++++++++++++++++++++++++++++++++++++++++++++++++++++++++++++++++ +
In main()...
reading format from /gm2data/zkhechad/run45/envelope/formats/formatB_sBin_constraintOn.txt
pBinTau 	= 0  
pBinPhi 	= 0  
constraintau 	= 1 
includeMopTerm 	= 0    
constrainMop    = 0   
Parameters after format file: pBinTau 0 pBinPhi 0 constraintau 1 includeMopTerm 0 constrainMop 0 c_e_scale 0.000000 
Opening file /gm2data/tbarrett/gm2fr/studies/run23_bunch_corrections/CorrectedFourier_Run3b.root.
reading full fit data from /gm2data/zkhechad/cboTemplates/Run4CBOTemplates/templateFits0_v2.0/noRF/sBin_constraintOn_cE0.0_seed0_noRF_calo20.root
windowBins = 17
fitting sliding window 162 from bin 298 at 44.312400 to bin 315 at 46.998000 (17 bins)

Reading data from /gm2data/cornell/histograms/aMethod/histogram_a_noRF.root
 **********
 **    1 **SET PRINTOUT            1
 **********
 **********
 **    2 **SET NOWARNINGS 
 **********
 PARAMETER DEFINITIONS:
    NO.   NAME         VALUE      STEP SIZE      LIMITS
     1 N0           3.28923e+06  1.00000e+02     no limits
     2 tau          6.43975e+01  constant
     3 A0           3.64482e-01  1.00000e-04     no limits
     4 phi          4.11977e+00  1.00000e-02     no limits
     5 R           -6.08541e+01  constant
     6 alpha_CBO    0.00000e+00  1.00000e-03     no limits
     7 w_CBO        2.32500e+00  constant
     8 beta_CBO     0.00000e+00  1.00000e-03     no limits
     9 alpha_2CBO   0.00000e+00  1.00000e-03     no limits
    10 beta_2CBO    0.00000e+00  1.00000e-03     no limits
    11 alpha_y      0.00000e+00  1.00000e-03     no limits
    12 w_y          1.44500e+01  constant
    13 beta_y       0.00000e+00  1.00000e-03     no limits
    14 alpha_vw     0.00000e+00  1.00000e-03     no limits
    15 w_vw         1.29000e+01  constant
    16 beta_vw      0.00000e+00  1.00000e-03     no limits
    17 LM          -3.35021e-04  constant
    18 zeta_y       0.00000e+00  constant
    19 zeta_vw      0.00000e+00  constant
    20 T_CBO        1.00000e+02  1.00000e+00    0.00000e+00  1.00000e+03
    21 alpha_A0     0.00000e+00  1.00000e-03     no limits
    22 beta_A0      0.00000e+00  1.00000e-03     no limits
    23 alpha_phi    0.00000e+00  1.00000e-03     no limits
    24 beta_phi     0.00000e+00  1.00000e-03     no limits
MINUIT - FIT ONLY WIGGLE
 **********
 **    3 **FIX            5
 **********
 PARAMETER    5  IS CONSTANT.   IGNORED.
 **********
 **    4 **FIX            6
 **********
 **********
 **    5 **FIX            7
 **********
 PARAMETER    7  IS CONSTANT.   IGNORED.
 **********
 **    6 **FIX            8
 **********
 **********
 **    7 **FIX            9
 **********
 **********
 **    8 **FIX           10
 **********
 **********
 **    9 **FIX           11
 **********
 **********
 **   10 **FIX           12
 **********
 PARAMETER   12  IS CONSTANT.   IGNORED.
 **********
 **   11 **FIX           13
 **********
 **********
 **   12 **FIX           14
 **********
 **********
 **   13 **FIX           15
 **********
 PARAMETER   15  IS CONSTANT.   IGNORED.
 **********
 **   14 **FIX           16
 **********
 **********
 **   15 **MIGRAD
 **********
 FIRST CALL TO USER FUNCTION AT NEW START POINT, WITH IFLAG=4.
 START MIGRAD MINIMIZATION.  STRATEGY  1.  CONVERGENCE WHEN EDM .LT. 1.00e-04
 FCN=2040.9 FROM MIGRAD    STATUS=INITIATE      429 CALLS         430 TOTAL
                     EDM= unknown      STRATEGY= 1      NO ERROR MATRIX       
  EXT PARAMETER               CURRENT GUESS       STEP         FIRST   
  NO.   NAME      VALUE            ERROR          SIZE      DERIVATIVE 
   1  N0           3.28923e+06   1.00000e+02   0.00000e+00  -2.12033e-02
   2  tau          6.43975e+01   constant   
   3  A0           3.64482e-01   1.00000e-04   0.00000e+00  -3.98400e+05
   4  phi          4.11977e+00   1.00000e-02   0.00000e+00  -8.87239e+04
   5  R           -6.08541e+01   constant   
   6  alpha_CBO    0.00000e+00     fixed    
   7  w_CBO        2.32500e+00   constant   
   8  beta_CBO     0.00000e+00     fixed    
   9  alpha_2CBO   0.00000e+00     fixed    
  10  beta_2CBO    0.00000e+00     fixed    
  11  alpha_y      0.00000e+00     fixed    
  12  w_y          1.44500e+01   constant   
  13  beta_y       0.00000e+00     fixed    
  14  alpha_vw     0.00000e+00     fixed    
  15  w_vw         1.29000e+01   constant   
  16  beta_vw      0.00000e+00     fixed    
  17  LM          -3.35021e-04   constant   
  18  zeta_y       0.00000e+00   constant   
  19  zeta_vw      0.00000e+00   constant   
  20  T_CBO        1.00000e+02   1.00000e+00   0.00000e+00   0.00000e+00
  21  alpha_A0     0.00000e+00   1.00000e-03   0.00000e+00   2.60231e+04
  22  beta_A0      0.00000e+00   1.00000e-03   0.00000e+00   4.70521e+04
  23  alpha_phi    0.00000e+00   1.00000e-03   0.00000e+00   1.14368e+04
  24  beta_phi     0.00000e+00   1.00000e-03   0.00000e+00  -2.72617e+04
 CALL LIMIT EXCEEDED IN MIGRAD.
 MIGRAD TERMINATED WITHOUT CONVERGENCE.
 FCN=328.246 FROM MIGRAD    STATUS=CALL LIMIT   1326 CALLS        1327 TOTAL
                     EDM=0.908877    STRATEGY= 1  ERROR MATRIX UNCERTAINTY  18.9 per cent
  EXT PARAMETER                APPROXIMATE        STEP         FIRST   
  NO.   NAME      VALUE            ERROR          SIZE      DERIVATIVE 
   1  N0           3.33139e+06   2.89816e+04   5.63293e+03  -4.63666e-05
   2  tau          6.43975e+01   constant   
   3  A0           3.51460e-01   6.96969e-03  -1.38736e-03  -2.67146e+03
   4  phi          4.11240e+00   2.08143e-02  -4.07181e-03  -2.99156e+02
   5  R           -6.08541e+01   constant   
   6  alpha_CBO    0.00000e+00     fixed    
   7  w_CBO        2.32500e+00   constant   
   8  beta_CBO     0.00000e+00     fixed    
   9  alpha_2CBO   0.00000e+00     fixed    
  10  beta_2CBO    0.00000e+00     fixed    
  11  alpha_y      0.00000e+00     fixed    
  12  w_y          1.44500e+01   constant   
  13  beta_y       0.00000e+00     fixed    
  14  alpha_vw     0.00000e+00     fixed    
  15  w_vw         1.29000e+01   constant   
  16  beta_vw      0.00000e+00     fixed    
  17  LM          -3.35021e-04   constant   
  18  zeta_y       0.00000e+00   constant   
  19  zeta_vw      0.00000e+00   constant   
  20  T_CBO        2.40580e+02   2.10664e+01   3.20837e-04   1.41708e+01
  21  alpha_A0    -3.83876e-02   2.57960e-03  -1.12941e-04   1.50092e+02
  22  beta_A0     -9.05434e-02   6.24939e-02  -1.22351e-02   7.01049e+01
  23  alpha_phi   -6.85141e-02   5.44747e-02  -1.06640e-02   3.45402e+02
  24  beta_phi     3.45239e-02   3.31304e-03   6.18209e-04  -2.01442e+02
 EXTERNAL ERROR MATRIX.    NDIM=  25    NPAR=  8    ERR DEF=1
  8.399e+08 -2.013e+02 -6.015e+02  2.901e+05 -1.721e+01 -1.810e+03 -1.578e+03  7.907e+01 
 -2.013e+02  4.858e-05  1.442e-04 -6.041e-02  5.395e-06  4.341e-04  3.787e-04 -1.994e-05 
 -6.015e+02  1.442e-04  4.332e-04 -2.064e-01  1.158e-05  1.299e-03  1.132e-03 -5.702e-05 
  2.901e+05 -6.041e-02 -2.064e-01  4.442e+02  2.546e-02 -6.156e-01 -5.354e-01  1.036e-03 
 -1.721e+01  5.395e-06  1.158e-05  2.546e-02  6.654e-06  3.703e-05  3.334e-05 -5.299e-06 
 -1.810e+03  4.341e-04  1.299e-03 -6.156e-01  3.703e-05  3.905e-03  3.403e-03 -1.718e-04 
 -1.578e+03  3.787e-04  1.132e-03 -5.354e-01  3.334e-05  3.403e-03  2.967e-03 -1.501e-04 
  7.907e+01 -1.994e-05 -5.702e-05  1.036e-03 -5.299e-06 -1.718e-04 -1.501e-04  1.098e-05 
ERR MATRIX APPROXIMATE
 PARAMETER  CORRELATION COEFFICIENTS  
       NO.  GLOBAL      1      3      4     20     21     22     23     24
        1  0.99997   1.000 -0.997 -0.997  0.475 -0.230 -0.999 -1.000  0.824
        3  0.99996  -0.997  1.000  0.994 -0.411  0.300  0.997  0.997 -0.863
        4  0.99990  -0.997  0.994  1.000 -0.471  0.216  0.999  0.998 -0.827
       20  0.96333   0.475 -0.411 -0.471  1.000  0.468 -0.467 -0.466  0.015
       21  0.96273  -0.230  0.300  0.216  0.468  1.000  0.230  0.237 -0.620
       22  0.99996  -0.999  0.997  0.999 -0.467  0.230  1.000  1.000 -0.830
       23  0.99998  -1.000  0.997  0.998 -0.466  0.237  1.000  1.000 -0.832
       24  0.98714   0.824 -0.863 -0.827  0.015 -0.620 -0.830 -0.832  1.000
 ERR MATRIX APPROXIMATE
MINUIT - FIT ONLY 1-CBO + wiggle
 **********
 **   16 **RES 
 **********
                   PARAMETER   16  beta_vw RESTORED TO VARIABLE.
                   PARAMETER   14  alpha_vw RESTORED TO VARIABLE.
                   PARAMETER   13  beta_y RESTORED TO VARIABLE.
                   PARAMETER   11  alpha_y RESTORED TO VARIABLE.
                   PARAMETER   10  beta_2CBO RESTORED TO VARIABLE.
                   PARAMETER    9  alpha_2CBO RESTORED TO VARIABLE.
                   PARAMETER    8  beta_CBO RESTORED TO VARIABLE.
                   PARAMETER    6  alpha_CBO RESTORED TO VARIABLE.
 **********
 **   17 **FIX            8
 **********
 **********
 **   18 **FIX            9
 **********
 **********
 **   19 **FIX           11
 **********
 **********
 **   20 **FIX           12
 **********
 PARAMETER   12  IS CONSTANT.   IGNORED.
 **********
 **   21 **FIX           14
 **********
 **********
 **   22 **FIX           15
 **********
 PARAMETER   15  IS CONSTANT.   IGNORED.
 **********
 **   23 **FIX           16
 **********
 **********
 **   24 **MIGRAD
 **********
 START MIGRAD MINIMIZATION.  STRATEGY  1.  CONVERGENCE WHEN EDM .LT. 1.00e-04
 FCN=328.246 FROM MIGRAD    STATUS=INITIATE       28 CALLS        1355 TOTAL
                     EDM= unknown      STRATEGY= 1      NO ERROR MATRIX       
  EXT PARAMETER               CURRENT GUESS       STEP         FIRST   
  NO.   NAME      VALUE            ERROR          SIZE      DERIVATIVE 
   1  N0           3.33139e+06   2.89816e+04   5.63293e+03  -4.63666e-05
   2  tau          6.43975e+01   constant   
   3  A0           3.51460e-01   6.96969e-03  -1.38736e-03  -2.67146e+03
   4  phi          4.11240e+00   2.08143e-02  -4.07181e-03  -2.99156e+02
   5  R           -6.08541e+01   constant   
   6  alpha_CBO    0.00000e+00   1.00000e-03   1.00000e-03  -3.87086e+03
   7  w_CBO        2.32500e+00   constant   
   8  beta_CBO     0.00000e+00     fixed    
   9  alpha_2CBO   0.00000e+00     fixed    
  10  beta_2CBO    0.00000e+00   1.00000e-03   1.00000e-03  -1.19810e+04
  11  alpha_y      0.00000e+00     fixed    
  12  w_y          1.44500e+01   constant   
  13  beta_y       0.00000e+00   1.00000e-03   1.00000e-03   2.58327e+04
  14  alpha_vw     0.00000e+00     fixed    
  15  w_vw         1.29000e+01   constant   
  16  beta_vw      0.00000e+00     fixed    
  17  LM          -3.35021e-04   constant   
  18  zeta_y       0.00000e+00   constant   
  19  zeta_vw      0.00000e+00   constant   
  20  T_CBO        2.40580e+02   2.10664e+01   3.20837e-04  -1.41707e+01
  21  alpha_A0    -3.83876e-02   2.57960e-03  -1.12941e-04   1.50092e+02
  22  beta_A0     -9.05434e-02   6.24939e-02  -1.22351e-02   7.01050e+01
  23  alpha_phi   -6.85141e-02   5.44747e-02  -1.06640e-02   3.45402e+02
  24  beta_phi     3.45239e-02   3.31304e-03   6.18209e-04  -2.01442e+02
 CALL LIMIT EXCEEDED IN MIGRAD.
 MIGRAD TERMINATED WITHOUT CONVERGENCE.
 FCN=292.729 FROM MIGRAD    STATUS=CALL LIMIT   1907 CALLS        3234 TOTAL
                     EDM=0.201253    STRATEGY= 1  ERROR MATRIX UNCERTAINTY  37.6 per cent
  EXT PARAMETER                APPROXIMATE        STEP         FIRST   
  NO.   NAME      VALUE            ERROR          SIZE      DERIVATIVE 
   1  N0           3.47086e+06   8.57650e+03   2.10779e+02   1.29352e-04
   2  tau          6.43975e+01   constant   
   3  A0           3.63274e-01   6.36371e-03   1.90322e-05   3.94247e+02
   4  phi          3.98284e+00   1.24285e-02  -5.24008e-05  -1.50203e+02
   5  R           -6.08541e+01   constant   
   6  alpha_CBO   -2.88314e-02   4.78147e-03  -4.18813e-06   3.35446e+02
   7  w_CBO        2.32500e+00   constant   
   8  beta_CBO     0.00000e+00     fixed    
   9  alpha_2CBO   0.00000e+00     fixed    
  10  beta_2CBO    9.66453e-03   1.43842e-03   1.65322e-06  -4.51489e+02
  11  alpha_y      0.00000e+00     fixed    
  12  w_y          1.44500e+01   constant   
  13  beta_y      -2.29917e-04   1.69399e-04   2.24753e-06   4.81727e+02
  14  alpha_vw     0.00000e+00     fixed    
  15  w_vw         1.29000e+01   constant   
  16  beta_vw      0.00000e+00     fixed    
  17  LM          -3.35021e-04   constant   
  18  zeta_y       0.00000e+00   constant   
  19  zeta_vw      0.00000e+00   constant   
  20  T_CBO        9.90046e+02   6.90250e+00  -2.33093e-03   1.81957e-01
  21  alpha_A0    -1.56222e-02   9.78443e-03   1.25824e-04  -1.84541e+02
  22  beta_A0     -2.88992e-01   8.46913e-03  -2.50620e-04   3.15492e+02
  23  alpha_phi   -2.39242e-01   7.47285e-03  -2.80343e-04  -2.22755e+02
  24  beta_phi    -3.84431e-02   1.75654e-02  -1.59783e-05   8.49131e+01
 EXTERNAL ERROR MATRIX.    NDIM=  25    NPAR= 11    ERR DEF=1
  7.356e+07 
  4.594e+01  4.050e-05 
 -9.588e+01 -7.554e-05  1.545e-04 
 -3.550e+01 -2.972e-05  5.813e-05  2.286e-05 
  1.068e+01  8.165e-06 -1.533e-05 -6.310e-06  2.069e-06 
  2.353e-01  2.010e-07 -4.462e-07 -1.496e-07  2.844e-08  2.870e-08 
  2.280e+04  2.946e-03 -2.618e-02 -8.713e-03  2.865e-03  7.105e-05  4.772e+01 
  6.442e+01  5.239e-05 -9.051e-05 -3.402e-05  9.653e-06  2.620e-07 -1.816e-02  9.574e-05 
 -5.614e+01 -2.761e-05  7.747e-05  2.495e-05 -5.848e-06 -2.762e-07 -4.080e-02 -2.803e-05  7.173e-05 
 -5.953e+01 -2.912e-05  6.979e-05  2.351e-05 -7.019e-06 -1.951e-07 -2.613e-02 -4.460e-05  5.568e-05  5.584e-05 
 -1.302e+02 -1.080e-04  1.938e-04  7.825e-05 -2.382e-05 -4.208e-07 -4.342e-03 -1.498e-04  6.245e-05  8.242e-05  3.085e-04 
ERR MATRIX APPROXIMATE
 PARAMETER  CORRELATION COEFFICIENTS  
       NO.  GLOBAL      1      3      4      6     10     13     20     21     22     23     24
        1  0.99983   1.000  0.842 -0.899 -0.866  0.865  0.162  0.385  0.768 -0.773 -0.929 -0.864
        3  0.99996   0.842  1.000 -0.955 -0.977  0.892  0.186  0.067  0.841 -0.512 -0.612 -0.966
        4  0.99990  -0.899 -0.955  1.000  0.978 -0.857 -0.212 -0.305 -0.744  0.736  0.751  0.888
        6  0.99977  -0.866 -0.977  0.978  1.000 -0.917 -0.185 -0.264 -0.727  0.616  0.658  0.932
       10  0.99769   0.865  0.892 -0.857 -0.917  1.000  0.117  0.288  0.686 -0.480 -0.653 -0.943
       13  0.35403   0.162  0.186 -0.212 -0.185  0.117  1.000  0.061  0.158 -0.193 -0.154 -0.141
       20  0.99499   0.385  0.067 -0.305 -0.264  0.288  0.061  1.000 -0.269 -0.697 -0.506 -0.036
       21  0.99910   0.768  0.841 -0.744 -0.727  0.686  0.158 -0.269  1.000 -0.338 -0.610 -0.872
       22  0.99914  -0.773 -0.512  0.736  0.616 -0.480 -0.193 -0.697 -0.338  1.000  0.880  0.420
       23  0.99965  -0.929 -0.612  0.751  0.658 -0.653 -0.154 -0.506 -0.610  0.880  1.000  0.628
       24  0.99975  -0.864 -0.966  0.888  0.932 -0.943 -0.141 -0.036 -0.872  0.420  0.628  1.000
 ERR MATRIX APPROXIMATE
MINUIT - FIT ONLY 2-CBO
 **********
 **   25 **RES 
 **********
                   PARAMETER   16  beta_vw RESTORED TO VARIABLE.
                   PARAMETER   14  alpha_vw RESTORED TO VARIABLE.
                   PARAMETER   11  alpha_y RESTORED TO VARIABLE.
                   PARAMETER    9  alpha_2CBO RESTORED TO VARIABLE.
                   PARAMETER    8  beta_CBO RESTORED TO VARIABLE.
 **********
 **   26 **FIX            0
 **********
 PARAMETER    0  IS UNDEFINED. IGNORED.
 **********
 **   27 **FIX            1
 **********
 **********
 **   28 **FIX            2
 **********
 PARAMETER    2  IS CONSTANT.   IGNORED.
 **********
 **   29 **FIX            3
 **********
 **********
 **   30 **FIX            4
 **********
 **********
 **   31 **FIX            5
 **********
 PARAMETER    5  IS CONSTANT.   IGNORED.
 **********
 **   32 **FIX            6
 **********
 **********
 **   33 **FIX            7
 **********
 PARAMETER    7  IS CONSTANT.   IGNORED.
 **********
 **   34 **FIX           10
 **********
 **********
 **   35 **FIX           11
 **********
 **********
 **   36 **FIX           12
 **********
 PARAMETER   12  IS CONSTANT.   IGNORED.
 **********
 **   37 **FIX           13
 **********
 **********
 **   38 **FIX           14
 **********
 **********
 **   39 **FIX           15
 **********
 PARAMETER   15  IS CONSTANT.   IGNORED.
 **********
 **   40 **FIX           16
 **********
 **********
 **   41 **MIGRAD
 **********
 START MIGRAD MINIMIZATION.  STRATEGY  1.  CONVERGENCE WHEN EDM .LT. 1.00e-04
 FCN=292.729 FROM MIGRAD    STATUS=INITIATE       18 CALLS        3252 TOTAL
                     EDM= unknown      STRATEGY= 1      NO ERROR MATRIX       
  EXT PARAMETER               CURRENT GUESS       STEP         FIRST   
  NO.   NAME      VALUE            ERROR          SIZE      DERIVATIVE 
   1  N0           3.47086e+06     fixed    
   2  tau          6.43975e+01   constant   
   3  A0           3.63274e-01     fixed    
   4  phi          3.98284e+00     fixed    
   5  R           -6.08541e+01   constant   
   6  alpha_CBO   -2.88314e-02     fixed    
   7  w_CBO        2.32500e+00   constant   
   8  beta_CBO     0.00000e+00   1.00000e-03   1.00000e-03  -6.68294e+02
   9  alpha_2CBO   0.00000e+00   1.00000e-03   1.00000e-03  -1.71194e+03
  10  beta_2CBO    9.66453e-03     fixed    
  11  alpha_y      0.00000e+00     fixed    
  12  w_y          1.44500e+01   constant   
  13  beta_y      -2.29917e-04     fixed    
  14  alpha_vw     0.00000e+00     fixed    
  15  w_vw         1.29000e+01   constant   
  16  beta_vw      0.00000e+00     fixed    
  17  LM          -3.35021e-04   constant   
  18  zeta_y       0.00000e+00   constant   
  19  zeta_vw      0.00000e+00   constant   
  20  T_CBO        9.90046e+02   6.90250e+00  -2.33093e-03  -1.82027e-01
  21  alpha_A0    -1.56222e-02   9.78443e-03   1.25824e-04  -1.84541e+02
  22  beta_A0     -2.88992e-01   8.46913e-03  -2.50620e-04   3.15492e+02
  23  alpha_phi   -2.39242e-01   7.47285e-03  -2.80343e-04  -2.22755e+02
  24  beta_phi    -3.84431e-02   1.75654e-02  -1.59783e-05   8.49131e+01
 MIGRAD MINIMIZATION HAS CONVERGED.
 MIGRAD WILL VERIFY CONVERGENCE AND ERROR MATRIX.
 COVARIANCE MATRIX CALCULATED SUCCESSFULLY
 FCN=292.69 FROM MIGRAD    STATUS=CONVERGED     182 CALLS        3416 TOTAL
                     EDM=4.9953e-06    STRATEGY= 1      ERROR MATRIX ACCURATE 
  EXT PARAMETER                                   STEP         FIRST   
  NO.   NAME      VALUE            ERROR          SIZE      DERIVATIVE 
   1  N0           3.47086e+06     fixed    
   2  tau          6.43975e+01   constant   
   3  A0           3.63274e-01     fixed    
   4  phi          3.98284e+00     fixed    
   5  R           -6.08541e+01   constant   
   6  alpha_CBO   -2.88314e-02     fixed    
   7  w_CBO        2.32500e+00   constant   
   8  beta_CBO     4.29126e-05   4.32310e-04   1.34914e-06   8.38958e-01
   9  alpha_2CBO   7.20754e-05   4.81534e-04   1.32693e-06   3.51940e-01
  10  beta_2CBO    9.66453e-03     fixed    
  11  alpha_y      0.00000e+00     fixed    
  12  w_y          1.44500e+01   constant   
  13  beta_y      -2.29917e-04     fixed    
  14  alpha_vw     0.00000e+00     fixed    
  15  w_vw         1.29000e+01   constant   
  16  beta_vw      0.00000e+00     fixed    
  17  LM          -3.35021e-04   constant   
  18  zeta_y       0.00000e+00   constant   
  19  zeta_vw      0.00000e+00   constant   
  20  T_CBO        9.90330e+02   9.76241e+02   2.44160e-03  -9.08952e-04
  21  alpha_A0    -1.54997e-02   1.10489e-03   5.66227e-06  -1.15817e-01
  22  beta_A0     -2.88788e-01   4.07802e-03   5.01282e-06  -2.00770e-01
  23  alpha_phi   -2.39407e-01   3.11087e-03   4.24609e-06  -5.89155e-02
  24  beta_phi    -3.84858e-02   1.67777e-03   5.91576e-06  -1.70489e-03
 EXTERNAL ERROR MATRIX.    NDIM=  25    NPAR=  7    ERR DEF=1
  1.869e-07  1.559e-07  1.101e-03  2.992e-07  9.736e-07 -4.502e-07 -5.199e-07 
  1.559e-07  2.319e-07 -8.306e-04  3.252e-07  9.439e-07 -6.387e-07 -2.873e-07 
  1.101e-03 -8.306e-04  6.242e+04  2.708e-02  8.231e-01  6.880e-01  1.217e-01 
  2.992e-07  3.252e-07  2.708e-02  1.221e-06  2.095e-06 -8.834e-07 -8.419e-07 
  9.736e-07  9.439e-07  8.231e-01  2.095e-06  1.663e-05  6.273e-06 -1.324e-06 
 -4.502e-07 -6.387e-07  6.880e-01 -8.834e-07  6.273e-06  9.678e-06  2.291e-06 
 -5.199e-07 -2.873e-07  1.217e-01 -8.419e-07 -1.324e-06  2.291e-06  2.815e-06 
 PARAMETER  CORRELATION COEFFICIENTS  
       NO.  GLOBAL      8      9     20     21     22     23     24
        8  0.92785   1.000  0.749  0.010  0.626  0.552 -0.335 -0.717
        9  0.94422   0.749  1.000 -0.007  0.611  0.481 -0.426 -0.356
       20  0.99353   0.010 -0.007  1.000  0.098  0.808  0.885  0.290
       21  0.79053   0.626  0.611  0.098  1.000  0.465 -0.257 -0.454
       22  0.98915   0.552  0.481  0.808  0.465  1.000  0.494 -0.194
       23  0.98661  -0.335 -0.426  0.885 -0.257  0.494  1.000  0.439
       24  0.90689  -0.717 -0.356  0.290 -0.454 -0.194  0.439  1.000
MINUIT - FIT wiggle + 1-CBO + 2-CBO
 **********
 **   42 **RES 
 **********
                   PARAMETER   16  beta_vw RESTORED TO VARIABLE.
                   PARAMETER   14  alpha_vw RESTORED TO VARIABLE.
                   PARAMETER   13  beta_y RESTORED TO VARIABLE.
                   PARAMETER   11  alpha_y RESTORED TO VARIABLE.
                   PARAMETER   10  beta_2CBO RESTORED TO VARIABLE.
                   PARAMETER    6  alpha_CBO RESTORED TO VARIABLE.
                   PARAMETER    4  phi RESTORED TO VARIABLE.
                   PARAMETER    3  A0 RESTORED TO VARIABLE.
                   PARAMETER    1  N0 RESTORED TO VARIABLE.
 **********
 **   43 **FIX           10
 **********
 **********
 **   44 **FIX           11
 **********
 **********
 **   45 **FIX           12
 **********
 PARAMETER   12  IS CONSTANT.   IGNORED.
 **********
 **   46 **FIX           13
 **********
 **********
 **   47 **FIX           14
 **********
 **********
 **   48 **FIX           15
 **********
 PARAMETER   15  IS CONSTANT.   IGNORED.
 **********
 **   49 **FIX           16
 **********
 **********
 **   50 **MIGRAD
 **********
 START MIGRAD MINIMIZATION.  STRATEGY  1.  CONVERGENCE WHEN EDM .LT. 1.00e-04
 FCN=292.69 FROM MIGRAD    STATUS=INITIATE       22 CALLS        3438 TOTAL
                     EDM= unknown      STRATEGY= 1      NO ERROR MATRIX       
  EXT PARAMETER               CURRENT GUESS       STEP         FIRST   
  NO.   NAME      VALUE            ERROR          SIZE      DERIVATIVE 
   1  N0           3.47086e+06   8.57650e+03   8.57650e+03  -3.45089e-05
   2  tau          6.43975e+01   constant   
   3  A0           3.63274e-01   6.36371e-03   6.36371e-03  -1.07637e+02
   4  phi          3.98284e+00   1.24285e-02   1.24285e-02   2.77222e+01
   5  R           -6.08541e+01   constant   
   6  alpha_CBO   -2.88314e-02   4.78147e-03   4.78147e-03  -2.23431e+02
   7  w_CBO        2.32500e+00   constant   
   8  beta_CBO     4.29126e-05   4.32310e-04   1.34914e-06   8.38979e-01
   9  alpha_2CBO   7.20754e-05   4.81534e-04   1.32693e-06   3.51914e-01
  10  beta_2CBO    9.66453e-03     fixed    
  11  alpha_y      0.00000e+00     fixed    
  12  w_y          1.44500e+01   constant   
  13  beta_y      -2.29917e-04     fixed    
  14  alpha_vw     0.00000e+00     fixed    
  15  w_vw         1.29000e+01   constant   
  16  beta_vw      0.00000e+00     fixed    
  17  LM          -3.35021e-04   constant   
  18  zeta_y       0.00000e+00   constant   
  19  zeta_vw      0.00000e+00   constant   
  20  T_CBO        9.90330e+02   9.76241e+02   2.44160e-03  -9.67065e-04
  21  alpha_A0    -1.54997e-02   1.10489e-03   5.66227e-06  -1.15729e-01
  22  beta_A0     -2.88788e-01   4.07802e-03   5.01282e-06  -2.00725e-01
  23  alpha_phi   -2.39407e-01   3.11087e-03   4.24609e-06  -5.89125e-02
  24  beta_phi    -3.84858e-02   1.67777e-03   5.91576e-06  -1.70689e-03
 CALL LIMIT EXCEEDED IN MIGRAD.
 MIGRAD TERMINATED WITHOUT CONVERGENCE.
 FCN=291.683 FROM MIGRAD    STATUS=CALL LIMIT   1909 CALLS        5325 TOTAL
                     EDM=0.00861278    STRATEGY= 1  ERROR MATRIX UNCERTAINTY   4.1 per cent
  EXT PARAMETER                APPROXIMATE        STEP         FIRST   
  NO.   NAME      VALUE            ERROR          SIZE      DERIVATIVE 
   1  N0           3.49547e+06   1.73802e+04  -5.28025e+02   3.28084e-04
   2  tau          6.43975e+01   constant   
   3  A0           3.50981e-01   1.03169e-02   1.23143e-04  -4.44221e+02
   4  phi          3.96442e+00   1.31725e-02  -7.28364e-04  -2.25931e+02
   5  R           -6.08541e+01   constant   
   6  alpha_CBO   -2.21613e-02   6.23817e-03  -9.72754e-05  -9.87405e+01
   7  w_CBO        2.32500e+00   constant   
   8  beta_CBO     7.49590e-03   5.86728e-03   1.72474e-04  -1.60720e+02
   9  alpha_2CBO   4.77766e-03   3.50143e-03   2.18132e-06  -2.00467e+02
  10  beta_2CBO    9.66453e-03     fixed    
  11  alpha_y      0.00000e+00     fixed    
  12  w_y          1.44500e+01   constant   
  13  beta_y      -2.29917e-04     fixed    
  14  alpha_vw     0.00000e+00     fixed    
  15  w_vw         1.29000e+01   constant   
  16  beta_vw      0.00000e+00     fixed    
  17  LM          -3.35021e-04   constant   
  18  zeta_y       0.00000e+00   constant   
  19  zeta_vw      0.00000e+00   constant   
  20  T_CBO        9.90249e+02   1.78240e+02  -7.29457e-02  -5.34759e-01
  21  alpha_A0    -1.58955e-02   1.30614e-02  -3.16340e-04   8.04256e+01
  22  beta_A0     -3.16221e-01   2.06022e-02   2.68075e-04   1.94316e+02
  23  alpha_phi   -3.08709e-01   4.69383e-02   1.94130e-04   1.71081e+02
  24  beta_phi    -1.82158e-02   1.96232e-02  -1.40004e-04   1.21630e+02
 EXTERNAL ERROR MATRIX.    NDIM=  25    NPAR= 11    ERR DEF=1
  3.021e+08 
 -1.342e+02  1.064e-04 
 -9.964e+01  6.279e-05  1.735e-04 
  7.086e+01 -6.086e-05 -2.915e-05  3.891e-05 
  5.186e+01 -5.113e-05 -5.847e-05  3.091e-05  3.442e-05 
  4.795e+01 -3.417e-05 -2.948e-05  2.008e-05  1.879e-05  1.226e-05 
  4.001e+05 -9.028e-02  8.477e-01  8.205e-02 -1.974e-01 -2.164e-02  7.493e+03 
 -6.717e+00  5.065e-05  5.238e-05 -9.872e-06 -2.288e-05 -9.543e-06  3.110e-01  1.706e-04 
 -3.186e+02  1.298e-04  1.505e-04 -5.027e-05 -4.813e-05 -4.504e-05 -8.435e-02  9.213e-05  4.244e-04 
 -7.168e+02  4.498e-04  4.052e-04 -2.557e-04 -2.357e-04 -1.612e-04  1.207e-01  1.182e-04  7.217e-04  2.203e-03 
  2.552e+02 -1.831e-04 -1.336e-04  8.804e-05  8.020e-05  5.622e-05  4.527e-02 -1.647e-04 -3.232e-04 -7.776e-04  3.851e-04 
ERR MATRIX APPROXIMATE
 PARAMETER  CORRELATION COEFFICIENTS  
       NO.  GLOBAL      1      3      4      6      8      9     20     21     22     23     24
        1  0.99994   1.000 -0.748 -0.435  0.654  0.509  0.788  0.266 -0.030 -0.890 -0.879  0.748
        3  0.99996  -0.748  1.000  0.462 -0.946 -0.845 -0.946 -0.101  0.376  0.611  0.929 -0.904
        4  0.99987  -0.435  0.462  1.000 -0.355 -0.757 -0.639  0.743  0.304  0.555  0.655 -0.517
        6  0.99970   0.654 -0.946 -0.355  1.000  0.844  0.920  0.152 -0.121 -0.391 -0.873  0.719
        8  0.99968   0.509 -0.845 -0.757  0.844  1.000  0.915 -0.389 -0.299 -0.398 -0.856  0.697
        9  0.99915   0.788 -0.946 -0.639  0.920  0.915  1.000 -0.071 -0.209 -0.624 -0.981  0.818
       20  0.99406   0.266 -0.101  0.743  0.152 -0.389 -0.071  1.000  0.275 -0.047  0.030  0.027
       21  0.99927  -0.030  0.376  0.304 -0.121 -0.299 -0.209  0.275  1.000  0.342  0.193 -0.643
       22  0.99989  -0.890  0.611  0.555 -0.391 -0.398 -0.624 -0.047  0.342  1.000  0.746 -0.800
       23  0.99998  -0.879  0.929  0.655 -0.873 -0.856 -0.981  0.030  0.193  0.746  1.000 -0.844
       24  0.99978   0.748 -0.904 -0.517  0.719  0.697  0.818  0.027 -0.643 -0.800 -0.844  1.000
 ERR MATRIX APPROXIMATE
MINUIT - FIT ONLY 1-y
 **********
 **   51 **RES 
 **********
                   PARAMETER   16  beta_vw RESTORED TO VARIABLE.
                   PARAMETER   14  alpha_vw RESTORED TO VARIABLE.
                   PARAMETER   13  beta_y RESTORED TO VARIABLE.
                   PARAMETER   11  alpha_y RESTORED TO VARIABLE.
                   PARAMETER   10  beta_2CBO RESTORED TO VARIABLE.
 **********
 **   52 **FIX            0
 **********
 PARAMETER    0  IS UNDEFINED. IGNORED.
 **********
 **   53 **FIX            1
 **********
 **********
 **   54 **FIX            2
 **********
 PARAMETER    2  IS CONSTANT.   IGNORED.
 **********
 **   55 **FIX            3
 **********
 **********
 **   56 **FIX            4
 **********
 **********
 **   57 **FIX            5
 **********
 PARAMETER    5  IS CONSTANT.   IGNORED.
 **********
 **   58 **FIX            6
 **********
 **********
 **   59 **FIX            7
 **********
 PARAMETER    7  IS CONSTANT.   IGNORED.
 **********
 **   60 **FIX            8
 **********
 **********
 **   61 **FIX            9
 **********
 **********
 **   62 **FIX           13
 **********
 **********
 **   63 **FIX           14
 **********
 **********
 **   64 **FIX           15
 **********
 PARAMETER   15  IS CONSTANT.   IGNORED.
 **********
 **   65 **FIX           16
 **********
 **********
 **   66 **MIGRAD
 **********
 START MIGRAD MINIMIZATION.  STRATEGY  1.  CONVERGENCE WHEN EDM .LT. 1.00e-04
 FCN=291.683 FROM MIGRAD    STATUS=INITIATE       16 CALLS        5341 TOTAL
                     EDM= unknown      STRATEGY= 1      NO ERROR MATRIX       
  EXT PARAMETER               CURRENT GUESS       STEP         FIRST   
  NO.   NAME      VALUE            ERROR          SIZE      DERIVATIVE 
   1  N0           3.49547e+06     fixed    
   2  tau          6.43975e+01   constant   
   3  A0           3.50981e-01     fixed    
   4  phi          3.96442e+00     fixed    
   5  R           -6.08541e+01   constant   
   6  alpha_CBO   -2.21613e-02     fixed    
   7  w_CBO        2.32500e+00   constant   
   8  beta_CBO     7.49590e-03     fixed    
   9  alpha_2CBO   4.77766e-03     fixed    
  10  beta_2CBO    9.66453e-03   1.43842e-03   1.43842e-03  -5.67976e+02
  11  alpha_y      0.00000e+00   1.00000e-03   1.00000e-03   1.86071e+05
  12  w_y          1.44500e+01   constant   
  13  beta_y      -2.29917e-04     fixed    
  14  alpha_vw     0.00000e+00     fixed    
  15  w_vw         1.29000e+01   constant   
  16  beta_vw      0.00000e+00     fixed    
  17  LM          -3.35021e-04   constant   
  18  zeta_y       0.00000e+00   constant   
  19  zeta_vw      0.00000e+00   constant   
  20  T_CBO        9.90249e+02   1.78240e+02  -7.29457e-02  -5.34759e-01
  21  alpha_A0    -1.58955e-02   1.30614e-02  -3.16340e-04   8.04256e+01
  22  beta_A0     -3.16221e-01   2.06022e-02   2.68075e-04   1.94316e+02
  23  alpha_phi   -3.08709e-01   4.69383e-02   1.94130e-04   1.71081e+02
  24  beta_phi    -1.82158e-02   1.96232e-02  -1.40004e-04   1.21630e+02
 CALL LIMIT EXCEEDED IN MIGRAD.
 MIGRAD TERMINATED WITHOUT CONVERGENCE.
 FCN=53.4417 FROM MIGRAD    STATUS=CALL LIMIT   1161 CALLS        6486 TOTAL
                     EDM=0.0187826    STRATEGY= 1  ERROR MATRIX UNCERTAINTY  33.9 per cent
  EXT PARAMETER                APPROXIMATE        STEP         FIRST   
  NO.   NAME      VALUE            ERROR          SIZE      DERIVATIVE 
   1  N0           3.49547e+06     fixed    
   2  tau          6.43975e+01   constant   
   3  A0           3.50981e-01     fixed    
   4  phi          3.96442e+00     fixed    
   5  R           -6.08541e+01   constant   
   6  alpha_CBO   -2.21613e-02     fixed    
   7  w_CBO        2.32500e+00   constant   
   8  beta_CBO     7.49590e-03     fixed    
   9  alpha_2CBO   4.77766e-03     fixed    
  10  beta_2CBO    1.05034e-02   3.24749e-04  -4.51832e-06   1.99981e+02
  11  alpha_y     -2.55468e-03   1.70657e-04  -1.27339e-05  -1.38237e+02
  12  w_y          1.44500e+01   constant   
  13  beta_y      -2.29917e-04     fixed    
  14  alpha_vw     0.00000e+00     fixed    
  15  w_vw         1.29000e+01   constant   
  16  beta_vw      0.00000e+00     fixed    
  17  LM          -3.35021e-04   constant   
  18  zeta_y       0.00000e+00   constant   
  19  zeta_vw      0.00000e+00   constant   
  20  T_CBO        3.37575e+02   8.54587e+01  -2.19442e-02  -2.90562e+01
  21  alpha_A0    -1.72798e-02   9.96356e-04  -1.82195e-05   1.20642e+02
  22  beta_A0     -3.43137e-01   1.11804e-02  -1.32263e-03   2.09158e+02
  23  alpha_phi   -3.36758e-01   1.11252e-02  -1.34139e-03   2.59369e+02
  24  beta_phi    -2.58432e-02   2.05940e-03  -1.09709e-04   1.33036e+02
 EXTERNAL ERROR MATRIX.    NDIM=  25    NPAR=  7    ERR DEF=1
  1.055e-07 -7.681e-09 -2.710e-04 -1.379e-07  2.188e-07 -1.937e-08 -4.587e-07 
 -7.681e-09  2.912e-08  1.699e-03  8.320e-09  2.175e-07  2.350e-07  6.707e-08 
 -2.710e-04  1.699e-03  7.384e+03  2.452e-02  9.557e-01  9.540e-01  9.578e-02 
 -1.379e-07  8.320e-09  2.452e-02  9.927e-07  2.922e-06  2.801e-06  7.464e-07 
  2.188e-07  2.175e-07  9.557e-01  2.922e-06  1.250e-04  1.234e-04  1.074e-05 
 -1.937e-08  2.350e-07  9.540e-01  2.801e-06  1.234e-04  1.238e-04  1.231e-05 
 -4.587e-07  6.707e-08  9.578e-02  7.464e-07  1.074e-05  1.231e-05  4.241e-06 
ERR MATRIX APPROXIMATE
 PARAMETER  CORRELATION COEFFICIENTS  
       NO.  GLOBAL     10     11     20     21     22     23     24
       10  0.85370   1.000 -0.139 -0.010 -0.426  0.060 -0.005 -0.686
       11  0.34571  -0.139  1.000  0.116  0.049  0.114  0.124  0.191
       20  0.99950  -0.010  0.116  1.000  0.286  0.995  0.998  0.541
       21  0.73015  -0.426  0.049  0.286  1.000  0.262  0.253  0.364
       22  0.99863   0.060  0.114  0.995  0.262  1.000  0.992  0.466
       23  0.99871  -0.005  0.124  0.998  0.253  0.992  1.000  0.537
       24  0.93901  -0.686  0.191  0.541  0.364  0.466  0.537  1.000
 ERR MATRIX APPROXIMATE
MINUIT - FIT ONLY 2-y
 **********
 **   67 **RES 
 **********
                   PARAMETER   16  beta_vw RESTORED TO VARIABLE.
                   PARAMETER   14  alpha_vw RESTORED TO VARIABLE.
                   PARAMETER   13  beta_y RESTORED TO VARIABLE.
                   PARAMETER    9  alpha_2CBO RESTORED TO VARIABLE.
                   PARAMETER    8  beta_CBO RESTORED TO VARIABLE.
                   PARAMETER    6  alpha_CBO RESTORED TO VARIABLE.
                   PARAMETER    4  phi RESTORED TO VARIABLE.
                   PARAMETER    3  A0 RESTORED TO VARIABLE.
                   PARAMETER    1  N0 RESTORED TO VARIABLE.
 **********
 **   68 **FIX            0
 **********
 PARAMETER    0  IS UNDEFINED. IGNORED.
 **********
 **   69 **FIX            1
 **********
 **********
 **   70 **FIX            2
 **********
 PARAMETER    2  IS CONSTANT.   IGNORED.
 **********
 **   71 **FIX            3
 **********
 **********
 **   72 **FIX            4
 **********
 **********
 **   73 **FIX            5
 **********
 PARAMETER    5  IS CONSTANT.   IGNORED.
 **********
 **   74 **FIX            6
 **********
 **********
 **   75 **FIX            7
 **********
 PARAMETER    7  IS CONSTANT.   IGNORED.
 **********
 **   76 **FIX            8
 **********
 **********
 **   77 **FIX            9
 **********
 **********
 **   78 **FIX           10
 **********
 **********
 **   79 **FIX           11
 **********
 **********
 **   80 **FIX           12
 **********
 PARAMETER   12  IS CONSTANT.   IGNORED.
 **********
 **   81 **FIX           16
 **********
 **********
 **   82 **MIGRAD
 **********
 START MIGRAD MINIMIZATION.  STRATEGY  1.  CONVERGENCE WHEN EDM .LT. 1.00e-04
 FCN=53.4417 FROM MIGRAD    STATUS=INITIATE       16 CALLS        6502 TOTAL
                     EDM= unknown      STRATEGY= 1      NO ERROR MATRIX       
  EXT PARAMETER               CURRENT GUESS       STEP         FIRST   
  NO.   NAME      VALUE            ERROR          SIZE      DERIVATIVE 
   1  N0           3.49547e+06     fixed    
   2  tau          6.43975e+01   constant   
   3  A0           3.50981e-01     fixed    
   4  phi          3.96442e+00     fixed    
   5  R           -6.08541e+01   constant   
   6  alpha_CBO   -2.21613e-02     fixed    
   7  w_CBO        2.32500e+00   constant   
   8  beta_CBO     7.49590e-03     fixed    
   9  alpha_2CBO   4.77766e-03     fixed    
  10  beta_2CBO    1.05034e-02     fixed    
  11  alpha_y     -2.55468e-03     fixed    
  12  w_y          1.44500e+01   constant   
  13  beta_y      -2.29917e-04   1.69399e-04   1.69399e-04  -8.89523e+03
  14  alpha_vw     0.00000e+00   1.00000e-03   1.00000e-03   4.04233e+04
  15  w_vw         1.29000e+01   constant   
  16  beta_vw      0.00000e+00     fixed    
  17  LM          -3.35021e-04   constant   
  18  zeta_y       0.00000e+00   constant   
  19  zeta_vw      0.00000e+00   constant   
  20  T_CBO        3.37575e+02   8.54587e+01  -2.19442e-02  -2.90562e+01
  21  alpha_A0    -1.72798e-02   9.96356e-04  -1.82195e-05   1.20642e+02
  22  beta_A0     -3.43137e-01   1.11804e-02  -1.32263e-03   2.09158e+02
  23  alpha_phi   -3.36758e-01   1.11252e-02  -1.34139e-03   2.59369e+02
  24  beta_phi    -2.58432e-02   2.05940e-03  -1.09709e-04   1.33036e+02
 CALL LIMIT EXCEEDED IN MIGRAD.
 MIGRAD TERMINATED WITHOUT CONVERGENCE.
 FCN=34.1809 FROM MIGRAD    STATUS=CALL LIMIT   1146 CALLS        7632 TOTAL
                     EDM=0.150877    STRATEGY= 1  ERROR MATRIX UNCERTAINTY  45.8 per cent
  EXT PARAMETER                APPROXIMATE        STEP         FIRST   
  NO.   NAME      VALUE            ERROR          SIZE      DERIVATIVE 
   1  N0           3.49547e+06     fixed    
   2  tau          6.43975e+01   constant   
   3  A0           3.50981e-01     fixed    
   4  phi          3.96442e+00     fixed    
   5  R           -6.08541e+01   constant   
   6  alpha_CBO   -2.21613e-02     fixed    
   7  w_CBO        2.32500e+00   constant   
   8  beta_CBO     7.49590e-03     fixed    
   9  alpha_2CBO   4.77766e-03     fixed    
  10  beta_2CBO    1.05034e-02     fixed    
  11  alpha_y     -2.55468e-03     fixed    
  12  w_y          1.44500e+01   constant   
  13  beta_y       2.45236e-04   1.93962e-04   1.33900e-05  -4.57590e+02
  14  alpha_vw    -7.50790e-04   1.86091e-04  -9.62491e-06   1.91772e+02
  15  w_vw         1.29000e+01   constant   
  16  beta_vw      0.00000e+00     fixed    
  17  LM          -3.35021e-04   constant   
  18  zeta_y       0.00000e+00   constant   
  19  zeta_vw      0.00000e+00   constant   
  20  T_CBO        1.35390e+02   1.17917e+01  -8.70142e-04   7.84930e+01
  21  alpha_A0    -1.93754e-02   1.00707e-03   5.22079e-06  -8.53593e+01
  22  beta_A0     -4.18273e-01   1.21540e-02  -3.97218e-04  -7.49338e+01
  23  alpha_phi   -4.11835e-01   1.20853e-02  -3.85935e-04  -1.19234e+02
  24  beta_phi    -3.33949e-02   1.75668e-03  -5.34230e-06  -8.15136e+01
 EXTERNAL ERROR MATRIX.    NDIM=  25    NPAR=  7    ERR DEF=1
  3.762e-08 -1.766e-08 -1.529e-04 -6.717e-09 -1.571e-07 -1.628e-07  5.921e-09 
 -1.766e-08  3.463e-08  1.222e-04  1.018e-08  1.167e-07  1.267e-07  3.407e-09 
 -1.529e-04  1.222e-04  1.391e+02  3.089e-03  1.428e-01  1.422e-01  1.452e-02 
 -6.717e-09  1.018e-08  3.089e-03  1.014e-06  3.157e-06  2.750e-06  2.922e-07 
 -1.571e-07  1.167e-07  1.428e-01  3.157e-06  1.477e-04  1.461e-04  1.404e-05 
 -1.628e-07  1.267e-07  1.422e-01  2.750e-06  1.461e-04  1.461e-04  1.480e-05 
  5.921e-09  3.407e-09  1.452e-02  2.922e-07  1.404e-05  1.480e-05  3.086e-06 
ERR MATRIX APPROXIMATE
 PARAMETER  CORRELATION COEFFICIENTS  
       NO.  GLOBAL     13     14     20     21     22     23     24
       13  0.49870   1.000 -0.489 -0.067 -0.034 -0.067 -0.069  0.017
       14  0.49458  -0.489  1.000  0.056  0.054  0.052  0.056  0.010
       20  0.99921  -0.067  0.056  1.000  0.260  0.996  0.998  0.701
       21  0.59153  -0.034  0.054  0.260  1.000  0.258  0.226  0.165
       22  0.99813  -0.067  0.052  0.996  0.258  1.000  0.995  0.658
       23  0.99858  -0.069  0.056  0.998  0.226  0.995  1.000  0.697
