 + ++++++++++++++++++++++++++++++++++++++++++++++++++++++++++++++++++++ +
 +                                                                      +
 +           You have chose to blind your fitting according to          +
 +                omega_ref * (1 + (R +/- deltaR) *10^{-6})             +
 +                                                                      +
 + ++++++++++++++++++++++++++++++++++++++++++++++++++++++++++++++++++++ +
In main()...
reading format from /gm2data/zkhechad/run45/envelope/formats/formatB_sBin_constraintOn.txt
pBinTau 	= 0  
pBinPhi 	= 0  
constraintau 	= 1 
includeMopTerm 	= 0    
constrainMop    = 0   
Parameters after format file: pBinTau 0 pBinPhi 0 constraintau 1 includeMopTerm 0 constrainMop 0 c_e_scale 0.000000 
Opening file /gm2data/tbarrett/gm2fr/studies/run23_bunch_corrections/CorrectedFourier_Run3b.root.
reading full fit data from /gm2data/zkhechad/cboTemplates/Run4CBOTemplates/fullFits/noRF/sBin_constraintOn_cE0.0_seed0_noRF_calo18.root
windowBins = 69
fitting sliding window 350 from bin 486 at 72.362000 to bin 555 at 82.806000 (69 bins)

Reading data from /gm2data/cornell/histograms/aMethod/histogram_a_noRF.root
 **********
 **    1 **SET PRINTOUT            1
 **********
 **********
 **    2 **SET NOWARNINGS 
 **********
 PARAMETER DEFINITIONS:
    NO.   NAME         VALUE      STEP SIZE      LIMITS
     1 N0           3.61741e+06  1.00000e+02     no limits
     2 tau          6.44109e+01  constant
     3 A0           3.53417e-01  1.00000e-04     no limits
     4 phi          4.12209e+00  1.00000e-02     no limits
     5 R           -6.03373e+01  constant
     6 alpha_CBO    0.00000e+00  1.00000e-03     no limits
     7 w_CBO        2.32500e+00  constant
     8 beta_CBO     0.00000e+00  1.00000e-03     no limits
     9 alpha_2CBO   0.00000e+00  1.00000e-03     no limits
    10 beta_2CBO    0.00000e+00  1.00000e-03     no limits
    11 alpha_y      0.00000e+00  1.00000e-03     no limits
    12 w_y          1.38860e+01  constant
    13 beta_y       0.00000e+00  1.00000e-03     no limits
    14 alpha_vw     0.00000e+00  1.00000e-03     no limits
    15 w_vw         1.43404e+01  constant
    16 beta_vw      0.00000e+00  1.00000e-03     no limits
    17 LM           1.86654e-04  constant
    18 zeta_y       0.00000e+00  constant
    19 zeta_vw      0.00000e+00  constant
    20 T_CBO        1.00000e+02  1.00000e+00    0.00000e+00  1.00000e+03
    21 alpha_A0     0.00000e+00  1.00000e-04   -1.00000e-02  1.00000e-02
    22 beta_A0      0.00000e+00  1.00000e-04   -1.00000e-02  1.00000e-02
    23 alpha_phi    0.00000e+00  1.00000e-04   -1.00000e-02  1.00000e-02
    24 beta_phi     0.00000e+00  1.00000e-04   -1.00000e-02  1.00000e-02
MINUIT - FIT ONLY WIGGLE
 **********
 **    3 **FIX            5
 **********
 PARAMETER    5  IS CONSTANT.   IGNORED.
 **********
 **    4 **FIX            6
 **********
 **********
 **    5 **FIX            7
 **********
 PARAMETER    7  IS CONSTANT.   IGNORED.
 **********
 **    6 **FIX            8
 **********
 **********
 **    7 **FIX            9
 **********
 **********
 **    8 **FIX           10
 **********
 **********
 **    9 **FIX           11
 **********
 **********
 **   10 **FIX           12
 **********
 PARAMETER   12  IS CONSTANT.   IGNORED.
 **********
 **   11 **FIX           13
 **********
 **********
 **   12 **FIX           14
 **********
 **********
 **   13 **FIX           15
 **********
 PARAMETER   15  IS CONSTANT.   IGNORED.
 **********
 **   14 **FIX           16
 **********
 **********
 **   15 **MIGRAD
 **********
 FIRST CALL TO USER FUNCTION AT NEW START POINT, WITH IFLAG=4.
 START MIGRAD MINIMIZATION.  STRATEGY  1.  CONVERGENCE WHEN EDM .LT. 1.00e-04
 FCN=4626.71 FROM MIGRAD    STATUS=INITIATE      435 CALLS         436 TOTAL
                     EDM= unknown      STRATEGY= 1      NO ERROR MATRIX       
  EXT PARAMETER               CURRENT GUESS       STEP         FIRST   
  NO.   NAME      VALUE            ERROR          SIZE      DERIVATIVE 
   1  N0           3.61741e+06   1.00000e+02   0.00000e+00  -4.57184e-02
   2  tau          6.44109e+01   constant   
   3  A0           3.53417e-01   1.00000e-04   0.00000e+00  -2.80444e+05
   4  phi          4.12209e+00   1.00000e-02   0.00000e+00   3.26993e+04
   5  R           -6.03373e+01   constant   
   6  alpha_CBO    0.00000e+00     fixed    
   7  w_CBO        2.32500e+00   constant   
   8  beta_CBO     0.00000e+00     fixed    
   9  alpha_2CBO   0.00000e+00     fixed    
  10  beta_2CBO    0.00000e+00     fixed    
  11  alpha_y      0.00000e+00     fixed    
  12  w_y          1.38860e+01   constant   
  13  beta_y       0.00000e+00     fixed    
  14  alpha_vw     0.00000e+00     fixed    
  15  w_vw         1.43404e+01   constant   
  16  beta_vw      0.00000e+00     fixed    
  17  LM           1.86654e-04   constant   
  18  zeta_y       0.00000e+00   constant   
  19  zeta_vw      0.00000e+00   constant   
  20  T_CBO        1.00000e+02   1.00000e+00   0.00000e+00   0.00000e+00
  21  alpha_A0     0.00000e+00   1.00000e-04   0.00000e+00  -9.82578e+01
  22  beta_A0      0.00000e+00   1.00000e-04   0.00000e+00  -1.22719e+02
  23  alpha_phi    0.00000e+00   1.00000e-04   0.00000e+00   5.39716e+01
  24  beta_phi     0.00000e+00   1.00000e-04   0.00000e+00  -1.93600e+02
 MIGRAD MINIMIZATION HAS CONVERGED.
 FCN=4250.13 FROM MIGRAD    STATUS=CONVERGED     753 CALLS         754 TOTAL
                     EDM=2.64496e-06    STRATEGY= 1  ERROR MATRIX UNCERTAINTY   2.4 per cent
  EXT PARAMETER                                   STEP         FIRST   
  NO.   NAME      VALUE            ERROR          SIZE      DERIVATIVE 
   1  N0           3.61861e+06   2.80256e+02  -1.03848e+00   5.40409e-06
   2  tau          6.44109e+01   constant   
   3  A0           3.54823e-01   1.00912e-04   3.67872e-08   9.61793e+00
   4  phi          4.12045e+00   2.92589e-04   3.52625e-07  -1.73364e+00
   5  R           -6.03373e+01   constant   
   6  alpha_CBO    0.00000e+00     fixed    
   7  w_CBO        2.32500e+00   constant   
   8  beta_CBO     0.00000e+00     fixed    
   9  alpha_2CBO   0.00000e+00     fixed    
  10  beta_2CBO    0.00000e+00     fixed    
  11  alpha_y      0.00000e+00     fixed    
  12  w_y          1.38860e+01   constant   
  13  beta_y       0.00000e+00     fixed    
  14  alpha_vw     0.00000e+00     fixed    
  15  w_vw         1.43404e+01   constant   
  16  beta_vw      0.00000e+00     fixed    
  17  LM           1.86654e-04   constant   
  18  zeta_y       0.00000e+00   constant   
  19  zeta_vw      0.00000e+00   constant   
  20  T_CBO        6.12189e+01   5.77303e+00  -4.03916e-05  -4.54977e-02
  21  alpha_A0     7.37381e-03   1.71951e-03   9.71782e-04  -2.03413e-03
  22  beta_A0      9.99999e-03   1.00571e-03   2.78133e-03   8.39348e-03
  23  alpha_phi   -1.19216e-03   1.46165e-03  -1.28145e-04  -4.15382e-03
  24  beta_phi     9.72057e-03   9.21159e-04   2.46201e-03  -1.58399e-02
 EXTERNAL ERROR MATRIX.    NDIM=  25    NPAR=  8    ERR DEF=1
  7.854e+04 -3.719e-03 -8.402e-03 -4.182e+02  1.322e-01  2.335e-05 -1.108e-01  3.320e-02 
 -3.719e-03  1.018e-08 -1.135e-09  9.613e-05 -2.234e-08 -1.329e-11  2.720e-08 -9.844e-09 
 -8.402e-03 -1.135e-09  8.561e-08  3.729e-05 -3.711e-08  9.189e-11 -1.254e-09  1.879e-08 
 -4.182e+02  9.613e-05  3.729e-05  3.333e+01 -5.724e-03 -1.173e-05  2.060e-03 -2.779e-03 
  1.322e-01 -2.234e-08 -3.711e-08 -5.724e-03  3.023e-06  1.683e-09 -4.642e-07  6.043e-07 
  2.335e-05 -1.329e-11  9.189e-11 -1.173e-05  1.683e-09  2.299e-11 -3.878e-10  4.200e-09 
 -1.108e-01  2.720e-08 -1.254e-09  2.060e-03 -4.642e-07 -3.878e-10  2.152e-06 -2.430e-07 
  3.320e-02 -9.844e-09  1.879e-08 -2.779e-03  6.043e-07  4.200e-09 -2.430e-07  8.961e-07 
 PARAMETER  CORRELATION COEFFICIENTS  
       NO.  GLOBAL      1      3      4     20     21     22     23     24
        1  0.40143   1.000 -0.132 -0.102 -0.258  0.271  0.017 -0.270  0.125
        3  0.26296  -0.132  1.000 -0.038  0.165 -0.127 -0.027  0.184 -0.103
        4  0.16904  -0.102 -0.038  1.000  0.022 -0.073  0.065 -0.003  0.068
       20  0.67522  -0.258  0.165  0.022  1.000 -0.570 -0.424  0.243 -0.508
       21  0.65983   0.271 -0.127 -0.073 -0.570  1.000  0.202 -0.182  0.367
       22  0.94415   0.017 -0.027  0.065 -0.424  0.202  1.000 -0.055  0.925
       23  0.40903  -0.270  0.184 -0.003  0.243 -0.182 -0.055  1.000 -0.175
       24  0.94997   0.125 -0.103  0.068 -0.508  0.367  0.925 -0.175  1.000
MINUIT - FIT ONLY 1-CBO + wiggle
 **********
 **   16 **RES 
 **********
                   PARAMETER   16  beta_vw RESTORED TO VARIABLE.
                   PARAMETER   14  alpha_vw RESTORED TO VARIABLE.
                   PARAMETER   13  beta_y RESTORED TO VARIABLE.
                   PARAMETER   11  alpha_y RESTORED TO VARIABLE.
                   PARAMETER   10  beta_2CBO RESTORED TO VARIABLE.
                   PARAMETER    9  alpha_2CBO RESTORED TO VARIABLE.
                   PARAMETER    8  beta_CBO RESTORED TO VARIABLE.
                   PARAMETER    6  alpha_CBO RESTORED TO VARIABLE.
 **********
 **   17 **FIX            8
 **********
 **********
 **   18 **FIX            9
 **********
 **********
 **   19 **FIX           11
 **********
 **********
 **   20 **FIX           12
 **********
 PARAMETER   12  IS CONSTANT.   IGNORED.
 **********
 **   21 **FIX           14
 **********
 **********
 **   22 **FIX           15
 **********
 PARAMETER   15  IS CONSTANT.   IGNORED.
 **********
 **   23 **FIX           16
 **********
 **********
 **   24 **MIGRAD
 **********
 START MIGRAD MINIMIZATION.  STRATEGY  1.  CONVERGENCE WHEN EDM .LT. 1.00e-04
 FCN=4250.13 FROM MIGRAD    STATUS=INITIATE       28 CALLS         782 TOTAL
                     EDM= unknown      STRATEGY= 1      NO ERROR MATRIX       
  EXT PARAMETER               CURRENT GUESS       STEP         FIRST   
  NO.   NAME      VALUE            ERROR          SIZE      DERIVATIVE 
   1  N0           3.61861e+06   2.80256e+02  -1.03848e+00   5.40409e-06
   2  tau          6.44109e+01   constant   
   3  A0           3.54823e-01   1.00912e-04   3.67872e-08   9.61793e+00
   4  phi          4.12045e+00   2.92589e-04   3.52625e-07  -1.73364e+00
   5  R           -6.03373e+01   constant   
   6  alpha_CBO    0.00000e+00   1.00000e-03   1.00000e-03  -1.09961e+06
   7  w_CBO        2.32500e+00   constant   
   8  beta_CBO     0.00000e+00     fixed    
   9  alpha_2CBO   0.00000e+00     fixed    
  10  beta_2CBO    0.00000e+00   1.00000e-03   1.00000e-03  -5.33676e+04
  11  alpha_y      0.00000e+00     fixed    
  12  w_y          1.38860e+01   constant   
  13  beta_y       0.00000e+00   1.00000e-03   1.00000e-03   3.26423e+04
  14  alpha_vw     0.00000e+00     fixed    
  15  w_vw         1.43404e+01   constant   
  16  beta_vw      0.00000e+00     fixed    
  17  LM           1.86654e-04   constant   
  18  zeta_y       0.00000e+00   constant   
  19  zeta_vw      0.00000e+00   constant   
  20  T_CBO        6.12189e+01   5.77303e+00  -4.03916e-05  -4.54967e-02
  21  alpha_A0     7.37381e-03   1.71951e-03   9.71782e-04  -2.03793e-03
  22  beta_A0      9.99999e-03   1.00571e-03   2.78133e-03  -8.39343e-03
  23  alpha_phi   -1.19216e-03   1.46165e-03  -1.28145e-04  -4.15377e-03
  24  beta_phi     9.72057e-03   9.21159e-04   2.46201e-03  -1.59446e-02
 MIGRAD MINIMIZATION HAS CONVERGED.
 FCN=920.654 FROM MIGRAD    STATUS=CONVERGED     585 CALLS        1339 TOTAL
                     EDM=1.63118e-06    STRATEGY= 1  ERROR MATRIX UNCERTAINTY   1.0 per cent
  EXT PARAMETER                                   STEP         FIRST   
  NO.   NAME      VALUE            ERROR          SIZE      DERIVATIVE 
   1  N0           3.61759e+06   2.71186e+02  -1.58366e-01   3.10451e-06
   2  tau          6.44109e+01   constant   
   3  A0           3.53620e-01   1.02482e-04   1.26342e-07   3.75227e+00
   4  phi          4.12324e+00   2.99852e-04   9.14182e-09  -1.04469e-01
   5  R           -6.03373e+01   constant   
   6  alpha_CBO    6.05558e-03   1.05199e-04   1.48685e-08   2.15126e+00
   7  w_CBO        2.32500e+00   constant   
   8  beta_CBO     0.00000e+00     fixed    
   9  alpha_2CBO   0.00000e+00     fixed    
  10  beta_2CBO    3.80023e-05   1.04421e-04  -1.18205e-08   1.91017e+00
  11  alpha_y      0.00000e+00     fixed    
  12  w_y          1.38860e+01   constant   
  13  beta_y      -1.34378e-04   1.02170e-04  -3.53428e-08  -1.29186e+00
  14  alpha_vw     0.00000e+00     fixed    
  15  w_vw         1.43404e+01   constant   
  16  beta_vw      0.00000e+00     fixed    
  17  LM           1.86654e-04   constant   
  18  zeta_y       0.00000e+00   constant   
  19  zeta_vw      0.00000e+00   constant   
  20  T_CBO        7.69445e+01   8.43902e+00   1.21319e-04  -6.15688e-03
  21  alpha_A0    -3.24215e-03   1.20502e-03   2.91005e-04   9.90987e-03
  22  beta_A0      5.16636e-03   1.43730e-03   1.86582e-05  -1.51526e-03
  23  alpha_phi   -6.53227e-03   1.36905e-03   4.20055e-04  -2.36949e-03
  24  beta_phi     1.00000e-02   4.54406e-03   5.41805e-04** at limit **
 EXTERNAL ERROR MATRIX.    NDIM=  25    NPAR= 11    ERR DEF=1
  7.354e+04 
 -3.653e-03  1.050e-08 
 -8.083e-03 -2.047e-09  8.991e-08 
 -2.008e-03 -2.195e-09  5.275e-09  1.107e-08 
  8.797e-04  6.035e-10 -1.262e-09 -4.953e-10  1.090e-08 
 -1.463e-04 -1.466e-10  7.779e-11  6.204e-11 -1.171e-11  1.044e-08 
 -2.080e+02 -1.638e-05  3.633e-04  5.478e-05 -1.394e-04  1.587e-05  7.124e+01 
  2.866e-02 -5.460e-09 -1.577e-08 -1.515e-08 -2.231e-08  3.608e-09  2.702e-03  1.460e-06 
  4.851e-02 -2.404e-08  6.848e-08  1.170e-08 -2.500e-08  2.700e-09  5.994e-03  1.263e-07  2.086e-06 
 -1.038e-01  2.001e-08  2.877e-08 -3.175e-09 -1.603e-08  9.825e-11  6.909e-03  1.100e-07  4.975e-07  1.895e-06 
  2.806e-05  4.798e-11  8.103e-11  8.358e-12 -4.564e-11 -6.532e-12 -4.788e-06  2.324e-10 -9.055e-10 -1.055e-10  7.757e-11 
 PARAMETER  CORRELATION COEFFICIENTS  
       NO.  GLOBAL      1      3      4      6     10     13     20     21     22     23     24
        1  0.38658   1.000 -0.131 -0.099 -0.070  0.031 -0.005 -0.091  0.087  0.124 -0.278  0.012
        3  0.32969  -0.131  1.000 -0.067 -0.204  0.056 -0.014 -0.019 -0.044 -0.162  0.142  0.053
        4  0.26490  -0.099 -0.067  1.000  0.167 -0.040  0.003  0.144 -0.044  0.158  0.070  0.031
        6  0.31070  -0.070 -0.204  0.167  1.000 -0.045  0.006  0.062 -0.119  0.077 -0.022  0.009
       10  0.26126   0.031  0.056 -0.040 -0.045  1.000 -0.001 -0.158 -0.177 -0.166 -0.112 -0.050
       13  0.03948  -0.005 -0.014  0.003  0.006 -0.001  1.000  0.018  0.029  0.018  0.001 -0.007
       20  0.72888  -0.091 -0.019  0.144  0.062 -0.158  0.018  1.000  0.265  0.492  0.595 -0.064
       21  0.38199   0.087 -0.044 -0.044 -0.119 -0.177  0.029  0.265  1.000  0.072  0.066  0.022
       22  0.55988   0.124 -0.162  0.158  0.077 -0.166  0.018  0.492  0.072  1.000  0.250 -0.071
       23  0.65573  -0.278  0.142  0.070 -0.022 -0.112  0.001  0.595  0.066  0.250  1.000 -0.009
       24  0.13659   0.012  0.053  0.031  0.009 -0.050 -0.007 -0.064  0.022 -0.071 -0.009  1.000
MINUIT - FIT ONLY 2-CBO
 **********
 **   25 **RES 
 **********
                   PARAMETER   16  beta_vw RESTORED TO VARIABLE.
                   PARAMETER   14  alpha_vw RESTORED TO VARIABLE.
                   PARAMETER   11  alpha_y RESTORED TO VARIABLE.
                   PARAMETER    9  alpha_2CBO RESTORED TO VARIABLE.
                   PARAMETER    8  beta_CBO RESTORED TO VARIABLE.
 **********
 **   26 **FIX            0
 **********
 PARAMETER    0  IS UNDEFINED. IGNORED.
 **********
 **   27 **FIX            1
 **********
 **********
 **   28 **FIX            2
 **********
 PARAMETER    2  IS CONSTANT.   IGNORED.
 **********
 **   29 **FIX            3
 **********
 **********
 **   30 **FIX            4
 **********
 **********
 **   31 **FIX            5
 **********
 PARAMETER    5  IS CONSTANT.   IGNORED.
 **********
 **   32 **FIX            6
 **********
 **********
 **   33 **FIX            7
 **********
 PARAMETER    7  IS CONSTANT.   IGNORED.
 **********
 **   34 **FIX           10
 **********
 **********
 **   35 **FIX           11
 **********
 **********
 **   36 **FIX           12
 **********
 PARAMETER   12  IS CONSTANT.   IGNORED.
 **********
 **   37 **FIX           13
 **********
 **********
 **   38 **FIX           14
 **********
 **********
 **   39 **FIX           15
 **********
 PARAMETER   15  IS CONSTANT.   IGNORED.
 **********
 **   40 **FIX           16
 **********
 **********
 **   41 **MIGRAD
 **********
 START MIGRAD MINIMIZATION.  STRATEGY  1.  CONVERGENCE WHEN EDM .LT. 1.00e-04
 FCN=920.654 FROM MIGRAD    STATUS=INITIATE       18 CALLS        1357 TOTAL
                     EDM= unknown      STRATEGY= 1      NO ERROR MATRIX       
  EXT PARAMETER               CURRENT GUESS       STEP         FIRST   
  NO.   NAME      VALUE            ERROR          SIZE      DERIVATIVE 
   1  N0           3.61759e+06     fixed    
   2  tau          6.44109e+01   constant   
   3  A0           3.53620e-01     fixed    
   4  phi          4.12324e+00     fixed    
   5  R           -6.03373e+01   constant   
   6  alpha_CBO    6.05558e-03     fixed    
   7  w_CBO        2.32500e+00   constant   
   8  beta_CBO     0.00000e+00   1.00000e-03   1.00000e-03  -5.12275e+05
   9  alpha_2CBO   0.00000e+00   1.00000e-03   1.00000e-03   2.54826e+04
  10  beta_2CBO    3.80023e-05     fixed    
  11  alpha_y      0.00000e+00     fixed    
  12  w_y          1.38860e+01   constant   
  13  beta_y      -1.34378e-04     fixed    
  14  alpha_vw     0.00000e+00     fixed    
  15  w_vw         1.43404e+01   constant   
  16  beta_vw      0.00000e+00     fixed    
  17  LM           1.86654e-04   constant   
  18  zeta_y       0.00000e+00   constant   
  19  zeta_vw      0.00000e+00   constant   
  20  T_CBO        7.69445e+01   8.43902e+00   1.21319e-04  -6.15682e-03
  21  alpha_A0    -3.24215e-03   1.20502e-03   2.91005e-04   9.90989e-03
  22  beta_A0      5.16636e-03   1.43730e-03   1.86582e-05   1.51532e-03
  23  alpha_phi   -6.53227e-03   1.36905e-03   4.20055e-04  -2.36979e-03
  24  beta_phi     1.00000e-02   4.54406e-03   5.41805e-04** at limit **
 MIGRAD MINIMIZATION HAS CONVERGED.
 FCN=220.958 FROM MIGRAD    STATUS=CONVERGED     115 CALLS        1454 TOTAL
                     EDM=1.14312e-06    STRATEGY= 1  ERROR MATRIX UNCERTAINTY   2.3 per cent
  EXT PARAMETER                                   STEP         FIRST   
  NO.   NAME      VALUE            ERROR          SIZE      DERIVATIVE 
   1  N0           3.61759e+06     fixed    
   2  tau          6.44109e+01   constant   
   3  A0           3.53620e-01     fixed    
   4  phi          4.12324e+00     fixed    
   5  R           -6.03373e+01   constant   
   6  alpha_CBO    6.05558e-03     fixed    
   7  w_CBO        2.32500e+00   constant   
   8  beta_CBO     2.73062e-03   1.03294e-04  -6.99761e-08  -2.77893e+00
   9  alpha_2CBO  -2.72825e-05   1.02491e-04   6.06969e-08  -8.87717e+00
  10  beta_2CBO    3.80023e-05     fixed    
  11  alpha_y      0.00000e+00     fixed    
  12  w_y          1.38860e+01   constant   
  13  beta_y      -1.34378e-04     fixed    
  14  alpha_vw     0.00000e+00     fixed    
  15  w_vw         1.43404e+01   constant   
  16  beta_vw      0.00000e+00     fixed    
  17  LM           1.86654e-04   constant   
  18  zeta_y       0.00000e+00   constant   
  19  zeta_vw      0.00000e+00   constant   
  20  T_CBO        6.70626e+01   7.00125e+00  -5.09503e-05   5.00689e-04
  21  alpha_A0    -4.21737e-03   1.33814e-03   9.25217e-04  -5.48207e-03
  22  beta_A0      3.02786e-03   1.34099e-03   6.52480e-04   1.16913e-02
  23  alpha_phi   -6.61707e-03   1.46189e-03  -1.48822e-03   1.72334e-03
  24  beta_phi     1.00000e-02   4.23843e-03  -4.30189e-05** at limit **
 EXTERNAL ERROR MATRIX.    NDIM=  25    NPAR=  7    ERR DEF=1
  1.067e-08  3.936e-10 -3.506e-05 -4.082e-09 -7.593e-09 -5.997e-10 -1.897e-15 
  3.936e-10  1.050e-08  3.463e-05  1.133e-08  1.952e-08 -1.451e-08 -1.027e-14 
 -3.506e-05  3.463e-05  4.903e+01  3.828e-03 -2.665e-03  5.575e-03  5.356e-10 
 -4.082e-09  1.133e-08  3.828e-03  1.804e-06 -1.342e-07  3.279e-07  7.931e-14 
 -7.593e-09  1.952e-08 -2.665e-03 -1.342e-07  1.810e-06 -3.511e-07 -4.200e-14 
 -5.997e-10 -1.451e-08  5.575e-03  3.279e-07 -3.511e-07  2.165e-06  9.834e-14 
 -1.897e-15 -1.027e-14  5.356e-10  7.931e-14 -4.200e-14  9.834e-14  2.952e-14 
 PARAMETER  CORRELATION COEFFICIENTS  
       NO.  GLOBAL      8      9     20     21     22     23     24
        8  0.10589   1.000  0.037 -0.048 -0.029 -0.055 -0.004 -0.000
        9  0.23233   0.037  1.000  0.048  0.082  0.142 -0.096 -0.001
       20  0.66205  -0.048  0.048  1.000  0.407 -0.283  0.541  0.000
       21  0.41696  -0.029  0.082  0.407  1.000 -0.074  0.166  0.000
       22  0.33296  -0.055  0.142 -0.283 -0.074  1.000 -0.177 -0.000
       23  0.55778  -0.004 -0.096  0.541  0.166 -0.177  1.000  0.000
       24  0.00079  -0.000 -0.001  0.000  0.000 -0.000  0.000  1.000
MINUIT - FIT wiggle + 1-CBO + 2-CBO
 **********
 **   42 **RES 
 **********
                   PARAMETER   16  beta_vw RESTORED TO VARIABLE.
                   PARAMETER   14  alpha_vw RESTORED TO VARIABLE.
                   PARAMETER   13  beta_y RESTORED TO VARIABLE.
                   PARAMETER   11  alpha_y RESTORED TO VARIABLE.
                   PARAMETER   10  beta_2CBO RESTORED TO VARIABLE.
                   PARAMETER    6  alpha_CBO RESTORED TO VARIABLE.
                   PARAMETER    4  phi RESTORED TO VARIABLE.
                   PARAMETER    3  A0 RESTORED TO VARIABLE.
                   PARAMETER    1  N0 RESTORED TO VARIABLE.
 **********
 **   43 **FIX           10
 **********
 **********
 **   44 **FIX           11
 **********
 **********
 **   45 **FIX           12
 **********
 PARAMETER   12  IS CONSTANT.   IGNORED.
 **********
 **   46 **FIX           13
 **********
 **********
 **   47 **FIX           14
 **********
 **********
 **   48 **FIX           15
 **********
 PARAMETER   15  IS CONSTANT.   IGNORED.
 **********
 **   49 **FIX           16
 **********
 **********
 **   50 **MIGRAD
 **********
 START MIGRAD MINIMIZATION.  STRATEGY  1.  CONVERGENCE WHEN EDM .LT. 1.00e-04
 FCN=220.958 FROM MIGRAD    STATUS=INITIATE       22 CALLS        1476 TOTAL
                     EDM= unknown      STRATEGY= 1      NO ERROR MATRIX       
  EXT PARAMETER               CURRENT GUESS       STEP         FIRST   
  NO.   NAME      VALUE            ERROR          SIZE      DERIVATIVE 
   1  N0           3.61759e+06   2.71186e+02   2.71186e+02   1.12998e-02
   2  tau          6.44109e+01   constant   
   3  A0           3.53620e-01   1.02482e-04   1.02482e-04   4.51444e+04
   4  phi          4.12324e+00   2.99852e-04   2.99852e-04   3.43122e+04
   5  R           -6.03373e+01   constant   
   6  alpha_CBO    6.05558e-03   1.05199e-04   1.05199e-04  -1.89940e+04
   7  w_CBO        2.32500e+00   constant   
   8  beta_CBO     2.73062e-03   1.03294e-04  -6.99761e-08  -2.79501e+00
   9  alpha_2CBO  -2.72825e-05   1.02491e-04   6.06969e-08  -8.85845e+00
  10  beta_2CBO    3.80023e-05     fixed    
  11  alpha_y      0.00000e+00     fixed    
  12  w_y          1.38860e+01   constant   
  13  beta_y      -1.34378e-04     fixed    
  14  alpha_vw     0.00000e+00     fixed    
  15  w_vw         1.43404e+01   constant   
  16  beta_vw      0.00000e+00     fixed    
  17  LM           1.86654e-04   constant   
  18  zeta_y       0.00000e+00   constant   
  19  zeta_vw      0.00000e+00   constant   
  20  T_CBO        6.70626e+01   7.00125e+00  -5.09503e-05  -6.81205e-04
  21  alpha_A0    -4.21737e-03   1.33814e-03   9.25217e-04  -5.47263e-03
  22  beta_A0      3.02786e-03   1.34099e-03   6.52480e-04   1.16835e-02
  23  alpha_phi   -6.61707e-03   1.46189e-03  -1.48822e-03   1.72905e-03
  24  beta_phi     9.99998e-03   4.23843e-03  -4.30189e-05  -4.28538e-03
 MIGRAD MINIMIZATION HAS CONVERGED.
 MIGRAD WILL VERIFY CONVERGENCE AND ERROR MATRIX.
 COVARIANCE MATRIX CALCULATED SUCCESSFULLY
 FCN=188.961 FROM MIGRAD    STATUS=CONVERGED     298 CALLS        1752 TOTAL
                     EDM=4.9409e-06    STRATEGY= 1      ERROR MATRIX ACCURATE 
  EXT PARAMETER                                   STEP         FIRST   
  NO.   NAME      VALUE            ERROR          SIZE      DERIVATIVE 
   1  N0           3.61734e+06   2.78347e+02   1.74401e+00  -1.01878e-06
   2  tau          6.44109e+01   constant   
   3  A0           3.53410e-01   1.02581e-04   6.54619e-07   1.15920e-01
   4  phi          4.12178e+00   3.05175e-04   1.96542e-06   6.17226e-01
   5  R           -6.03373e+01   constant   
   6  alpha_CBO    6.13485e-03   1.05150e-04   6.74457e-07  -3.43888e+00
   7  w_CBO        2.32500e+00   constant   
   8  beta_CBO     2.85737e-03   1.05770e-04   6.91480e-07   3.59036e+00
   9  alpha_2CBO   8.26885e-06   1.04298e-04   6.83205e-07   1.98454e+00
  10  beta_2CBO    3.80023e-05     fixed    
  11  alpha_y      0.00000e+00     fixed    
  12  w_y          1.38860e+01   constant   
  13  beta_y      -1.34378e-04     fixed    
  14  alpha_vw     0.00000e+00     fixed    
  15  w_vw         1.43404e+01   constant   
  16  beta_vw      0.00000e+00     fixed    
  17  LM           1.86654e-04   constant   
  18  zeta_y       0.00000e+00   constant   
  19  zeta_vw      0.00000e+00   constant   
  20  T_CBO        6.33915e+01   6.79434e+00   1.35116e-04  -6.13379e-03
  21  alpha_A0    -4.22228e-03   1.48337e-03   9.91398e-04   3.50891e-03
  22  beta_A0      3.68873e-03   1.60062e-03   1.04870e-03   2.95583e-03
  23  alpha_phi   -7.07733e-03   1.68660e-03   1.27841e-03  -1.45242e-03
  24  beta_phi     9.99990e-03   1.99353e-02   1.97011e-02  -9.83049e-04
 EXTERNAL ERROR MATRIX.    NDIM=  25    NPAR= 11    ERR DEF=1
  7.748e+04 
 -3.076e-03  1.052e-08 
 -8.011e-03 -1.785e-09  9.313e-08 
 -1.952e-03 -2.233e-09  5.078e-09  1.106e-08 
 -1.066e-03 -8.205e-10 -5.794e-09  2.974e-10  1.119e-08 
 -6.590e-04 -5.437e-11 -1.938e-09 -2.869e-10  5.709e-10  1.088e-08 
 -1.583e+02 -5.010e-06  2.859e-04  3.261e-05 -4.640e-05  3.161e-05  4.617e+01 
  4.259e-02 -2.254e-09 -2.105e-08 -1.801e-08 -3.831e-09  1.765e-08  3.887e-03  2.220e-06 
 -7.707e-02  2.857e-08 -5.973e-08 -1.075e-08 -6.280e-09  1.894e-08 -3.423e-03 -2.712e-07  2.588e-06 
 -1.104e-01  2.413e-08  2.837e-08 -7.800e-09 -2.951e-09 -1.227e-08  6.477e-03  4.288e-07 -2.661e-07  2.900e-06 
  2.083e-05 -5.423e-11 -4.758e-11  6.363e-12  6.583e-12 -3.148e-12  1.102e-04  8.935e-09 -7.870e-09  1.471e-08  1.853e-08 
 PARAMETER  CORRELATION COEFFICIENTS  
       NO.  GLOBAL      1      3      4      6      8      9     20     21     22     23     24
        1  0.36258   1.000 -0.108 -0.094 -0.067 -0.036 -0.023 -0.084  0.103 -0.172 -0.233  0.001
        3  0.31754  -0.108  1.000 -0.057 -0.207 -0.076 -0.005 -0.007 -0.015  0.173  0.138 -0.004
        4  0.31492  -0.094 -0.057  1.000  0.158 -0.179 -0.061  0.138 -0.046 -0.122  0.055 -0.001
        6  0.30261  -0.067 -0.207  0.158  1.000  0.027 -0.026  0.046 -0.115 -0.064 -0.044  0.000
        8  0.23731  -0.036 -0.076 -0.179  0.027  1.000  0.052 -0.065 -0.024 -0.037 -0.016  0.000
        9  0.22930  -0.023 -0.005 -0.061 -0.026  0.052  1.000  0.045  0.114  0.113 -0.069 -0.000
       20  0.69409  -0.084 -0.007  0.138  0.046 -0.065  0.045  1.000  0.384 -0.313  0.560  0.119
       21  0.44286   0.103 -0.015 -0.046 -0.115 -0.024  0.114  0.384  1.000 -0.113  0.169  0.044
       22  0.43539  -0.172  0.173 -0.122 -0.064 -0.037  0.113 -0.313 -0.113  1.000 -0.097 -0.036
       23  0.61586  -0.233  0.138  0.055 -0.044 -0.016 -0.069  0.560  0.169 -0.097  1.000  0.063
       24  0.12139   0.001 -0.004 -0.001  0.000  0.000 -0.000  0.119  0.044 -0.036  0.063  1.000
MINUIT - FIT ONLY 1-y
 **********
 **   51 **RES 
 **********
                   PARAMETER   16  beta_vw RESTORED TO VARIABLE.
                   PARAMETER   14  alpha_vw RESTORED TO VARIABLE.
                   PARAMETER   13  beta_y RESTORED TO VARIABLE.
                   PARAMETER   11  alpha_y RESTORED TO VARIABLE.
                   PARAMETER   10  beta_2CBO RESTORED TO VARIABLE.
 **********
 **   52 **FIX            0
 **********
 PARAMETER    0  IS UNDEFINED. IGNORED.
 **********
 **   53 **FIX            1
 **********
 **********
 **   54 **FIX            2
 **********
 PARAMETER    2  IS CONSTANT.   IGNORED.
 **********
 **   55 **FIX            3
 **********
 **********
 **   56 **FIX            4
 **********
 **********
 **   57 **FIX            5
 **********
 PARAMETER    5  IS CONSTANT.   IGNORED.
 **********
 **   58 **FIX            6
 **********
 **********
 **   59 **FIX            7
 **********
 PARAMETER    7  IS CONSTANT.   IGNORED.
 **********
 **   60 **FIX            8
 **********
 **********
 **   61 **FIX            9
 **********
 **********
 **   62 **FIX           13
 **********
 **********
 **   63 **FIX           14
 **********
 **********
 **   64 **FIX           15
 **********
 PARAMETER   15  IS CONSTANT.   IGNORED.
 **********
 **   65 **FIX           16
 **********
 **********
 **   66 **MIGRAD
 **********
 START MIGRAD MINIMIZATION.  STRATEGY  1.  CONVERGENCE WHEN EDM .LT. 1.00e-04
 FCN=188.961 FROM MIGRAD    STATUS=INITIATE       16 CALLS        1768 TOTAL
                     EDM= unknown      STRATEGY= 1      NO ERROR MATRIX       
  EXT PARAMETER               CURRENT GUESS       STEP         FIRST   
  NO.   NAME      VALUE            ERROR          SIZE      DERIVATIVE 
   1  N0           3.61734e+06     fixed    
   2  tau          6.44109e+01   constant   
   3  A0           3.53410e-01     fixed    
   4  phi          4.12178e+00     fixed    
   5  R           -6.03373e+01   constant   
   6  alpha_CBO    6.13485e-03     fixed    
   7  w_CBO        2.32500e+00   constant   
   8  beta_CBO     2.85737e-03     fixed    
   9  alpha_2CBO   8.26885e-06     fixed    
  10  beta_2CBO    3.80023e-05   1.04421e-04   1.04421e-04   4.33460e+04
  11  alpha_y      0.00000e+00   1.00000e-03   1.00000e-03  -2.91854e+04
  12  w_y          1.38860e+01   constant   
  13  beta_y      -1.34378e-04     fixed    
  14  alpha_vw     0.00000e+00     fixed    
  15  w_vw         1.43404e+01   constant   
  16  beta_vw      0.00000e+00     fixed    
  17  LM           1.86654e-04   constant   
  18  zeta_y       0.00000e+00   constant   
  19  zeta_vw      0.00000e+00   constant   
  20  T_CBO        6.33915e+01   6.79434e+00   1.35116e-04  -6.18681e-03
  21  alpha_A0    -4.22228e-03   1.48337e-03   9.91398e-04   3.52939e-03
  22  beta_A0      3.68873e-03   1.60062e-03   1.04870e-03   2.93864e-03
  23  alpha_phi   -7.07733e-03   1.68660e-03   1.27841e-03  -1.40888e-03
  24  beta_phi     9.99990e-03   1.99353e-02   1.97011e-02  -1.00013e-03
 MIGRAD MINIMIZATION HAS CONVERGED.
 MIGRAD WILL VERIFY CONVERGENCE AND ERROR MATRIX.
 COVARIANCE MATRIX CALCULATED SUCCESSFULLY
 FCN=181.795 FROM MIGRAD    STATUS=CONVERGED     167 CALLS        1919 TOTAL
                     EDM=7.59414e-06    STRATEGY= 1      ERROR MATRIX ACCURATE 
  EXT PARAMETER                                   STEP         FIRST   
  NO.   NAME      VALUE            ERROR          SIZE      DERIVATIVE 
   1  N0           3.61734e+06     fixed    
   2  tau          6.44109e+01   constant   
   3  A0           3.53410e-01     fixed    
   4  phi          4.12178e+00     fixed    
   5  R           -6.03373e+01   constant   
   6  alpha_CBO    6.13485e-03     fixed    
   7  w_CBO        2.32500e+00   constant   
   8  beta_CBO     2.85737e-03     fixed    
   9  alpha_2CBO   8.26885e-06     fixed    
  10  beta_2CBO   -1.94625e-04   1.03971e-04   6.69423e-07   7.71804e-01
  11  alpha_y      1.45600e-04   1.00720e-04   6.64661e-07   5.68459e+00
  12  w_y          1.38860e+01   constant   
  13  beta_y      -1.34378e-04     fixed    
  14  alpha_vw     0.00000e+00     fixed    
  15  w_vw         1.43404e+01   constant   
  16  beta_vw      0.00000e+00     fixed    
  17  LM           1.86654e-04   constant   
  18  zeta_y       0.00000e+00   constant   
  19  zeta_vw      0.00000e+00   constant   
  20  T_CBO        6.58898e+01   6.95952e+00   1.39695e-04   6.66352e-02
  21  alpha_A0    -3.67654e-03   1.38583e-03   9.04799e-04  -1.87477e-03
  22  beta_A0      3.20528e-03   1.45675e-03   9.63026e-04   7.94814e-03
  23  alpha_phi   -6.62695e-03   1.53123e-03   1.12628e-03  -1.34195e-03
  24  beta_phi     9.99992e-03   1.78379e-02   1.61935e-02  -1.63418e-03
 EXTERNAL ERROR MATRIX.    NDIM=  25    NPAR=  7    ERR DEF=1
  1.081e-08  1.139e-10 -1.126e-04 -2.506e-08  1.941e-08 -1.902e-08  3.654e-12 
  1.139e-10  1.014e-08  6.294e-06 -1.514e-09 -2.843e-09  1.166e-09 -2.915e-13 
 -1.126e-04  6.294e-06  4.845e+01  3.683e-03 -3.170e-03  5.940e-03  4.297e-05 
 -2.506e-08 -1.514e-09  3.683e-03  1.935e-06 -2.324e-07  4.121e-07  2.790e-09 
  1.941e-08 -2.843e-09 -3.170e-03 -2.324e-07  2.139e-06 -3.131e-07 -2.417e-09 
 -1.902e-08  1.166e-09  5.940e-03  4.121e-07 -3.131e-07  2.378e-06  5.004e-09 
  3.654e-12 -2.915e-13  4.297e-05  2.790e-09 -2.417e-09  5.004e-09  7.242e-09 
 PARAMETER  CORRELATION COEFFICIENTS  
       NO.  GLOBAL     10     11     20     21     22     23     24
       10  0.22092   1.000  0.011 -0.156 -0.173  0.128 -0.119  0.000
       11  0.02791   0.011  1.000  0.009 -0.011 -0.019  0.008 -0.000
       20  0.65737  -0.156  0.009  1.000  0.380 -0.311  0.553  0.073
       21  0.39893  -0.173 -0.011  0.380  1.000 -0.114  0.192  0.024
       22  0.32532   0.128 -0.019 -0.311 -0.114  1.000 -0.139 -0.019
       23  0.55627  -0.119  0.008  0.553  0.192 -0.139  1.000  0.038
       24  0.07363   0.000 -0.000  0.073  0.024 -0.019  0.038  1.000
MINUIT - FIT ONLY 2-y
 **********
 **   67 **RES 
 **********
                   PARAMETER   16  beta_vw RESTORED TO VARIABLE.
                   PARAMETER   14  alpha_vw RESTORED TO VARIABLE.
                   PARAMETER   13  beta_y RESTORED TO VARIABLE.
                   PARAMETER    9  alpha_2CBO RESTORED TO VARIABLE.
                   PARAMETER    8  beta_CBO RESTORED TO VARIABLE.
                   PARAMETER    6  alpha_CBO RESTORED TO VARIABLE.
                   PARAMETER    4  phi RESTORED TO VARIABLE.
                   PARAMETER    3  A0 RESTORED TO VARIABLE.
                   PARAMETER    1  N0 RESTORED TO VARIABLE.
 **********
 **   68 **FIX            0
 **********
 PARAMETER    0  IS UNDEFINED. IGNORED.
 **********
 **   69 **FIX            1
 **********
 **********
 **   70 **FIX            2
 **********
 PARAMETER    2  IS CONSTANT.   IGNORED.
 **********
 **   71 **FIX            3
 **********
 **********
 **   72 **FIX            4
 **********
 **********
 **   73 **FIX            5
 **********
 PARAMETER    5  IS CONSTANT.   IGNORED.
 **********
 **   74 **FIX            6
 **********
 **********
 **   75 **FIX            7
 **********
 PARAMETER    7  IS CONSTANT.   IGNORED.
 **********
 **   76 **FIX            8
 **********
 **********
 **   77 **FIX            9
 **********
 **********
 **   78 **FIX           10
 **********
 **********
 **   79 **FIX           11
 **********
 **********
 **   80 **FIX           12
 **********
 PARAMETER   12  IS CONSTANT.   IGNORED.
 **********
 **   81 **FIX           16
 **********
 **********
 **   82 **MIGRAD
 **********
 START MIGRAD MINIMIZATION.  STRATEGY  1.  CONVERGENCE WHEN EDM .LT. 1.00e-04
 FCN=181.795 FROM MIGRAD    STATUS=INITIATE       16 CALLS        1935 TOTAL
                     EDM= unknown      STRATEGY= 1      NO ERROR MATRIX       
  EXT PARAMETER               CURRENT GUESS       STEP         FIRST   
  NO.   NAME      VALUE            ERROR          SIZE      DERIVATIVE 
   1  N0           3.61734e+06     fixed    
   2  tau          6.44109e+01   constant   
   3  A0           3.53410e-01     fixed    
   4  phi          4.12178e+00     fixed    
   5  R           -6.03373e+01   constant   
   6  alpha_CBO    6.13485e-03     fixed    
   7  w_CBO        2.32500e+00   constant   
   8  beta_CBO     2.85737e-03     fixed    
   9  alpha_2CBO   8.26885e-06     fixed    
  10  beta_2CBO   -1.94625e-04     fixed    
  11  alpha_y      1.45600e-04     fixed    
  12  w_y          1.38860e+01   constant   
  13  beta_y      -1.34378e-04   1.02170e-04   1.02170e-04  -1.23339e+04
  14  alpha_vw     0.00000e+00   1.00000e-03   1.00000e-03  -3.97740e+04
  15  w_vw         1.43404e+01   constant   
  16  beta_vw      0.00000e+00     fixed    
  17  LM           1.86654e-04   constant   
  18  zeta_y       0.00000e+00   constant   
  19  zeta_vw      0.00000e+00   constant   
  20  T_CBO        6.58898e+01   6.95952e+00   1.39695e-04   6.65794e-02
  21  alpha_A0    -3.67654e-03   1.38583e-03   9.04799e-04  -1.85845e-03
  22  beta_A0      3.20528e-03   1.45675e-03   9.63026e-04   7.93408e-03
  23  alpha_phi   -6.62695e-03   1.53123e-03   1.12628e-03  -1.30491e-03
  24  beta_phi     9.99992e-03   1.78379e-02   1.61935e-02  -1.68473e-03
 MIGRAD MINIMIZATION HAS CONVERGED.
 MIGRAD WILL VERIFY CONVERGENCE AND ERROR MATRIX.
 COVARIANCE MATRIX CALCULATED SUCCESSFULLY
 FCN=177.622 FROM MIGRAD    STATUS=CONVERGED     134 CALLS        2053 TOTAL
                     EDM=1.49758e-05    STRATEGY= 1      ERROR MATRIX ACCURATE 
  EXT PARAMETER                                   STEP         FIRST   
  NO.   NAME      VALUE            ERROR          SIZE      DERIVATIVE 
   1  N0           3.61734e+06     fixed    
   2  tau          6.44109e+01   constant   
   3  A0           3.53410e-01     fixed    
   4  phi          4.12178e+00     fixed    
   5  R           -6.03373e+01   constant   
   6  alpha_CBO    6.13485e-03     fixed    
   7  w_CBO        2.32500e+00   constant   
   8  beta_CBO     2.85737e-03     fixed    
   9  alpha_2CBO   8.26885e-06     fixed    
  10  beta_2CBO   -1.94625e-04     fixed    
  11  alpha_y      1.45600e-04     fixed    
  12  w_y          1.38860e+01   constant   
  13  beta_y      -1.03540e-04   1.03647e-04   6.66718e-07   2.86694e+00
  14  alpha_vw     2.00258e-04   1.03065e-04   6.62990e-07  -8.96121e-01
  15  w_vw         1.43404e+01   constant   
  16  beta_vw      0.00000e+00     fixed    
  17  LM           1.86654e-04   constant   
  18  zeta_y       0.00000e+00   constant   
  19  zeta_vw      0.00000e+00   constant   
  20  T_CBO        6.57208e+01   6.94327e+00   1.37778e-04  -2.06040e-02
  21  alpha_A0    -3.72519e-03   1.37357e-03   8.98553e-04  -1.24225e-02
  22  beta_A0      3.21323e-03   1.45073e-03   9.54778e-04   1.36050e-02
  23  alpha_phi   -6.62667e-03   1.52934e-03   1.11826e-03   2.63999e-02
  24  beta_phi     1.00000e-02   1.82521e-02   1.85938e-02** at limit **
 EXTERNAL ERROR MATRIX.    NDIM=  25    NPAR=  7    ERR DEF=1
  1.074e-08 -1.781e-09  1.545e-05  3.112e-09 -2.075e-09  8.851e-10 -1.684e-14 
 -1.781e-09  1.062e-08 -1.321e-05 -3.361e-09  1.003e-09 -4.105e-10  1.515e-14 
  1.545e-05 -1.321e-05  4.822e+01  3.548e-03 -3.045e-03  5.874e-03  6.688e-07 
  3.112e-09 -3.361e-09  3.548e-03  1.901e-06 -1.972e-07  3.840e-07  4.431e-11 
 -2.075e-09  1.003e-09 -3.045e-03 -1.972e-07  2.121e-06 -2.888e-07 -3.802e-11 
  8.851e-10 -4.105e-10  5.874e-03  3.840e-07 -2.888e-07  2.372e-06  7.826e-11 
 -1.684e-14  1.515e-14  6.688e-07  4.431e-11 -3.802e-11  7.826e-11  3.224e-13 
 PARAMETER  CORRELATION COEFFICIENTS  
       NO.  GLOBAL     13     14     20     21     22     23     24
       13  0.16847   1.000 -0.167  0.021  0.022 -0.014  0.006 -0.000
       14  0.16832  -0.167  1.000 -0.018 -0.024  0.007 -0.003  0.000
       20  0.65826   0.021 -0.018  1.000  0.371 -0.301  0.549  0.170
       21  0.37249   0.022 -0.024  0.371  1.000 -0.098  0.181  0.057
       22  0.30480  -0.014  0.007 -0.301 -0.098  1.000 -0.129 -0.046
       23  0.55117   0.006 -0.003  0.549  0.181 -0.129  1.000  0.089
       24  0.16998  -0.000  0.000  0.170  0.057 -0.046  0.089  1.000
MINUIT - FIT ALTOGETHER
 **********
 **   83 **RES 
 **********
                   PARAMETER   16  beta_vw RESTORED TO VARIABLE.
