 + ++++++++++++++++++++++++++++++++++++++++++++++++++++++++++++++++++++ +
 +                                                                      +
 +           You have chose to blind your fitting according to          +
 +                omega_ref * (1 + (R +/- deltaR) *10^{-6})             +
 +                                                                      +
 + ++++++++++++++++++++++++++++++++++++++++++++++++++++++++++++++++++++ +
In main()...
reading format from /gm2data/zkhechad/run45/envelope/formats/formatB_sBin_constraintOn.txt
pBinTau 	= 0  
pBinPhi 	= 0  
constraintau 	= 1 
includeMopTerm 	= 0    
constrainMop    = 0   
Parameters after format file: pBinTau 0 pBinPhi 0 constraintau 1 includeMopTerm 0 constrainMop 0 c_e_scale 0.000000 
Opening file /gm2data/tbarrett/gm2fr/studies/run23_bunch_corrections/CorrectedFourier_Run3b.root.
reading full fit data from /gm2data/zkhechad/cboTemplates/Run4CBOTemplates/fullFits/noRF/sBin_constraintOn_cE0.0_seed0_noRF_calo19.root
windowBins = 69
fitting sliding window 2240 from bin 2376 at 354.350000 to bin 2445 at 364.794000 (69 bins)

Reading data from /gm2data/cornell/histograms/aMethod/histogram_a_noRF.root
 **********
 **    1 **SET PRINTOUT            1
 **********
 **********
 **    2 **SET NOWARNINGS 
 **********
 PARAMETER DEFINITIONS:
    NO.   NAME         VALUE      STEP SIZE      LIMITS
     1 N0           3.18973e+06  1.00000e+02     no limits
     2 tau          6.43945e+01  constant
     3 A0           3.47817e-01  1.00000e-04     no limits
     4 phi          4.13218e+00  1.00000e-02     no limits
     5 R           -5.98741e+01  constant
     6 alpha_CBO    0.00000e+00  1.00000e-03     no limits
     7 w_CBO        2.32500e+00  constant
     8 beta_CBO     0.00000e+00  1.00000e-03     no limits
     9 alpha_2CBO   0.00000e+00  1.00000e-03     no limits
    10 beta_2CBO    0.00000e+00  1.00000e-03     no limits
    11 alpha_y      0.00000e+00  1.00000e-03     no limits
    12 w_y          1.38860e+01  constant
    13 beta_y       0.00000e+00  1.00000e-03     no limits
    14 alpha_vw     0.00000e+00  1.00000e-03     no limits
    15 w_vw         1.43404e+01  constant
    16 beta_vw      0.00000e+00  1.00000e-03     no limits
    17 LM          -2.15884e-04  constant
    18 zeta_y       0.00000e+00  constant
    19 zeta_vw      0.00000e+00  constant
    20 T_CBO        1.00000e+02  1.00000e+00    0.00000e+00  1.00000e+03
    21 alpha_A0     0.00000e+00  1.00000e-03     no limits
    22 beta_A0      0.00000e+00  1.00000e-03     no limits
    23 alpha_phi    0.00000e+00  1.00000e-03     no limits
    24 beta_phi     0.00000e+00  1.00000e-03     no limits
MINUIT - FIT ONLY WIGGLE
 **********
 **    3 **FIX            5
 **********
 PARAMETER    5  IS CONSTANT.   IGNORED.
 **********
 **    4 **FIX            6
 **********
 **********
 **    5 **FIX            7
 **********
 PARAMETER    7  IS CONSTANT.   IGNORED.
 **********
 **    6 **FIX            8
 **********
 **********
 **    7 **FIX            9
 **********
 **********
 **    8 **FIX           10
 **********
 **********
 **    9 **FIX           11
 **********
 **********
 **   10 **FIX           12
 **********
 PARAMETER   12  IS CONSTANT.   IGNORED.
 **********
 **   11 **FIX           13
 **********
 **********
 **   12 **FIX           14
 **********
 **********
 **   13 **FIX           15
 **********
 PARAMETER   15  IS CONSTANT.   IGNORED.
 **********
 **   14 **FIX           16
 **********
 **********
 **   15 **MIGRAD
 **********
 FIRST CALL TO USER FUNCTION AT NEW START POINT, WITH IFLAG=4.
 START MIGRAD MINIMIZATION.  STRATEGY  1.  CONVERGENCE WHEN EDM .LT. 1.00e-04
 FCN=78.5008 FROM MIGRAD    STATUS=INITIATE      437 CALLS         438 TOTAL
                     EDM= unknown      STRATEGY= 1      NO ERROR MATRIX       
  EXT PARAMETER               CURRENT GUESS       STEP         FIRST   
  NO.   NAME      VALUE            ERROR          SIZE      DERIVATIVE 
   1  N0           3.18973e+06   1.00000e+02   0.00000e+00   8.66226e-04
   2  tau          6.43945e+01   constant   
   3  A0           3.47817e-01   1.00000e-04   0.00000e+00  -4.82941e+03
   4  phi          4.13218e+00   1.00000e-02   0.00000e+00  -9.75243e+02
   5  R           -5.98741e+01   constant   
   6  alpha_CBO    0.00000e+00     fixed    
   7  w_CBO        2.32500e+00   constant   
   8  beta_CBO     0.00000e+00     fixed    
   9  alpha_2CBO   0.00000e+00     fixed    
  10  beta_2CBO    0.00000e+00     fixed    
  11  alpha_y      0.00000e+00     fixed    
  12  w_y          1.38860e+01   constant   
  13  beta_y       0.00000e+00     fixed    
  14  alpha_vw     0.00000e+00     fixed    
  15  w_vw         1.43404e+01   constant   
  16  beta_vw      0.00000e+00     fixed    
  17  LM          -2.15884e-04   constant   
  18  zeta_y       0.00000e+00   constant   
  19  zeta_vw      0.00000e+00   constant   
  20  T_CBO        1.00000e+02   1.00000e+00   0.00000e+00   0.00000e+00
  21  alpha_A0     0.00000e+00   1.00000e-03   0.00000e+00  -8.98863e-01
  22  beta_A0      0.00000e+00   1.00000e-03   0.00000e+00   2.64793e+01
  23  alpha_phi    0.00000e+00   1.00000e-03   0.00000e+00   2.13841e+01
  24  beta_phi     0.00000e+00   1.00000e-03   0.00000e+00   1.60501e+01
 CALL LIMIT EXCEEDED IN MIGRAD.
 MIGRAD TERMINATED WITHOUT CONVERGENCE.
 FCN=65.5566 FROM MIGRAD    STATUS=CALL LIMIT   1339 CALLS        1340 TOTAL
                     EDM=0.000282011    STRATEGY= 1  ERROR MATRIX UNCERTAINTY   3.2 per cent
  EXT PARAMETER                APPROXIMATE        STEP         FIRST   
  NO.   NAME      VALUE            ERROR          SIZE      DERIVATIVE 
   1  N0           3.18906e+06   2.24128e+03   1.84393e-01   5.74777e-06
   2  tau          6.43945e+01   constant   
   3  A0           3.49485e-01   8.93794e-04  -2.21916e-07  -8.19140e+00
   4  phi          4.13603e+00   2.70953e-03   3.16168e-06  -1.50489e+00
   5  R           -5.98741e+01   constant   
   6  alpha_CBO    0.00000e+00     fixed    
   7  w_CBO        2.32500e+00   constant   
   8  beta_CBO     0.00000e+00     fixed    
   9  alpha_2CBO   0.00000e+00     fixed    
  10  beta_2CBO    0.00000e+00     fixed    
  11  alpha_y      0.00000e+00     fixed    
  12  w_y          1.38860e+01   constant   
  13  beta_y       0.00000e+00     fixed    
  14  alpha_vw     0.00000e+00     fixed    
  15  w_vw         1.43404e+01   constant   
  16  beta_vw      0.00000e+00     fixed    
  17  LM          -2.15884e-04   constant   
  18  zeta_y       0.00000e+00   constant   
  19  zeta_vw      0.00000e+00   constant   
  20  T_CBO        6.11901e+01   4.23450e+01  -3.56175e-03  -1.82728e+00
  21  alpha_A0     2.01996e-02   8.91014e-01   1.25657e-02   3.31537e-03
  22  beta_A0     -2.66998e+00   1.01839e+01  -1.95870e-01   1.94626e-02
  23  alpha_phi   -2.02048e+00   7.62556e+00  -1.46864e-01   8.44107e-03
  24  beta_phi    -1.08011e+00   3.92863e+00  -7.56310e-02   2.07873e-02
 EXTERNAL ERROR MATRIX.    NDIM=  25    NPAR=  8    ERR DEF=1
  5.023e+06  1.497e-01  1.032e+00  1.819e+03 -1.352e+02  2.254e+02  1.655e+02  1.482e+02 
  1.497e-01  7.989e-07 -1.768e-07  9.205e-05 -4.248e-05  1.117e-04  1.021e-04  4.289e-05 
  1.032e+00 -1.768e-07  7.342e-06 -7.596e-03  1.836e-04 -2.206e-03 -1.664e-03 -8.212e-04 
  1.819e+03  9.205e-05 -7.596e-03  1.812e+03 -2.835e+01  4.319e+02  3.234e+02  1.667e+02 
 -1.352e+02 -4.248e-05  1.836e-04 -2.835e+01  7.939e-01 -7.037e+00 -5.276e+00 -2.654e+00 
  2.254e+02  1.117e-04 -2.206e-03  4.319e+02 -7.037e+00  1.037e+02  7.764e+01  3.997e+01 
  1.655e+02  1.021e-04 -1.664e-03  3.234e+02 -5.276e+00  7.764e+01  5.815e+01  2.992e+01 
  1.482e+02  4.289e-05 -8.212e-04  1.667e+02 -2.654e+00  3.997e+01  2.992e+01  1.543e+01 
ERR MATRIX APPROXIMATE
 PARAMETER  CORRELATION COEFFICIENTS  
       NO.  GLOBAL      1      3      4     20     21     22     23     24
        1  0.36132   1.000  0.075  0.170  0.019 -0.068  0.010  0.010  0.017
        3  0.21211   0.075  1.000 -0.073  0.002 -0.053  0.012  0.015  0.012
        4  0.25161   0.170 -0.073  1.000 -0.066  0.076 -0.080 -0.081 -0.077
       20  0.99733   0.019  0.002 -0.066  1.000 -0.747  0.996  0.996  0.997
       21  0.89294  -0.068 -0.053  0.076 -0.747  1.000 -0.775 -0.777 -0.758
       22  0.99980   0.010  0.012 -0.080  0.996 -0.775  1.000  1.000  0.999
       23  0.99978   0.010  0.015 -0.081  0.996 -0.777  1.000  1.000  0.999
       24  0.99942   0.017  0.012 -0.077  0.997 -0.758  0.999  0.999  1.000
 ERR MATRIX APPROXIMATE
MINUIT - FIT ONLY 1-CBO + wiggle
 **********
 **   16 **RES 
 **********
                   PARAMETER   16  beta_vw RESTORED TO VARIABLE.
                   PARAMETER   14  alpha_vw RESTORED TO VARIABLE.
                   PARAMETER   13  beta_y RESTORED TO VARIABLE.
                   PARAMETER   11  alpha_y RESTORED TO VARIABLE.
                   PARAMETER   10  beta_2CBO RESTORED TO VARIABLE.
                   PARAMETER    9  alpha_2CBO RESTORED TO VARIABLE.
                   PARAMETER    8  beta_CBO RESTORED TO VARIABLE.
                   PARAMETER    6  alpha_CBO RESTORED TO VARIABLE.
 **********
 **   17 **FIX            8
 **********
 **********
 **   18 **FIX            9
 **********
 **********
 **   19 **FIX           11
 **********
 **********
 **   20 **FIX           12
 **********
 PARAMETER   12  IS CONSTANT.   IGNORED.
 **********
 **   21 **FIX           14
 **********
 **********
 **   22 **FIX           15
 **********
 PARAMETER   15  IS CONSTANT.   IGNORED.
 **********
 **   23 **FIX           16
 **********
 **********
 **   24 **MIGRAD
 **********
 START MIGRAD MINIMIZATION.  STRATEGY  1.  CONVERGENCE WHEN EDM .LT. 1.00e-04
 FCN=65.5566 FROM MIGRAD    STATUS=INITIATE       28 CALLS        1368 TOTAL
                     EDM= unknown      STRATEGY= 1      NO ERROR MATRIX       
  EXT PARAMETER               CURRENT GUESS       STEP         FIRST   
  NO.   NAME      VALUE            ERROR          SIZE      DERIVATIVE 
   1  N0           3.18906e+06   2.24128e+03   1.84393e-01   5.74777e-06
   2  tau          6.43945e+01   constant   
   3  A0           3.49485e-01   8.93794e-04  -2.21916e-07  -8.19140e+00
   4  phi          4.13603e+00   2.70953e-03   3.16168e-06  -1.50489e+00
   5  R           -5.98741e+01   constant   
   6  alpha_CBO    0.00000e+00   1.00000e-03   1.00000e-03  -6.30427e+03
   7  w_CBO        2.32500e+00   constant   
   8  beta_CBO     0.00000e+00     fixed    
   9  alpha_2CBO   0.00000e+00     fixed    
  10  beta_2CBO    0.00000e+00   1.00000e-03   1.00000e-03  -1.77834e+03
  11  alpha_y      0.00000e+00     fixed    
  12  w_y          1.38860e+01   constant   
  13  beta_y       0.00000e+00   1.00000e-03   1.00000e-03  -1.21296e+03
  14  alpha_vw     0.00000e+00     fixed    
  15  w_vw         1.43404e+01   constant   
  16  beta_vw      0.00000e+00     fixed    
  17  LM          -2.15884e-04   constant   
  18  zeta_y       0.00000e+00   constant   
  19  zeta_vw      0.00000e+00   constant   
  20  T_CBO        6.11901e+01   4.23450e+01  -3.56175e-03  -1.82728e+00
  21  alpha_A0     2.01996e-02   8.91014e-01   1.25657e-02   3.31537e-03
  22  beta_A0     -2.66998e+00   1.01839e+01  -1.95870e-01   1.94626e-02
  23  alpha_phi   -2.02048e+00   7.62556e+00  -1.46864e-01   8.44107e-03
  24  beta_phi    -1.08011e+00   3.92863e+00  -7.56310e-02   2.07873e-02
 MIGRAD MINIMIZATION HAS CONVERGED.
 MIGRAD WILL VERIFY CONVERGENCE AND ERROR MATRIX.
 COVARIANCE MATRIX CALCULATED SUCCESSFULLY
 FCN=53.84 FROM HESSE     STATUS=OK            100 CALLS        1587 TOTAL
                     EDM=0.0037213    STRATEGY= 1      ERROR MATRIX ACCURATE 
  EXT PARAMETER                                   STEP         FIRST   
  NO.   NAME      VALUE            ERROR          SIZE      DERIVATIVE 
   1  N0           3.18903e+06   2.36838e+03   7.40255e+00   3.87104e-07
   2  tau          6.43945e+01   constant   
   3  A0           3.49273e-01   9.53366e-04   3.26570e-06   1.12970e+00
   4  phi          4.13457e+00   3.12877e-03   9.55221e-06   4.33301e-02
   5  R           -5.98741e+01   constant   
   6  alpha_CBO    3.32367e-03   1.02088e-03   3.57134e-06   9.20095e-02
   7  w_CBO        2.32500e+00   constant   
   8  beta_CBO     0.00000e+00     fixed    
   9  alpha_2CBO   0.00000e+00     fixed    
  10  beta_2CBO    1.01300e-03   9.89592e-04   3.48527e-06  -2.41257e+00
  11  alpha_y      0.00000e+00     fixed    
  12  w_y          1.38860e+01   constant   
  13  beta_y       5.62826e-04   9.63755e-04   3.48114e-06  -2.13595e+00
  14  alpha_vw     0.00000e+00     fixed    
  15  w_vw         1.43404e+01   constant   
  16  beta_vw      0.00000e+00     fixed    
  17  LM          -2.15884e-04   constant   
  18  zeta_y       0.00000e+00   constant   
  19  zeta_vw      0.00000e+00   constant   
  20  T_CBO        6.08533e+01   6.02653e+02   6.23787e-05  -4.26817e-02
  21  alpha_A0     5.01708e-01   1.84651e+01   4.85473e-03   1.09159e-03
  22  beta_A0     -2.89786e+00   1.06399e+02   5.06513e-03  -6.36210e-04
  23  alpha_phi   -1.47475e+00   5.45159e+01   5.27511e-03   6.05820e-04
  24  beta_phi    -1.08658e+00   3.93454e+01   4.50851e-03   2.35381e-05
 MIGRAD MINIMIZATION HAS CONVERGED.
 FCN=53.8381 FROM MIGRAD    STATUS=CONVERGED     718 CALLS        2058 TOTAL
                     EDM=3.85078e-06    STRATEGY= 1  ERROR MATRIX UNCERTAINTY   0.5 per cent
  EXT PARAMETER                                   STEP         FIRST   
  NO.   NAME      VALUE            ERROR          SIZE      DERIVATIVE 
   1  N0           3.18903e+06   2.32378e+03  -3.90047e-01  -4.90391e-08
   2  tau          6.43945e+01   constant   
   3  A0           3.49269e-01   9.29674e-04  -4.55299e-07  -1.98274e+00
   4  phi          4.13454e+00   2.77228e-03  -6.83776e-07   5.01815e-01
   5  R           -5.98741e+01   constant   
   6  alpha_CBO    3.32466e-03   1.01598e-03  -3.63886e-08  -1.09680e-01
   7  w_CBO        2.32500e+00   constant   
   8  beta_CBO     0.00000e+00     fixed    
   9  alpha_2CBO   0.00000e+00     fixed    
  10  beta_2CBO    1.01582e-03   9.63998e-04   8.15191e-07   2.46193e+00
  11  alpha_y      0.00000e+00     fixed    
  12  w_y          1.38860e+01   constant   
  13  beta_y       5.64724e-04   9.43246e-04   7.27114e-07   1.74432e+00
  14  alpha_vw     0.00000e+00     fixed    
  15  w_vw         1.43404e+01   constant   
  16  beta_vw      0.00000e+00     fixed    
  17  LM          -2.15884e-04   constant   
  18  zeta_y       0.00000e+00   constant   
  19  zeta_vw      0.00000e+00   constant   
  20  T_CBO        6.79658e+01   6.13203e+01   8.11456e-04  -5.10174e-01
  21  alpha_A0     2.70700e-01   1.79093e+00  -5.57106e-03  -6.50596e-03
  22  beta_A0     -1.55885e+00   8.44531e+00   2.69194e-02   1.17072e-02
  23  alpha_phi   -7.90105e-01   4.51487e+00   1.29100e-02   1.26847e-03
  24  beta_phi    -5.89951e-01   2.70428e+00   1.12641e-02   3.32406e-03
 EXTERNAL ERROR MATRIX.    NDIM=  25    NPAR= 11    ERR DEF=1
  5.400e+06 
  1.946e-01  8.643e-07 
  1.185e+00 -1.255e-07  7.686e-06 
 -1.608e-02 -9.222e-08 -4.253e-07  1.032e-06 
  7.402e-02  7.771e-08 -1.513e-07  5.417e-08  9.293e-07 
  3.687e-02  4.080e-08 -4.110e-08  9.808e-09 -5.822e-08  8.897e-07 
 -1.845e+04 -4.609e-03 -1.769e-02 -1.903e-04  9.610e-03  7.138e-03  3.837e+03 
  4.551e+01 -5.702e-05  4.853e-04  1.171e-04 -3.212e-04 -1.492e-04 -9.038e+01  3.207e+00 
 -2.769e+03 -6.080e-04 -2.645e-03  3.896e-06  1.053e-03  8.490e-04  5.212e+02 -1.168e+01  7.132e+01 
 -1.485e+03 -7.447e-05 -1.659e-03  6.432e-05  8.298e-04  4.739e-04  2.686e+02 -6.823e+00  3.608e+01  2.038e+01 
 -3.907e+02 -2.432e-04 -6.067e-04 -4.194e-06  4.247e-04  3.663e-04  1.592e+02 -3.822e+00  2.143e+01  1.095e+01  7.313e+00 
 PARAMETER  CORRELATION COEFFICIENTS  
       NO.  GLOBAL      1      3      4      6     10     13     20     21     22     23     24
        1  0.35571   1.000  0.090  0.184 -0.007  0.033  0.017 -0.128  0.011 -0.141 -0.142 -0.062
        3  0.63562   0.090  1.000 -0.049 -0.098  0.087  0.047 -0.080 -0.034 -0.077 -0.018 -0.097
        4  0.53377   0.184 -0.049  1.000 -0.151 -0.057 -0.016 -0.103  0.098 -0.113 -0.133 -0.081
        6  0.25024  -0.007 -0.098 -0.151  1.000  0.055  0.010 -0.003  0.064  0.000  0.014 -0.002
       10  0.74081   0.033  0.087 -0.057  0.055  1.000 -0.064  0.161 -0.186  0.129  0.191  0.163
       13  0.61008   0.017  0.047 -0.016  0.010 -0.064  1.000  0.122 -0.088  0.107  0.111  0.144
       20  0.99980  -0.128 -0.080 -0.103 -0.003  0.161  0.122  1.000 -0.815  0.996  0.961  0.951
       21  0.97588   0.011 -0.034  0.098  0.064 -0.186 -0.088 -0.815  1.000 -0.772 -0.844 -0.789
       22  0.99970  -0.141 -0.077 -0.113  0.000  0.129  0.107  0.996 -0.772  1.000  0.946  0.938
       23  0.98241  -0.142 -0.018 -0.133  0.014  0.191  0.111  0.961 -0.844  0.946  1.000  0.897
       24  0.97609  -0.062 -0.097 -0.081 -0.002  0.163  0.144  0.951 -0.789  0.938  0.897  1.000
MINUIT - FIT ONLY 2-CBO
 **********
 **   25 **RES 
 **********
                   PARAMETER   16  beta_vw RESTORED TO VARIABLE.
                   PARAMETER   14  alpha_vw RESTORED TO VARIABLE.
                   PARAMETER   11  alpha_y RESTORED TO VARIABLE.
                   PARAMETER    9  alpha_2CBO RESTORED TO VARIABLE.
                   PARAMETER    8  beta_CBO RESTORED TO VARIABLE.
 **********
 **   26 **FIX            0
 **********
 PARAMETER    0  IS UNDEFINED. IGNORED.
 **********
 **   27 **FIX            1
 **********
 **********
 **   28 **FIX            2
 **********
 PARAMETER    2  IS CONSTANT.   IGNORED.
 **********
 **   29 **FIX            3
 **********
 **********
 **   30 **FIX            4
 **********
 **********
 **   31 **FIX            5
 **********
 PARAMETER    5  IS CONSTANT.   IGNORED.
 **********
 **   32 **FIX            6
 **********
 **********
 **   33 **FIX            7
 **********
 PARAMETER    7  IS CONSTANT.   IGNORED.
 **********
 **   34 **FIX           10
 **********
 **********
 **   35 **FIX           11
 **********
 **********
 **   36 **FIX           12
 **********
 PARAMETER   12  IS CONSTANT.   IGNORED.
 **********
 **   37 **FIX           13
 **********
 **********
 **   38 **FIX           14
 **********
 **********
 **   39 **FIX           15
 **********
 PARAMETER   15  IS CONSTANT.   IGNORED.
 **********
 **   40 **FIX           16
 **********
 **********
 **   41 **MIGRAD
 **********
 START MIGRAD MINIMIZATION.  STRATEGY  1.  CONVERGENCE WHEN EDM .LT. 1.00e-04
 FCN=53.8381 FROM MIGRAD    STATUS=INITIATE       18 CALLS        2076 TOTAL
                     EDM= unknown      STRATEGY= 1      NO ERROR MATRIX       
  EXT PARAMETER               CURRENT GUESS       STEP         FIRST   
  NO.   NAME      VALUE            ERROR          SIZE      DERIVATIVE 
   1  N0           3.18903e+06     fixed    
   2  tau          6.43945e+01   constant   
   3  A0           3.49269e-01     fixed    
   4  phi          4.13454e+00     fixed    
   5  R           -5.98741e+01   constant   
   6  alpha_CBO    3.32466e-03     fixed    
   7  w_CBO        2.32500e+00   constant   
   8  beta_CBO     0.00000e+00   1.00000e-03   1.00000e-03  -2.73653e+02
   9  alpha_2CBO   0.00000e+00   1.00000e-03   1.00000e-03  -1.12213e+03
  10  beta_2CBO    1.01582e-03     fixed    
  11  alpha_y      0.00000e+00     fixed    
  12  w_y          1.38860e+01   constant   
  13  beta_y       5.64724e-04     fixed    
  14  alpha_vw     0.00000e+00     fixed    
  15  w_vw         1.43404e+01   constant   
  16  beta_vw      0.00000e+00     fixed    
  17  LM          -2.15884e-04   constant   
  18  zeta_y       0.00000e+00   constant   
  19  zeta_vw      0.00000e+00   constant   
  20  T_CBO        6.79658e+01   6.13203e+01   8.11456e-04  -5.10172e-01
  21  alpha_A0     2.70700e-01   1.79093e+00  -5.57106e-03  -6.50596e-03
  22  beta_A0     -1.55885e+00   8.44531e+00   2.69194e-02   1.17072e-02
  23  alpha_phi   -7.90105e-01   4.51487e+00   1.29100e-02   1.26847e-03
  24  beta_phi    -5.89951e-01   2.70428e+00   1.12641e-02   3.32406e-03
 MIGRAD MINIMIZATION HAS CONVERGED.
 MIGRAD WILL VERIFY CONVERGENCE AND ERROR MATRIX.
 COVARIANCE MATRIX CALCULATED SUCCESSFULLY
 FCN=53.5083 FROM MIGRAD    STATUS=CONVERGED     131 CALLS        2189 TOTAL
                     EDM=9.68524e-06    STRATEGY= 1      ERROR MATRIX ACCURATE 
  EXT PARAMETER                                   STEP         FIRST   
  NO.   NAME      VALUE            ERROR          SIZE      DERIVATIVE 
   1  N0           3.18903e+06     fixed    
   2  tau          6.43945e+01   constant   
   3  A0           3.49269e-01     fixed    
   4  phi          4.13454e+00     fixed    
   5  R           -5.98741e+01   constant   
   6  alpha_CBO    3.32466e-03     fixed    
   7  w_CBO        2.32500e+00   constant   
   8  beta_CBO     1.16454e-04   9.80037e-04   3.43877e-06   1.00534e+00
   9  alpha_2CBO   5.59924e-04   1.00316e-03   3.52193e-06  -3.02651e-01
  10  beta_2CBO    1.01582e-03     fixed    
  11  alpha_y      0.00000e+00     fixed    
  12  w_y          1.38860e+01   constant   
  13  beta_y       5.64724e-04     fixed    
  14  alpha_vw     0.00000e+00     fixed    
  15  w_vw         1.43404e+01   constant   
  16  beta_vw      0.00000e+00     fixed    
  17  LM          -2.15884e-04   constant   
  18  zeta_y       0.00000e+00   constant   
  19  zeta_vw      0.00000e+00   constant   
  20  T_CBO        6.79377e+01   2.00152e+02   7.37542e-05  -3.19771e-03
  21  alpha_A0     2.20991e-01   4.03837e+00   2.61277e-03   1.45749e-04
  22  beta_A0     -1.52012e+00   2.73608e+01   2.72745e-03   5.61378e-04
  23  alpha_phi   -8.25251e-01   1.49802e+01   2.83757e-03  -4.01868e-04
  24  beta_phi    -6.44348e-01   1.15011e+01   2.42930e-03  -1.37784e-04
 EXTERNAL ERROR MATRIX.    NDIM=  25    NPAR=  7    ERR DEF=1
  9.605e-07 -2.511e-08 -4.224e-03  6.517e-05 -3.597e-04 -2.441e-04 -1.294e-04 
 -2.511e-08  1.006e-06 -8.145e-03  4.884e-05 -9.157e-04 -5.916e-04 -5.176e-04 
 -4.224e-03 -8.145e-03  5.356e+04 -9.190e+02  6.329e+03  3.462e+03  2.657e+03 
  6.517e-05  4.884e-05 -9.190e+02  1.631e+01 -1.086e+02 -5.943e+01 -4.555e+01 
 -3.597e-04 -9.157e-04  6.329e+03 -1.086e+02  7.486e+02  4.092e+02  3.139e+02 
 -2.441e-04 -5.916e-04  3.462e+03 -5.943e+01  4.092e+02  2.244e+02  1.717e+02 
 -1.294e-04 -5.176e-04  2.657e+03 -4.555e+01  3.139e+02  1.717e+02  1.323e+02 
 PARAMETER  CORRELATION COEFFICIENTS  
       NO.  GLOBAL      8      9     20     21     22     23     24
        8  0.22942   1.000 -0.026 -0.019  0.016 -0.013 -0.017 -0.011
        9  0.22705  -0.026  1.000 -0.035  0.012 -0.033 -0.039 -0.045
       20  0.99975  -0.019 -0.035  1.000 -0.983  1.000  0.999  0.998
       21  0.98375   0.016  0.012 -0.983  1.000 -0.983 -0.982 -0.981
       22  0.99962  -0.013 -0.033  1.000 -0.983  1.000  0.998  0.998
       23  0.99862  -0.017 -0.039  0.999 -0.982  0.998  1.000  0.997
       24  0.99828  -0.011 -0.045  0.998 -0.981  0.998  0.997  1.000
MINUIT - FIT wiggle + 1-CBO + 2-CBO
 **********
 **   42 **RES 
 **********
                   PARAMETER   16  beta_vw RESTORED TO VARIABLE.
                   PARAMETER   14  alpha_vw RESTORED TO VARIABLE.
                   PARAMETER   13  beta_y RESTORED TO VARIABLE.
                   PARAMETER   11  alpha_y RESTORED TO VARIABLE.
                   PARAMETER   10  beta_2CBO RESTORED TO VARIABLE.
                   PARAMETER    6  alpha_CBO RESTORED TO VARIABLE.
                   PARAMETER    4  phi RESTORED TO VARIABLE.
                   PARAMETER    3  A0 RESTORED TO VARIABLE.
                   PARAMETER    1  N0 RESTORED TO VARIABLE.
 **********
 **   43 **FIX           10
 **********
 **********
 **   44 **FIX           11
 **********
 **********
 **   45 **FIX           12
 **********
 PARAMETER   12  IS CONSTANT.   IGNORED.
 **********
 **   46 **FIX           13
 **********
 **********
 **   47 **FIX           14
 **********
 **********
 **   48 **FIX           15
 **********
 PARAMETER   15  IS CONSTANT.   IGNORED.
 **********
 **   49 **FIX           16
 **********
 **********
 **   50 **MIGRAD
 **********
 START MIGRAD MINIMIZATION.  STRATEGY  1.  CONVERGENCE WHEN EDM .LT. 1.00e-04
 FCN=53.5083 FROM MIGRAD    STATUS=INITIATE       22 CALLS        2211 TOTAL
                     EDM= unknown      STRATEGY= 1      NO ERROR MATRIX       
  EXT PARAMETER               CURRENT GUESS       STEP         FIRST   
  NO.   NAME      VALUE            ERROR          SIZE      DERIVATIVE 
   1  N0           3.18903e+06   2.32378e+03   2.32378e+03  -2.61664e-05
   2  tau          6.43945e+01   constant   
   3  A0           3.49269e-01   9.29674e-04   9.29674e-04  -1.78315e-01
   4  phi          4.13454e+00   2.77228e-03   2.77228e-03   2.96964e+01
   5  R           -5.98741e+01   constant   
   6  alpha_CBO    3.32466e-03   1.01598e-03   1.01598e-03  -4.36108e+01
   7  w_CBO        2.32500e+00   constant   
   8  beta_CBO     1.16454e-04   9.80037e-04   3.43877e-06   1.00534e+00
   9  alpha_2CBO   5.59924e-04   1.00316e-03   3.52193e-06  -3.02651e-01
  10  beta_2CBO    1.01582e-03     fixed    
  11  alpha_y      0.00000e+00     fixed    
  12  w_y          1.38860e+01   constant   
  13  beta_y       5.64724e-04     fixed    
  14  alpha_vw     0.00000e+00     fixed    
  15  w_vw         1.43404e+01   constant   
  16  beta_vw      0.00000e+00     fixed    
  17  LM          -2.15884e-04   constant   
  18  zeta_y       0.00000e+00   constant   
  19  zeta_vw      0.00000e+00   constant   
  20  T_CBO        6.79377e+01   2.00152e+02   7.37542e-05  -3.16563e-03
  21  alpha_A0     2.20991e-01   4.03837e+00   2.61277e-03   1.45725e-04
  22  beta_A0     -1.52012e+00   2.73608e+01   2.72745e-03   5.61388e-04
  23  alpha_phi   -8.25251e-01   1.49802e+01   2.83757e-03  -4.01868e-04
  24  beta_phi    -6.44348e-01   1.15011e+01   2.42930e-03  -1.37784e-04
 MIGRAD MINIMIZATION HAS CONVERGED.
 MIGRAD WILL VERIFY CONVERGENCE AND ERROR MATRIX.
 COVARIANCE MATRIX CALCULATED SUCCESSFULLY
 FCN=53.5053 FROM HESSE     STATUS=OK            100 CALLS        2382 TOTAL
                     EDM=0.00369148    STRATEGY= 1      ERROR MATRIX ACCURATE 
  EXT PARAMETER                                   STEP         FIRST   
  NO.   NAME      VALUE            ERROR          SIZE      DERIVATIVE 
   1  N0           3.18908e+06   2.96158e+03   7.37999e+00  -6.50917e-08
   2  tau          6.43945e+01   constant   
   3  A0           3.49272e-01   1.29395e-03   3.25597e-06  -9.24576e-01
   4  phi          4.13443e+00   7.16726e-03   9.52276e-06   2.31738e-01
   5  R           -5.98741e+01   constant   
   6  alpha_CBO    3.35400e-03   1.04319e-03   3.56039e-06   1.12362e+00
   7  w_CBO        2.32500e+00   constant   
   8  beta_CBO     1.22550e-04   1.01889e-03   3.43860e-06  -9.16383e-01
   9  alpha_2CBO   5.63900e-04   1.02465e-03   3.52176e-06   5.99750e-01
  10  beta_2CBO    1.01582e-03     fixed    
  11  alpha_y      0.00000e+00     fixed    
  12  w_y          1.38860e+01   constant   
  13  beta_y       5.64724e-04     fixed    
  14  alpha_vw     0.00000e+00     fixed    
  15  w_vw         1.43404e+01   constant   
  16  beta_vw      0.00000e+00     fixed    
  17  LM          -2.15884e-04   constant   
  18  zeta_y       0.00000e+00   constant   
  19  zeta_vw      0.00000e+00   constant   
  20  T_CBO        6.79260e+01   7.34126e+02   7.40153e-05   6.51972e-02
  21  alpha_A0     2.19093e-01   3.61119e+01   2.61722e-03  -8.27667e-04
  22  beta_A0     -1.52057e+00   2.51968e+02   2.73208e-03  -2.12275e-03
  23  alpha_phi   -8.23739e-01   1.37493e+02   2.84245e-03  -1.49327e-03
  24  beta_phi    -6.41153e-01   1.04879e+02   2.43347e-03   3.62970e-04
 MIGRAD MINIMIZATION HAS CONVERGED.
 MIGRAD WILL VERIFY CONVERGENCE AND ERROR MATRIX.
 COVARIANCE MATRIX CALCULATED SUCCESSFULLY
 FCN=53.5053 FROM MIGRAD    STATUS=CONVERGED     366 CALLS        2555 TOTAL
                     EDM=3.94738e-05    STRATEGY= 1      ERROR MATRIX ACCURATE 
  EXT PARAMETER                                   STEP         FIRST   
  NO.   NAME      VALUE            ERROR          SIZE      DERIVATIVE 
   1  N0           3.18908e+06   2.34618e+03   7.37998e+00   6.50623e-08
   2  tau          6.43945e+01   constant   
   3  A0           3.49272e-01   9.60305e-04   3.25597e-06  -5.55349e-01
   4  phi          4.13443e+00   2.81656e-03   9.52276e-06   2.60944e-01
   5  R           -5.98741e+01   constant   
   6  alpha_CBO    3.35368e-03   1.02000e-03   3.56039e-06   2.19159e-01
   7  w_CBO        2.32500e+00   constant   
   8  beta_CBO     1.23143e-04   1.01580e-03   3.43860e-06  -1.20371e+00
   9  alpha_2CBO   5.63547e-04   1.00620e-03   3.52176e-06   2.82362e-01
  10  beta_2CBO    1.01582e-03     fixed    
  11  alpha_y      0.00000e+00     fixed    
  12  w_y          1.38860e+01   constant   
  13  beta_y       5.64724e-04     fixed    
  14  alpha_vw     0.00000e+00     fixed    
  15  w_vw         1.43404e+01   constant   
  16  beta_vw      0.00000e+00     fixed    
  17  LM          -2.15884e-04   constant   
  18  zeta_y       0.00000e+00   constant   
  19  zeta_vw      0.00000e+00   constant   
  20  T_CBO        6.85383e+01   1.35874e+02   7.54836e-05  -1.96434e-01
  21  alpha_A0     2.08996e-01   2.39019e+00   2.46296e-03  -1.38919e-03
  22  beta_A0     -1.44854e+00   1.58981e+01   2.57101e-03   4.27946e-03
  23  alpha_phi   -7.84237e-01   8.69424e+00   2.67475e-03   1.60471e-03
  24  beta_phi    -6.11488e-01   6.65688e+00   2.29016e-03   2.80626e-03
 EXTERNAL ERROR MATRIX.    NDIM=  25    NPAR= 11    ERR DEF=1
  5.505e+06 
  2.248e-01  9.222e-07 
  1.165e+00 -1.814e-07  7.933e-06 
 -1.782e-02 -9.243e-08 -4.353e-07  1.040e-06 
  1.136e-01  2.252e-07 -3.766e-07  1.338e-08  1.032e-06 
  7.038e-02 -4.766e-08 -9.766e-08  4.734e-08 -2.999e-08  1.012e-06 
 -1.612e+04 -8.792e-03 -6.039e-02  1.959e-03 -1.843e-03 -1.757e-03  2.058e+04 
  1.412e+01  6.164e-05  1.012e-03  6.610e-05 -1.615e-06 -5.628e-05 -3.271e+02  5.713e+00 
 -2.025e+03 -9.378e-04 -7.021e-03  2.201e-04 -5.230e-05 -1.508e-04  2.278e+03 -3.620e+01  2.527e+02 
 -1.204e+03 -3.965e-04 -3.953e-03  1.725e-04 -4.265e-05 -1.734e-04  1.242e+03 -1.976e+01  1.376e+02  7.559e+01 
 -4.239e+02 -3.948e-04 -2.721e-03  1.057e-04 -2.173e-06 -1.848e-04  9.501e+02 -1.507e+01  1.051e+02  5.732e+01  4.431e+01 
 PARAMETER  CORRELATION COEFFICIENTS  
       NO.  GLOBAL      1      3      4      6      8      9     20     21     22     23     24
        1  0.36045   1.000  0.100  0.176 -0.007  0.048  0.030 -0.048  0.003 -0.054 -0.059 -0.027
        3  0.33966   0.100  1.000 -0.067 -0.094  0.231 -0.049 -0.064  0.027 -0.061 -0.047 -0.062
        4  0.34692   0.176 -0.067  1.000 -0.152 -0.132 -0.034 -0.149  0.150 -0.157 -0.161 -0.145
        6  0.24980  -0.007 -0.094 -0.152  1.000  0.013  0.046  0.013  0.027  0.014  0.019  0.016
        8  0.34380   0.048  0.231 -0.132  0.013  1.000 -0.029 -0.013 -0.001 -0.003 -0.005 -0.000
        9  0.23939   0.030 -0.049 -0.034  0.046 -0.029  1.000 -0.012 -0.023 -0.009 -0.020 -0.028
       20  0.99933  -0.048 -0.064 -0.149  0.013 -0.013 -0.012  1.000 -0.954  0.999  0.996  0.995
       21  0.95714   0.003  0.027  0.150  0.027 -0.001 -0.023 -0.954  1.000 -0.953 -0.951 -0.947
       22  0.99897  -0.054 -0.061 -0.157  0.014 -0.003 -0.009  0.999 -0.953  1.000  0.995  0.993
       23  0.99625  -0.059 -0.047 -0.161  0.019 -0.005 -0.020  0.996 -0.951  0.995  1.000  0.990
       24  0.99531  -0.027 -0.062 -0.145  0.016 -0.000 -0.028  0.995 -0.947  0.993  0.990  1.000
MINUIT - FIT ONLY 1-y
 **********
 **   51 **RES 
 **********
                   PARAMETER   16  beta_vw RESTORED TO VARIABLE.
                   PARAMETER   14  alpha_vw RESTORED TO VARIABLE.
                   PARAMETER   13  beta_y RESTORED TO VARIABLE.
                   PARAMETER   11  alpha_y RESTORED TO VARIABLE.
                   PARAMETER   10  beta_2CBO RESTORED TO VARIABLE.
 **********
 **   52 **FIX            0
 **********
 PARAMETER    0  IS UNDEFINED. IGNORED.
 **********
 **   53 **FIX            1
 **********
 **********
 **   54 **FIX            2
 **********
 PARAMETER    2  IS CONSTANT.   IGNORED.
 **********
 **   55 **FIX            3
 **********
 **********
 **   56 **FIX            4
 **********
 **********
 **   57 **FIX            5
 **********
 PARAMETER    5  IS CONSTANT.   IGNORED.
 **********
 **   58 **FIX            6
 **********
 **********
 **   59 **FIX            7
 **********
 PARAMETER    7  IS CONSTANT.   IGNORED.
 **********
 **   60 **FIX            8
 **********
 **********
 **   61 **FIX            9
 **********
 **********
 **   62 **FIX           13
 **********
 **********
 **   63 **FIX           14
 **********
 **********
 **   64 **FIX           15
 **********
 PARAMETER   15  IS CONSTANT.   IGNORED.
 **********
 **   65 **FIX           16
 **********
 **********
 **   66 **MIGRAD
 **********
 START MIGRAD MINIMIZATION.  STRATEGY  1.  CONVERGENCE WHEN EDM .LT. 1.00e-04
 FCN=53.5053 FROM MIGRAD    STATUS=INITIATE       16 CALLS        2571 TOTAL
                     EDM= unknown      STRATEGY= 1      NO ERROR MATRIX       
  EXT PARAMETER               CURRENT GUESS       STEP         FIRST   
  NO.   NAME      VALUE            ERROR          SIZE      DERIVATIVE 
   1  N0           3.18908e+06     fixed    
   2  tau          6.43945e+01   constant   
   3  A0           3.49272e-01     fixed    
   4  phi          4.13443e+00     fixed    
   5  R           -5.98741e+01   constant   
   6  alpha_CBO    3.35368e-03     fixed    
   7  w_CBO        2.32500e+00   constant   
   8  beta_CBO     1.23143e-04     fixed    
   9  alpha_2CBO   5.63547e-04     fixed    
  10  beta_2CBO    1.01582e-03   9.63998e-04   9.63998e-04  -1.37644e+01
  11  alpha_y      0.00000e+00   1.00000e-03   1.00000e-03  -3.43762e+02
  12  w_y          1.38860e+01   constant   
  13  beta_y       5.64724e-04     fixed    
  14  alpha_vw     0.00000e+00     fixed    
  15  w_vw         1.43404e+01   constant   
  16  beta_vw      0.00000e+00     fixed    
  17  LM          -2.15884e-04   constant   
  18  zeta_y       0.00000e+00   constant   
  19  zeta_vw      0.00000e+00   constant   
  20  T_CBO        6.85383e+01   1.35874e+02   7.54836e-05  -1.96265e-01
  21  alpha_A0     2.08996e-01   2.39019e+00   2.46296e-03  -1.38918e-03
  22  beta_A0     -1.44854e+00   1.58981e+01   2.57101e-03   4.27944e-03
  23  alpha_phi   -7.84237e-01   8.69424e+00   2.67475e-03   1.60471e-03
  24  beta_phi    -6.11488e-01   6.65688e+00   2.29016e-03   2.80626e-03
 MIGRAD MINIMIZATION HAS CONVERGED.
 MIGRAD WILL VERIFY CONVERGENCE AND ERROR MATRIX.
 COVARIANCE MATRIX CALCULATED SUCCESSFULLY
 FCN=53.4769 FROM MIGRAD    STATUS=CONVERGED      96 CALLS        2651 TOTAL
                     EDM=2.76796e-05    STRATEGY= 1      ERROR MATRIX ACCURATE 
  EXT PARAMETER                                   STEP         FIRST   
  NO.   NAME      VALUE            ERROR          SIZE      DERIVATIVE 
   1  N0           3.18908e+06     fixed    
   2  tau          6.43945e+01   constant   
   3  A0           3.49272e-01     fixed    
   4  phi          4.13443e+00     fixed    
   5  R           -5.98741e+01   constant   
   6  alpha_CBO    3.35368e-03     fixed    
   7  w_CBO        2.32500e+00   constant   
   8  beta_CBO     1.23143e-04     fixed    
   9  alpha_2CBO   5.63547e-04     fixed    
  10  beta_2CBO    1.02201e-03   9.83835e-04   3.47364e-06  -2.67048e-01
  11  alpha_y      1.64648e-04   9.78745e-04   3.52622e-06   4.40779e-02
  12  w_y          1.38860e+01   constant   
  13  beta_y       5.64724e-04     fixed    
  14  alpha_vw     0.00000e+00     fixed    
  15  w_vw         1.43404e+01   constant   
  16  beta_vw      0.00000e+00     fixed    
  17  LM          -2.15884e-04   constant   
  18  zeta_y       0.00000e+00   constant   
  19  zeta_vw      0.00000e+00   constant   
  20  T_CBO        6.85451e+01   1.69715e+02   7.49326e-05  -6.90801e-02
  21  alpha_A0     2.07507e-01   3.02916e+00   2.49278e-03  -6.00596e-05
  22  beta_A0     -1.44839e+00   2.05965e+01   2.60214e-03   1.25302e-03
  23  alpha_phi   -7.84670e-01   1.12607e+01   2.70716e-03   4.60997e-06
  24  beta_phi    -6.13558e-01   8.65001e+00   2.31786e-03   2.03939e-03
 EXTERNAL ERROR MATRIX.    NDIM=  25    NPAR=  7    ERR DEF=1
  9.679e-07 -2.063e-09  3.687e-03 -1.179e-04  3.449e-04  3.320e-04  1.315e-04 
 -2.063e-09  9.579e-07 -1.475e-03  1.578e-05 -1.595e-04 -9.517e-05 -8.030e-05 
  3.687e-03 -1.475e-03  3.463e+04 -5.486e+02  3.830e+03  2.091e+03  1.605e+03 
 -1.179e-04  1.578e-05 -5.486e+02  9.176e+00 -6.067e+01 -3.315e+01 -2.540e+01 
  3.449e-04 -1.595e-04  3.830e+03 -6.067e+01  4.242e+02  2.313e+02  1.775e+02 
  3.320e-04 -9.517e-05  2.091e+03 -3.315e+01  2.313e+02  1.268e+02  9.689e+01 
  1.315e-04 -8.030e-05  1.605e+03 -2.540e+01  1.775e+02  9.689e+01  7.482e+01 
 PARAMETER  CORRELATION COEFFICIENTS  
       NO.  GLOBAL     10     11     20     21     22     23     24
       10  0.20055   1.000 -0.002  0.020 -0.040  0.017  0.030  0.015
       11  0.02513  -0.002  1.000 -0.008  0.005 -0.008 -0.009 -0.009
       20  0.99960   0.020 -0.008  1.000 -0.973  0.999  0.998  0.997
       21  0.97356  -0.040  0.005 -0.973  1.000 -0.972 -0.972 -0.969
       22  0.99938   0.017 -0.008  0.999 -0.972  1.000  0.997  0.996
       23  0.99777   0.030 -0.009  0.998 -0.972  0.997  1.000  0.995
       24  0.99723   0.015 -0.009  0.997 -0.969  0.996  0.995  1.000
MINUIT - FIT ONLY 2-y
 **********
 **   67 **RES 
 **********
                   PARAMETER   16  beta_vw RESTORED TO VARIABLE.
                   PARAMETER   14  alpha_vw RESTORED TO VARIABLE.
                   PARAMETER   13  beta_y RESTORED TO VARIABLE.
                   PARAMETER    9  alpha_2CBO RESTORED TO VARIABLE.
                   PARAMETER    8  beta_CBO RESTORED TO VARIABLE.
                   PARAMETER    6  alpha_CBO RESTORED TO VARIABLE.
                   PARAMETER    4  phi RESTORED TO VARIABLE.
                   PARAMETER    3  A0 RESTORED TO VARIABLE.
                   PARAMETER    1  N0 RESTORED TO VARIABLE.
 **********
 **   68 **FIX            0
 **********
 PARAMETER    0  IS UNDEFINED. IGNORED.
 **********
 **   69 **FIX            1
 **********
 **********
 **   70 **FIX            2
 **********
 PARAMETER    2  IS CONSTANT.   IGNORED.
 **********
 **   71 **FIX            3
 **********
 **********
 **   72 **FIX            4
 **********
 **********
 **   73 **FIX            5
 **********
 PARAMETER    5  IS CONSTANT.   IGNORED.
 **********
 **   74 **FIX            6
 **********
 **********
 **   75 **FIX            7
 **********
 PARAMETER    7  IS CONSTANT.   IGNORED.
 **********
 **   76 **FIX            8
 **********
 **********
 **   77 **FIX            9
 **********
 **********
 **   78 **FIX           10
 **********
 **********
 **   79 **FIX           11
 **********
 **********
 **   80 **FIX           12
 **********
 PARAMETER   12  IS CONSTANT.   IGNORED.
 **********
 **   81 **FIX           16
 **********
 **********
 **   82 **MIGRAD
 **********
 START MIGRAD MINIMIZATION.  STRATEGY  1.  CONVERGENCE WHEN EDM .LT. 1.00e-04
 FCN=53.4769 FROM MIGRAD    STATUS=INITIATE       16 CALLS        2667 TOTAL
                     EDM= unknown      STRATEGY= 1      NO ERROR MATRIX       
  EXT PARAMETER               CURRENT GUESS       STEP         FIRST   
  NO.   NAME      VALUE            ERROR          SIZE      DERIVATIVE 
   1  N0           3.18908e+06     fixed    
   2  tau          6.43945e+01   constant   
   3  A0           3.49272e-01     fixed    
   4  phi          4.13443e+00     fixed    
   5  R           -5.98741e+01   constant   
   6  alpha_CBO    3.35368e-03     fixed    
   7  w_CBO        2.32500e+00   constant   
   8  beta_CBO     1.23143e-04     fixed    
   9  alpha_2CBO   5.63547e-04     fixed    
  10  beta_2CBO    1.02201e-03     fixed    
  11  alpha_y      1.64648e-04     fixed    
  12  w_y          1.38860e+01   constant   
