 + ++++++++++++++++++++++++++++++++++++++++++++++++++++++++++++++++++++ +
 +                                                                      +
 +           You have chose to blind your fitting according to          +
 +                omega_ref * (1 + (R +/- deltaR) *10^{-6})             +
 +                                                                      +
 + ++++++++++++++++++++++++++++++++++++++++++++++++++++++++++++++++++++ +
In main()...
reading format from /gm2data/zkhechad/run45/envelope/formats/formatB_sBin_constraintOn.txt
pBinTau 	= 0  
pBinPhi 	= 0  
constraintau 	= 1 
includeMopTerm 	= 0    
constrainMop    = 0   
Parameters after format file: pBinTau 0 pBinPhi 0 constraintau 1 includeMopTerm 0 constrainMop 0 c_e_scale 0.000000 
Opening file /gm2data/tbarrett/gm2fr/studies/run23_bunch_corrections/CorrectedFourier_Run3b.root.
reading full fit data from /gm2data/zkhechad/cboTemplates/Run4CBOTemplates/fullFits/noRF/sBin_constraintOn_cE0.0_seed0_noRF_calo24.root
windowBins = 69
fitting sliding window 1890 from bin 2026 at 302.130000 to bin 2095 at 312.574000 (69 bins)

Reading data from /gm2data/cornell/histograms/aMethod/histogram_a_noRF.root
 **********
 **    1 **SET PRINTOUT            1
 **********
 **********
 **    2 **SET NOWARNINGS 
 **********
 PARAMETER DEFINITIONS:
    NO.   NAME         VALUE      STEP SIZE      LIMITS
     1 N0           3.17469e+06  1.00000e+02     no limits
     2 tau          6.44005e+01  constant
     3 A0           3.64944e-01  1.00000e-04     no limits
     4 phi          4.11953e+00  1.00000e-02     no limits
     5 R           -6.09192e+01  constant
     6 alpha_CBO    0.00000e+00  1.00000e-03     no limits
     7 w_CBO        2.32500e+00  constant
     8 beta_CBO     0.00000e+00  1.00000e-03     no limits
     9 alpha_2CBO   0.00000e+00  1.00000e-03     no limits
    10 beta_2CBO    0.00000e+00  1.00000e-03     no limits
    11 alpha_y      0.00000e+00  1.00000e-03     no limits
    12 w_y          1.38860e+01  constant
    13 beta_y       0.00000e+00  1.00000e-03     no limits
    14 alpha_vw     0.00000e+00  1.00000e-03     no limits
    15 w_vw         1.43404e+01  constant
    16 beta_vw      0.00000e+00  1.00000e-03     no limits
    17 LM          -6.12107e-05  constant
    18 zeta_y       0.00000e+00  constant
    19 zeta_vw      0.00000e+00  constant
    20 T_CBO        1.00000e+02  1.00000e+00    0.00000e+00  1.00000e+03
    21 alpha_A0     0.00000e+00  1.00000e-03     no limits
    22 beta_A0      0.00000e+00  1.00000e-03     no limits
    23 alpha_phi    0.00000e+00  1.00000e-03     no limits
    24 beta_phi     0.00000e+00  1.00000e-03     no limits
MINUIT - FIT ONLY WIGGLE
 **********
 **    3 **FIX            5
 **********
 PARAMETER    5  IS CONSTANT.   IGNORED.
 **********
 **    4 **FIX            6
 **********
 **********
 **    5 **FIX            7
 **********
 PARAMETER    7  IS CONSTANT.   IGNORED.
 **********
 **    6 **FIX            8
 **********
 **********
 **    7 **FIX            9
 **********
 **********
 **    8 **FIX           10
 **********
 **********
 **    9 **FIX           11
 **********
 **********
 **   10 **FIX           12
 **********
 PARAMETER   12  IS CONSTANT.   IGNORED.
 **********
 **   11 **FIX           13
 **********
 **********
 **   12 **FIX           14
 **********
 **********
 **   13 **FIX           15
 **********
 PARAMETER   15  IS CONSTANT.   IGNORED.
 **********
 **   14 **FIX           16
 **********
 **********
 **   15 **MIGRAD
 **********
 FIRST CALL TO USER FUNCTION AT NEW START POINT, WITH IFLAG=4.
 START MIGRAD MINIMIZATION.  STRATEGY  1.  CONVERGENCE WHEN EDM .LT. 1.00e-04
 FCN=95.4551 FROM MIGRAD    STATUS=INITIATE      437 CALLS         438 TOTAL
                     EDM= unknown      STRATEGY= 1      NO ERROR MATRIX       
  EXT PARAMETER               CURRENT GUESS       STEP         FIRST   
  NO.   NAME      VALUE            ERROR          SIZE      DERIVATIVE 
   1  N0           3.17469e+06   1.00000e+02   0.00000e+00  -2.56419e-03
   2  tau          6.44005e+01   constant   
   3  A0           3.64944e-01   1.00000e-04   0.00000e+00  -2.70528e+03
   4  phi          4.11953e+00   1.00000e-02   0.00000e+00  -1.07614e+03
   5  R           -6.09192e+01   constant   
   6  alpha_CBO    0.00000e+00     fixed    
   7  w_CBO        2.32500e+00   constant   
   8  beta_CBO     0.00000e+00     fixed    
   9  alpha_2CBO   0.00000e+00     fixed    
  10  beta_2CBO    0.00000e+00     fixed    
  11  alpha_y      0.00000e+00     fixed    
  12  w_y          1.38860e+01   constant   
  13  beta_y       0.00000e+00     fixed    
  14  alpha_vw     0.00000e+00     fixed    
  15  w_vw         1.43404e+01   constant   
  16  beta_vw      0.00000e+00     fixed    
  17  LM          -6.12107e-05   constant   
  18  zeta_y       0.00000e+00   constant   
  19  zeta_vw      0.00000e+00   constant   
  20  T_CBO        1.00000e+02   1.00000e+00   0.00000e+00   0.00000e+00
  21  alpha_A0     0.00000e+00   1.00000e-03   0.00000e+00  -6.40232e+01
  22  beta_A0      0.00000e+00   1.00000e-03   0.00000e+00  -5.81357e+00
  23  alpha_phi    0.00000e+00   1.00000e-03   0.00000e+00   4.81357e+01
  24  beta_phi     0.00000e+00   1.00000e-03   0.00000e+00  -3.95342e+01
 CALL LIMIT EXCEEDED IN MIGRAD.
 MIGRAD TERMINATED WITHOUT CONVERGENCE.
 FCN=85.736 FROM MIGRAD    STATUS=CALL LIMIT   1335 CALLS        1336 TOTAL
                     EDM=0.00161854    STRATEGY= 1  ERROR MATRIX UNCERTAINTY   3.2 per cent
  EXT PARAMETER                APPROXIMATE        STEP         FIRST   
  NO.   NAME      VALUE            ERROR          SIZE      DERIVATIVE 
   1  N0           3.17743e+06   1.42746e+03  -1.31014e-01  -2.76307e-05
   2  tau          6.44005e+01   constant   
   3  A0           3.65518e-01   6.12877e-04   4.03798e-07   1.97442e+00
   4  phi          4.12111e+00   1.61436e-03   9.05881e-07   8.45113e+00
   5  R           -6.09192e+01   constant   
   6  alpha_CBO    0.00000e+00     fixed    
   7  w_CBO        2.32500e+00   constant   
   8  beta_CBO     0.00000e+00     fixed    
   9  alpha_2CBO   0.00000e+00     fixed    
  10  beta_2CBO    0.00000e+00     fixed    
  11  alpha_y      0.00000e+00     fixed    
  12  w_y          1.38860e+01   constant   
  13  beta_y       0.00000e+00     fixed    
  14  alpha_vw     0.00000e+00     fixed    
  15  w_vw         1.43404e+01   constant   
  16  beta_vw      0.00000e+00     fixed    
  17  LM          -6.12107e-05   constant   
  18  zeta_y       0.00000e+00   constant   
  19  zeta_vw      0.00000e+00   constant   
  20  T_CBO        4.63875e+01   1.19504e+01   1.73949e-03  -9.99428e-01
  21  alpha_A0     2.97158e+00   4.45507e+00  -9.24328e-02   1.92842e-02
  22  beta_A0      7.22905e-01   1.07660e+00  -2.17618e-02  -2.08135e-02
  23  alpha_phi   -1.31778e+00   2.02618e+00   3.71515e-02   1.02285e-01
  24  beta_phi     1.30037e+00   1.99533e+00  -4.31137e-02   2.22856e-02
 EXTERNAL ERROR MATRIX.    NDIM=  25    NPAR=  8    ERR DEF=1
  2.038e+06  7.135e-02  3.926e-01  5.955e+03 -2.765e+03 -6.650e+02  1.345e+03 -1.203e+03 
  7.135e-02  3.756e-07 -5.238e-09  4.251e-04 -1.509e-04 -3.578e-05  6.115e-05 -7.531e-05 
  3.926e-01 -5.238e-09  2.606e-06 -2.409e-03  8.510e-04  2.143e-04 -3.849e-04  3.769e-04 
  5.955e+03  4.251e-04 -2.409e-03  1.430e+02 -5.143e+01 -1.237e+01  2.293e+01 -2.313e+01 
 -2.765e+03 -1.509e-04  8.510e-04 -5.143e+01  1.985e+01  4.789e+00 -8.986e+00  8.872e+00 
 -6.650e+02 -3.578e-05  2.143e-04 -1.237e+01  4.789e+00  1.159e+00 -2.171e+00  2.140e+00 
  1.345e+03  6.115e-05 -3.849e-04  2.293e+01 -8.986e+00 -2.171e+00  4.105e+00 -3.999e+00 
 -1.203e+03 -7.531e-05  3.769e-04 -2.313e+01  8.872e+00  2.140e+00 -3.999e+00  3.981e+00 
ERR MATRIX APPROXIMATE
 PARAMETER  CORRELATION COEFFICIENTS  
       NO.  GLOBAL      1      3      4     20     21     22     23     24
        1  0.62161   1.000  0.082  0.170  0.349 -0.435 -0.433  0.465 -0.422
        3  0.14715   0.082  1.000 -0.005  0.058 -0.055 -0.054  0.049 -0.062
        4  0.29867   0.170 -0.005  1.000 -0.125  0.118  0.123 -0.118  0.117
       20  0.97905   0.349  0.058 -0.125  1.000 -0.966 -0.961  0.946 -0.970
       21  0.99974  -0.435 -0.055  0.118 -0.966  1.000  0.998 -0.995  0.998
       22  0.99861  -0.433 -0.054  0.123 -0.961  0.998  1.000 -0.995  0.996
       23  0.99878   0.465  0.049 -0.118  0.946 -0.995 -0.995  1.000 -0.989
       24  0.99919  -0.422 -0.062  0.117 -0.970  0.998  0.996 -0.989  1.000
 ERR MATRIX APPROXIMATE
MINUIT - FIT ONLY 1-CBO + wiggle
 **********
 **   16 **RES 
 **********
                   PARAMETER   16  beta_vw RESTORED TO VARIABLE.
                   PARAMETER   14  alpha_vw RESTORED TO VARIABLE.
                   PARAMETER   13  beta_y RESTORED TO VARIABLE.
                   PARAMETER   11  alpha_y RESTORED TO VARIABLE.
                   PARAMETER   10  beta_2CBO RESTORED TO VARIABLE.
                   PARAMETER    9  alpha_2CBO RESTORED TO VARIABLE.
                   PARAMETER    8  beta_CBO RESTORED TO VARIABLE.
                   PARAMETER    6  alpha_CBO RESTORED TO VARIABLE.
 **********
 **   17 **FIX            8
 **********
 **********
 **   18 **FIX            9
 **********
 **********
 **   19 **FIX           11
 **********
 **********
 **   20 **FIX           12
 **********
 PARAMETER   12  IS CONSTANT.   IGNORED.
 **********
 **   21 **FIX           14
 **********
 **********
 **   22 **FIX           15
 **********
 PARAMETER   15  IS CONSTANT.   IGNORED.
 **********
 **   23 **FIX           16
 **********
 **********
 **   24 **MIGRAD
 **********
 START MIGRAD MINIMIZATION.  STRATEGY  1.  CONVERGENCE WHEN EDM .LT. 1.00e-04
 FCN=85.736 FROM MIGRAD    STATUS=INITIATE       28 CALLS        1364 TOTAL
                     EDM= unknown      STRATEGY= 1      NO ERROR MATRIX       
  EXT PARAMETER               CURRENT GUESS       STEP         FIRST   
  NO.   NAME      VALUE            ERROR          SIZE      DERIVATIVE 
   1  N0           3.17743e+06   1.42746e+03  -1.31014e-01  -2.76307e-05
   2  tau          6.44005e+01   constant   
   3  A0           3.65518e-01   6.12877e-04   4.03798e-07   1.97442e+00
   4  phi          4.12111e+00   1.61436e-03   9.05881e-07   8.45112e+00
   5  R           -6.09192e+01   constant   
   6  alpha_CBO    0.00000e+00   1.00000e-03   1.00000e-03   3.56645e+03
   7  w_CBO        2.32500e+00   constant   
   8  beta_CBO     0.00000e+00     fixed    
   9  alpha_2CBO   0.00000e+00     fixed    
  10  beta_2CBO    0.00000e+00   1.00000e-03   1.00000e-03   4.52229e+03
  11  alpha_y      0.00000e+00     fixed    
  12  w_y          1.38860e+01   constant   
  13  beta_y       0.00000e+00   1.00000e-03   1.00000e-03   5.19736e+03
  14  alpha_vw     0.00000e+00     fixed    
  15  w_vw         1.43404e+01   constant   
  16  beta_vw      0.00000e+00     fixed    
  17  LM          -6.12107e-05   constant   
  18  zeta_y       0.00000e+00   constant   
  19  zeta_vw      0.00000e+00   constant   
  20  T_CBO        4.63875e+01   1.19504e+01   1.73949e-03  -9.99446e-01
  21  alpha_A0     2.97158e+00   4.45507e+00  -9.24328e-02   1.92842e-02
  22  beta_A0      7.22905e-01   1.07660e+00  -2.17618e-02  -2.08135e-02
  23  alpha_phi   -1.31778e+00   2.02618e+00   3.71515e-02   1.02285e-01
  24  beta_phi     1.30037e+00   1.99533e+00  -4.31137e-02   2.22856e-02
 CALL LIMIT EXCEEDED IN MIGRAD.
 MIGRAD TERMINATED WITHOUT CONVERGENCE.
 FCN=79.7774 FROM MIGRAD    STATUS=CALL LIMIT   1922 CALLS        3258 TOTAL
                     EDM=0.00108761    STRATEGY= 1  ERROR MATRIX UNCERTAINTY  49.7 per cent
  EXT PARAMETER                APPROXIMATE        STEP         FIRST   
  NO.   NAME      VALUE            ERROR          SIZE      DERIVATIVE 
   1  N0           3.17733e+06   1.47935e+03   3.89071e+00  -1.72817e-05
   2  tau          6.44005e+01   constant   
   3  A0           3.65425e-01   6.00375e-04  -2.07520e-07   1.06851e+01
   4  phi          4.12105e+00   1.66914e-03   2.58764e-06  -7.30435e+00
   5  R           -6.09192e+01   constant   
   6  alpha_CBO   -7.11992e-04   6.37263e-04  -6.23772e-08   2.85731e+00
   7  w_CBO        2.32500e+00   constant   
   8  beta_CBO     0.00000e+00     fixed    
   9  alpha_2CBO   0.00000e+00     fixed    
  10  beta_2CBO   -8.70825e-04   6.31973e-04   5.87207e-07  -7.18298e+00
  11  alpha_y      0.00000e+00     fixed    
  12  w_y          1.38860e+01   constant   
  13  beta_y      -9.95687e-04   6.14538e-04   2.56544e-07  -4.74803e+00
  14  alpha_vw     0.00000e+00     fixed    
  15  w_vw         1.43404e+01   constant   
  16  beta_vw      0.00000e+00     fixed    
  17  LM          -6.12107e-05   constant   
  18  zeta_y       0.00000e+00   constant   
  19  zeta_vw      0.00000e+00   constant   
  20  T_CBO        2.51288e+01   4.99970e+00   5.43373e-04  -1.85610e+00
  21  alpha_A0     6.52176e+02   1.40161e+03  -1.95147e+01  -1.33527e-04
  22  beta_A0      1.46237e+02   3.23958e+02  -4.37647e+00  -2.26150e-05
  23  alpha_phi   -3.66045e+02   7.90922e+02   1.07808e+01   1.13940e-04
  24  beta_phi     2.65066e+02   5.64040e+02  -8.20068e+00   3.50335e-04
 EXTERNAL ERROR MATRIX.    NDIM=  25    NPAR= 11    ERR DEF=1
  2.188e+06 
  2.933e-02  3.605e-07 
  4.846e-01 -3.396e-08  2.786e-06 
  2.104e-02  8.091e-08  1.908e-08  4.061e-07 
  2.806e-02 -2.131e-08 -1.565e-08 -1.076e-08  3.994e-07 
 -6.140e-03 -4.993e-09  1.373e-08  5.699e-09 -1.776e-09  3.777e-07 
  2.277e+03 -1.431e-04  1.397e-03  5.729e-05  4.368e-04  1.181e-04  2.501e+01 
 -8.130e+05  6.634e-02 -5.523e-01  1.358e-02 -1.049e-01 -4.122e-02 -6.836e+03  1.965e+06 
 -1.918e+05  1.575e-02 -1.305e-01  2.888e-03 -2.454e-02 -9.502e-03 -1.571e+03  4.538e+05  1.049e+05 
  4.671e+05 -3.853e-02  3.176e-01 -7.428e-03  5.978e-02  2.327e-02  3.841e+03 -1.108e+06 -2.562e+05  6.256e+05 
 -3.143e+05  2.472e-02 -2.122e-01  5.341e-03 -4.109e-02 -1.653e-02 -2.772e+03  7.895e+05  1.821e+05 -4.448e+05  3.181e+05 
ERR MATRIX APPROXIMATE
 PARAMETER  CORRELATION COEFFICIENTS  
       NO.  GLOBAL      1      3      4      6     10     13     20     21     22     23     24
        1  0.58059   1.000  0.033  0.196  0.022  0.030 -0.007  0.308 -0.392 -0.400  0.399 -0.377
        3  0.31165   0.033  1.000 -0.034  0.211 -0.056 -0.014 -0.048  0.079  0.081 -0.081  0.073
        4  0.40065   0.196 -0.034  1.000  0.018 -0.015  0.013  0.167 -0.236 -0.241  0.241 -0.225
        6  0.36839   0.022  0.211  0.018  1.000 -0.027  0.015  0.018  0.015  0.014 -0.015  0.015
       10  0.27457   0.030 -0.056 -0.015 -0.027  1.000 -0.005  0.138 -0.118 -0.120  0.120 -0.115
       13  0.09749  -0.007 -0.014  0.013  0.015 -0.005  1.000  0.038 -0.048 -0.048  0.048 -0.048
       20  0.99163   0.308 -0.048  0.167  0.018  0.138  0.038  1.000 -0.975 -0.969  0.971 -0.983
       21  1.00000  -0.392  0.079 -0.236  0.015 -0.118 -0.048 -0.975  1.000  0.999 -1.000  0.999
       22  0.99997  -0.400  0.081 -0.241  0.014 -0.120 -0.048 -0.969  0.999  1.000 -1.000  0.996
       23  1.00000   0.399 -0.081  0.241 -0.015  0.120  0.048  0.971 -1.000 -1.000  1.000 -0.997
       24  0.99998  -0.377  0.073 -0.225  0.015 -0.115 -0.048 -0.983  0.999  0.996 -0.997  1.000
 ERR MATRIX APPROXIMATE
MINUIT - FIT ONLY 2-CBO
 **********
 **   25 **RES 
 **********
                   PARAMETER   16  beta_vw RESTORED TO VARIABLE.
                   PARAMETER   14  alpha_vw RESTORED TO VARIABLE.
                   PARAMETER   11  alpha_y RESTORED TO VARIABLE.
                   PARAMETER    9  alpha_2CBO RESTORED TO VARIABLE.
                   PARAMETER    8  beta_CBO RESTORED TO VARIABLE.
 **********
 **   26 **FIX            0
 **********
 PARAMETER    0  IS UNDEFINED. IGNORED.
 **********
 **   27 **FIX            1
 **********
 **********
 **   28 **FIX            2
 **********
 PARAMETER    2  IS CONSTANT.   IGNORED.
 **********
 **   29 **FIX            3
 **********
 **********
 **   30 **FIX            4
 **********
 **********
 **   31 **FIX            5
 **********
 PARAMETER    5  IS CONSTANT.   IGNORED.
 **********
 **   32 **FIX            6
 **********
 **********
 **   33 **FIX            7
 **********
 PARAMETER    7  IS CONSTANT.   IGNORED.
 **********
 **   34 **FIX           10
 **********
 **********
 **   35 **FIX           11
 **********
 **********
 **   36 **FIX           12
 **********
 PARAMETER   12  IS CONSTANT.   IGNORED.
 **********
 **   37 **FIX           13
 **********
 **********
 **   38 **FIX           14
 **********
 **********
 **   39 **FIX           15
 **********
 PARAMETER   15  IS CONSTANT.   IGNORED.
 **********
 **   40 **FIX           16
 **********
 **********
 **   41 **MIGRAD
 **********
 START MIGRAD MINIMIZATION.  STRATEGY  1.  CONVERGENCE WHEN EDM .LT. 1.00e-04
 FCN=79.7774 FROM MIGRAD    STATUS=INITIATE       18 CALLS        3276 TOTAL
                     EDM= unknown      STRATEGY= 1      NO ERROR MATRIX       
  EXT PARAMETER               CURRENT GUESS       STEP         FIRST   
  NO.   NAME      VALUE            ERROR          SIZE      DERIVATIVE 
   1  N0           3.17733e+06     fixed    
   2  tau          6.44005e+01   constant   
   3  A0           3.65425e-01     fixed    
   4  phi          4.12105e+00     fixed    
   5  R           -6.09192e+01   constant   
   6  alpha_CBO   -7.11992e-04     fixed    
   7  w_CBO        2.32500e+00   constant   
   8  beta_CBO     0.00000e+00   1.00000e-03   1.00000e-03  -1.09842e+04
   9  alpha_2CBO   0.00000e+00   1.00000e-03   1.00000e-03   5.33860e+03
  10  beta_2CBO   -8.70825e-04     fixed    
  11  alpha_y      0.00000e+00     fixed    
  12  w_y          1.38860e+01   constant   
  13  beta_y      -9.95687e-04     fixed    
  14  alpha_vw     0.00000e+00     fixed    
  15  w_vw         1.43404e+01   constant   
  16  beta_vw      0.00000e+00     fixed    
  17  LM          -6.12107e-05   constant   
  18  zeta_y       0.00000e+00   constant   
  19  zeta_vw      0.00000e+00   constant   
  20  T_CBO        2.51288e+01   4.99970e+00   5.43373e-04  -1.85613e+00
  21  alpha_A0     6.52176e+02   1.40161e+03  -1.95147e+01  -1.33527e-04
  22  beta_A0      1.46237e+02   3.23958e+02  -4.37647e+00  -2.26150e-05
  23  alpha_phi   -3.66045e+02   7.90922e+02   1.07808e+01   1.13940e-04
  24  beta_phi     2.65066e+02   5.64040e+02  -8.20068e+00   3.50335e-04
 CALL LIMIT EXCEEDED IN MIGRAD.
 MIGRAD TERMINATED WITHOUT CONVERGENCE.
 FCN=64.8426 FROM MIGRAD    STATUS=CALL LIMIT   1153 CALLS        4411 TOTAL
                     EDM=0.00137652    STRATEGY= 1  ERROR MATRIX UNCERTAINTY   8.4 per cent
  EXT PARAMETER                APPROXIMATE        STEP         FIRST   
  NO.   NAME      VALUE            ERROR          SIZE      DERIVATIVE 
   1  N0           3.17733e+06     fixed    
   2  tau          6.44005e+01   constant   
   3  A0           3.65425e-01     fixed    
   4  phi          4.12105e+00     fixed    
   5  R           -6.09192e+01   constant   
   6  alpha_CBO   -7.11992e-04     fixed    
   7  w_CBO        2.32500e+00   constant   
   8  beta_CBO     2.23308e-03   6.28531e-04   2.69485e-06   9.25576e+00
   9  alpha_2CBO  -9.97119e-04   6.25159e-04   4.71125e-06  -3.24508e+00
  10  beta_2CBO   -8.70825e-04     fixed    
  11  alpha_y      0.00000e+00     fixed    
  12  w_y          1.38860e+01   constant   
  13  beta_y      -9.95687e-04     fixed    
  14  alpha_vw     0.00000e+00     fixed    
  15  w_vw         1.43404e+01   constant   
  16  beta_vw      0.00000e+00     fixed    
  17  LM          -6.12107e-05   constant   
  18  zeta_y       0.00000e+00   constant   
  19  zeta_vw      0.00000e+00   constant   
  20  T_CBO        3.80558e+01   1.94383e+01   1.72695e-03  -4.89009e+00
  21  alpha_A0     9.45208e+00   4.79651e+01  -8.01485e-01  -3.84049e-03
  22  beta_A0      8.02834e+00   3.91797e+01  -3.55178e-01  -5.73457e-04
  23  alpha_phi   -8.52428e+00   4.11459e+01   7.81214e-01   6.17385e-03
  24  beta_phi     5.10537e+00   2.68929e+01  -2.74178e-01  -1.59031e-03
 EXTERNAL ERROR MATRIX.    NDIM=  25    NPAR=  7    ERR DEF=1
  3.951e-07  1.715e-08  3.745e-04 -8.128e-04  1.425e-04  4.623e-04  5.774e-05 
  1.715e-08  3.908e-07 -1.380e-04  1.051e-03 -8.296e-05  2.531e-04  9.966e-04 
  3.745e-04 -1.380e-04  3.792e+02 -9.142e+02 -7.352e+02  7.826e+02 -4.710e+02 
 -8.128e-04  1.051e-03 -9.142e+02  2.301e+03  1.788e+03 -1.862e+03  1.153e+03 
  1.425e-04 -8.296e-05 -7.352e+02  1.788e+03  1.535e+03 -1.535e+03  9.036e+02 
  4.623e-04  2.531e-04  7.826e+02 -1.862e+03 -1.535e+03  1.693e+03 -9.508e+02 
  5.774e-05  9.966e-04 -4.710e+02  1.153e+03  9.036e+02 -9.508e+02  7.232e+02 
ERR MATRIX APPROXIMATE
 PARAMETER  CORRELATION COEFFICIENTS  
       NO.  GLOBAL      8      9     20     21     22     23     24
        8  0.17181   1.000  0.044  0.031 -0.027  0.006  0.018  0.003
        9  0.17451   0.044  1.000 -0.011  0.035 -0.003  0.010  0.059
       20  0.99302   0.031 -0.011  1.000 -0.979 -0.964  0.977 -0.899
       21  0.98201  -0.027  0.035 -0.979  1.000  0.952 -0.943  0.894
       22  0.96764   0.006 -0.003 -0.964  0.952  1.000 -0.952  0.858
       23  0.98068   0.018  0.010  0.977 -0.943 -0.952  1.000 -0.859
       24  0.90675   0.003  0.059 -0.899  0.894  0.858 -0.859  1.000
 ERR MATRIX APPROXIMATE
MINUIT - FIT wiggle + 1-CBO + 2-CBO
 **********
 **   42 **RES 
 **********
                   PARAMETER   16  beta_vw RESTORED TO VARIABLE.
                   PARAMETER   14  alpha_vw RESTORED TO VARIABLE.
                   PARAMETER   13  beta_y RESTORED TO VARIABLE.
                   PARAMETER   11  alpha_y RESTORED TO VARIABLE.
                   PARAMETER   10  beta_2CBO RESTORED TO VARIABLE.
                   PARAMETER    6  alpha_CBO RESTORED TO VARIABLE.
                   PARAMETER    4  phi RESTORED TO VARIABLE.
                   PARAMETER    3  A0 RESTORED TO VARIABLE.
                   PARAMETER    1  N0 RESTORED TO VARIABLE.
 **********
 **   43 **FIX           10
 **********
 **********
 **   44 **FIX           11
 **********
 **********
 **   45 **FIX           12
 **********
 PARAMETER   12  IS CONSTANT.   IGNORED.
 **********
 **   46 **FIX           13
 **********
 **********
 **   47 **FIX           14
 **********
 **********
 **   48 **FIX           15
 **********
 PARAMETER   15  IS CONSTANT.   IGNORED.
 **********
 **   49 **FIX           16
 **********
 **********
 **   50 **MIGRAD
 **********
 START MIGRAD MINIMIZATION.  STRATEGY  1.  CONVERGENCE WHEN EDM .LT. 1.00e-04
 FCN=64.8426 FROM MIGRAD    STATUS=INITIATE       22 CALLS        4433 TOTAL
                     EDM= unknown      STRATEGY= 1      NO ERROR MATRIX       
  EXT PARAMETER               CURRENT GUESS       STEP         FIRST   
  NO.   NAME      VALUE            ERROR          SIZE      DERIVATIVE 
   1  N0           3.17733e+06   1.47935e+03   1.47935e+03   1.88563e-04
   2  tau          6.44005e+01   constant   
   3  A0           3.65425e-01   6.00375e-04   6.00375e-04   2.50696e+02
   4  phi          4.12105e+00   1.66914e-03   1.66914e-03  -7.70646e+02
   5  R           -6.09192e+01   constant   
   6  alpha_CBO   -7.11992e-04   6.37263e-04   6.37263e-04   1.94798e+02
   7  w_CBO        2.32500e+00   constant   
   8  beta_CBO     2.23308e-03   6.28531e-04   2.69485e-06   9.25576e+00
   9  alpha_2CBO  -9.97119e-04   6.25159e-04   4.71125e-06  -3.24508e+00
  10  beta_2CBO   -8.70825e-04     fixed    
  11  alpha_y      0.00000e+00     fixed    
  12  w_y          1.38860e+01   constant   
  13  beta_y      -9.95687e-04     fixed    
  14  alpha_vw     0.00000e+00     fixed    
  15  w_vw         1.43404e+01   constant   
  16  beta_vw      0.00000e+00     fixed    
  17  LM          -6.12107e-05   constant   
  18  zeta_y       0.00000e+00   constant   
  19  zeta_vw      0.00000e+00   constant   
  20  T_CBO        3.80558e+01   1.94383e+01   1.72695e-03  -4.89008e+00
  21  alpha_A0     9.45208e+00   4.79651e+01  -8.01485e-01  -3.84049e-03
  22  beta_A0      8.02834e+00   3.91797e+01  -3.55178e-01  -5.73457e-04
  23  alpha_phi   -8.52428e+00   4.11459e+01   7.81214e-01   6.17385e-03
  24  beta_phi     5.10537e+00   2.68929e+01  -2.74178e-01  -1.59031e-03
 CALL LIMIT EXCEEDED IN MIGRAD.
 MIGRAD TERMINATED WITHOUT CONVERGENCE.
 FCN=64.269 FROM MIGRAD    STATUS=CALL LIMIT   1929 CALLS        6340 TOTAL
                     EDM=0.00618651    STRATEGY= 1  ERROR MATRIX UNCERTAINTY   0.2 per cent
  EXT PARAMETER                APPROXIMATE        STEP         FIRST   
  NO.   NAME      VALUE            ERROR          SIZE      DERIVATIVE 
   1  N0           3.17728e+06   1.33857e+03   1.05752e+00  -4.29676e-06
   2  tau          6.44005e+01   constant   
   3  A0           3.65325e-01   5.81322e-04   6.81120e-07   6.95751e+00
   4  phi          4.12216e+00   1.63102e-03   8.36442e-07  -1.99767e+00
   5  R           -6.09192e+01   constant   
   6  alpha_CBO   -7.81075e-04   5.87022e-04  -1.02871e-07  -2.37958e-01
   7  w_CBO        2.32500e+00   constant   
   8  beta_CBO     2.33369e-03   6.55364e-04   1.12022e-06   1.53194e+01
   9  alpha_2CBO  -9.82000e-04   6.03893e-04  -4.64991e-07  -1.66570e+01
  10  beta_2CBO   -8.70825e-04     fixed    
  11  alpha_y      0.00000e+00     fixed    
  12  w_y          1.38860e+01   constant   
  13  beta_y      -9.95687e-04     fixed    
  14  alpha_vw     0.00000e+00     fixed    
  15  w_vw         1.43404e+01   constant   
  16  beta_vw      0.00000e+00     fixed    
  17  LM          -6.12107e-05   constant   
  18  zeta_y       0.00000e+00   constant   
  19  zeta_vw      0.00000e+00   constant   
  20  T_CBO        9.80954e+01   9.03008e+01   8.92573e-03  -1.60223e+00
  21  alpha_A0     5.86050e-02   2.02554e-01  -6.33966e-03  -2.36111e-01
  22  beta_A0      6.28666e-02   2.27225e-01  -5.90935e-03  -4.54257e-01
  23  alpha_phi   -5.96799e-02   2.06619e-01   5.83565e-03   1.12384e+00
  24  beta_phi     4.17360e-02   1.53404e-01  -4.70373e-03  -7.51031e-01
 EXTERNAL ERROR MATRIX.    NDIM=  25    NPAR= 11    ERR DEF=1
  1.792e+06 
  4.287e-03  3.379e-07 
  2.194e-01 -4.512e-08  2.660e-06 
 -5.782e-02  3.912e-08  3.312e-09  3.446e-07 
 -7.794e-02 -1.457e-08  1.565e-07  1.209e-08  4.295e-07 
 -2.008e-02  8.405e-09  6.424e-08 -1.158e-08  1.175e-08  3.647e-07 
  2.296e+03  7.251e-04  1.969e-03  5.667e-04  2.214e-03 -7.535e-04  8.418e+03 
 -6.913e+00  2.191e-06 -1.533e-05  6.253e-06 -6.034e-06  1.934e-06 -1.774e+01  4.103e-02 
  2.192e+01  1.075e-07  1.027e-05 -2.285e-06  2.592e-06 -4.387e-06 -1.886e+01  3.822e-02  5.163e-02 
  2.219e+01 -5.254e-06  1.513e-05  7.503e-07  3.348e-06  3.711e-06  1.813e+01 -3.843e-02 -4.040e-02  4.269e-02 
 -5.579e+00 -9.310e-06  1.834e-06 -2.668e-06 -3.356e-09  3.565e-06 -1.267e+01  2.626e-02  2.642e-02 -2.538e-02  2.353e-02 
ERR MATRIX APPROXIMATE
 PARAMETER  CORRELATION COEFFICIENTS  
       NO.  GLOBAL      1      3      4      6      8      9     20     21     22     23     24
        1  0.34130   1.000  0.006  0.100 -0.074 -0.089 -0.025  0.019 -0.025  0.072  0.080 -0.027
        3  0.27896   0.006  1.000 -0.048  0.115 -0.038  0.024  0.014  0.019  0.001 -0.044 -0.104
        4  0.24182   0.100 -0.048  1.000  0.003  0.146  0.065  0.013 -0.046  0.028  0.045  0.007
        6  0.25516  -0.074  0.115  0.003  1.000  0.031 -0.033  0.011  0.053 -0.017  0.006 -0.030
        8  0.28125  -0.089 -0.038  0.146  0.031  1.000  0.030  0.037 -0.045  0.017  0.025 -0.000
        9  0.22265  -0.025  0.024  0.065 -0.033  0.030  1.000 -0.014  0.016 -0.032  0.030  0.038
       20  0.99321   0.019  0.014  0.013  0.011  0.037 -0.014  1.000 -0.955 -0.905  0.956 -0.900
       21  0.96234  -0.025  0.019 -0.046  0.053 -0.045  0.016 -0.955  1.000  0.830 -0.918  0.845
       22  0.93303   0.072  0.001  0.028 -0.017  0.017 -0.032 -0.905  0.830  1.000 -0.861  0.758
       23  0.97112   0.080 -0.044  0.045  0.006  0.025  0.030  0.956 -0.918 -0.861  1.000 -0.801
       24  0.93985  -0.027 -0.104  0.007 -0.030 -0.000  0.038 -0.900  0.845  0.758 -0.801  1.000
 ERR MATRIX APPROXIMATE
MINUIT - FIT ONLY 1-y
 **********
 **   51 **RES 
 **********
                   PARAMETER   16  beta_vw RESTORED TO VARIABLE.
                   PARAMETER   14  alpha_vw RESTORED TO VARIABLE.
                   PARAMETER   13  beta_y RESTORED TO VARIABLE.
                   PARAMETER   11  alpha_y RESTORED TO VARIABLE.
                   PARAMETER   10  beta_2CBO RESTORED TO VARIABLE.
 **********
 **   52 **FIX            0
 **********
 PARAMETER    0  IS UNDEFINED. IGNORED.
 **********
 **   53 **FIX            1
 **********
 **********
 **   54 **FIX            2
 **********
 PARAMETER    2  IS CONSTANT.   IGNORED.
 **********
 **   55 **FIX            3
 **********
 **********
 **   56 **FIX            4
 **********
 **********
 **   57 **FIX            5
 **********
 PARAMETER    5  IS CONSTANT.   IGNORED.
 **********
 **   58 **FIX            6
 **********
 **********
 **   59 **FIX            7
 **********
 PARAMETER    7  IS CONSTANT.   IGNORED.
 **********
 **   60 **FIX            8
 **********
 **********
 **   61 **FIX            9
 **********
 **********
 **   62 **FIX           13
 **********
 **********
 **   63 **FIX           14
 **********
 **********
 **   64 **FIX           15
 **********
 PARAMETER   15  IS CONSTANT.   IGNORED.
 **********
 **   65 **FIX           16
 **********
 **********
 **   66 **MIGRAD
 **********
 START MIGRAD MINIMIZATION.  STRATEGY  1.  CONVERGENCE WHEN EDM .LT. 1.00e-04
 FCN=64.269 FROM MIGRAD    STATUS=INITIATE       16 CALLS        6356 TOTAL
                     EDM= unknown      STRATEGY= 1      NO ERROR MATRIX       
  EXT PARAMETER               CURRENT GUESS       STEP         FIRST   
  NO.   NAME      VALUE            ERROR          SIZE      DERIVATIVE 
   1  N0           3.17728e+06     fixed    
   2  tau          6.44005e+01   constant   
   3  A0           3.65325e-01     fixed    
   4  phi          4.12216e+00     fixed    
   5  R           -6.09192e+01   constant   
   6  alpha_CBO   -7.81075e-04     fixed    
   7  w_CBO        2.32500e+00   constant   
   8  beta_CBO     2.33369e-03     fixed    
   9  alpha_2CBO  -9.82000e-04     fixed    
  10  beta_2CBO   -8.70825e-04   6.31973e-04   6.31973e-04  -1.13786e+02
  11  alpha_y      0.00000e+00   1.00000e-03   1.00000e-03  -2.91563e+03
  12  w_y          1.38860e+01   constant   
  13  beta_y      -9.95687e-04     fixed    
  14  alpha_vw     0.00000e+00     fixed    
  15  w_vw         1.43404e+01   constant   
  16  beta_vw      0.00000e+00     fixed    
  17  LM          -6.12107e-05   constant   
  18  zeta_y       0.00000e+00   constant   
  19  zeta_vw      0.00000e+00   constant   
  20  T_CBO        9.80954e+01   9.03008e+01   8.92573e-03  -1.60222e+00
  21  alpha_A0     5.86050e-02   2.02554e-01  -6.33966e-03  -2.36111e-01
  22  beta_A0      6.28666e-02   2.27225e-01  -5.90935e-03  -4.54257e-01
  23  alpha_phi   -5.96799e-02   2.06619e-01   5.83565e-03   1.12384e+00
  24  beta_phi     4.17360e-02   1.53404e-01  -4.70373e-03  -7.51031e-01
 CALL LIMIT EXCEEDED IN MIGRAD.
 MIGRAD TERMINATED WITHOUT CONVERGENCE.
 FCN=63.3532 FROM MIGRAD    STATUS=CALL LIMIT   1149 CALLS        7489 TOTAL
                     EDM=0.000224435    STRATEGY= 1  ERROR MATRIX UNCERTAINTY  14.8 per cent
  EXT PARAMETER                APPROXIMATE        STEP         FIRST   
  NO.   NAME      VALUE            ERROR          SIZE      DERIVATIVE 
   1  N0           3.17728e+06     fixed    
   2  tau          6.44005e+01   constant   
   3  A0           3.65325e-01     fixed    
   4  phi          4.12216e+00     fixed    
   5  R           -6.09192e+01   constant   
   6  alpha_CBO   -7.81075e-04     fixed    
   7  w_CBO        2.32500e+00   constant   
   8  beta_CBO     2.33369e-03     fixed    
   9  alpha_2CBO  -9.82000e-04     fixed    
  10  beta_2CBO   -8.41767e-04   6.36385e-04   3.03575e-06   1.25269e+01
  11  alpha_y      5.70528e-04   6.25230e-04  -2.36964e-07  -3.65612e+00
  12  w_y          1.38860e+01   constant   
  13  beta_y      -9.95687e-04     fixed    
  14  alpha_vw     0.00000e+00     fixed    
  15  w_vw         1.43404e+01   constant   
  16  beta_vw      0.00000e+00     fixed    
  17  LM          -6.12107e-05   constant   
  18  zeta_y       0.00000e+00   constant   
  19  zeta_vw      0.00000e+00   constant   
  20  T_CBO        9.75784e+02   5.41255e+02   1.08820e-01  -3.39379e-03
  21  alpha_A0     3.40030e-03   4.80004e-03  -4.11515e-05  -4.36129e+00
  22  beta_A0      3.85621e-03   5.47007e-03  -2.51691e-05  -2.63073e+00
  23  alpha_phi   -3.67894e-03   5.02231e-03   3.11214e-05   3.22667e+00
  24  beta_phi     2.56252e-03   4.69283e-03   1.84581e-05  -9.34130e-01
 EXTERNAL ERROR MATRIX.    NDIM=  25    NPAR=  7    ERR DEF=1
  4.050e-07  3.107e-10  4.593e-02  4.921e-07  2.913e-07 -1.780e-07  5.065e-07 
  3.107e-10  3.909e-07 -1.814e-02 -3.529e-08 -6.334e-08  1.759e-08 -4.930e-08 
  4.593e-02 -1.814e-02  3.944e+06 -7.315e+00 -8.110e+00  7.876e+00 -5.614e+00 
  4.921e-07 -3.529e-08 -7.315e+00  2.304e-05  1.355e-05 -1.361e-05  1.235e-05 
  2.913e-07 -6.334e-08 -8.110e+00  1.355e-05  2.992e-05 -1.579e-05  1.410e-05 
 -1.780e-07  1.759e-08  7.876e+00 -1.361e-05 -1.579e-05  2.522e-05 -1.120e-05 
  5.065e-07 -4.930e-08 -5.614e+00  1.235e-05  1.410e-05 -1.120e-05  2.202e-05 
ERR MATRIX APPROXIMATE
 PARAMETER  CORRELATION COEFFICIENTS  
       NO.  GLOBAL     10     11     20     21     22     23     24
       10  0.43162   1.000  0.001  0.036  0.161  0.084 -0.056  0.170
       11  0.08065   0.001  1.000 -0.015 -0.012 -0.019  0.006 -0.017
       20  0.93153   0.036 -0.015  1.000 -0.767 -0.747  0.790 -0.602
       21  0.81016   0.161 -0.012 -0.767  1.000  0.516 -0.564  0.548
       22  0.77681   0.084 -0.019 -0.747  0.516  1.000 -0.575  0.549
       23  0.80197  -0.056  0.006  0.790 -0.564 -0.575  1.000 -0.475
       24  0.65229   0.170 -0.017 -0.602  0.548  0.549 -0.475  1.000
 ERR MATRIX APPROXIMATE
MINUIT - FIT ONLY 2-y
 **********
 **   67 **RES 
 **********
                   PARAMETER   16  beta_vw RESTORED TO VARIABLE.
                   PARAMETER   14  alpha_vw RESTORED TO VARIABLE.
                   PARAMETER   13  beta_y RESTORED TO VARIABLE.
                   PARAMETER    9  alpha_2CBO RESTORED TO VARIABLE.
                   PARAMETER    8  beta_CBO RESTORED TO VARIABLE.
                   PARAMETER    6  alpha_CBO RESTORED TO VARIABLE.
                   PARAMETER    4  phi RESTORED TO VARIABLE.
                   PARAMETER    3  A0 RESTORED TO VARIABLE.
                   PARAMETER    1  N0 RESTORED TO VARIABLE.
 **********
 **   68 **FIX            0
 **********
 PARAMETER    0  IS UNDEFINED. IGNORED.
 **********
 **   69 **FIX            1
 **********
 **********
 **   70 **FIX            2
 **********
 PARAMETER    2  IS CONSTANT.   IGNORED.
 **********
 **   71 **FIX            3
 **********
 **********
 **   72 **FIX            4
 **********
 **********
 **   73 **FIX            5
 **********
 PARAMETER    5  IS CONSTANT.   IGNORED.
 **********
 **   74 **FIX            6
 **********
 **********
 **   75 **FIX            7
 **********
 PARAMETER    7  IS CONSTANT.   IGNORED.
 **********
 **   76 **FIX            8
 **********
 **********
 **   77 **FIX            9
 **********
 **********
 **   78 **FIX           10
 **********
 **********
 **   79 **FIX           11
 **********
 **********
 **   80 **FIX           12
 **********
 PARAMETER   12  IS CONSTANT.   IGNORED.
 **********
 **   81 **FIX           16
 **********
 **********
 **   82 **MIGRAD
 **********
 START MIGRAD MINIMIZATION.  STRATEGY  1.  CONVERGENCE WHEN EDM .LT. 1.00e-04
 FCN=63.3532 FROM MIGRAD    STATUS=INITIATE       16 CALLS        7505 TOTAL
                     EDM= unknown      STRATEGY= 1      NO ERROR MATRIX       
  EXT PARAMETER               CURRENT GUESS       STEP         FIRST   
  NO.   NAME      VALUE            ERROR          SIZE      DERIVATIVE 
   1  N0           3.17728e+06     fixed    
   2  tau          6.44005e+01   constant   
   3  A0           3.65325e-01     fixed    
   4  phi          4.12216e+00     fixed    
   5  R           -6.09192e+01   constant   
   6  alpha_CBO   -7.81075e-04     fixed    
   7  w_CBO        2.32500e+00   constant   
   8  beta_CBO     2.33369e-03     fixed    
   9  alpha_2CBO  -9.82000e-04     fixed    
  10  beta_2CBO   -8.41767e-04     fixed    
  11  alpha_y      5.70528e-04     fixed    
  12  w_y          1.38860e+01   constant   
  13  beta_y      -9.95687e-04   6.14538e-04   6.14538e-04  -2.07115e+02
  14  alpha_vw     0.00000e+00   1.00000e-03   1.00000e-03   3.96222e+03
  15  w_vw         1.43404e+01   constant   
  16  beta_vw      0.00000e+00     fixed    
  17  LM          -6.12107e-05   constant   
  18  zeta_y       0.00000e+00   constant   
  19  zeta_vw      0.00000e+00   constant   
  20  T_CBO        9.75784e+02   5.41255e+02   1.08820e-01  -3.40748e-03
  21  alpha_A0     3.40030e-03   4.80004e-03  -4.11515e-05  -4.36129e+00
  22  beta_A0      3.85621e-03   5.47007e-03  -2.51691e-05  -2.63073e+00
  23  alpha_phi   -3.67894e-03   5.02231e-03   3.11214e-05   3.22667e+00
  24  beta_phi     2.56252e-03   4.69283e-03   1.84581e-05  -9.34130e-01
 MIGRAD MINIMIZATION HAS CONVERGED.
 MIGRAD WILL VERIFY CONVERGENCE AND ERROR MATRIX.
 COVARIANCE MATRIX CALCULATED SUCCESSFULLY
 FCN=61.7365 FROM MIGRAD    STATUS=CONVERGED     148 CALLS        7637 TOTAL
                     EDM=9.46494e-06    STRATEGY= 1      ERROR MATRIX ACCURATE 
  EXT PARAMETER                                   STEP         FIRST   
  NO.   NAME      VALUE            ERROR          SIZE      DERIVATIVE 
   1  N0           3.17728e+06     fixed    
   2  tau          6.44005e+01   constant   
   3  A0           3.65325e-01     fixed    
   4  phi          4.12216e+00     fixed    
   5  R           -6.09192e+01   constant   
   6  alpha_CBO   -7.81075e-04     fixed    
   7  w_CBO        2.32500e+00   constant   
   8  beta_CBO     2.33369e-03     fixed    
   9  alpha_2CBO  -9.82000e-04     fixed    
  10  beta_2CBO   -8.41767e-04     fixed    
  11  alpha_y      5.70528e-04     fixed    
  12  w_y          1.38860e+01   constant   
  13  beta_y      -1.19204e-03   6.48873e-04   2.40333e-06  -3.14565e-01
  14  alpha_vw    -8.25827e-04   6.50589e-04   2.41022e-06   1.27671e+00
  15  w_vw         1.43404e+01   constant   
  16  beta_vw      0.00000e+00     fixed    
  17  LM          -6.12107e-05   constant   
  18  zeta_y       0.00000e+00   constant   
  19  zeta_vw      0.00000e+00   constant   
  20  T_CBO        9.99921e+02   5.02542e+02   7.21991e-02  -9.33062e-05
  21  alpha_A0     3.39952e-03   3.10019e-03   1.18842e-05  -1.53211e-01
  22  beta_A0      3.87363e-03   3.17565e-03   1.22365e-05  -9.56435e-01
  23  alpha_phi   -3.72858e-03   3.11648e-03   1.18492e-05  -1.81857e-01
  24  beta_phi     2.52417e-03   3.17421e-03   1.21568e-05  -6.09239e-01
 EXTERNAL ERROR MATRIX.    NDIM=  25    NPAR=  7    ERR DEF=1
  4.210e-07  1.211e-07  3.626e-06 -1.568e-08 -1.522e-08  3.803e-08  4.253e-08 
  1.211e-07  4.233e-07  1.414e-06 -2.602e-09 -2.104e-08  3.131e-08  1.184e-08 
  3.626e-06  1.414e-06  2.838e+04  3.112e-02  3.465e-02 -3.329e-02  2.266e-02 
 -1.568e-08 -2.602e-09  3.112e-02  9.611e-06 -4.368e-07 -1.116e-06  1.286e-07 
 -1.522e-08 -2.104e-08  3.465e-02 -4.368e-07  1.008e-05  3.189e-07  3.747e-07 
  3.803e-08  3.131e-08 -3.329e-02 -1.116e-06  3.189e-07  9.712e-06  1.256e-06 
  4.253e-08  1.184e-08  2.266e-02  1.286e-07  3.747e-07  1.256e-06  1.008e-05 
 PARAMETER  CORRELATION COEFFICIENTS  
       NO.  GLOBAL     13     14     20     21     22     23     24
       13  0.28781   1.000  0.287  0.000 -0.008 -0.007  0.019  0.021
       14  0.28711   0.287  1.000  0.000 -0.001 -0.010  0.015  0.006
       20  0.11734   0.000  0.000  1.000  0.060  0.065 -0.063  0.042
       21  0.13713  -0.008 -0.001  0.060  1.000 -0.044 -0.116  0.013
       22  0.09286  -0.007 -0.010  0.065 -0.044  1.000  0.032  0.037
       23  0.18642   0.019  0.015 -0.063 -0.116  0.032  1.000  0.127
