 + ++++++++++++++++++++++++++++++++++++++++++++++++++++++++++++++++++++ +
 +                                                                      +
 +           You have chose to blind your fitting according to          +
 +                omega_ref * (1 + (R +/- deltaR) *10^{-6})             +
 +                                                                      +
 + ++++++++++++++++++++++++++++++++++++++++++++++++++++++++++++++++++++ +
In main()...
reading format from /gm2data/zkhechad/run45/envelope/formats/formatB_sBin_constraintOn.txt
pBinTau 	= 0  
pBinPhi 	= 0  
constraintau 	= 1 
includeMopTerm 	= 0    
constrainMop    = 0   
Parameters after format file: pBinTau 0 pBinPhi 0 constraintau 1 includeMopTerm 0 constrainMop 0 c_e_scale 0.000000 
Opening file /gm2data/tbarrett/gm2fr/studies/run23_bunch_corrections/CorrectedFourier_Run3b.root.
reading full fit data from /gm2data/zkhechad/cboTemplates/Run4CBOTemplates/fullFits/noRF/sBin_constraintOn_cE0.0_seed0_noRF_calo21.root
windowBins = 69
fitting sliding window 420 from bin 556 at 82.806000 to bin 625 at 93.250000 (69 bins)

Reading data from /gm2data/cornell/histograms/aMethod/histogram_a_noRF.root
 **********
 **    1 **SET PRINTOUT            1
 **********
 **********
 **    2 **SET NOWARNINGS 
 **********
 PARAMETER DEFINITIONS:
    NO.   NAME         VALUE      STEP SIZE      LIMITS
     1 N0           2.83609e+06  1.00000e+02     no limits
     2 tau          6.44055e+01  constant
     3 A0           3.54106e-01  1.00000e-04     no limits
     4 phi          4.11637e+00  1.00000e-02     no limits
     5 R           -5.93657e+01  constant
     6 alpha_CBO    0.00000e+00  1.00000e-03     no limits
     7 w_CBO        2.32500e+00  constant
     8 beta_CBO     0.00000e+00  1.00000e-03     no limits
     9 alpha_2CBO   0.00000e+00  1.00000e-03     no limits
    10 beta_2CBO    0.00000e+00  1.00000e-03     no limits
    11 alpha_y      0.00000e+00  1.00000e-03     no limits
    12 w_y          1.38860e+01  constant
    13 beta_y       0.00000e+00  1.00000e-03     no limits
    14 alpha_vw     0.00000e+00  1.00000e-03     no limits
    15 w_vw         1.43404e+01  constant
    16 beta_vw      0.00000e+00  1.00000e-03     no limits
    17 LM           6.62355e-05  constant
    18 zeta_y       0.00000e+00  constant
    19 zeta_vw      0.00000e+00  constant
    20 T_CBO        1.00000e+02  1.00000e+00    0.00000e+00  1.00000e+03
    21 alpha_A0     0.00000e+00  1.00000e-04   -1.00000e-02  1.00000e-02
    22 beta_A0      0.00000e+00  1.00000e-04   -1.00000e-02  1.00000e-02
    23 alpha_phi    0.00000e+00  1.00000e-04   -1.00000e-02  1.00000e-02
    24 beta_phi     0.00000e+00  1.00000e-04   -1.00000e-02  1.00000e-02
MINUIT - FIT ONLY WIGGLE
 **********
 **    3 **FIX            5
 **********
 PARAMETER    5  IS CONSTANT.   IGNORED.
 **********
 **    4 **FIX            6
 **********
 **********
 **    5 **FIX            7
 **********
 PARAMETER    7  IS CONSTANT.   IGNORED.
 **********
 **    6 **FIX            8
 **********
 **********
 **    7 **FIX            9
 **********
 **********
 **    8 **FIX           10
 **********
 **********
 **    9 **FIX           11
 **********
 **********
 **   10 **FIX           12
 **********
 PARAMETER   12  IS CONSTANT.   IGNORED.
 **********
 **   11 **FIX           13
 **********
 **********
 **   12 **FIX           14
 **********
 **********
 **   13 **FIX           15
 **********
 PARAMETER   15  IS CONSTANT.   IGNORED.
 **********
 **   14 **FIX           16
 **********
 **********
 **   15 **MIGRAD
 **********
 FIRST CALL TO USER FUNCTION AT NEW START POINT, WITH IFLAG=4.
 START MIGRAD MINIMIZATION.  STRATEGY  1.  CONVERGENCE WHEN EDM .LT. 1.00e-04
 FCN=3231.3 FROM MIGRAD    STATUS=INITIATE      435 CALLS         436 TOTAL
                     EDM= unknown      STRATEGY= 1      NO ERROR MATRIX       
  EXT PARAMETER               CURRENT GUESS       STEP         FIRST   
  NO.   NAME      VALUE            ERROR          SIZE      DERIVATIVE 
   1  N0           2.83609e+06   1.00000e+02   0.00000e+00   5.67002e-03
   2  tau          6.44055e+01   constant   
   3  A0           3.54106e-01   1.00000e-04   0.00000e+00  -1.64479e+05
   4  phi          4.11637e+00   1.00000e-02   0.00000e+00   6.39144e+04
   5  R           -5.93657e+01   constant   
   6  alpha_CBO    0.00000e+00     fixed    
   7  w_CBO        2.32500e+00   constant   
   8  beta_CBO     0.00000e+00     fixed    
   9  alpha_2CBO   0.00000e+00     fixed    
  10  beta_2CBO    0.00000e+00     fixed    
  11  alpha_y      0.00000e+00     fixed    
  12  w_y          1.38860e+01   constant   
  13  beta_y       0.00000e+00     fixed    
  14  alpha_vw     0.00000e+00     fixed    
  15  w_vw         1.43404e+01   constant   
  16  beta_vw      0.00000e+00     fixed    
  17  LM           6.62355e-05   constant   
  18  zeta_y       0.00000e+00   constant   
  19  zeta_vw      0.00000e+00   constant   
  20  T_CBO        1.00000e+02   1.00000e+00   0.00000e+00   0.00000e+00
  21  alpha_A0     0.00000e+00   1.00000e-04   0.00000e+00  -2.53635e+00
  22  beta_A0      0.00000e+00   1.00000e-04   0.00000e+00   5.25577e+01
  23  alpha_phi    0.00000e+00   1.00000e-04   0.00000e+00  -6.43642e+01
  24  beta_phi     0.00000e+00   1.00000e-04   0.00000e+00   6.26111e+01
 MIGRAD MINIMIZATION HAS CONVERGED.
 FCN=3025.11 FROM MIGRAD    STATUS=CONVERGED    1037 CALLS        1038 TOTAL
                     EDM=1.62588e-07    STRATEGY= 1  ERROR MATRIX UNCERTAINTY   0.6 per cent
  EXT PARAMETER                                   STEP         FIRST   
  NO.   NAME      VALUE            ERROR          SIZE      DERIVATIVE 
   1  N0           2.83632e+06   2.58478e+02   5.56303e-01   1.57608e-06
   2  tau          6.44055e+01   constant   
   3  A0           3.54940e-01   1.06415e-04  -1.21398e-07  -1.73656e+00
   4  phi          4.11285e+00   3.34246e-04  -1.07296e-06  -1.37305e+00
   5  R           -5.93657e+01   constant   
   6  alpha_CBO    0.00000e+00     fixed    
   7  w_CBO        2.32500e+00   constant   
   8  beta_CBO     0.00000e+00     fixed    
   9  alpha_2CBO   0.00000e+00     fixed    
  10  beta_2CBO    0.00000e+00     fixed    
  11  alpha_y      0.00000e+00     fixed    
  12  w_y          1.38860e+01   constant   
  13  beta_y       0.00000e+00     fixed    
  14  alpha_vw     0.00000e+00     fixed    
  15  w_vw         1.43404e+01   constant   
  16  beta_vw      0.00000e+00     fixed    
  17  LM           6.62355e-05   constant   
  18  zeta_y       0.00000e+00   constant   
  19  zeta_vw      0.00000e+00   constant   
  20  T_CBO        4.23967e+01   6.55299e+00  -3.07574e-05  -6.56568e-03
  21  alpha_A0     8.48409e-03   4.36394e-03  -3.56138e-04   1.53862e-04
  22  beta_A0     -7.16435e-03   3.98626e-03   8.70459e-05  -2.63957e-04
  23  alpha_phi    1.00000e-02   1.53878e-02  -3.77670e-03** at limit **
  24  beta_phi    -8.65212e-03   3.66980e-03   8.54197e-04   4.79109e-04
 EXTERNAL ERROR MATRIX.    NDIM=  25    NPAR=  8    ERR DEF=1
  6.681e+04  5.855e-03 -1.571e-03 -1.983e+02 -2.034e-01  2.798e-01  5.846e-06  1.507e-01 
  5.855e-03  1.132e-08 -9.023e-11  1.545e-05 -2.644e-08  2.802e-09  8.611e-13  1.624e-08 
 -1.571e-03 -9.023e-11  1.117e-07  2.896e-05 -2.307e-07 -1.177e-07  4.817e-12 -3.078e-08 
 -1.983e+02  1.545e-05  2.896e-05  4.296e+01  1.970e-02 -1.469e-02  7.186e-07 -1.582e-02 
 -2.034e-01 -2.644e-08 -2.307e-07  1.970e-02  2.632e-05 -5.977e-06  1.593e-10 -8.770e-06 
  2.798e-01  2.802e-09 -1.177e-07 -1.469e-02 -5.977e-06  1.800e-05 -1.601e-10  5.729e-06 
  5.846e-06  8.611e-13  4.817e-12  7.186e-07  1.593e-10 -1.601e-10  1.573e-12 -2.345e-10 
  1.507e-01  1.624e-08 -3.078e-08 -1.582e-02 -8.770e-06  5.729e-06 -2.345e-10  1.695e-05 
 PARAMETER  CORRELATION COEFFICIENTS  
       NO.  GLOBAL      1      3      4     20     21     22     23     24
        1  0.35252   1.000  0.213 -0.018 -0.117 -0.153  0.255  0.018  0.142
        3  0.22920   0.213  1.000 -0.003  0.022 -0.048  0.006  0.006  0.037
        4  0.19765  -0.018 -0.003  1.000  0.013 -0.135 -0.083  0.011 -0.022
       20  0.76481  -0.117  0.022  0.013  1.000  0.586 -0.528  0.087 -0.586
       21  0.61867  -0.153 -0.048 -0.135  0.586  1.000 -0.275  0.025 -0.415
       22  0.57080   0.255  0.006 -0.083 -0.528 -0.275  1.000 -0.030  0.328
       23  0.09812   0.018  0.006  0.011  0.087  0.025 -0.030  1.000 -0.045
       24  0.59810   0.142  0.037 -0.022 -0.586 -0.415  0.328 -0.045  1.000
MINUIT - FIT ONLY 1-CBO + wiggle
 **********
 **   16 **RES 
 **********
                   PARAMETER   16  beta_vw RESTORED TO VARIABLE.
                   PARAMETER   14  alpha_vw RESTORED TO VARIABLE.
                   PARAMETER   13  beta_y RESTORED TO VARIABLE.
                   PARAMETER   11  alpha_y RESTORED TO VARIABLE.
                   PARAMETER   10  beta_2CBO RESTORED TO VARIABLE.
                   PARAMETER    9  alpha_2CBO RESTORED TO VARIABLE.
                   PARAMETER    8  beta_CBO RESTORED TO VARIABLE.
                   PARAMETER    6  alpha_CBO RESTORED TO VARIABLE.
 **********
 **   17 **FIX            8
 **********
 **********
 **   18 **FIX            9
 **********
 **********
 **   19 **FIX           11
 **********
 **********
 **   20 **FIX           12
 **********
 PARAMETER   12  IS CONSTANT.   IGNORED.
 **********
 **   21 **FIX           14
 **********
 **********
 **   22 **FIX           15
 **********
 PARAMETER   15  IS CONSTANT.   IGNORED.
 **********
 **   23 **FIX           16
 **********
 **********
 **   24 **MIGRAD
 **********
 START MIGRAD MINIMIZATION.  STRATEGY  1.  CONVERGENCE WHEN EDM .LT. 1.00e-04
 FCN=3025.11 FROM MIGRAD    STATUS=INITIATE       28 CALLS        1066 TOTAL
                     EDM= unknown      STRATEGY= 1      NO ERROR MATRIX       
  EXT PARAMETER               CURRENT GUESS       STEP         FIRST   
  NO.   NAME      VALUE            ERROR          SIZE      DERIVATIVE 
   1  N0           2.83632e+06   2.58478e+02   5.56303e-01   1.58439e-06
   2  tau          6.44055e+01   constant   
   3  A0           3.54940e-01   1.06415e-04  -1.21398e-07  -1.74725e+00
   4  phi          4.11285e+00   3.34246e-04  -1.07296e-06  -1.37485e+00
   5  R           -5.93657e+01   constant   
   6  alpha_CBO    0.00000e+00   1.00000e-03   1.00000e-03   7.92590e+05
   7  w_CBO        2.32500e+00   constant   
   8  beta_CBO     0.00000e+00     fixed    
   9  alpha_2CBO   0.00000e+00     fixed    
  10  beta_2CBO    0.00000e+00   1.00000e-03   1.00000e-03  -5.56276e+04
  11  alpha_y      0.00000e+00     fixed    
  12  w_y          1.38860e+01   constant   
  13  beta_y       0.00000e+00   1.00000e-03   1.00000e-03  -1.87039e+05
  14  alpha_vw     0.00000e+00     fixed    
  15  w_vw         1.43404e+01   constant   
  16  beta_vw      0.00000e+00     fixed    
  17  LM           6.62355e-05   constant   
  18  zeta_y       0.00000e+00   constant   
  19  zeta_vw      0.00000e+00   constant   
  20  T_CBO        4.23967e+01   6.55299e+00  -3.07574e-05   6.21711e-03
  21  alpha_A0     8.48409e-03   4.36394e-03  -3.56138e-04   1.56587e-04
  22  beta_A0     -7.16435e-03   3.98626e-03   8.70459e-05  -2.65546e-04
  23  alpha_phi    9.99998e-03   1.53878e-02  -3.77670e-03  -1.40804e-03
  24  beta_phi    -8.65212e-03   3.66980e-03   8.54197e-04   4.73987e-04
 MIGRAD MINIMIZATION HAS CONVERGED.
 FCN=430.835 FROM MIGRAD    STATUS=CONVERGED     361 CALLS        1399 TOTAL
                     EDM=6.19091e-06    STRATEGY= 1  ERROR MATRIX UNCERTAINTY   1.6 per cent
  EXT PARAMETER                                   STEP         FIRST   
  NO.   NAME      VALUE            ERROR          SIZE      DERIVATIVE 
   1  N0           2.83645e+06   2.37889e+02   4.88992e-01  -2.66825e-06
   2  tau          6.44055e+01   constant   
   3  A0           3.54130e-01   1.03023e-04  -1.61989e-08  -4.26030e-01
   4  phi          4.11412e+00   3.29152e-04   1.37243e-07   6.27769e-01
   5  R           -5.93657e+01   constant   
   6  alpha_CBO   -6.18381e-03   1.24600e-04   1.49774e-08   3.70714e-01
   7  w_CBO        2.32500e+00   constant   
   8  beta_CBO     0.00000e+00     fixed    
   9  alpha_2CBO   0.00000e+00     fixed    
  10  beta_2CBO    4.72993e-04   1.17512e-04  -5.65294e-08   7.85400e-01
  11  alpha_y      0.00000e+00     fixed    
  12  w_y          1.38860e+01   constant   
  13  beta_y       1.26599e-03   1.14021e-04   3.93921e-07  -1.10754e+01
  14  alpha_vw     0.00000e+00     fixed    
  15  w_vw         1.43404e+01   constant   
  16  beta_vw      0.00000e+00     fixed    
  17  LM           6.62355e-05   constant   
  18  zeta_y       0.00000e+00   constant   
  19  zeta_vw      0.00000e+00   constant   
  20  T_CBO        5.52300e+00   1.70954e+02  -2.76184e-03   6.73222e-03
  21  alpha_A0     7.92548e-03   1.87372e-02   8.67958e-03  -2.32556e-06
  22  beta_A0     -6.76066e-03   1.12352e-02  -6.11246e-03   4.46106e-06
  23  alpha_phi    8.56752e-03   1.04360e-02   1.90338e-02  -2.14035e-05
  24  beta_phi    -9.01120e-03   1.50199e-02  -1.61915e-02   5.70146e-06
 EXTERNAL ERROR MATRIX.    NDIM=  25    NPAR= 11    ERR DEF=1
  5.659e+04 
  5.153e-03  1.061e-08 
 -1.008e-03 -8.022e-10  1.083e-07 
 -3.954e-04  1.996e-09 -2.705e-09  1.553e-08 
  9.605e-04 -3.115e-10 -4.385e-10 -1.667e-11  1.381e-08 
 -9.924e-04  1.785e-10 -8.320e-10  2.355e-10 -2.211e-10  1.300e-08 
 -1.493e+03  1.207e-05 -2.276e-04 -3.126e-05  1.906e-04 -1.180e-03  4.039e+03 
  3.985e-01 -6.275e-09  5.498e-08  2.092e-08 -4.780e-08  3.048e-07 -1.041e+00  2.889e-04 
 -3.388e-01  3.910e-09 -4.635e-08 -1.754e-08  4.060e-08 -2.594e-07  8.862e-01 -2.285e-04  2.077e-04 
  7.282e-01 -3.690e-09  1.034e-07  2.386e-08 -8.993e-08  5.654e-07 -1.932e+00  4.983e-04 -4.241e-04  1.000e-03 
 -5.260e-01  7.529e-09 -7.357e-08 -2.533e-08  6.365e-08 -4.043e-07  1.382e+00 -3.563e-04  3.033e-04 -6.612e-04  4.809e-04 
 PARAMETER  CORRELATION COEFFICIENTS  
       NO.  GLOBAL      1      3      4      6     10     13     20     21     22     23     24
        1  0.24996   1.000  0.210 -0.013 -0.013  0.034 -0.037 -0.099  0.099 -0.099  0.097 -0.101
        3  0.26909   0.210  1.000 -0.024  0.156 -0.026  0.015  0.002 -0.004  0.003 -0.001  0.003
        4  0.07420  -0.013 -0.024  1.000 -0.066 -0.011 -0.022 -0.011  0.010 -0.010  0.010 -0.010
        6  0.18328  -0.013  0.156 -0.066  1.000 -0.001  0.017 -0.004  0.010 -0.010  0.006 -0.009
       10  0.05889   0.034 -0.026 -0.011 -0.001  1.000 -0.017  0.026 -0.024  0.024 -0.024  0.025
       13  0.17565  -0.037  0.015 -0.022  0.017 -0.017  1.000 -0.163  0.157 -0.158  0.157 -0.162
       20  0.99473  -0.099  0.002 -0.011 -0.004  0.026 -0.163  1.000 -0.964  0.968 -0.961  0.991
       21  0.96379   0.099 -0.004  0.010  0.010 -0.024  0.157 -0.964  1.000 -0.933  0.927 -0.956
       22  0.96762  -0.099  0.003 -0.010 -0.010  0.024 -0.158  0.968 -0.933  1.000 -0.931  0.960
       23  0.96134   0.097 -0.001  0.010  0.006 -0.024  0.157 -0.961  0.927 -0.931  1.000 -0.953
       24  0.99129  -0.101  0.003 -0.010 -0.009  0.025 -0.162  0.991 -0.956  0.960 -0.953  1.000
MINUIT - FIT ONLY 2-CBO
 **********
 **   25 **RES 
 **********
                   PARAMETER   16  beta_vw RESTORED TO VARIABLE.
                   PARAMETER   14  alpha_vw RESTORED TO VARIABLE.
                   PARAMETER   11  alpha_y RESTORED TO VARIABLE.
                   PARAMETER    9  alpha_2CBO RESTORED TO VARIABLE.
                   PARAMETER    8  beta_CBO RESTORED TO VARIABLE.
 **********
 **   26 **FIX            0
 **********
 PARAMETER    0  IS UNDEFINED. IGNORED.
 **********
 **   27 **FIX            1
 **********
 **********
 **   28 **FIX            2
 **********
 PARAMETER    2  IS CONSTANT.   IGNORED.
 **********
 **   29 **FIX            3
 **********
 **********
 **   30 **FIX            4
 **********
 **********
 **   31 **FIX            5
 **********
 PARAMETER    5  IS CONSTANT.   IGNORED.
 **********
 **   32 **FIX            6
 **********
 **********
 **   33 **FIX            7
 **********
 PARAMETER    7  IS CONSTANT.   IGNORED.
 **********
 **   34 **FIX           10
 **********
 **********
 **   35 **FIX           11
 **********
 **********
 **   36 **FIX           12
 **********
 PARAMETER   12  IS CONSTANT.   IGNORED.
 **********
 **   37 **FIX           13
 **********
 **********
 **   38 **FIX           14
 **********
 **********
 **   39 **FIX           15
 **********
 PARAMETER   15  IS CONSTANT.   IGNORED.
 **********
 **   40 **FIX           16
 **********
 **********
 **   41 **MIGRAD
 **********
 START MIGRAD MINIMIZATION.  STRATEGY  1.  CONVERGENCE WHEN EDM .LT. 1.00e-04
 FCN=392.787 FROM MIGRAD    STATUS=INITIATE      133 CALLS        1532 TOTAL
                     EDM= unknown      STRATEGY= 1      NO ERROR MATRIX       
  EXT PARAMETER               CURRENT GUESS       STEP         FIRST   
  NO.   NAME      VALUE            ERROR          SIZE      DERIVATIVE 
   1  N0           2.83645e+06     fixed    
   2  tau          6.44055e+01   constant   
   3  A0           3.54130e-01     fixed    
   4  phi          4.11412e+00     fixed    
   5  R           -5.93657e+01   constant   
   6  alpha_CBO   -6.18381e-03     fixed    
   7  w_CBO        2.32500e+00   constant   
   8  beta_CBO     0.00000e+00   1.00000e-03   0.00000e+00  -2.60525e+05
   9  alpha_2CBO   0.00000e+00   1.00000e-03   0.00000e+00  -3.09023e+04
  10  beta_2CBO    4.72993e-04     fixed    
  11  alpha_y      0.00000e+00     fixed    
  12  w_y          1.38860e+01   constant   
  13  beta_y       1.26599e-03     fixed    
  14  alpha_vw     0.00000e+00     fixed    
  15  w_vw         1.43404e+01   constant   
  16  beta_vw      0.00000e+00     fixed    
  17  LM           6.62355e-05   constant   
  18  zeta_y       0.00000e+00   constant   
  19  zeta_vw      0.00000e+00   constant   
  20  T_CBO        4.53382e+01   1.70954e+02   0.00000e+00  -1.36151e+02
  21  alpha_A0     2.98769e-03   1.87372e-02  -6.11573e-01   2.90796e-02
  22  beta_A0     -6.76066e-03   1.12352e-02   0.00000e+00  -6.24992e+00
  23  alpha_phi   -9.95031e-03   1.04360e-02   0.00000e+00   2.08684e+00
  24  beta_phi    -5.20729e-03   1.50199e-02   0.00000e+00  -3.36088e-01
 MIGRAD MINIMIZATION HAS CONVERGED.
 MIGRAD WILL VERIFY CONVERGENCE AND ERROR MATRIX.
 COVARIANCE MATRIX CALCULATED SUCCESSFULLY
 FCN=125.292 FROM MIGRAD    STATUS=CONVERGED     348 CALLS        1747 TOTAL
                     EDM=6.26198e-05    STRATEGY= 1      ERROR MATRIX ACCURATE 
  EXT PARAMETER                                   STEP         FIRST   
  NO.   NAME      VALUE            ERROR          SIZE      DERIVATIVE 
   1  N0           2.83645e+06     fixed    
   2  tau          6.44055e+01   constant   
   3  A0           3.54130e-01     fixed    
   4  phi          4.11412e+00     fixed    
   5  R           -5.93657e+01   constant   
   6  alpha_CBO   -6.18381e-03     fixed    
   7  w_CBO        2.32500e+00   constant   
   8  beta_CBO     1.95257e-03   1.22216e-04   6.49441e-07   2.41477e+00
   9  alpha_2CBO   1.09230e-04   1.23363e-04   6.60435e-07  -1.30288e+01
  10  beta_2CBO    4.72993e-04     fixed    
  11  alpha_y      0.00000e+00     fixed    
  12  w_y          1.38860e+01   constant   
  13  beta_y       1.26599e-03     fixed    
  14  alpha_vw     0.00000e+00     fixed    
  15  w_vw         1.43404e+01   constant   
  16  beta_vw      0.00000e+00     fixed    
  17  LM           6.62355e-05   constant   
  18  zeta_y       0.00000e+00   constant   
  19  zeta_vw      0.00000e+00   constant   
  20  T_CBO        6.85017e+01   7.91420e+00   1.57145e-04  -4.05770e-02
  21  alpha_A0     2.87461e-04   1.76108e-03   9.82708e-04  -9.53846e-03
  22  beta_A0     -2.02081e-03   1.61168e-03   8.81206e-04  -1.22734e-02
  23  alpha_phi   -9.99987e-03   1.42186e-02   6.48327e-03  -7.27769e-03
  24  beta_phi     3.69141e-03   1.59993e-03   8.88043e-04   9.15056e-03
 EXTERNAL ERROR MATRIX.    NDIM=  25    NPAR=  7    ERR DEF=1
  1.494e-08 -3.706e-10  2.496e-05 -7.457e-09 -2.034e-09  2.905e-12  4.460e-08 
 -3.706e-10  1.522e-08 -1.291e-04 -1.233e-08 -3.796e-08  7.403e-13  4.015e-09 
  2.496e-05 -1.291e-04  6.266e+01 -8.083e-04  3.043e-03  4.556e-05 -3.858e-03 
 -7.457e-09 -1.233e-08 -8.083e-04  3.134e-06  1.526e-07 -3.354e-10 -1.381e-07 
 -2.034e-09 -3.796e-08  3.043e-03  1.526e-07  2.621e-06  1.541e-09 -2.071e-07 
  2.905e-12  7.403e-13  4.556e-05 -3.354e-10  1.541e-09  5.106e-09 -2.988e-09 
  4.460e-08  4.015e-09 -3.858e-03 -1.381e-07 -2.071e-07 -2.988e-09  2.585e-06 
 PARAMETER  CORRELATION COEFFICIENTS  
       NO.  GLOBAL      8      9     20     21     22     23     24
        8  0.24940   1.000 -0.025  0.026 -0.034 -0.010  0.000  0.227
        9  0.21938  -0.025  1.000 -0.132 -0.056 -0.190  0.000  0.020
       20  0.40742   0.026 -0.132  1.000 -0.058  0.237  0.081 -0.303
       21  0.12714  -0.034 -0.056 -0.058  1.000  0.053 -0.003 -0.049
       22  0.29254  -0.010 -0.190  0.237  0.053  1.000  0.013 -0.080
       23  0.08146   0.000  0.000  0.081 -0.003  0.013  1.000 -0.026
       24  0.38836   0.227  0.020 -0.303 -0.049 -0.080 -0.026  1.000
MINUIT - FIT wiggle + 1-CBO + 2-CBO
 **********
 **   42 **RES 
 **********
                   PARAMETER   16  beta_vw RESTORED TO VARIABLE.
                   PARAMETER   14  alpha_vw RESTORED TO VARIABLE.
                   PARAMETER   13  beta_y RESTORED TO VARIABLE.
                   PARAMETER   11  alpha_y RESTORED TO VARIABLE.
                   PARAMETER   10  beta_2CBO RESTORED TO VARIABLE.
                   PARAMETER    6  alpha_CBO RESTORED TO VARIABLE.
                   PARAMETER    4  phi RESTORED TO VARIABLE.
                   PARAMETER    3  A0 RESTORED TO VARIABLE.
                   PARAMETER    1  N0 RESTORED TO VARIABLE.
 **********
 **   43 **FIX           10
 **********
 **********
 **   44 **FIX           11
 **********
 **********
 **   45 **FIX           12
 **********
 PARAMETER   12  IS CONSTANT.   IGNORED.
 **********
 **   46 **FIX           13
 **********
 **********
 **   47 **FIX           14
 **********
 **********
 **   48 **FIX           15
 **********
 PARAMETER   15  IS CONSTANT.   IGNORED.
 **********
 **   49 **FIX           16
 **********
 **********
 **   50 **MIGRAD
 **********
 START MIGRAD MINIMIZATION.  STRATEGY  1.  CONVERGENCE WHEN EDM .LT. 1.00e-04
 FCN=125.281 FROM MIGRAD    STATUS=INITIATE       54 CALLS        1801 TOTAL
                     EDM= unknown      STRATEGY= 1      NO ERROR MATRIX       
  EXT PARAMETER               CURRENT GUESS       STEP         FIRST   
  NO.   NAME      VALUE            ERROR          SIZE      DERIVATIVE 
   1  N0           2.83645e+06   2.37889e+02   0.00000e+00   1.02809e-02
   2  tau          6.44055e+01   constant   
   3  A0           3.54130e-01   1.03023e-04   0.00000e+00  -2.73899e+04
   4  phi          4.11412e+00   3.29152e-04   0.00000e+00  -2.45995e+04
   5  R           -5.93657e+01   constant   
   6  alpha_CBO   -6.18381e-03   1.24600e-04   0.00000e+00   1.91104e+04
   7  w_CBO        2.32500e+00   constant   
   8  beta_CBO     1.95257e-03   1.22216e-04   0.00000e+00   2.95365e+01
   9  alpha_2CBO   1.09230e-04   1.23363e-04   0.00000e+00  -2.31206e+02
  10  beta_2CBO    4.72993e-04     fixed    
  11  alpha_y      0.00000e+00     fixed    
  12  w_y          1.38860e+01   constant   
  13  beta_y       1.26599e-03     fixed    
  14  alpha_vw     0.00000e+00     fixed    
  15  w_vw         1.43404e+01   constant   
  16  beta_vw      0.00000e+00     fixed    
  17  LM           6.62355e-05   constant   
  18  zeta_y       0.00000e+00   constant   
  19  zeta_vw      0.00000e+00   constant   
  20  T_CBO        6.85017e+01   7.91420e+00   0.00000e+00  -6.84078e+00
  21  alpha_A0     2.87461e-04   1.76108e-03   0.00000e+00  -5.18059e-02
  22  beta_A0     -2.02081e-03   1.61168e-03   0.00000e+00   6.12884e-02
  23  alpha_phi   -9.84754e-03   1.42186e-02   1.69807e-01   2.89037e-03
  24  beta_phi     3.69141e-03   1.59993e-03   0.00000e+00   2.45936e-02
 MIGRAD MINIMIZATION HAS CONVERGED.
 FCN=101.184 FROM MIGRAD    STATUS=CONVERGED    1378 CALLS        3125 TOTAL
                     EDM=1.32331e-06    STRATEGY= 1  ERROR MATRIX UNCERTAINTY   0.1 per cent
  EXT PARAMETER                                   STEP         FIRST   
  NO.   NAME      VALUE            ERROR          SIZE      DERIVATIVE 
   1  N0           2.83618e+06   2.28212e+02  -5.26766e-03   5.07702e-07
   2  tau          6.44055e+01   constant   
   3  A0           3.54229e-01   1.00050e-04   2.94726e-08  -8.04414e+00
   4  phi          4.11562e+00   3.41612e-04  -8.95843e-08   1.83939e+00
   5  R           -5.93657e+01   constant   
   6  alpha_CBO   -6.36219e-03   1.21995e-04   2.99078e-08   1.00682e-01
   7  w_CBO        2.32500e+00   constant   
   8  beta_CBO     2.09092e-03   1.19153e-04   1.38085e-08  -4.80435e-01
   9  alpha_2CBO   1.28210e-04   1.17822e-04   1.75087e-08  -2.87800e+00
  10  beta_2CBO    4.72993e-04     fixed    
  11  alpha_y      0.00000e+00     fixed    
  12  w_y          1.38860e+01   constant   
  13  beta_y       1.26599e-03     fixed    
  14  alpha_vw     0.00000e+00     fixed    
  15  w_vw         1.43404e+01   constant   
  16  beta_vw      0.00000e+00     fixed    
  17  LM           6.62355e-05   constant   
  18  zeta_y       0.00000e+00   constant   
  19  zeta_vw      0.00000e+00   constant   
  20  T_CBO        9.99992e+02   9.93602e+02   3.16824e-02  -1.15646e-04
  21  alpha_A0    -4.17604e-04   5.71174e-04   2.54123e-05   1.42008e-02
  22  beta_A0     -9.65707e-04   5.55553e-04   4.12423e-05   1.31267e-02
  23  alpha_phi   -3.34309e-03   4.51794e-04  -1.00323e-04  -2.66517e-02
  24  beta_phi     1.25684e-03   4.70319e-04   5.18397e-05   1.50823e-02
 EXTERNAL ERROR MATRIX.    NDIM=  25    NPAR= 11    ERR DEF=1
  5.208e+04 
  2.385e-03  1.001e-08 
 -2.954e-03 -5.556e-10  1.167e-07 
  3.253e-04  1.774e-09 -4.028e-09  1.488e-08 
 -1.433e-03 -4.737e-11  9.559e-09 -3.973e-10  1.420e-08 
  1.727e-03  3.284e-10  1.932e-09 -8.419e-11  5.220e-10  1.388e-08 
 -1.122e+01 -8.046e-06 -3.777e-05  2.583e-05  1.242e-05  4.887e-06  7.082e+02 
 -7.594e-03 -3.414e-09 -3.520e-08  3.062e-09 -5.221e-09 -5.701e-09  1.547e-04  3.266e-07 
  2.301e-02  4.892e-10 -1.779e-08 -1.350e-09 -3.859e-09 -1.052e-08  4.886e-04  2.360e-08  3.090e-07 
 -1.405e-02  2.579e-10  7.054e-09 -1.065e-08  1.817e-09 -7.258e-09 -1.583e-03 -8.165e-09  3.200e-08  2.043e-07 
  4.541e-03  9.196e-10  9.371e-09 -1.134e-09  1.402e-08 -5.477e-10  2.953e-05 -2.059e-08 -1.699e-08  9.388e-09  2.214e-07 
 PARAMETER  CORRELATION COEFFICIENTS  
       NO.  GLOBAL      1      3      4      6      8      9     20     21     22     23     24
        1  0.29625   1.000  0.104 -0.038  0.012 -0.053  0.064 -0.002 -0.058  0.181 -0.136  0.042
        3  0.19603   0.104  1.000 -0.016  0.145 -0.004  0.028 -0.003 -0.060  0.009  0.006  0.020
        4  0.30890  -0.038 -0.016  1.000 -0.097  0.235  0.048 -0.004 -0.180 -0.094  0.046  0.058
        6  0.26314   0.012  0.145 -0.097  1.000 -0.027 -0.006  0.008  0.044 -0.020 -0.193 -0.020
        8  0.34036  -0.053 -0.004  0.235 -0.027  1.000  0.037  0.004 -0.077 -0.058  0.034  0.250
        9  0.23294   0.064  0.028  0.048 -0.006  0.037  1.000  0.002 -0.085 -0.161 -0.136 -0.010
       20  0.14644  -0.002 -0.003 -0.004  0.008  0.004  0.002  1.000  0.010  0.033 -0.132  0.002
       21  0.23492  -0.058 -0.060 -0.180  0.044 -0.077 -0.085  0.010  1.000  0.074 -0.032 -0.077
       22  0.31572   0.181  0.009 -0.094 -0.020 -0.058 -0.161  0.033  0.074  1.000  0.127 -0.065
       23  0.33973  -0.136  0.006  0.046 -0.193  0.034 -0.136 -0.132 -0.032  0.127  1.000  0.044
       24  0.27563   0.042  0.020  0.058 -0.020  0.250 -0.010  0.002 -0.077 -0.065  0.044  1.000
MINUIT - FIT ONLY 1-y
 **********
 **   51 **RES 
 **********
                   PARAMETER   16  beta_vw RESTORED TO VARIABLE.
                   PARAMETER   14  alpha_vw RESTORED TO VARIABLE.
                   PARAMETER   13  beta_y RESTORED TO VARIABLE.
                   PARAMETER   11  alpha_y RESTORED TO VARIABLE.
                   PARAMETER   10  beta_2CBO RESTORED TO VARIABLE.
 **********
 **   52 **FIX            0
 **********
 PARAMETER    0  IS UNDEFINED. IGNORED.
 **********
 **   53 **FIX            1
 **********
 **********
 **   54 **FIX            2
 **********
 PARAMETER    2  IS CONSTANT.   IGNORED.
 **********
 **   55 **FIX            3
 **********
 **********
 **   56 **FIX            4
 **********
 **********
 **   57 **FIX            5
 **********
 PARAMETER    5  IS CONSTANT.   IGNORED.
 **********
 **   58 **FIX            6
 **********
 **********
 **   59 **FIX            7
 **********
 PARAMETER    7  IS CONSTANT.   IGNORED.
 **********
 **   60 **FIX            8
 **********
 **********
 **   61 **FIX            9
 **********
 **********
 **   62 **FIX           13
 **********
 **********
 **   63 **FIX           14
 **********
 **********
 **   64 **FIX           15
 **********
 PARAMETER   15  IS CONSTANT.   IGNORED.
 **********
 **   65 **FIX           16
 **********
 **********
 **   66 **MIGRAD
 **********
 START MIGRAD MINIMIZATION.  STRATEGY  1.  CONVERGENCE WHEN EDM .LT. 1.00e-04
 FCN=101.184 FROM MIGRAD    STATUS=INITIATE       16 CALLS        3141 TOTAL
                     EDM= unknown      STRATEGY= 1      NO ERROR MATRIX       
  EXT PARAMETER               CURRENT GUESS       STEP         FIRST   
  NO.   NAME      VALUE            ERROR          SIZE      DERIVATIVE 
   1  N0           2.83618e+06     fixed    
   2  tau          6.44055e+01   constant   
   3  A0           3.54229e-01     fixed    
   4  phi          4.11562e+00     fixed    
   5  R           -5.93657e+01   constant   
   6  alpha_CBO   -6.36219e-03     fixed    
   7  w_CBO        2.32500e+00   constant   
   8  beta_CBO     2.09092e-03     fixed    
   9  alpha_2CBO   1.28210e-04     fixed    
  10  beta_2CBO    4.72993e-04   1.17512e-04   1.17512e-04   6.85489e+03
  11  alpha_y      0.00000e+00   1.00000e-03   1.00000e-03   9.01315e+04
  12  w_y          1.38860e+01   constant   
  13  beta_y       1.26599e-03     fixed    
  14  alpha_vw     0.00000e+00     fixed    
  15  w_vw         1.43404e+01   constant   
  16  beta_vw      0.00000e+00     fixed    
  17  LM           6.62355e-05   constant   
  18  zeta_y       0.00000e+00   constant   
  19  zeta_vw      0.00000e+00   constant   
  20  T_CBO        9.99992e+02   9.93602e+02   3.16824e-02  -1.15574e-04
  21  alpha_A0    -4.17604e-04   5.71174e-04   2.54123e-05   1.42009e-02
  22  beta_A0     -9.65707e-04   5.55553e-04   4.12423e-05   1.31265e-02
  23  alpha_phi   -3.34309e-03   4.51794e-04  -1.00323e-04   2.66517e-02
  24  beta_phi     1.25684e-03   4.70319e-04   5.18397e-05   1.50823e-02
 MIGRAD MINIMIZATION HAS CONVERGED.
 MIGRAD WILL VERIFY CONVERGENCE AND ERROR MATRIX.
 COVARIANCE MATRIX CALCULATED SUCCESSFULLY
 FCN=71.6843 FROM MIGRAD    STATUS=CONVERGED     131 CALLS        3256 TOTAL
                     EDM=1.3295e-08    STRATEGY= 1      ERROR MATRIX ACCURATE 
  EXT PARAMETER                                   STEP         FIRST   
  NO.   NAME      VALUE            ERROR          SIZE      DERIVATIVE 
   1  N0           2.83618e+06     fixed    
   2  tau          6.44055e+01   constant   
   3  A0           3.54229e-01     fixed    
   4  phi          4.11562e+00     fixed    
   5  R           -5.93657e+01   constant   
   6  alpha_CBO   -6.36219e-03     fixed    
   7  w_CBO        2.32500e+00   constant   
   8  beta_CBO     2.09092e-03     fixed    
   9  alpha_2CBO   1.28210e-04     fixed    
  10  beta_2CBO    4.25250e-04   1.22457e-04   4.98801e-07   2.24745e-01
  11  alpha_y     -6.50965e-04   1.20212e-04   5.00234e-07  -3.37164e-01
  12  w_y          1.38860e+01   constant   
  13  beta_y       1.26599e-03     fixed    
  14  alpha_vw     0.00000e+00     fixed    
  15  w_vw         1.43404e+01   constant   
  16  beta_vw      0.00000e+00     fixed    
  17  LM           6.62355e-05   constant   
  18  zeta_y       0.00000e+00   constant   
  19  zeta_vw      0.00000e+00   constant   
  20  T_CBO        1.00000e+03   9.83790e+02   3.86050e-02** at limit **
  21  alpha_A0    -5.21804e-04   5.50096e-04   2.25243e-04  -1.09463e-03
  22  beta_A0     -9.39385e-04   4.82037e-04   2.00567e-04  -2.59885e-03
  23  alpha_phi   -3.37890e-03   4.42185e-04   1.94614e-04   7.35858e-04
  24  beta_phi     1.24233e-03   4.58790e-04   1.91080e-04   8.90584e-04
 EXTERNAL ERROR MATRIX.    NDIM=  25    NPAR=  7    ERR DEF=1
  1.500e-08 -8.145e-11  1.318e-09  1.077e-08 -2.815e-09  2.895e-09  5.761e-09 
 -8.145e-11  1.445e-08  3.089e-10  1.489e-09 -3.793e-10  5.648e-10 -1.204e-10 
  1.318e-09  3.089e-10  2.339e-03 -1.801e-07 -3.343e-07 -1.242e-06  4.542e-07 
  1.077e-08  1.489e-09 -1.801e-07  3.029e-07  1.703e-08  1.185e-08 -1.037e-08 
 -2.815e-09 -3.793e-10 -3.343e-07  1.703e-08  2.325e-07 -9.760e-09 -6.867e-09 
  2.895e-09  5.648e-10 -1.242e-06  1.185e-08 -9.760e-09  1.957e-07 -3.673e-09 
  5.761e-09 -1.204e-10  4.542e-07 -1.037e-08 -6.867e-09 -3.673e-09  2.106e-07 
 PARAMETER  CORRELATION COEFFICIENTS  
       NO.  GLOBAL     10     11     20     21     22     23     24
       10  0.20632   1.000 -0.006  0.000  0.160 -0.048  0.053  0.103
       11  0.02753  -0.006  1.000  0.000  0.023 -0.007  0.011 -0.002
       20  0.06344   0.000  0.000  1.000 -0.007 -0.014 -0.058  0.020
       21  0.19006   0.160  0.023 -0.007  1.000  0.064  0.049 -0.041
       22  0.10274  -0.048 -0.007 -0.014  0.064  1.000 -0.046 -0.031
       23  0.10303   0.053  0.011 -0.058  0.049 -0.046  1.000 -0.018
       24  0.12334   0.103 -0.002  0.020 -0.041 -0.031 -0.018  1.000
MINUIT - FIT ONLY 2-y
 **********
 **   67 **RES 
 **********
                   PARAMETER   16  beta_vw RESTORED TO VARIABLE.
                   PARAMETER   14  alpha_vw RESTORED TO VARIABLE.
                   PARAMETER   13  beta_y RESTORED TO VARIABLE.
                   PARAMETER    9  alpha_2CBO RESTORED TO VARIABLE.
                   PARAMETER    8  beta_CBO RESTORED TO VARIABLE.
                   PARAMETER    6  alpha_CBO RESTORED TO VARIABLE.
                   PARAMETER    4  phi RESTORED TO VARIABLE.
                   PARAMETER    3  A0 RESTORED TO VARIABLE.
                   PARAMETER    1  N0 RESTORED TO VARIABLE.
 **********
 **   68 **FIX            0
 **********
 PARAMETER    0  IS UNDEFINED. IGNORED.
 **********
 **   69 **FIX            1
 **********
 **********
 **   70 **FIX            2
 **********
 PARAMETER    2  IS CONSTANT.   IGNORED.
 **********
 **   71 **FIX            3
 **********
 **********
 **   72 **FIX            4
 **********
 **********
 **   73 **FIX            5
 **********
 PARAMETER    5  IS CONSTANT.   IGNORED.
 **********
 **   74 **FIX            6
 **********
 **********
 **   75 **FIX            7
 **********
 PARAMETER    7  IS CONSTANT.   IGNORED.
 **********
 **   76 **FIX            8
 **********
 **********
 **   77 **FIX            9
 **********
 **********
 **   78 **FIX           10
 **********
 **********
 **   79 **FIX           11
 **********
 **********
 **   80 **FIX           12
 **********
 PARAMETER   12  IS CONSTANT.   IGNORED.
 **********
 **   81 **FIX           16
 **********
 **********
 **   82 **MIGRAD
 **********
 START MIGRAD MINIMIZATION.  STRATEGY  1.  CONVERGENCE WHEN EDM .LT. 1.00e-04
 FCN=71.6843 FROM MIGRAD    STATUS=INITIATE       16 CALLS        3272 TOTAL
                     EDM= unknown      STRATEGY= 1      NO ERROR MATRIX       
  EXT PARAMETER               CURRENT GUESS       STEP         FIRST   
  NO.   NAME      VALUE            ERROR          SIZE      DERIVATIVE 
   1  N0           2.83618e+06     fixed    
   2  tau          6.44055e+01   constant   
   3  A0           3.54229e-01     fixed    
   4  phi          4.11562e+00     fixed    
   5  R           -5.93657e+01   constant   
   6  alpha_CBO   -6.36219e-03     fixed    
   7  w_CBO        2.32500e+00   constant   
   8  beta_CBO     2.09092e-03     fixed    
   9  alpha_2CBO   1.28210e-04     fixed    
  10  beta_2CBO    4.25250e-04     fixed    
  11  alpha_y     -6.50965e-04     fixed    
  12  w_y          1.38860e+01   constant   
  13  beta_y       1.26599e-03   1.14021e-04   1.14021e-04  -3.65826e+03
  14  alpha_vw     0.00000e+00   1.00000e-03   1.00000e-03  -7.11138e+04
  15  w_vw         1.43404e+01   constant   
  16  beta_vw      0.00000e+00     fixed    
  17  LM           6.62355e-05   constant   
  18  zeta_y       0.00000e+00   constant   
  19  zeta_vw      0.00000e+00   constant   
  20  T_CBO        9.99999e+02   9.83790e+02   3.86050e-02  -4.79381e-05
  21  alpha_A0    -5.21804e-04   5.50096e-04   2.25243e-04  -1.09321e-03
  22  beta_A0     -9.39385e-04   4.82037e-04   2.00567e-04  -2.59010e-03
  23  alpha_phi   -3.37890e-03   4.42185e-04   1.94614e-04   7.69045e-04
  24  beta_phi     1.24233e-03   4.58790e-04   1.91080e-04   8.79584e-04
 MIGRAD MINIMIZATION HAS CONVERGED.
 MIGRAD WILL VERIFY CONVERGENCE AND ERROR MATRIX.
 COVARIANCE MATRIX CALCULATED SUCCESSFULLY
 FCN=51.2748 FROM MIGRAD    STATUS=CONVERGED     115 CALLS        3371 TOTAL
                     EDM=9.18569e-06    STRATEGY= 1      ERROR MATRIX ACCURATE 
  EXT PARAMETER                                   STEP         FIRST   
  NO.   NAME      VALUE            ERROR          SIZE      DERIVATIVE 
   1  N0           2.83618e+06     fixed    
   2  tau          6.44055e+01   constant   
   3  A0           3.54229e-01     fixed    
   4  phi          4.11562e+00     fixed    
   5  R           -5.93657e+01   constant   
   6  alpha_CBO   -6.36219e-03     fixed    
   7  w_CBO        2.32500e+00   constant   
   8  beta_CBO     2.09092e-03     fixed    
   9  alpha_2CBO   1.28210e-04     fixed    
  10  beta_2CBO    4.25250e-04     fixed    
  11  alpha_y     -6.50965e-04     fixed    
  12  w_y          1.38860e+01   constant   
  13  beta_y       1.44994e-03   1.25100e-04   4.23888e-07   7.43222e+00
  14  alpha_vw     5.64377e-04   1.25109e-04   4.24122e-07  -2.22025e+01
  15  w_vw         1.43404e+01   constant   
  16  beta_vw      0.00000e+00     fixed    
  17  LM           6.62355e-05   constant   
  18  zeta_y       0.00000e+00   constant   
  19  zeta_vw      0.00000e+00   constant   
  20  T_CBO        1.00000e+03   9.94653e+02   3.33213e-02** at limit **
  21  alpha_A0    -4.97572e-04   5.43024e-04   1.91016e-04  -7.49431e-03
  22  beta_A0     -9.18839e-04   4.81603e-04   1.70094e-04  -2.06763e-02
  23  alpha_phi   -3.38823e-03   4.41377e-04   1.65055e-04  -2.94735e-02
  24  beta_phi     1.24272e-03   4.56367e-04   1.62057e-04   6.05106e-02
 EXTERNAL ERROR MATRIX.    NDIM=  25    NPAR=  7    ERR DEF=1
  1.565e-08  4.368e-09  5.734e-12  1.569e-09  1.439e-09 -4.486e-10 -3.891e-10 
  4.368e-09  1.565e-08 -6.074e-13  6.052e-10  5.194e-10 -2.244e-10  1.377e-11 
  5.734e-12 -6.074e-13  3.630e-05 -1.881e-08 -3.574e-08 -1.364e-07  4.967e-08 
  1.569e-09  6.052e-10 -1.881e-08  2.952e-07  1.923e-08  9.633e-09 -1.453e-08 
  1.439e-09  5.194e-10 -3.574e-08  1.923e-08  2.321e-07 -9.289e-09 -5.809e-09 
 -4.486e-10 -2.244e-10 -1.364e-07  9.633e-09 -9.289e-09  1.950e-07 -4.716e-09 
 -3.891e-10  1.377e-11  4.967e-08 -1.453e-08 -5.809e-09 -4.716e-09  2.084e-07 
 PARAMETER  CORRELATION COEFFICIENTS  
       NO.  GLOBAL     13     14     20     21     22     23     24
       13  0.28071   1.000  0.279  0.000  0.023  0.024 -0.008 -0.007
       14  0.27913   0.279  1.000 -0.000  0.009  0.009 -0.004  0.000
       20  0.05581   0.000 -0.000  1.000 -0.006 -0.012 -0.051  0.018
       21  0.10409   0.023  0.009 -0.006  1.000  0.073  0.040 -0.059
       22  0.09366   0.024  0.009 -0.012  0.073  1.000 -0.044 -0.026
       23  0.08354  -0.008 -0.004 -0.051  0.040 -0.044  1.000 -0.023
       24  0.06863  -0.007  0.000  0.018 -0.059 -0.026 -0.023  1.000
MINUIT - FIT ALTOGETHER
 **********
 **   83 **RES 
 **********
                   PARAMETER   16  beta_vw RESTORED TO VARIABLE.
