 + ++++++++++++++++++++++++++++++++++++++++++++++++++++++++++++++++++++ +
 +                                                                      +
 +           You have chose to blind your fitting according to          +
 +                omega_ref * (1 + (R +/- deltaR) *10^{-6})             +
 +                                                                      +
 + ++++++++++++++++++++++++++++++++++++++++++++++++++++++++++++++++++++ +
In main()...
reading format from /gm2data/zkhechad/run45/envelope/formats/formatB_sBin_constraintOn.txt
pBinTau 	= 0  
pBinPhi 	= 0  
constraintau 	= 1 
includeMopTerm 	= 0    
constrainMop    = 0   
Parameters after format file: pBinTau 0 pBinPhi 0 constraintau 1 includeMopTerm 0 constrainMop 0 c_e_scale 0.000000 
Opening file /gm2data/tbarrett/gm2fr/studies/run23_bunch_corrections/CorrectedFourier_Run3b.root.
reading full fit data from /gm2data/zkhechad/cboTemplates/Run4CBOTemplates/templateFits0_v2.0/noRF/sBin_constraintOn_cE0.0_seed0_noRF_calo15.root
windowBins = 69
fitting sliding window 1208 from bin 1344 at 200.375600 to bin 1413 at 210.819600 (69 bins)

Reading data from /gm2data/cornell/histograms/aMethod/histogram_a_noRF.root
 **********
 **    1 **SET PRINTOUT            1
 **********
 **********
 **    2 **SET NOWARNINGS 
 **********
 PARAMETER DEFINITIONS:
    NO.   NAME         VALUE      STEP SIZE      LIMITS
     1 N0           3.09167e+06  1.00000e+02     no limits
     2 tau          6.43743e+01  constant
     3 A0           3.54035e-01  1.00000e-04     no limits
     4 phi          4.11947e+00  1.00000e-02     no limits
     5 R           -6.00908e+01  constant
     6 alpha_CBO    0.00000e+00  1.00000e-03     no limits
     7 w_CBO        2.32500e+00  constant
     8 beta_CBO     0.00000e+00  1.00000e-03     no limits
     9 alpha_2CBO   0.00000e+00  1.00000e-03     no limits
    10 beta_2CBO    0.00000e+00  1.00000e-03     no limits
    11 alpha_y      0.00000e+00  1.00000e-03     no limits
    12 w_y          1.44500e+01  constant
    13 beta_y       0.00000e+00  1.00000e-03     no limits
    14 alpha_vw     0.00000e+00  1.00000e-03     no limits
    15 w_vw         1.29000e+01  constant
    16 beta_vw      0.00000e+00  1.00000e-03     no limits
    17 LM          -9.88464e-04  constant
    18 zeta_y       0.00000e+00  constant
    19 zeta_vw      0.00000e+00  constant
    20 T_CBO        1.00000e+02  1.00000e+00    0.00000e+00  1.00000e+03
    21 alpha_A0     0.00000e+00  1.00000e-03     no limits
    22 beta_A0      0.00000e+00  1.00000e-03     no limits
    23 alpha_phi    0.00000e+00  1.00000e-03     no limits
    24 beta_phi     0.00000e+00  1.00000e-03     no limits
MINUIT - FIT ONLY WIGGLE
 **********
 **    3 **FIX            5
 **********
 PARAMETER    5  IS CONSTANT.   IGNORED.
 **********
 **    4 **FIX            6
 **********
 **********
 **    5 **FIX            7
 **********
 PARAMETER    7  IS CONSTANT.   IGNORED.
 **********
 **    6 **FIX            8
 **********
 **********
 **    7 **FIX            9
 **********
 **********
 **    8 **FIX           10
 **********
 **********
 **    9 **FIX           11
 **********
 **********
 **   10 **FIX           12
 **********
 PARAMETER   12  IS CONSTANT.   IGNORED.
 **********
 **   11 **FIX           13
 **********
 **********
 **   12 **FIX           14
 **********
 **********
 **   13 **FIX           15
 **********
 PARAMETER   15  IS CONSTANT.   IGNORED.
 **********
 **   14 **FIX           16
 **********
 **********
 **   15 **MIGRAD
 **********
 FIRST CALL TO USER FUNCTION AT NEW START POINT, WITH IFLAG=4.
 START MIGRAD MINIMIZATION.  STRATEGY  1.  CONVERGENCE WHEN EDM .LT. 1.00e-04
 FCN=183.25 FROM MIGRAD    STATUS=INITIATE      437 CALLS         438 TOTAL
                     EDM= unknown      STRATEGY= 1      NO ERROR MATRIX       
  EXT PARAMETER               CURRENT GUESS       STEP         FIRST   
  NO.   NAME      VALUE            ERROR          SIZE      DERIVATIVE 
   1  N0           3.09167e+06   1.00000e+02   0.00000e+00   1.22996e-03
   2  tau          6.43743e+01   constant   
   3  A0           3.54035e-01   1.00000e-04   0.00000e+00  -2.50834e+04
   4  phi          4.11947e+00   1.00000e-02   0.00000e+00   4.53696e+03
   5  R           -6.00908e+01   constant   
   6  alpha_CBO    0.00000e+00     fixed    
   7  w_CBO        2.32500e+00   constant   
   8  beta_CBO     0.00000e+00     fixed    
   9  alpha_2CBO   0.00000e+00     fixed    
  10  beta_2CBO    0.00000e+00     fixed    
  11  alpha_y      0.00000e+00     fixed    
  12  w_y          1.44500e+01   constant   
  13  beta_y       0.00000e+00     fixed    
  14  alpha_vw     0.00000e+00     fixed    
  15  w_vw         1.29000e+01   constant   
  16  beta_vw      0.00000e+00     fixed    
  17  LM          -9.88464e-04   constant   
  18  zeta_y       0.00000e+00   constant   
  19  zeta_vw      0.00000e+00   constant   
  20  T_CBO        1.00000e+02   1.00000e+00   0.00000e+00   0.00000e+00
  21  alpha_A0     0.00000e+00   1.00000e-03   0.00000e+00   1.67740e+02
  22  beta_A0      0.00000e+00   1.00000e-03   0.00000e+00   2.40860e+01
  23  alpha_phi    0.00000e+00   1.00000e-03   0.00000e+00   9.40311e+01
  24  beta_phi     0.00000e+00   1.00000e-03   0.00000e+00  -4.96456e+02
 MIGRAD MINIMIZATION HAS CONVERGED.
 FCN=165.634 FROM MIGRAD    STATUS=CONVERGED    1159 CALLS        1160 TOTAL
                     EDM=1.70898e-06    STRATEGY= 1  ERROR MATRIX UNCERTAINTY   1.8 per cent
  EXT PARAMETER                                   STEP         FIRST   
  NO.   NAME      VALUE            ERROR          SIZE      DERIVATIVE 
   1  N0           3.09172e+06   6.75864e+02  -1.64999e+00   1.10008e-07
   2  tau          6.43743e+01   constant   
   3  A0           3.54833e-01   2.57109e-04   8.51192e-08  -3.04477e+00
   4  phi          4.11811e+00   7.67472e-04   2.94551e-07   1.57302e-02
   5  R           -6.00908e+01   constant   
   6  alpha_CBO    0.00000e+00     fixed    
   7  w_CBO        2.32500e+00   constant   
   8  beta_CBO     0.00000e+00     fixed    
   9  alpha_2CBO   0.00000e+00     fixed    
  10  beta_2CBO    0.00000e+00     fixed    
  11  alpha_y      0.00000e+00     fixed    
  12  w_y          1.44500e+01   constant   
  13  beta_y       0.00000e+00     fixed    
  14  alpha_vw     0.00000e+00     fixed    
  15  w_vw         1.29000e+01   constant   
  16  beta_vw      0.00000e+00     fixed    
  17  LM          -9.88464e-04   constant   
  18  zeta_y       0.00000e+00   constant   
  19  zeta_vw      0.00000e+00   constant   
  20  T_CBO        9.99954e+02   6.18126e+02   3.45960e-02  -1.66425e-04
  21  alpha_A0    -1.06135e-03   1.54946e-03   6.30208e-07   4.51174e-01
  22  beta_A0     -2.58715e-04   1.44402e-03   4.57480e-06   7.09995e-01
  23  alpha_phi   -3.89988e-04   1.43978e-03  -1.66622e-07  -4.53167e-01
  24  beta_phi     2.43037e-03   1.51579e-03   4.21179e-06   1.71245e-01
 EXTERNAL ERROR MATRIX.    NDIM=  25    NPAR=  8    ERR DEF=1
  4.568e+05  3.068e-02 -3.761e-02 -5.214e+03  1.210e-01 -1.489e-01 -1.180e-01 -6.547e-02 
  3.068e-02  6.610e-08  7.897e-09  4.417e-04  4.227e-08  6.233e-11  2.451e-08  1.832e-10 
 -3.761e-02  7.897e-09  5.890e-07  6.086e-04  1.507e-07  1.201e-07  1.031e-07  5.084e-08 
 -5.214e+03  4.417e-04  6.086e-04  8.455e+03  2.344e-02  2.070e-02  1.205e-02 -4.438e-02 
  1.210e-01  4.227e-08  1.507e-07  2.344e-02  2.401e-06  1.583e-07  3.609e-07 -2.167e-07 
 -1.489e-01  6.233e-11  1.201e-07  2.070e-02  1.583e-07  2.085e-06  1.541e-07 -3.136e-07 
 -1.180e-01  2.451e-08  1.031e-07  1.205e-02  3.609e-07  1.541e-07  2.073e-06 -1.547e-07 
 -6.547e-02  1.832e-10  5.084e-08 -4.438e-02 -2.167e-07 -3.136e-07 -1.547e-07  2.298e-06 
 PARAMETER  CORRELATION COEFFICIENTS  
       NO.  GLOBAL      1      3      4     20     21     22     23     24
        1  0.32818   1.000  0.177 -0.073 -0.084  0.116 -0.153 -0.121 -0.064
        3  0.21622   0.177  1.000  0.040  0.019  0.106  0.000  0.066  0.000
        4  0.20190  -0.073  0.040  1.000  0.009  0.127  0.108  0.093  0.044
       20  0.37793  -0.084  0.019  0.009  1.000  0.165  0.156  0.091 -0.318
       21  0.30282   0.116  0.106  0.127  0.165  1.000  0.071  0.162 -0.092
       22  0.26457  -0.153  0.000  0.108  0.156  0.071  1.000  0.074 -0.143
       23  0.24678  -0.121  0.066  0.093  0.091  0.162  0.074  1.000 -0.071
       24  0.35788  -0.064  0.000  0.044 -0.318 -0.092 -0.143 -0.071  1.000
MINUIT - FIT ONLY 1-CBO + wiggle
 **********
 **   16 **RES 
 **********
                   PARAMETER   16  beta_vw RESTORED TO VARIABLE.
                   PARAMETER   14  alpha_vw RESTORED TO VARIABLE.
                   PARAMETER   13  beta_y RESTORED TO VARIABLE.
                   PARAMETER   11  alpha_y RESTORED TO VARIABLE.
                   PARAMETER   10  beta_2CBO RESTORED TO VARIABLE.
                   PARAMETER    9  alpha_2CBO RESTORED TO VARIABLE.
                   PARAMETER    8  beta_CBO RESTORED TO VARIABLE.
                   PARAMETER    6  alpha_CBO RESTORED TO VARIABLE.
 **********
 **   17 **FIX            8
 **********
 **********
 **   18 **FIX            9
 **********
 **********
 **   19 **FIX           11
 **********
 **********
 **   20 **FIX           12
 **********
 PARAMETER   12  IS CONSTANT.   IGNORED.
 **********
 **   21 **FIX           14
 **********
 **********
 **   22 **FIX           15
 **********
 PARAMETER   15  IS CONSTANT.   IGNORED.
 **********
 **   23 **FIX           16
 **********
 **********
 **   24 **MIGRAD
 **********
 START MIGRAD MINIMIZATION.  STRATEGY  1.  CONVERGENCE WHEN EDM .LT. 1.00e-04
 FCN=165.634 FROM MIGRAD    STATUS=INITIATE       28 CALLS        1188 TOTAL
                     EDM= unknown      STRATEGY= 1      NO ERROR MATRIX       
  EXT PARAMETER               CURRENT GUESS       STEP         FIRST   
  NO.   NAME      VALUE            ERROR          SIZE      DERIVATIVE 
   1  N0           3.09172e+06   6.75864e+02  -1.64999e+00   1.10008e-07
   2  tau          6.43743e+01   constant   
   3  A0           3.54833e-01   2.57109e-04   8.51192e-08  -3.04477e+00
   4  phi          4.11811e+00   7.67472e-04   2.94551e-07   1.57300e-02
   5  R           -6.00908e+01   constant   
   6  alpha_CBO    0.00000e+00   1.00000e-03   1.00000e-03  -5.54405e+04
   7  w_CBO        2.32500e+00   constant   
   8  beta_CBO     0.00000e+00     fixed    
   9  alpha_2CBO   0.00000e+00     fixed    
  10  beta_2CBO    0.00000e+00   1.00000e-03   1.00000e-03   1.57986e+04
  11  alpha_y      0.00000e+00     fixed    
  12  w_y          1.44500e+01   constant   
  13  beta_y       0.00000e+00   1.00000e-03   1.00000e-03  -3.65922e+02
  14  alpha_vw     0.00000e+00     fixed    
  15  w_vw         1.29000e+01   constant   
  16  beta_vw      0.00000e+00     fixed    
  17  LM          -9.88464e-04   constant   
  18  zeta_y       0.00000e+00   constant   
  19  zeta_vw      0.00000e+00   constant   
  20  T_CBO        9.99954e+02   6.18126e+02   3.45960e-02  -1.66899e-04
  21  alpha_A0    -1.06135e-03   1.54946e-03   6.30208e-07   4.51167e-01
  22  beta_A0     -2.58715e-04   1.44402e-03   4.57480e-06   7.09996e-01
  23  alpha_phi   -3.89988e-04   1.43978e-03  -1.66622e-07  -4.53167e-01
  24  beta_phi     2.43037e-03   1.51579e-03   4.21179e-06   1.71245e-01
 MIGRAD MINIMIZATION HAS CONVERGED.
 MIGRAD WILL VERIFY CONVERGENCE AND ERROR MATRIX.
 COVARIANCE MATRIX CALCULATED SUCCESSFULLY
 FCN=85.5704 FROM MIGRAD    STATUS=CONVERGED     247 CALLS        1407 TOTAL
                     EDM=3.9814e-06    STRATEGY= 1      ERROR MATRIX ACCURATE 
  EXT PARAMETER                                   STEP         FIRST   
  NO.   NAME      VALUE            ERROR          SIZE      DERIVATIVE 
   1  N0           3.09165e+06   6.86058e+02   2.90305e+00  -4.80535e-08
   2  tau          6.43743e+01   constant   
   3  A0           3.54631e-01   2.64666e-04   1.15867e-06  -2.93139e+00
   4  phi          4.11928e+00   8.24218e-04   3.62660e-06  -1.48965e+00
   5  R           -6.00908e+01   constant   
   6  alpha_CBO    2.68138e-03   3.10845e-04   1.35717e-06   2.05996e+00
   7  w_CBO        2.32500e+00   constant   
   8  beta_CBO     0.00000e+00     fixed    
   9  alpha_2CBO   0.00000e+00     fixed    
  10  beta_2CBO   -7.26499e-04   3.01017e-04   1.33497e-06   6.72986e+00
  11  alpha_y      0.00000e+00     fixed    
  12  w_y          1.44500e+01   constant   
  13  beta_y      -1.31216e-05   2.95377e-04   1.34113e-06   1.08234e+00
  14  alpha_vw     0.00000e+00     fixed    
  15  w_vw         1.29000e+01   constant   
  16  beta_vw      0.00000e+00     fixed    
  17  LM          -9.88464e-04   constant   
  18  zeta_y       0.00000e+00   constant   
  19  zeta_vw      0.00000e+00   constant   
  20  T_CBO        9.99998e+02   6.82903e+02   5.36632e-02   2.55707e-05
  21  alpha_A0    -7.75003e-04   1.47021e-03   6.40245e-06   1.22213e-02
  22  beta_A0     -4.96056e-04   1.40605e-03   6.19571e-06   5.76116e-01
  23  alpha_phi    2.30554e-03   1.34461e-03   5.79005e-06   4.13450e-01
  24  beta_phi     2.40106e-03   1.24680e-03   5.56462e-06   5.38671e-01
 EXTERNAL ERROR MATRIX.    NDIM=  25    NPAR= 11    ERR DEF=1
  4.707e+05 
  3.602e-02  7.005e-08 
 -4.519e-02  8.074e-09  6.793e-07 
 -2.619e-03 -8.411e-09  3.917e-08  9.662e-08 
  1.886e-03 -3.783e-09 -1.008e-08 -3.992e-10  9.061e-08 
 -2.148e-03  1.027e-09  9.433e-10 -1.207e-09 -5.535e-10  8.725e-08 
  2.278e+00  5.336e-07  1.066e-05  6.055e-07 -2.379e-07 -1.911e-08  2.892e+02 
  1.203e-01  4.171e-08  1.494e-07 -7.039e-09 -6.015e-08  4.832e-09 -5.380e-04  2.162e-06 
 -1.657e-01  7.019e-09  1.208e-07  9.763e-10  3.305e-08 -4.150e-09 -3.585e-04  1.682e-07  1.977e-06 
 -9.289e-02  2.239e-08  1.280e-07  8.298e-08 -5.061e-08  7.828e-09  1.631e-03  2.720e-07  1.117e-07  1.808e-06 
 -1.079e-01  4.971e-09  5.524e-08 -9.649e-09 -3.031e-08 -2.033e-10  1.696e-03  4.479e-08 -2.684e-09 -7.411e-09  1.555e-06 
 PARAMETER  CORRELATION COEFFICIENTS  
       NO.  GLOBAL      1      3      4      6     10     13     20     21     22     23     24
        1  0.34899   1.000  0.198 -0.080 -0.012  0.009 -0.011  0.000  0.119 -0.172 -0.101 -0.126
        3  0.26728   0.198  1.000  0.037 -0.102 -0.047  0.013  0.000  0.107  0.019  0.063  0.015
        4  0.24898  -0.080  0.037  1.000  0.153 -0.041  0.004  0.001  0.123  0.104  0.116  0.054
        6  0.27645  -0.012 -0.102  0.153  1.000 -0.004 -0.013  0.000 -0.015  0.002  0.199 -0.025
       10  0.21700   0.009 -0.047 -0.041 -0.004  1.000 -0.006 -0.000 -0.136  0.078 -0.125 -0.081
       13  0.03468  -0.011  0.013  0.004 -0.013 -0.006  1.000 -0.000  0.011 -0.010  0.020 -0.001
       20  0.11746   0.000  0.000  0.001  0.000 -0.000 -0.000  1.000 -0.022 -0.015  0.071  0.080
       21  0.28500   0.119  0.107  0.123 -0.015 -0.136  0.011 -0.022  1.000  0.081  0.138  0.024
       22  0.24347  -0.172  0.019  0.104  0.002  0.078 -0.010 -0.015  0.081  1.000  0.059 -0.002
       23  0.31881  -0.101  0.063  0.116  0.199 -0.125  0.020  0.071  0.138  0.059  1.000 -0.004
       24  0.18691  -0.126  0.015  0.054 -0.025 -0.081 -0.001  0.080  0.024 -0.002 -0.004  1.000
MINUIT - FIT ONLY 2-CBO
 **********
 **   25 **RES 
 **********
                   PARAMETER   16  beta_vw RESTORED TO VARIABLE.
                   PARAMETER   14  alpha_vw RESTORED TO VARIABLE.
                   PARAMETER   11  alpha_y RESTORED TO VARIABLE.
                   PARAMETER    9  alpha_2CBO RESTORED TO VARIABLE.
                   PARAMETER    8  beta_CBO RESTORED TO VARIABLE.
 **********
 **   26 **FIX            0
 **********
 PARAMETER    0  IS UNDEFINED. IGNORED.
 **********
 **   27 **FIX            1
 **********
 **********
 **   28 **FIX            2
 **********
 PARAMETER    2  IS CONSTANT.   IGNORED.
 **********
 **   29 **FIX            3
 **********
 **********
 **   30 **FIX            4
 **********
 **********
 **   31 **FIX            5
 **********
 PARAMETER    5  IS CONSTANT.   IGNORED.
 **********
 **   32 **FIX            6
 **********
 **********
 **   33 **FIX            7
 **********
 PARAMETER    7  IS CONSTANT.   IGNORED.
 **********
 **   34 **FIX           10
 **********
 **********
 **   35 **FIX           11
 **********
 **********
 **   36 **FIX           12
 **********
 PARAMETER   12  IS CONSTANT.   IGNORED.
 **********
 **   37 **FIX           13
 **********
 **********
 **   38 **FIX           14
 **********
 **********
 **   39 **FIX           15
 **********
 PARAMETER   15  IS CONSTANT.   IGNORED.
 **********
 **   40 **FIX           16
 **********
 **********
 **   41 **MIGRAD
 **********
 START MIGRAD MINIMIZATION.  STRATEGY  1.  CONVERGENCE WHEN EDM .LT. 1.00e-04
 FCN=85.5704 FROM MIGRAD    STATUS=INITIATE       18 CALLS        1425 TOTAL
                     EDM= unknown      STRATEGY= 1      NO ERROR MATRIX       
  EXT PARAMETER               CURRENT GUESS       STEP         FIRST   
  NO.   NAME      VALUE            ERROR          SIZE      DERIVATIVE 
   1  N0           3.09165e+06     fixed    
   2  tau          6.43743e+01   constant   
   3  A0           3.54631e-01     fixed    
   4  phi          4.11928e+00     fixed    
   5  R           -6.00908e+01   constant   
   6  alpha_CBO    2.68138e-03     fixed    
   7  w_CBO        2.32500e+00   constant   
   8  beta_CBO     0.00000e+00   1.00000e-03   1.00000e-03  -4.05367e+04
   9  alpha_2CBO   0.00000e+00   1.00000e-03   1.00000e-03  -5.09481e+03
  10  beta_2CBO   -7.26499e-04     fixed    
  11  alpha_y      0.00000e+00     fixed    
  12  w_y          1.44500e+01   constant   
  13  beta_y      -1.31216e-05     fixed    
  14  alpha_vw     0.00000e+00     fixed    
  15  w_vw         1.29000e+01   constant   
  16  beta_vw      0.00000e+00     fixed    
  17  LM          -9.88464e-04   constant   
  18  zeta_y       0.00000e+00   constant   
  19  zeta_vw      0.00000e+00   constant   
  20  T_CBO        9.99998e+02   6.82903e+02   5.36632e-02  -2.63918e-05
  21  alpha_A0    -7.75003e-04   1.47021e-03   6.40245e-06   1.22262e-02
  22  beta_A0     -4.96056e-04   1.40605e-03   6.19571e-06   5.76093e-01
  23  alpha_phi    2.30554e-03   1.34461e-03   5.79005e-06   4.13449e-01
  24  beta_phi     2.40106e-03   1.24680e-03   5.56462e-06   5.38671e-01
 MIGRAD MINIMIZATION HAS CONVERGED.
 MIGRAD WILL VERIFY CONVERGENCE AND ERROR MATRIX.
 COVARIANCE MATRIX CALCULATED SUCCESSFULLY
 FCN=47.9209 FROM MIGRAD    STATUS=CONVERGED     133 CALLS        1540 TOTAL
                     EDM=5.57495e-07    STRATEGY= 1      ERROR MATRIX ACCURATE 
  EXT PARAMETER                                   STEP         FIRST   
  NO.   NAME      VALUE            ERROR          SIZE      DERIVATIVE 
   1  N0           3.09165e+06     fixed    
   2  tau          6.43743e+01   constant   
   3  A0           3.54631e-01     fixed    
   4  phi          4.11928e+00     fixed    
   5  R           -6.00908e+01   constant   
   6  alpha_CBO    2.68138e-03     fixed    
   7  w_CBO        2.32500e+00   constant   
   8  beta_CBO     1.81956e-03   2.98904e-04   9.89102e-07  -1.14662e+00
   9  alpha_2CBO   3.01968e-04   3.01744e-04   1.00508e-06   2.80684e+00
  10  beta_2CBO   -7.26499e-04     fixed    
  11  alpha_y      0.00000e+00     fixed    
  12  w_y          1.44500e+01   constant   
  13  beta_y      -1.31216e-05     fixed    
  14  alpha_vw     0.00000e+00     fixed    
  15  w_vw         1.29000e+01   constant   
  16  beta_vw      0.00000e+00     fixed    
  17  LM          -9.88464e-04   constant   
  18  zeta_y       0.00000e+00   constant   
  19  zeta_vw      0.00000e+00   constant   
  20  T_CBO        1.00000e+03   5.07736e+02   4.09979e-02** at limit **
  21  alpha_A0    -7.95484e-04   1.43836e-03   4.81373e-06   3.05744e-01
  22  beta_A0     -1.19746e-03   1.39565e-03   4.66187e-06  -1.26304e-01
  23  alpha_phi    1.90971e-03   1.29334e-03   4.35195e-06   1.63871e-01
  24  beta_phi     4.22132e-03   1.26988e-03   4.18387e-06  -4.88428e-02
 EXTERNAL ERROR MATRIX.    NDIM=  25    NPAR=  7    ERR DEF=1
  8.934e-08  3.434e-09 -1.383e-09 -7.070e-09 -4.232e-08 -1.538e-08  8.512e-08 
  3.434e-09  9.105e-08 -1.731e-07  4.831e-08  5.913e-08 -3.313e-08  3.704e-08 
 -1.383e-09 -1.731e-07  3.425e+01 -1.297e-04 -1.976e-04  3.138e-04  6.961e-04 
 -7.070e-09  4.831e-08 -1.297e-04  2.069e-06  2.375e-07  2.208e-07  4.918e-08 
 -4.232e-08  5.913e-08 -1.976e-04  2.375e-07  1.948e-06  6.202e-08 -6.122e-08 
 -1.538e-08 -3.313e-08  3.138e-04  2.208e-07  6.202e-08  1.673e-06 -7.672e-08 
  8.512e-08  3.704e-08  6.961e-04  4.918e-08 -6.122e-08 -7.672e-08  1.613e-06 
 PARAMETER  CORRELATION COEFFICIENTS  
       NO.  GLOBAL      8      9     20     21     22     23     24
        8  0.24734   1.000  0.038 -0.000 -0.016 -0.101 -0.040  0.224
        9  0.22080   0.038  1.000 -0.000  0.111  0.140 -0.085  0.097
       20  0.11111  -0.000 -0.000  1.000 -0.015 -0.024  0.041  0.094
       21  0.19933  -0.016  0.111 -0.015  1.000  0.118  0.119  0.027
       22  0.20833  -0.101  0.140 -0.024  0.118  1.000  0.034 -0.035
       23  0.17106  -0.040 -0.085  0.041  0.119  0.034  1.000 -0.047
       24  0.26331   0.224  0.097  0.094  0.027 -0.035 -0.047  1.000
MINUIT - FIT wiggle + 1-CBO + 2-CBO
 **********
 **   42 **RES 
 **********
                   PARAMETER   16  beta_vw RESTORED TO VARIABLE.
                   PARAMETER   14  alpha_vw RESTORED TO VARIABLE.
                   PARAMETER   13  beta_y RESTORED TO VARIABLE.
                   PARAMETER   11  alpha_y RESTORED TO VARIABLE.
                   PARAMETER   10  beta_2CBO RESTORED TO VARIABLE.
                   PARAMETER    6  alpha_CBO RESTORED TO VARIABLE.
                   PARAMETER    4  phi RESTORED TO VARIABLE.
                   PARAMETER    3  A0 RESTORED TO VARIABLE.
                   PARAMETER    1  N0 RESTORED TO VARIABLE.
 **********
 **   43 **FIX           10
 **********
 **********
 **   44 **FIX           11
 **********
 **********
 **   45 **FIX           12
 **********
 PARAMETER   12  IS CONSTANT.   IGNORED.
 **********
 **   46 **FIX           13
 **********
 **********
 **   47 **FIX           14
 **********
 **********
 **   48 **FIX           15
 **********
 PARAMETER   15  IS CONSTANT.   IGNORED.
 **********
 **   49 **FIX           16
 **********
 **********
 **   50 **MIGRAD
 **********
 START MIGRAD MINIMIZATION.  STRATEGY  1.  CONVERGENCE WHEN EDM .LT. 1.00e-04
 FCN=47.9209 FROM MIGRAD    STATUS=INITIATE       22 CALLS        1562 TOTAL
                     EDM= unknown      STRATEGY= 1      NO ERROR MATRIX       
  EXT PARAMETER               CURRENT GUESS       STEP         FIRST   
  NO.   NAME      VALUE            ERROR          SIZE      DERIVATIVE 
   1  N0           3.09165e+06   6.86058e+02   6.86058e+02   3.14040e-04
   2  tau          6.43743e+01   constant   
   3  A0           3.54631e-01   2.64666e-04   2.64666e-04   6.84440e+03
   4  phi          4.11928e+00   8.24218e-04   8.24218e-04   2.73064e+03
   5  R           -6.00908e+01   constant   
   6  alpha_CBO    2.68138e-03   3.10845e-04   3.10845e-04  -4.58886e+02
   7  w_CBO        2.32500e+00   constant   
   8  beta_CBO     1.81956e-03   2.98904e-04   9.89102e-07  -1.14662e+00
   9  alpha_2CBO   3.01968e-04   3.01744e-04   1.00508e-06   2.80684e+00
  10  beta_2CBO   -7.26499e-04     fixed    
  11  alpha_y      0.00000e+00     fixed    
  12  w_y          1.44500e+01   constant   
  13  beta_y      -1.31216e-05     fixed    
  14  alpha_vw     0.00000e+00     fixed    
  15  w_vw         1.29000e+01   constant   
  16  beta_vw      0.00000e+00     fixed    
  17  LM          -9.88464e-04   constant   
  18  zeta_y       0.00000e+00   constant   
  19  zeta_vw      0.00000e+00   constant   
  20  T_CBO        1.00000e+03   5.07736e+02   4.09979e-02** at limit **
  21  alpha_A0    -7.95484e-04   1.43836e-03   4.81373e-06   3.05761e-01
  22  beta_A0     -1.19746e-03   1.39565e-03   4.66187e-06  -1.26362e-01
  23  alpha_phi    1.90971e-03   1.29334e-03   4.35195e-06   1.63871e-01
  24  beta_phi     4.22132e-03   1.26988e-03   4.18387e-06  -4.88419e-02
 MIGRAD MINIMIZATION HAS CONVERGED.
 MIGRAD WILL VERIFY CONVERGENCE AND ERROR MATRIX.
 COVARIANCE MATRIX CALCULATED SUCCESSFULLY
 FCN=45.5947 FROM MIGRAD    STATUS=CONVERGED     239 CALLS        1779 TOTAL
                     EDM=1.72693e-06    STRATEGY= 1      ERROR MATRIX ACCURATE 
  EXT PARAMETER                                   STEP         FIRST   
  NO.   NAME      VALUE            ERROR          SIZE      DERIVATIVE 
   1  N0           3.09150e+06   6.86729e+02   2.12970e+00  -1.00087e-06
   2  tau          6.43743e+01   constant   
   3  A0           3.54358e-01   2.67884e-04   8.50074e-07  -1.65025e+00
   4  phi          4.11827e+00   8.42259e-04   2.66349e-06   4.73212e-01
   5  R           -6.00908e+01   constant   
   6  alpha_CBO    2.67794e-03   3.11011e-04   9.95686e-07  -1.10737e+00
   7  w_CBO        2.32500e+00   constant   
   8  beta_CBO     1.93652e-03   3.08600e-04   9.65330e-07  -3.16512e-01
   9  alpha_2CBO   2.86172e-04   3.02515e-04   9.80928e-07  -5.33444e-01
  10  beta_2CBO   -7.26499e-04     fixed    
  11  alpha_y      0.00000e+00     fixed    
  12  w_y          1.44500e+01   constant   
  13  beta_y      -1.31216e-05     fixed    
  14  alpha_vw     0.00000e+00     fixed    
  15  w_vw         1.29000e+01   constant   
  16  beta_vw      0.00000e+00     fixed    
  17  LM          -9.88464e-04   constant   
  18  zeta_y       0.00000e+00   constant   
  19  zeta_vw      0.00000e+00   constant   
  20  T_CBO        1.00000e+03   7.12621e+02   3.63065e-02** at limit **
  21  alpha_A0    -1.19141e-03   1.47103e-03   4.70093e-06  -2.25544e-01
  22  beta_A0     -1.44166e-03   1.42837e-03   4.55136e-06  -2.30070e-01
  23  alpha_phi    1.68052e-03   1.33821e-03   4.25013e-06   8.17319e-01
  24  beta_phi     4.25827e-03   1.27958e-03   4.08656e-06   7.77989e-01
 EXTERNAL ERROR MATRIX.    NDIM=  25    NPAR= 11    ERR DEF=1
  4.716e+05 
  3.730e-02  7.176e-08 
 -3.923e-02  1.466e-08  7.094e-07 
 -2.403e-03 -8.369e-09  4.001e-08  9.673e-08 
 -8.282e-03 -1.339e-08 -5.123e-08 -5.619e-10  9.523e-08 
  5.401e-03 -1.108e-09  1.410e-08  3.165e-09  2.605e-09  9.152e-08 
  3.960e-03 -5.786e-09  4.679e-08  1.581e-09 -2.306e-09 -9.961e-10  9.032e-03 
  1.271e-01  4.253e-08  1.679e-07 -5.077e-09 -2.724e-08  5.237e-08 -2.323e-06  2.164e-06 
 -1.581e-01  1.536e-08  1.586e-07  3.284e-09 -5.397e-08  5.964e-08 -2.854e-06  2.421e-07  2.040e-06 
 -9.127e-02  2.425e-08  1.318e-07  8.209e-08 -2.700e-08 -3.069e-08  3.289e-06  2.317e-07  1.265e-07  1.791e-06 
 -1.131e-01 -1.016e-08  1.006e-08 -9.076e-09  8.742e-08  3.558e-08  8.413e-06  1.955e-08 -2.081e-08 -6.708e-08  1.637e-06 
 PARAMETER  CORRELATION COEFFICIENTS  
       NO.  GLOBAL      1      3      4      6      8      9     20     21     22     23     24
        1  0.35156   1.000  0.203 -0.068 -0.011 -0.039  0.026  0.000  0.126 -0.161 -0.099 -0.129
        3  0.30586   0.203  1.000  0.065 -0.100 -0.162 -0.014 -0.000  0.108  0.040  0.068 -0.030
        4  0.31593  -0.068  0.065  1.000  0.153 -0.197  0.055  0.001  0.136  0.132  0.117  0.009
        6  0.27820  -0.011 -0.100  0.153  1.000 -0.006  0.034  0.000 -0.011  0.007  0.197 -0.023
        8  0.34524  -0.039 -0.162 -0.197 -0.006  1.000  0.028 -0.000 -0.060 -0.122 -0.065  0.221
        9  0.23138   0.026 -0.014  0.055  0.034  0.028  1.000 -0.000  0.118  0.138 -0.076  0.092
       20  0.08319   0.000 -0.000  0.001  0.000 -0.000 -0.000  1.000 -0.017 -0.021  0.026  0.069
       21  0.28410   0.126  0.108  0.136 -0.011 -0.060  0.118 -0.017  1.000  0.115  0.118  0.010
       22  0.29333  -0.161  0.040  0.132  0.007 -0.122  0.138 -0.021  0.115  1.000  0.066 -0.011
       23  0.30334  -0.099  0.068  0.117  0.197 -0.065 -0.076  0.026  0.118  0.066  1.000 -0.039
       24  0.28614  -0.129 -0.030  0.009 -0.023  0.221  0.092  0.069  0.010 -0.011 -0.039  1.000
MINUIT - FIT ONLY 1-y
 **********
 **   51 **RES 
 **********
                   PARAMETER   16  beta_vw RESTORED TO VARIABLE.
                   PARAMETER   14  alpha_vw RESTORED TO VARIABLE.
                   PARAMETER   13  beta_y RESTORED TO VARIABLE.
                   PARAMETER   11  alpha_y RESTORED TO VARIABLE.
                   PARAMETER   10  beta_2CBO RESTORED TO VARIABLE.
 **********
 **   52 **FIX            0
 **********
 PARAMETER    0  IS UNDEFINED. IGNORED.
 **********
 **   53 **FIX            1
 **********
 **********
 **   54 **FIX            2
 **********
 PARAMETER    2  IS CONSTANT.   IGNORED.
 **********
 **   55 **FIX            3
 **********
 **********
 **   56 **FIX            4
 **********
 **********
 **   57 **FIX            5
 **********
 PARAMETER    5  IS CONSTANT.   IGNORED.
 **********
 **   58 **FIX            6
 **********
 **********
 **   59 **FIX            7
 **********
 PARAMETER    7  IS CONSTANT.   IGNORED.
 **********
 **   60 **FIX            8
 **********
 **********
 **   61 **FIX            9
 **********
 **********
 **   62 **FIX           13
 **********
 **********
 **   63 **FIX           14
 **********
 **********
 **   64 **FIX           15
 **********
 PARAMETER   15  IS CONSTANT.   IGNORED.
 **********
 **   65 **FIX           16
 **********
 **********
 **   66 **MIGRAD
 **********
 START MIGRAD MINIMIZATION.  STRATEGY  1.  CONVERGENCE WHEN EDM .LT. 1.00e-04
 FCN=45.5947 FROM MIGRAD    STATUS=INITIATE       16 CALLS        1795 TOTAL
                     EDM= unknown      STRATEGY= 1      NO ERROR MATRIX       
  EXT PARAMETER               CURRENT GUESS       STEP         FIRST   
  NO.   NAME      VALUE            ERROR          SIZE      DERIVATIVE 
   1  N0           3.09150e+06     fixed    
   2  tau          6.43743e+01   constant   
   3  A0           3.54358e-01     fixed    
   4  phi          4.11827e+00     fixed    
   5  R           -6.00908e+01   constant   
   6  alpha_CBO    2.67794e-03     fixed    
   7  w_CBO        2.32500e+00   constant   
   8  beta_CBO     1.93652e-03     fixed    
   9  alpha_2CBO   2.86172e-04     fixed    
  10  beta_2CBO   -7.26499e-04   3.01017e-04   3.01017e-04  -5.61060e+02
  11  alpha_y      0.00000e+00   1.00000e-03   1.00000e-03  -6.31156e+03
  12  w_y          1.44500e+01   constant   
  13  beta_y      -1.31216e-05     fixed    
  14  alpha_vw     0.00000e+00     fixed    
  15  w_vw         1.29000e+01   constant   
  16  beta_vw      0.00000e+00     fixed    
  17  LM          -9.88464e-04   constant   
  18  zeta_y       0.00000e+00   constant   
  19  zeta_vw      0.00000e+00   constant   
  20  T_CBO        9.99999e+02   7.12621e+02   3.63065e-02  -3.19088e-05
  21  alpha_A0    -1.19141e-03   1.47103e-03   4.70093e-06  -2.25285e-01
  22  beta_A0     -1.44166e-03   1.42837e-03   4.55136e-06  -2.29821e-01
  23  alpha_phi    1.68052e-03   1.33821e-03   4.25013e-06   8.16837e-01
  24  beta_phi     4.25827e-03   1.27958e-03   4.08656e-06   7.76866e-01
 MIGRAD MINIMIZATION HAS CONVERGED.
 MIGRAD WILL VERIFY CONVERGENCE AND ERROR MATRIX.
 COVARIANCE MATRIX CALCULATED SUCCESSFULLY
 FCN=44.7342 FROM MIGRAD    STATUS=CONVERGED     113 CALLS        1892 TOTAL
                     EDM=1.28297e-06    STRATEGY= 1      ERROR MATRIX ACCURATE 
  EXT PARAMETER                                   STEP         FIRST   
  NO.   NAME      VALUE            ERROR          SIZE      DERIVATIVE 
   1  N0           3.09150e+06     fixed    
   2  tau          6.43743e+01   constant   
   3  A0           3.54358e-01     fixed    
   4  phi          4.11827e+00     fixed    
   5  R           -6.00908e+01   constant   
   6  alpha_CBO    2.67794e-03     fixed    
   7  w_CBO        2.32500e+00   constant   
   8  beta_CBO     1.93652e-03     fixed    
   9  alpha_2CBO   2.86172e-04     fixed    
  10  beta_2CBO   -7.05611e-04   3.00438e-04   9.70293e-07  -2.81684e+00
  11  alpha_y      2.70795e-04   2.93133e-04   9.67507e-07   2.21627e-01
  12  w_y          1.44500e+01   constant   
  13  beta_y      -1.31216e-05     fixed    
  14  alpha_vw     0.00000e+00     fixed    
  15  w_vw         1.29000e+01   constant   
  16  beta_vw      0.00000e+00     fixed    
  17  LM          -9.88464e-04   constant   
  18  zeta_y       0.00000e+00   constant   
  19  zeta_vw      0.00000e+00   constant   
  20  T_CBO        1.00000e+03   7.45898e+02   3.50625e-02** at limit **
  21  alpha_A0    -1.22816e-03   1.44273e-03   4.65734e-06   3.62726e-01
  22  beta_A0     -1.45925e-03   1.37971e-03   4.50913e-06  -3.94556e-01
  23  alpha_phi    1.66698e-03   1.29737e-03   4.21069e-06   6.74856e-01
  24  beta_phi     4.24770e-03   1.23427e-03   4.04864e-06  -3.05881e-01
 EXTERNAL ERROR MATRIX.    NDIM=  25    NPAR=  7    ERR DEF=1
  9.026e-08 -1.364e-09 -2.341e-11 -5.658e-08  3.635e-08 -4.663e-08 -2.863e-08 
 -1.364e-09  8.593e-08  9.891e-12 -6.805e-09 -8.779e-09 -1.657e-10 -5.740e-10 
 -2.341e-11  9.891e-12  4.929e-06 -5.352e-08 -6.446e-08  7.258e-08  1.869e-07 
 -5.658e-08 -6.805e-09 -5.352e-08  2.081e-06  1.798e-07  2.679e-07  5.614e-08 
  3.635e-08 -8.779e-09 -6.446e-08  1.798e-07  1.904e-06  5.826e-08 -5.238e-08 
 -4.663e-08 -1.657e-10  7.258e-08  2.679e-07  5.826e-08  1.683e-06 -3.902e-08 
 -2.863e-08 -5.740e-10  1.869e-07  5.614e-08 -5.238e-08 -3.902e-08  1.523e-06 
 PARAMETER  CORRELATION COEFFICIENTS  
       NO.  GLOBAL     10     11     20     21     22     23     24
       10  0.20841   1.000 -0.015 -0.000 -0.131  0.088 -0.120 -0.077
       11  0.03050  -0.015  1.000  0.000 -0.016 -0.022 -0.000 -0.002
       20  0.07926  -0.000  0.000  1.000 -0.017 -0.021  0.025  0.068
       21  0.21048  -0.131 -0.016 -0.017  1.000  0.090  0.143  0.032
       22  0.14304   0.088 -0.022 -0.021  0.090  1.000  0.033 -0.031
       23  0.18428  -0.120 -0.000  0.025  0.143  0.033  1.000 -0.024
       24  0.11499  -0.077 -0.002  0.068  0.032 -0.031 -0.024  1.000
MINUIT - FIT ONLY 2-y
 **********
 **   67 **RES 
 **********
                   PARAMETER   16  beta_vw RESTORED TO VARIABLE.
                   PARAMETER   14  alpha_vw RESTORED TO VARIABLE.
                   PARAMETER   13  beta_y RESTORED TO VARIABLE.
                   PARAMETER    9  alpha_2CBO RESTORED TO VARIABLE.
                   PARAMETER    8  beta_CBO RESTORED TO VARIABLE.
                   PARAMETER    6  alpha_CBO RESTORED TO VARIABLE.
                   PARAMETER    4  phi RESTORED TO VARIABLE.
                   PARAMETER    3  A0 RESTORED TO VARIABLE.
                   PARAMETER    1  N0 RESTORED TO VARIABLE.
 **********
 **   68 **FIX            0
 **********
 PARAMETER    0  IS UNDEFINED. IGNORED.
 **********
 **   69 **FIX            1
 **********
 **********
 **   70 **FIX            2
 **********
 PARAMETER    2  IS CONSTANT.   IGNORED.
 **********
 **   71 **FIX            3
 **********
 **********
 **   72 **FIX            4
 **********
 **********
 **   73 **FIX            5
 **********
 PARAMETER    5  IS CONSTANT.   IGNORED.
 **********
 **   74 **FIX            6
 **********
 **********
 **   75 **FIX            7
 **********
 PARAMETER    7  IS CONSTANT.   IGNORED.
 **********
 **   76 **FIX            8
 **********
 **********
 **   77 **FIX            9
 **********
 **********
 **   78 **FIX           10
 **********
 **********
 **   79 **FIX           11
 **********
 **********
 **   80 **FIX           12
 **********
 PARAMETER   12  IS CONSTANT.   IGNORED.
 **********
 **   81 **FIX           16
 **********
 **********
 **   82 **MIGRAD
 **********
 START MIGRAD MINIMIZATION.  STRATEGY  1.  CONVERGENCE WHEN EDM .LT. 1.00e-04
 FCN=44.7342 FROM MIGRAD    STATUS=INITIATE       16 CALLS        1908 TOTAL
                     EDM= unknown      STRATEGY= 1      NO ERROR MATRIX       
  EXT PARAMETER               CURRENT GUESS       STEP         FIRST   
  NO.   NAME      VALUE            ERROR          SIZE      DERIVATIVE 
   1  N0           3.09150e+06     fixed    
   2  tau          6.43743e+01   constant   
   3  A0           3.54358e-01     fixed    
   4  phi          4.11827e+00     fixed    
   5  R           -6.00908e+01   constant   
   6  alpha_CBO    2.67794e-03     fixed    
   7  w_CBO        2.32500e+00   constant   
   8  beta_CBO     1.93652e-03     fixed    
   9  alpha_2CBO   2.86172e-04     fixed    
  10  beta_2CBO   -7.05611e-04     fixed    
  11  alpha_y      2.70795e-04     fixed    
  12  w_y          1.44500e+01   constant   
  13  beta_y      -1.31216e-05   2.95377e-04   2.95377e-04   2.26271e+02
  14  alpha_vw     0.00000e+00   1.00000e-03   1.00000e-03   1.56029e+03
  15  w_vw         1.29000e+01   constant   
  16  beta_vw      0.00000e+00     fixed    
  17  LM          -9.88464e-04   constant   
  18  zeta_y       0.00000e+00   constant   
  19  zeta_vw      0.00000e+00   constant   
  20  T_CBO        9.99999e+02   7.45898e+02   3.50625e-02  -3.22777e-05
  21  alpha_A0    -1.22816e-03   1.44273e-03   4.65734e-06   3.63039e-01
  22  beta_A0     -1.45925e-03   1.37971e-03   4.50913e-06  -3.94233e-01
  23  alpha_phi    1.66698e-03   1.29737e-03   4.21069e-06   6.74376e-01
  24  beta_phi     4.24770e-03   1.23427e-03   4.04864e-06  -3.07001e-01
 MIGRAD MINIMIZATION HAS CONVERGED.
 MIGRAD WILL VERIFY CONVERGENCE AND ERROR MATRIX.
 COVARIANCE MATRIX CALCULATED SUCCESSFULLY
 FCN=44.6811 FROM MIGRAD    STATUS=CONVERGED      97 CALLS        1989 TOTAL
                     EDM=2.70205e-07    STRATEGY= 1      ERROR MATRIX ACCURATE 
  EXT PARAMETER                                   STEP         FIRST   
  NO.   NAME      VALUE            ERROR          SIZE      DERIVATIVE 
   1  N0           3.09150e+06     fixed    
   2  tau          6.43743e+01   constant   
   3  A0           3.54358e-01     fixed    
   4  phi          4.11827e+00     fixed    
   5  R           -6.00908e+01   constant   
   6  alpha_CBO    2.67794e-03     fixed    
   7  w_CBO        2.32500e+00   constant   
   8  beta_CBO     1.93652e-03     fixed    
   9  alpha_2CBO   2.86172e-04     fixed    
  10  beta_2CBO   -7.05611e-04     fixed    
  11  alpha_y      2.70795e-04     fixed    
  12  w_y          1.44500e+01   constant   
  13  beta_y      -2.27262e-05   2.95301e-04   9.74216e-07   4.71847e-01
  14  alpha_vw    -6.67881e-05   2.92630e-04   9.65619e-07  -4.16309e-01
  15  w_vw         1.29000e+01   constant   
  16  beta_vw      0.00000e+00     fixed    
  17  LM          -9.88464e-04   constant   
  18  zeta_y       0.00000e+00   constant   
  19  zeta_vw      0.00000e+00   constant   
  20  T_CBO        1.00000e+03   7.34955e+02   3.52865e-02** at limit **
  21  alpha_A0    -1.23207e-03   1.43029e-03   4.65461e-06  -1.09455e-02
  22  beta_A0     -1.46224e-03   1.37434e-03   4.50650e-06   5.49938e-03
  23  alpha_phi    1.66605e-03   1.28831e-03   4.20824e-06   5.51202e-01
  24  beta_phi     4.24812e-03   1.23065e-03   4.04629e-06   4.04113e-02
 EXTERNAL ERROR MATRIX.    NDIM=  25    NPAR=  7    ERR DEF=1
  8.720e-08 -3.115e-10  6.305e-11  4.231e-09 -5.233e-09  7.492e-09 -1.241e-09 
 -3.115e-10  8.563e-08 -5.622e-11  3.942e-09  5.013e-09 -7.775e-11 -4.217e-11 
  6.305e-11 -5.622e-11  1.390e-03 -9.120e-07 -1.096e-06  1.231e-06  3.173e-06 
  4.231e-09  3.942e-09 -9.120e-07  2.046e-06  2.018e-07  2.389e-07  3.798e-08 
 -5.233e-09  5.013e-09 -1.096e-06  2.018e-07  1.889e-06  7.647e-08 -4.094e-08 
  7.492e-09 -7.775e-11  1.231e-06  2.389e-07  7.647e-08  1.660e-06 -5.387e-08 
 -1.241e-09 -4.217e-11  3.173e-06  3.798e-08 -4.094e-08 -5.387e-08  1.514e-06 
 PARAMETER  CORRELATION COEFFICIENTS  
       NO.  GLOBAL     13     14     20     21     22     23     24
       13  0.02608   1.000 -0.004  0.000  0.010 -0.013  0.020 -0.003
       14  0.01543  -0.004  1.000 -0.000  0.009  0.012 -0.000 -0.000
       20  0.08014   0.000 -0.000  1.000 -0.017 -0.021  0.026  0.069
       21  0.16613   0.010  0.009 -0.017  1.000  0.103  0.130  0.022
       22  0.11307  -0.013  0.012 -0.021  0.103  1.000  0.043 -0.024
       23  0.14254   0.020 -0.000  0.026  0.130  0.043  1.000 -0.034
       24  0.08609  -0.003 -0.000  0.069  0.022 -0.024 -0.034  1.000
