 + ++++++++++++++++++++++++++++++++++++++++++++++++++++++++++++++++++++ +
 +                                                                      +
 +           You have chose to blind your fitting according to          +
 +                omega_ref * (1 + (R +/- deltaR) *10^{-6})             +
 +                                                                      +
 + ++++++++++++++++++++++++++++++++++++++++++++++++++++++++++++++++++++ +
In main()...
reading format from /gm2data/zkhechad/run45/envelope/formats/formatB_sBin_constraintOn.txt
pBinTau 	= 0  
pBinPhi 	= 0  
constraintau 	= 1 
includeMopTerm 	= 0    
constrainMop    = 0   
Parameters after format file: pBinTau 0 pBinPhi 0 constraintau 1 includeMopTerm 0 constrainMop 0 c_e_scale 0.000000 
Opening file /gm2data/tbarrett/gm2fr/studies/run23_bunch_corrections/CorrectedFourier_Run3b.root.
reading full fit data from /gm2data/zkhechad/cboTemplates/Run4CBOTemplates/fullFits/noRF/sBin_constraintOn_cE0.0_seed0_noRF_calo4.root
windowBins = 69
fitting sliding window 770 from bin 906 at 135.026000 to bin 975 at 145.470000 (69 bins)

Reading data from /gm2data/cornell/histograms/aMethod/histogram_a_noRF.root
 **********
 **    1 **SET PRINTOUT            1
 **********
 **********
 **    2 **SET NOWARNINGS 
 **********
 PARAMETER DEFINITIONS:
    NO.   NAME         VALUE      STEP SIZE      LIMITS
     1 N0           2.96874e+06  1.00000e+02     no limits
     2 tau          6.44041e+01  constant
     3 A0           3.53299e-01  1.00000e-04     no limits
     4 phi          4.11736e+00  1.00000e-02     no limits
     5 R           -5.92716e+01  constant
     6 alpha_CBO    0.00000e+00  1.00000e-03     no limits
     7 w_CBO        2.32500e+00  constant
     8 beta_CBO     0.00000e+00  1.00000e-03     no limits
     9 alpha_2CBO   0.00000e+00  1.00000e-03     no limits
    10 beta_2CBO    0.00000e+00  1.00000e-03     no limits
    11 alpha_y      0.00000e+00  1.00000e-03     no limits
    12 w_y          1.38860e+01  constant
    13 beta_y       0.00000e+00  1.00000e-03     no limits
    14 alpha_vw     0.00000e+00  1.00000e-03     no limits
    15 w_vw         1.43404e+01  constant
    16 beta_vw      0.00000e+00  1.00000e-03     no limits
    17 LM           4.68092e-05  constant
    18 zeta_y       0.00000e+00  constant
    19 zeta_vw      0.00000e+00  constant
    20 T_CBO        1.00000e+02  1.00000e+00    0.00000e+00  1.00000e+03
    21 alpha_A0     0.00000e+00  1.00000e-03     no limits
    22 beta_A0      0.00000e+00  1.00000e-03     no limits
    23 alpha_phi    0.00000e+00  1.00000e-03     no limits
    24 beta_phi     0.00000e+00  1.00000e-03     no limits
MINUIT - FIT ONLY WIGGLE
 **********
 **    3 **FIX            5
 **********
 PARAMETER    5  IS CONSTANT.   IGNORED.
 **********
 **    4 **FIX            6
 **********
 **********
 **    5 **FIX            7
 **********
 PARAMETER    7  IS CONSTANT.   IGNORED.
 **********
 **    6 **FIX            8
 **********
 **********
 **    7 **FIX            9
 **********
 **********
 **    8 **FIX           10
 **********
 **********
 **    9 **FIX           11
 **********
 **********
 **   10 **FIX           12
 **********
 PARAMETER   12  IS CONSTANT.   IGNORED.
 **********
 **   11 **FIX           13
 **********
 **********
 **   12 **FIX           14
 **********
 **********
 **   13 **FIX           15
 **********
 PARAMETER   15  IS CONSTANT.   IGNORED.
 **********
 **   14 **FIX           16
 **********
 **********
 **   15 **MIGRAD
 **********
 FIRST CALL TO USER FUNCTION AT NEW START POINT, WITH IFLAG=4.
 START MIGRAD MINIMIZATION.  STRATEGY  1.  CONVERGENCE WHEN EDM .LT. 1.00e-04
 FCN=723.104 FROM MIGRAD    STATUS=INITIATE      437 CALLS         438 TOTAL
                     EDM= unknown      STRATEGY= 1      NO ERROR MATRIX       
  EXT PARAMETER               CURRENT GUESS       STEP         FIRST   
  NO.   NAME      VALUE            ERROR          SIZE      DERIVATIVE 
   1  N0           2.96874e+06   1.00000e+02   0.00000e+00   4.24377e-03
   2  tau          6.44041e+01   constant   
   3  A0           3.53299e-01   1.00000e-04   0.00000e+00  -1.68472e+04
   4  phi          4.11736e+00   1.00000e-02   0.00000e+00   2.13394e+04
   5  R           -5.92716e+01   constant   
   6  alpha_CBO    0.00000e+00     fixed    
   7  w_CBO        2.32500e+00   constant   
   8  beta_CBO     0.00000e+00     fixed    
   9  alpha_2CBO   0.00000e+00     fixed    
  10  beta_2CBO    0.00000e+00     fixed    
  11  alpha_y      0.00000e+00     fixed    
  12  w_y          1.38860e+01   constant   
  13  beta_y       0.00000e+00     fixed    
  14  alpha_vw     0.00000e+00     fixed    
  15  w_vw         1.43404e+01   constant   
  16  beta_vw      0.00000e+00     fixed    
  17  LM           4.68092e-05   constant   
  18  zeta_y       0.00000e+00   constant   
  19  zeta_vw      0.00000e+00   constant   
  20  T_CBO        1.00000e+02   1.00000e+00   0.00000e+00   0.00000e+00
  21  alpha_A0     0.00000e+00   1.00000e-03   0.00000e+00  -1.08262e+02
  22  beta_A0      0.00000e+00   1.00000e-03   0.00000e+00  -3.74731e+02
  23  alpha_phi    0.00000e+00   1.00000e-03   0.00000e+00  -8.47717e+02
  24  beta_phi     0.00000e+00   1.00000e-03   0.00000e+00  -4.57813e+02
 MIGRAD MINIMIZATION HAS CONVERGED.
 FCN=691.826 FROM MIGRAD    STATUS=CONVERGED    1182 CALLS        1183 TOTAL
                     EDM=1.37058e-06    STRATEGY= 1  ERROR MATRIX UNCERTAINTY   0.6 per cent
  EXT PARAMETER                                   STEP         FIRST   
  NO.   NAME      VALUE            ERROR          SIZE      DERIVATIVE 
   1  N0           2.96852e+06   3.61680e+02   2.04912e-01  -1.09530e-06
   2  tau          6.44041e+01   constant   
   3  A0           3.53444e-01   1.49347e-04  -4.13091e-08   4.46678e-01
   4  phi          4.11475e+00   4.90845e-04   2.69868e-07  -1.78772e+00
   5  R           -5.92716e+01   constant   
   6  alpha_CBO    0.00000e+00     fixed    
   7  w_CBO        2.32500e+00   constant   
   8  beta_CBO     0.00000e+00     fixed    
   9  alpha_2CBO   0.00000e+00     fixed    
  10  beta_2CBO    0.00000e+00     fixed    
  11  alpha_y      0.00000e+00     fixed    
  12  w_y          1.38860e+01   constant   
  13  beta_y       0.00000e+00     fixed    
  14  alpha_vw     0.00000e+00     fixed    
  15  w_vw         1.43404e+01   constant   
  16  beta_vw      0.00000e+00     fixed    
  17  LM           4.68092e-05   constant   
  18  zeta_y       0.00000e+00   constant   
  19  zeta_vw      0.00000e+00   constant   
  20  T_CBO        9.99924e+02   5.43324e+02   5.41939e-02  -6.57354e-05
  21  alpha_A0    -4.33863e-04   8.46270e-04  -1.20935e-06  -6.55011e-01
  22  beta_A0      9.13080e-04   8.32733e-04  -2.38845e-07  -2.01310e+00
  23  alpha_phi    6.39118e-04   7.48727e-04  -3.15888e-07  -1.17959e+00
  24  beta_phi     5.25925e-04   8.42894e-04   1.47157e-06   9.19686e-01
 EXTERNAL ERROR MATRIX.    NDIM=  25    NPAR=  8    ERR DEF=1
  1.308e+05  5.614e-03 -6.213e-03  9.384e+02 -3.588e-02 -3.676e-02 -2.698e-02  2.277e-02 
  5.614e-03  2.230e-08  3.128e-09  7.739e-05  3.798e-09 -9.969e-09  2.391e-09 -7.575e-09 
 -6.213e-03  3.128e-09  2.409e-07  3.185e-03  6.631e-08 -5.434e-08  2.427e-08 -2.469e-08 
  9.384e+02  7.739e-05  3.185e-03  5.034e+04  2.550e-02 -5.236e-02 -3.357e-02 -5.477e-02 
 -3.588e-02  3.798e-09  6.631e-08  2.550e-02  7.162e-07 -2.014e-07 -3.889e-08 -1.429e-07 
 -3.676e-02 -9.969e-09 -5.434e-08 -5.236e-02 -2.014e-07  6.934e-07 -4.190e-08  1.459e-07 
 -2.698e-02  2.391e-09  2.427e-08 -3.357e-02 -3.889e-08 -4.190e-08  5.606e-07  8.948e-08 
  2.277e-02 -7.575e-09 -2.469e-08 -5.477e-02 -1.429e-07  1.459e-07  8.948e-08  7.105e-07 
 PARAMETER  CORRELATION COEFFICIENTS  
       NO.  GLOBAL      1      3      4     20     21     22     23     24
        1  0.27585   1.000  0.104 -0.035  0.012 -0.117 -0.122 -0.100  0.075
        3  0.14756   0.104  1.000  0.043  0.002  0.030 -0.080  0.021 -0.060
        4  0.20121  -0.035  0.043  1.000  0.029  0.160 -0.133  0.066 -0.060
       20  0.41159   0.012  0.002  0.029  1.000  0.134 -0.280 -0.200 -0.290
       21  0.37608  -0.117  0.030  0.160  0.134  1.000 -0.286 -0.061 -0.200
       22  0.45482  -0.122 -0.080 -0.133 -0.280 -0.286  1.000 -0.067  0.208
       23  0.30652  -0.100  0.021  0.066 -0.200 -0.061 -0.067  1.000  0.142
       24  0.37337   0.075 -0.060 -0.060 -0.290 -0.200  0.208  0.142  1.000
MINUIT - FIT ONLY 1-CBO + wiggle
 **********
 **   16 **RES 
 **********
                   PARAMETER   16  beta_vw RESTORED TO VARIABLE.
                   PARAMETER   14  alpha_vw RESTORED TO VARIABLE.
                   PARAMETER   13  beta_y RESTORED TO VARIABLE.
                   PARAMETER   11  alpha_y RESTORED TO VARIABLE.
                   PARAMETER   10  beta_2CBO RESTORED TO VARIABLE.
                   PARAMETER    9  alpha_2CBO RESTORED TO VARIABLE.
                   PARAMETER    8  beta_CBO RESTORED TO VARIABLE.
                   PARAMETER    6  alpha_CBO RESTORED TO VARIABLE.
 **********
 **   17 **FIX            8
 **********
 **********
 **   18 **FIX            9
 **********
 **********
 **   19 **FIX           11
 **********
 **********
 **   20 **FIX           12
 **********
 PARAMETER   12  IS CONSTANT.   IGNORED.
 **********
 **   21 **FIX           14
 **********
 **********
 **   22 **FIX           15
 **********
 PARAMETER   15  IS CONSTANT.   IGNORED.
 **********
 **   23 **FIX           16
 **********
 **********
 **   24 **MIGRAD
 **********
 START MIGRAD MINIMIZATION.  STRATEGY  1.  CONVERGENCE WHEN EDM .LT. 1.00e-04
 FCN=691.826 FROM MIGRAD    STATUS=INITIATE       28 CALLS        1211 TOTAL
                     EDM= unknown      STRATEGY= 1      NO ERROR MATRIX       
  EXT PARAMETER               CURRENT GUESS       STEP         FIRST   
  NO.   NAME      VALUE            ERROR          SIZE      DERIVATIVE 
   1  N0           2.96852e+06   3.61680e+02   2.04912e-01  -1.09530e-06
   2  tau          6.44041e+01   constant   
   3  A0           3.53444e-01   1.49347e-04  -4.13091e-08   4.46676e-01
   4  phi          4.11475e+00   4.90845e-04   2.69868e-07  -1.78772e+00
   5  R           -5.92716e+01   constant   
   6  alpha_CBO    0.00000e+00   1.00000e-03   1.00000e-03   5.14501e+04
   7  w_CBO        2.32500e+00   constant   
   8  beta_CBO     0.00000e+00     fixed    
   9  alpha_2CBO   0.00000e+00     fixed    
  10  beta_2CBO    0.00000e+00   1.00000e-03   1.00000e-03   2.61107e+04
  11  alpha_y      0.00000e+00     fixed    
  12  w_y          1.38860e+01   constant   
  13  beta_y       0.00000e+00   1.00000e-03   1.00000e-03  -1.11529e+04
  14  alpha_vw     0.00000e+00     fixed    
  15  w_vw         1.43404e+01   constant   
  16  beta_vw      0.00000e+00     fixed    
  17  LM           4.68092e-05   constant   
  18  zeta_y       0.00000e+00   constant   
  19  zeta_vw      0.00000e+00   constant   
  20  T_CBO        9.99924e+02   5.43324e+02   5.41939e-02  -6.89454e-05
  21  alpha_A0    -4.33863e-04   8.46270e-04  -1.20935e-06  -6.55014e-01
  22  beta_A0      9.13080e-04   8.32733e-04  -2.38845e-07  -2.01310e+00
  23  alpha_phi    6.39118e-04   7.48727e-04  -3.15888e-07  -1.17959e+00
  24  beta_phi     5.25925e-04   8.42894e-04   1.47157e-06   9.19686e-01
 MIGRAD MINIMIZATION HAS CONVERGED.
 FCN=662.397 FROM MIGRAD    STATUS=CONVERGED     447 CALLS        1630 TOTAL
                     EDM=7.27781e-07    STRATEGY= 1  ERROR MATRIX UNCERTAINTY  33.7 per cent
  EXT PARAMETER                                   STEP         FIRST   
  NO.   NAME      VALUE            ERROR          SIZE      DERIVATIVE 
   1  N0           2.96863e+06   4.03283e+02   1.08363e+00   2.03636e-05
   2  tau          6.44041e+01   constant   
   3  A0           3.53557e-01   1.61226e-04   1.65468e-07  -1.28603e+01
   4  phi          4.11513e+00   5.04875e-04  -1.51561e-08  -7.83152e-01
   5  R           -5.92716e+01   constant   
   6  alpha_CBO   -8.92255e-04   1.89174e-04  -1.00163e-07   2.40223e+00
   7  w_CBO        2.32500e+00   constant   
   8  beta_CBO     0.00000e+00     fixed    
   9  alpha_2CBO   0.00000e+00     fixed    
  10  beta_2CBO   -4.21338e-04   1.85410e-04   2.28063e-08  -7.38270e+00
  11  alpha_y      0.00000e+00     fixed    
  12  w_y          1.38860e+01   constant   
  13  beta_y       1.74674e-04   1.81054e-04  -4.26276e-08  -5.45096e-01
  14  alpha_vw     0.00000e+00     fixed    
  15  w_vw         1.43404e+01   constant   
  16  beta_vw      0.00000e+00     fixed    
  17  LM           4.68092e-05   constant   
  18  zeta_y       0.00000e+00   constant   
  19  zeta_vw      0.00000e+00   constant   
  20  T_CBO        7.48893e+02   7.75493e+02  -2.80778e-03   6.29882e-03
  21  alpha_A0     2.48341e-04   8.81903e-04  -1.86008e-07   1.32914e-01
  22  beta_A0      1.02329e-03   8.22391e-04  -2.68844e-08  -1.45622e+00
  23  alpha_phi   -2.25472e-04   7.61276e-04  -3.77543e-07   6.63435e-01
  24  beta_phi     5.92044e-04   7.64748e-04   3.94692e-07  -2.11538e+00
 EXTERNAL ERROR MATRIX.    NDIM=  25    NPAR= 11    ERR DEF=1
  1.626e+05 
  1.375e-02  2.599e-08 
 -8.352e-03  4.982e-09  2.549e-07 
 -2.585e-03 -5.304e-09 -1.459e-08  3.579e-08 
 -2.036e-03  1.327e-09 -3.890e-10 -1.231e-09  3.438e-08 
  9.801e-04 -4.140e-10  6.849e-10  7.888e-10 -4.459e-10  3.278e-08 
 -1.905e+05 -3.415e-03  1.727e-02  3.730e-03  1.300e-02  7.936e-03  2.573e+05 
 -3.043e-02  6.689e-09  7.409e-08 -1.668e-08 -2.128e-08  2.767e-09  1.298e-02  7.778e-07 
 -9.557e-03 -1.087e-08 -5.472e-08  3.991e-09 -1.746e-08 -1.559e-09  7.118e-02 -9.163e-08  6.763e-07 
 -5.711e-02 -2.392e-09  1.020e-08  2.974e-08  1.047e-08 -2.478e-10  4.512e-02 -1.178e-08 -1.802e-08  5.795e-07 
  4.885e-02 -8.931e-09 -2.273e-08  7.794e-09 -2.022e-08  6.527e-10  8.799e-03 -4.703e-08  3.838e-08  1.930e-09  5.848e-07 
 PARAMETER  CORRELATION COEFFICIENTS  
       NO.  GLOBAL      1      3      4      6     10     13     20     21     22     23     24
        1  0.99720   1.000  0.211 -0.041 -0.034 -0.027  0.013 -0.931 -0.086 -0.029 -0.186  0.158
        3  0.93573   0.211  1.000  0.061 -0.174  0.044 -0.014 -0.042  0.047 -0.082 -0.019 -0.072
        4  0.64636  -0.041  0.061  1.000 -0.153 -0.004  0.007  0.067  0.166 -0.132  0.027 -0.059
        6  0.60990  -0.034 -0.174 -0.153  1.000 -0.035  0.023  0.039 -0.100  0.026  0.206  0.054
       10  0.90260  -0.027  0.044 -0.004 -0.035  1.000 -0.013  0.138 -0.130 -0.115  0.074 -0.143
       13  0.80794   0.013 -0.014  0.007  0.023 -0.013  1.000  0.086  0.017 -0.010 -0.002  0.005
       20  0.99711  -0.931 -0.042  0.067  0.039  0.138  0.086  1.000  0.029  0.171  0.117  0.023
       21  0.36054  -0.086  0.047  0.166 -0.100 -0.130  0.017  0.029  1.000 -0.126 -0.018 -0.070
       22  0.91013  -0.029 -0.082 -0.132  0.026 -0.115 -0.010  0.171 -0.126  1.000 -0.029  0.061
       23  0.76765  -0.186 -0.019  0.027  0.206  0.074 -0.002  0.117 -0.018 -0.029  1.000  0.003
       24  0.94038   0.158 -0.072 -0.059  0.054 -0.143  0.005  0.023 -0.070  0.061  0.003  1.000
MINUIT - FIT ONLY 2-CBO
 **********
 **   25 **RES 
 **********
                   PARAMETER   16  beta_vw RESTORED TO VARIABLE.
                   PARAMETER   14  alpha_vw RESTORED TO VARIABLE.
                   PARAMETER   11  alpha_y RESTORED TO VARIABLE.
                   PARAMETER    9  alpha_2CBO RESTORED TO VARIABLE.
                   PARAMETER    8  beta_CBO RESTORED TO VARIABLE.
 **********
 **   26 **FIX            0
 **********
 PARAMETER    0  IS UNDEFINED. IGNORED.
 **********
 **   27 **FIX            1
 **********
 **********
 **   28 **FIX            2
 **********
 PARAMETER    2  IS CONSTANT.   IGNORED.
 **********
 **   29 **FIX            3
 **********
 **********
 **   30 **FIX            4
 **********
 **********
 **   31 **FIX            5
 **********
 PARAMETER    5  IS CONSTANT.   IGNORED.
 **********
 **   32 **FIX            6
 **********
 **********
 **   33 **FIX            7
 **********
 PARAMETER    7  IS CONSTANT.   IGNORED.
 **********
 **   34 **FIX           10
 **********
 **********
 **   35 **FIX           11
 **********
 **********
 **   36 **FIX           12
 **********
 PARAMETER   12  IS CONSTANT.   IGNORED.
 **********
 **   37 **FIX           13
 **********
 **********
 **   38 **FIX           14
 **********
 **********
 **   39 **FIX           15
 **********
 PARAMETER   15  IS CONSTANT.   IGNORED.
 **********
 **   40 **FIX           16
 **********
 **********
 **   41 **MIGRAD
 **********
 START MIGRAD MINIMIZATION.  STRATEGY  1.  CONVERGENCE WHEN EDM .LT. 1.00e-04
 FCN=662.397 FROM MIGRAD    STATUS=INITIATE       18 CALLS        1648 TOTAL
                     EDM= unknown      STRATEGY= 1      NO ERROR MATRIX       
  EXT PARAMETER               CURRENT GUESS       STEP         FIRST   
  NO.   NAME      VALUE            ERROR          SIZE      DERIVATIVE 
   1  N0           2.96863e+06     fixed    
   2  tau          6.44041e+01   constant   
   3  A0           3.53557e-01     fixed    
   4  phi          4.11513e+00     fixed    
   5  R           -5.92716e+01   constant   
   6  alpha_CBO   -8.92255e-04     fixed    
   7  w_CBO        2.32500e+00   constant   
   8  beta_CBO     0.00000e+00   1.00000e-03   1.00000e-03   2.58152e+05
   9  alpha_2CBO   0.00000e+00   1.00000e-03   1.00000e-03   3.04760e+03
  10  beta_2CBO   -4.21338e-04     fixed    
  11  alpha_y      0.00000e+00     fixed    
  12  w_y          1.38860e+01   constant   
  13  beta_y       1.74674e-04     fixed    
  14  alpha_vw     0.00000e+00     fixed    
  15  w_vw         1.43404e+01   constant   
  16  beta_vw      0.00000e+00     fixed    
  17  LM           4.68092e-05   constant   
  18  zeta_y       0.00000e+00   constant   
  19  zeta_vw      0.00000e+00   constant   
  20  T_CBO        7.48893e+02   7.75493e+02  -2.80778e-03   6.30143e-03
  21  alpha_A0     2.48341e-04   8.81903e-04  -1.86008e-07   1.32931e-01
  22  beta_A0      1.02329e-03   8.22391e-04  -2.68844e-08  -1.45622e+00
  23  alpha_phi   -2.25472e-04   7.61276e-04  -3.77543e-07   6.63435e-01
  24  beta_phi     5.92044e-04   7.64748e-04   3.94692e-07  -2.11538e+00
 CALL LIMIT EXCEEDED IN MIGRAD.
 MIGRAD TERMINATED WITHOUT CONVERGENCE.
 FCN=93.1977 FROM MIGRAD    STATUS=CALL LIMIT   1153 CALLS        2783 TOTAL
                     EDM=0.0226721    STRATEGY= 1  ERROR MATRIX UNCERTAINTY  29.5 per cent
  EXT PARAMETER                APPROXIMATE        STEP         FIRST   
  NO.   NAME      VALUE            ERROR          SIZE      DERIVATIVE 
   1  N0           2.96863e+06     fixed    
   2  tau          6.44041e+01   constant   
   3  A0           3.53557e-01     fixed    
   4  phi          4.11513e+00     fixed    
   5  R           -5.92716e+01   constant   
   6  alpha_CBO   -8.92255e-04     fixed    
   7  w_CBO        2.32500e+00   constant   
   8  beta_CBO    -4.39316e-03   1.83272e-04   2.40551e-05   2.76599e+02
   9  alpha_2CBO  -3.35784e-05   1.77630e-04   1.06028e-05   3.27171e+02
  10  beta_2CBO   -4.21338e-04     fixed    
  11  alpha_y      0.00000e+00     fixed    
  12  w_y          1.38860e+01   constant   
  13  beta_y       1.74674e-04     fixed    
  14  alpha_vw     0.00000e+00     fixed    
  15  w_vw         1.43404e+01   constant   
  16  beta_vw      0.00000e+00     fixed    
  17  LM           4.68092e-05   constant   
  18  zeta_y       0.00000e+00   constant   
  19  zeta_vw      0.00000e+00   constant   
  20  T_CBO        2.07704e+01   3.88088e+00   3.66496e-03   3.88481e+01
  21  alpha_A0     3.22423e-01   3.46198e-01   4.38340e-02  -1.28715e-01
  22  beta_A0      5.89537e-01   6.31509e-01   7.99918e-02   8.64711e-01
  23  alpha_phi   -7.38134e-01   8.02578e-01  -1.01644e-01   4.30632e-01
  24  beta_phi    -2.49150e+00   2.66974e+00  -3.38113e-01   5.17573e-01
 EXTERNAL ERROR MATRIX.    NDIM=  25    NPAR=  7    ERR DEF=1
  3.359e-08 -1.139e-10  1.325e-04  1.197e-05  2.183e-05 -2.777e-05 -9.227e-05 
 -1.139e-10  3.155e-08  4.881e-05  6.330e-06  1.159e-05 -1.470e-05 -4.894e-05 
  1.325e-04  4.881e-05  1.506e+01  1.329e+00  2.425e+00 -3.081e+00 -1.025e+01 
  1.197e-05  6.330e-06  1.329e+00  1.199e-01  2.186e-01 -2.778e-01 -9.243e-01 
  2.183e-05  1.159e-05  2.425e+00  2.186e-01  3.988e-01 -5.068e-01 -1.686e+00 
 -2.777e-05 -1.470e-05 -3.081e+00 -2.778e-01 -5.068e-01  6.441e-01  2.143e+00 
 -9.227e-05 -4.894e-05 -1.025e+01 -9.243e-01 -1.686e+00  2.143e+00  7.128e+00 
ERR MATRIX APPROXIMATE
 PARAMETER  CORRELATION COEFFICIENTS  
       NO.  GLOBAL      8      9     20     21     22     23     24
        8  0.24427   1.000 -0.003  0.186  0.189  0.189 -0.189 -0.189
        9  0.28005  -0.003  1.000  0.071  0.103  0.103 -0.103 -0.103
       20  0.99020   0.186  0.071  1.000  0.989  0.989 -0.989 -0.989
       21  1.00000   0.189  0.103  0.989  1.000  1.000 -1.000 -1.000
       22  1.00000   0.189  0.103  0.989  1.000  1.000 -1.000 -1.000
       23  1.00000  -0.189 -0.103 -0.989 -1.000 -1.000  1.000  1.000
       24  1.00000  -0.189 -0.103 -0.989 -1.000 -1.000  1.000  1.000
 ERR MATRIX APPROXIMATE
MINUIT - FIT wiggle + 1-CBO + 2-CBO
 **********
 **   42 **RES 
 **********
                   PARAMETER   16  beta_vw RESTORED TO VARIABLE.
                   PARAMETER   14  alpha_vw RESTORED TO VARIABLE.
                   PARAMETER   13  beta_y RESTORED TO VARIABLE.
                   PARAMETER   11  alpha_y RESTORED TO VARIABLE.
                   PARAMETER   10  beta_2CBO RESTORED TO VARIABLE.
                   PARAMETER    6  alpha_CBO RESTORED TO VARIABLE.
                   PARAMETER    4  phi RESTORED TO VARIABLE.
                   PARAMETER    3  A0 RESTORED TO VARIABLE.
                   PARAMETER    1  N0 RESTORED TO VARIABLE.
 **********
 **   43 **FIX           10
 **********
 **********
 **   44 **FIX           11
 **********
 **********
 **   45 **FIX           12
 **********
 PARAMETER   12  IS CONSTANT.   IGNORED.
 **********
 **   46 **FIX           13
 **********
 **********
 **   47 **FIX           14
 **********
 **********
 **   48 **FIX           15
 **********
 PARAMETER   15  IS CONSTANT.   IGNORED.
 **********
 **   49 **FIX           16
 **********
 **********
 **   50 **MIGRAD
 **********
 START MIGRAD MINIMIZATION.  STRATEGY  1.  CONVERGENCE WHEN EDM .LT. 1.00e-04
 FCN=93.1977 FROM MIGRAD    STATUS=INITIATE       22 CALLS        2805 TOTAL
                     EDM= unknown      STRATEGY= 1      NO ERROR MATRIX       
  EXT PARAMETER               CURRENT GUESS       STEP         FIRST   
  NO.   NAME      VALUE            ERROR          SIZE      DERIVATIVE 
   1  N0           2.96863e+06   4.03283e+02   4.03283e+02  -3.53968e-03
   2  tau          6.44041e+01   constant   
   3  A0           3.53557e-01   1.61226e-04   1.61226e-04   1.76599e+04
   4  phi          4.11513e+00   5.04875e-04   5.04875e-04  -2.02564e+04
   5  R           -5.92716e+01   constant   
   6  alpha_CBO   -8.92255e-04   1.89174e-04   1.89174e-04  -4.99792e+03
   7  w_CBO        2.32500e+00   constant   
   8  beta_CBO    -4.39316e-03   1.83272e-04   2.40551e-05   2.76599e+02
   9  alpha_2CBO  -3.35784e-05   1.77630e-04   1.06028e-05   3.27171e+02
  10  beta_2CBO   -4.21338e-04     fixed    
  11  alpha_y      0.00000e+00     fixed    
  12  w_y          1.38860e+01   constant   
  13  beta_y       1.74674e-04     fixed    
  14  alpha_vw     0.00000e+00     fixed    
  15  w_vw         1.43404e+01   constant   
  16  beta_vw      0.00000e+00     fixed    
  17  LM           4.68092e-05   constant   
  18  zeta_y       0.00000e+00   constant   
  19  zeta_vw      0.00000e+00   constant   
  20  T_CBO        2.07704e+01   3.88088e+00   3.66496e-03  -3.88481e+01
  21  alpha_A0     3.22423e-01   3.46198e-01   4.38340e-02  -1.28715e-01
  22  beta_A0      5.89537e-01   6.31509e-01   7.99918e-02   8.64711e-01
  23  alpha_phi   -7.38134e-01   8.02578e-01  -1.01644e-01   4.30632e-01
  24  beta_phi    -2.49150e+00   2.66974e+00  -3.38113e-01   5.17573e-01
 CALL LIMIT EXCEEDED IN MIGRAD.
 MIGRAD TERMINATED WITHOUT CONVERGENCE.
 FCN=64.672 FROM MIGRAD    STATUS=CALL LIMIT   1913 CALLS        4696 TOTAL
                     EDM=4.08944e-05    STRATEGY= 1  ERROR MATRIX UNCERTAINTY   5.8 per cent
  EXT PARAMETER                APPROXIMATE        STEP         FIRST   
  NO.   NAME      VALUE            ERROR          SIZE      DERIVATIVE 
   1  N0           2.96873e+06   4.03303e+02   8.40600e-01  -3.76448e-06
   2  tau          6.44041e+01   constant   
   3  A0           3.53428e-01   1.68645e-04   1.20683e-06   2.34946e+01
   4  phi          4.11774e+00   5.19434e-04   2.42161e-06   6.74836e+00
   5  R           -5.92716e+01   constant   
   6  alpha_CBO   -9.04819e-04   1.85293e-04   4.14249e-07   5.20739e+00
   7  w_CBO        2.32500e+00   constant   
   8  beta_CBO    -4.62790e-03   1.89728e-04   8.29721e-07   2.99776e+00
   9  alpha_2CBO  -1.03060e-04   1.87794e-04  -8.84386e-09   5.96036e+00
  10  beta_2CBO   -4.21338e-04     fixed    
  11  alpha_y      0.00000e+00     fixed    
  12  w_y          1.38860e+01   constant   
  13  beta_y       1.74674e-04     fixed    
  14  alpha_vw     0.00000e+00     fixed    
  15  w_vw         1.43404e+01   constant   
  16  beta_vw      0.00000e+00     fixed    
  17  LM           4.68092e-05   constant   
  18  zeta_y       0.00000e+00   constant   
  19  zeta_vw      0.00000e+00   constant   
  20  T_CBO        1.44718e+01   4.76970e+00  -5.70948e-04  -4.45361e+00
  21  alpha_A0     1.21051e+01   3.34416e+01   5.07308e-01   2.98946e-04
  22  beta_A0      1.87340e+00   5.62103e+00  -3.77356e-02  -1.34520e-03
  23  alpha_phi   -1.09088e+01   3.03907e+01  -4.07830e-01  -7.81840e-04
  24  beta_phi    -5.05536e+01   1.54358e+02  -2.21618e+00   1.39155e-03
 EXTERNAL ERROR MATRIX.    NDIM=  25    NPAR= 11    ERR DEF=1
  1.627e+05 
  1.622e-02  2.844e-08 
 -9.610e-03  5.325e-09  2.698e-07 
 -4.376e-03 -4.927e-09 -1.185e-08  3.433e-08 
  2.124e-04  5.309e-10 -2.283e-08 -1.555e-10  3.600e-08 
 -9.555e-04 -1.374e-09 -9.193e-09 -8.492e-10  1.222e-09  3.527e-08 
 -2.299e+02 -1.808e-04  5.757e-05 -5.779e-05  1.976e-05  1.038e-05  2.276e+01 
  1.521e+03  1.428e-03  2.623e-04  4.062e-04 -2.410e-04 -2.476e-04 -1.570e+02  1.118e+03 
 -3.607e+01 -1.212e-04 -5.266e-04 -5.087e-05  2.836e-05  1.937e-04  9.456e-02 -3.224e+01  3.160e+01 
 -1.460e+03 -1.141e-03  5.660e-04 -2.842e-04  1.716e-04 -7.650e-05  1.441e+02 -9.771e+02 -1.667e+01  9.236e+02 
 -7.265e+03 -6.202e-03  9.243e-04 -1.788e-03  9.800e-04  3.117e-04  7.350e+02 -5.096e+03  2.982e+01  4.648e+03  2.383e+04 
ERR MATRIX APPROXIMATE
 PARAMETER  CORRELATION COEFFICIENTS  
       NO.  GLOBAL      1      3      4      6      8      9     20     21     22     23     24
        1  0.39048   1.000  0.238 -0.046 -0.059  0.003 -0.013 -0.119  0.113 -0.016 -0.119 -0.117
        3  0.49286   0.238  1.000  0.061 -0.158  0.017 -0.043 -0.225  0.253 -0.128 -0.223 -0.238
        4  0.34687  -0.046  0.061  1.000 -0.123 -0.232 -0.094  0.023  0.015 -0.180  0.036  0.012
        6  0.32467  -0.059 -0.158 -0.123  1.000 -0.004 -0.024 -0.065  0.066 -0.049 -0.050 -0.063
        8  0.39529   0.003  0.017 -0.232 -0.004  1.000  0.034  0.022 -0.038  0.027  0.030  0.033
        9  0.26257  -0.013 -0.043 -0.094 -0.024  0.034  1.000  0.012 -0.039  0.183 -0.013  0.011
       20  0.99949  -0.119 -0.225  0.023 -0.065  0.022  0.012  1.000 -0.984  0.004  0.994  0.998
       21  0.99891   0.113  0.253  0.015  0.066 -0.038 -0.039 -0.984  1.000 -0.172 -0.961 -0.987
       22  0.99071  -0.016 -0.128 -0.180 -0.049  0.027  0.183  0.004 -0.172  1.000 -0.098  0.034
       23  0.99972  -0.119 -0.223  0.036 -0.050  0.030 -0.013  0.994 -0.961 -0.098  1.000  0.991
       24  0.99964  -0.117 -0.238  0.012 -0.063  0.033  0.011  0.998 -0.987  0.034  0.991  1.000
 ERR MATRIX APPROXIMATE
MINUIT - FIT ONLY 1-y
 **********
 **   51 **RES 
 **********
                   PARAMETER   16  beta_vw RESTORED TO VARIABLE.
                   PARAMETER   14  alpha_vw RESTORED TO VARIABLE.
                   PARAMETER   13  beta_y RESTORED TO VARIABLE.
                   PARAMETER   11  alpha_y RESTORED TO VARIABLE.
                   PARAMETER   10  beta_2CBO RESTORED TO VARIABLE.
 **********
 **   52 **FIX            0
 **********
 PARAMETER    0  IS UNDEFINED. IGNORED.
 **********
 **   53 **FIX            1
 **********
 **********
 **   54 **FIX            2
 **********
 PARAMETER    2  IS CONSTANT.   IGNORED.
 **********
 **   55 **FIX            3
 **********
 **********
 **   56 **FIX            4
 **********
 **********
 **   57 **FIX            5
 **********
 PARAMETER    5  IS CONSTANT.   IGNORED.
 **********
 **   58 **FIX            6
 **********
 **********
 **   59 **FIX            7
 **********
 PARAMETER    7  IS CONSTANT.   IGNORED.
 **********
 **   60 **FIX            8
 **********
 **********
 **   61 **FIX            9
 **********
 **********
 **   62 **FIX           13
 **********
 **********
 **   63 **FIX           14
 **********
 **********
 **   64 **FIX           15
 **********
 PARAMETER   15  IS CONSTANT.   IGNORED.
 **********
 **   65 **FIX           16
 **********
 **********
 **   66 **MIGRAD
 **********
 START MIGRAD MINIMIZATION.  STRATEGY  1.  CONVERGENCE WHEN EDM .LT. 1.00e-04
 FCN=64.672 FROM MIGRAD    STATUS=INITIATE       16 CALLS        4712 TOTAL
                     EDM= unknown      STRATEGY= 1      NO ERROR MATRIX       
  EXT PARAMETER               CURRENT GUESS       STEP         FIRST   
  NO.   NAME      VALUE            ERROR          SIZE      DERIVATIVE 
   1  N0           2.96873e+06     fixed    
   2  tau          6.44041e+01   constant   
   3  A0           3.53428e-01     fixed    
   4  phi          4.11774e+00     fixed    
   5  R           -5.92716e+01   constant   
   6  alpha_CBO   -9.04819e-04     fixed    
   7  w_CBO        2.32500e+00   constant   
   8  beta_CBO    -4.62790e-03     fixed    
   9  alpha_2CBO  -1.03060e-04     fixed    
  10  beta_2CBO   -4.21338e-04   1.85410e-04   1.85410e-04   2.45006e+03
  11  alpha_y      0.00000e+00   1.00000e-03   1.00000e-03  -8.45442e+03
  12  w_y          1.38860e+01   constant   
  13  beta_y       1.74674e-04     fixed    
  14  alpha_vw     0.00000e+00     fixed    
  15  w_vw         1.43404e+01   constant   
  16  beta_vw      0.00000e+00     fixed    
  17  LM           4.68092e-05   constant   
  18  zeta_y       0.00000e+00   constant   
  19  zeta_vw      0.00000e+00   constant   
  20  T_CBO        1.44718e+01   4.76970e+00  -5.70948e-04  -4.45363e+00
  21  alpha_A0     1.21051e+01   3.34416e+01   5.07308e-01   2.98947e-04
  22  beta_A0      1.87340e+00   5.62103e+00  -3.77356e-02  -1.34520e-03
  23  alpha_phi   -1.09088e+01   3.03907e+01  -4.07830e-01  -7.81840e-04
  24  beta_phi    -5.05536e+01   1.54358e+02  -2.21618e+00   1.39155e-03
 MIGRAD MINIMIZATION HAS CONVERGED.
 MIGRAD WILL VERIFY CONVERGENCE AND ERROR MATRIX.
 FCN=64.0546 FROM MIGRAD    STATUS=CONVERGED     128 CALLS        4824 TOTAL
                     EDM=2.7713e-05    STRATEGY= 1      ERR MATRIX NOT POS-DEF
  EXT PARAMETER                APPROXIMATE        STEP         FIRST   
  NO.   NAME      VALUE            ERROR          SIZE      DERIVATIVE 
   1  N0           2.96873e+06     fixed    
   2  tau          6.44041e+01   constant   
   3  A0           3.53428e-01     fixed    
   4  phi          4.11774e+00     fixed    
   5  R           -5.92716e+01   constant   
   6  alpha_CBO   -9.04819e-04     fixed    
   7  w_CBO        2.32500e+00   constant   
   8  beta_CBO    -4.62790e-03     fixed    
   9  alpha_2CBO  -1.03060e-04     fixed    
  10  beta_2CBO   -4.63772e-04   1.85033e-04   7.09949e-07   1.98588e-01
  11  alpha_y      1.33789e-04   1.77624e-04   6.99957e-07   2.39108e-01
  12  w_y          1.38860e+01   constant   
  13  beta_y       1.74674e-04     fixed    
  14  alpha_vw     0.00000e+00     fixed    
  15  w_vw         1.43404e+01   constant   
  16  beta_vw      0.00000e+00     fixed    
  17  LM           4.68092e-05   constant   
  18  zeta_y       0.00000e+00   constant   
  19  zeta_vw      0.00000e+00   constant   
  20  T_CBO        1.44715e+01   4.16696e+00   8.83873e-06   1.26633e-01
  21  alpha_A0     1.26274e+01   3.52472e+01   4.03961e-02  -9.33223e-06
  22  beta_A0      1.97378e+00   1.19902e+01   4.20227e-02  -1.26931e-05
  23  alpha_phi   -1.10571e+01   3.24661e+01   3.72333e-02   2.13966e-05
  24  beta_phi    -5.04183e+01   1.39021e+02   3.67352e-02   1.42706e-05
 EXTERNAL ERROR MATRIX.    NDIM=  25    NPAR=  7    ERR DEF=1
  3.424e-08 -1.232e-10  1.161e-05 -3.929e-04 -1.877e-04  2.300e-04  1.797e-04 
 -1.232e-10  3.155e-08  4.113e-06  9.756e-06 -4.888e-05  2.956e-05  1.230e-04 
  1.161e-05  4.113e-06  1.737e+01 -1.402e+02 -2.016e+01  1.294e+02  5.781e+02 
 -3.929e-04  9.756e-06 -1.402e+02  1.242e+03  1.456e+02 -1.048e+03 -4.665e+03 
 -1.877e-04 -4.888e-05 -2.016e+01  1.456e+02  1.438e+02 -1.476e+02 -6.547e+02 
  2.300e-04  2.956e-05  1.294e+02 -1.048e+03 -1.476e+02  1.054e+03  4.311e+03 
  1.797e-04  1.230e-04  5.781e+02 -4.665e+03 -6.547e+02  4.311e+03  1.933e+04 
ERR MATRIX NOT POS-DEF
 PARAMETER  CORRELATION COEFFICIENTS  
       NO.  GLOBAL     10     11     20     21     22     23     24
       10  0.23004   1.000 -0.004  0.015 -0.060 -0.085  0.038  0.007
       11  0.03126  -0.004  1.000  0.006  0.002 -0.023  0.005  0.005
       20  0.99793   0.015  0.006  1.000 -0.954 -0.403  0.956  0.998
       21  0.95680  -0.060  0.002 -0.954  1.000  0.344 -0.916 -0.952
       22  0.45762  -0.085 -0.023 -0.403  0.344  1.000 -0.379 -0.393
       23  0.95674   0.038  0.005  0.956 -0.916 -0.379  1.000  0.955
       24  0.99775   0.007  0.005  0.998 -0.952 -0.393  0.955  1.000
 ERR MATRIX NOT POS-DEF
MINUIT - FIT ONLY 2-y
 **********
 **   67 **RES 
 **********
                   PARAMETER   16  beta_vw RESTORED TO VARIABLE.
                   PARAMETER   14  alpha_vw RESTORED TO VARIABLE.
                   PARAMETER   13  beta_y RESTORED TO VARIABLE.
                   PARAMETER    9  alpha_2CBO RESTORED TO VARIABLE.
                   PARAMETER    8  beta_CBO RESTORED TO VARIABLE.
                   PARAMETER    6  alpha_CBO RESTORED TO VARIABLE.
                   PARAMETER    4  phi RESTORED TO VARIABLE.
                   PARAMETER    3  A0 RESTORED TO VARIABLE.
                   PARAMETER    1  N0 RESTORED TO VARIABLE.
 **********
 **   68 **FIX            0
 **********
 PARAMETER    0  IS UNDEFINED. IGNORED.
 **********
 **   69 **FIX            1
 **********
 **********
 **   70 **FIX            2
 **********
 PARAMETER    2  IS CONSTANT.   IGNORED.
 **********
 **   71 **FIX            3
 **********
 **********
 **   72 **FIX            4
 **********
 **********
 **   73 **FIX            5
 **********
 PARAMETER    5  IS CONSTANT.   IGNORED.
 **********
 **   74 **FIX            6
 **********
 **********
 **   75 **FIX            7
 **********
 PARAMETER    7  IS CONSTANT.   IGNORED.
 **********
 **   76 **FIX            8
 **********
 **********
 **   77 **FIX            9
 **********
 **********
 **   78 **FIX           10
 **********
 **********
 **   79 **FIX           11
 **********
 **********
 **   80 **FIX           12
 **********
 PARAMETER   12  IS CONSTANT.   IGNORED.
 **********
 **   81 **FIX           16
 **********
 **********
 **   82 **MIGRAD
 **********
 START MIGRAD MINIMIZATION.  STRATEGY  1.  CONVERGENCE WHEN EDM .LT. 1.00e-04
 FCN=64.0546 FROM MIGRAD    STATUS=INITIATE       16 CALLS        4840 TOTAL
                     EDM= unknown      STRATEGY= 1      NO ERROR MATRIX       
  EXT PARAMETER               CURRENT GUESS       STEP         FIRST   
  NO.   NAME      VALUE            ERROR          SIZE      DERIVATIVE 
   1  N0           2.96873e+06     fixed    
   2  tau          6.44041e+01   constant   
   3  A0           3.53428e-01     fixed    
   4  phi          4.11774e+00     fixed    
   5  R           -5.92716e+01   constant   
   6  alpha_CBO   -9.04819e-04     fixed    
   7  w_CBO        2.32500e+00   constant   
   8  beta_CBO    -4.62790e-03     fixed    
   9  alpha_2CBO  -1.03060e-04     fixed    
  10  beta_2CBO   -4.63772e-04     fixed    
  11  alpha_y      1.33789e-04     fixed    
  12  w_y          1.38860e+01   constant   
  13  beta_y       1.74674e-04   1.81054e-04   1.81054e-04  -2.82590e+03
  14  alpha_vw     0.00000e+00   1.00000e-03   1.00000e-03  -2.29731e+04
  15  w_vw         1.43404e+01   constant   
  16  beta_vw      0.00000e+00     fixed    
  17  LM           4.68092e-05   constant   
  18  zeta_y       0.00000e+00   constant   
  19  zeta_vw      0.00000e+00   constant   
  20  T_CBO        1.44715e+01   4.16696e+00   8.83873e-06   1.27612e-01
  21  alpha_A0     1.26274e+01   3.52472e+01   4.03961e-02  -9.33467e-06
  22  beta_A0      1.97378e+00   1.19902e+01   4.20227e-02  -1.26882e-05
  23  alpha_phi   -1.10571e+01   3.24661e+01   3.72333e-02   2.13964e-05
  24  beta_phi    -5.04183e+01   1.39021e+02   3.67352e-02   1.42705e-05
 MIGRAD MINIMIZATION HAS CONVERGED.
 MIGRAD WILL VERIFY CONVERGENCE AND ERROR MATRIX.
 FCN=59.1545 FROM HESSE     STATUS=NOT POSDEF     50 CALLS        4954 TOTAL
                     EDM=0.000276471    STRATEGY= 1      ERR MATRIX NOT POS-DEF
  EXT PARAMETER                APPROXIMATE        STEP         FIRST   
  NO.   NAME      VALUE            ERROR          SIZE      DERIVATIVE 
   1  N0           2.96873e+06     fixed    
   2  tau          6.44041e+01   constant   
   3  A0           3.53428e-01     fixed    
   4  phi          4.11774e+00     fixed    
   5  R           -5.92716e+01   constant   
   6  alpha_CBO   -9.04819e-04     fixed    
   7  w_CBO        2.32500e+00   constant   
   8  beta_CBO    -4.62790e-03     fixed    
   9  alpha_2CBO  -1.03060e-04     fixed    
  10  beta_2CBO   -4.63772e-04     fixed    
  11  alpha_y      1.33789e-04     fixed    
  12  w_y          1.38860e+01   constant   
  13  beta_y       3.26781e-04   1.86439e-04   6.82481e-07  -4.96899e-01
  14  alpha_vw     4.07881e-04   1.85277e-04   6.78231e-07   6.18222e-02
  15  w_vw         1.43404e+01   constant   
  16  beta_vw      0.00000e+00     fixed    
  17  LM           4.68092e-05   constant   
  18  zeta_y       0.00000e+00   constant   
  19  zeta_vw      0.00000e+00   constant   
  20  T_CBO        1.44704e+01   4.16894e+00   8.50524e-06  -2.39271e-01
  21  alpha_A0     1.35653e+01   3.77616e+01   3.88744e-02  -2.53887e-05
  22  beta_A0      2.00372e+00   1.19555e+01   4.04397e-02   2.44848e-05
  23  alpha_phi   -1.12758e+01   3.30602e+01   3.58312e-02   1.38734e-05
  24  beta_phi    -5.01726e+01   1.38448e+02   3.53513e-02   2.91367e-04
 MIGRAD MINIMIZATION HAS CONVERGED.
 MIGRAD WILL VERIFY CONVERGENCE AND ERROR MATRIX.
 COVARIANCE MATRIX CALCULATED SUCCESSFULLY
 FCN=59.1518 FROM MIGRAD    STATUS=CONVERGED     412 CALLS        5236 TOTAL
                     EDM=4.82449e-05    STRATEGY= 1      ERROR MATRIX ACCURATE 
  EXT PARAMETER                                   STEP         FIRST   
  NO.   NAME      VALUE            ERROR          SIZE      DERIVATIVE 
   1  N0           2.96873e+06     fixed    
   2  tau          6.44041e+01   constant   
   3  A0           3.53428e-01     fixed    
   4  phi          4.11774e+00     fixed    
   5  R           -5.92716e+01   constant   
   6  alpha_CBO   -9.04819e-04     fixed    
   7  w_CBO        2.32500e+00   constant   
   8  beta_CBO    -4.62790e-03     fixed    
   9  alpha_2CBO  -1.03060e-04     fixed    
  10  beta_2CBO   -4.63772e-04     fixed    
  11  alpha_y      1.33789e-04     fixed    
  12  w_y          1.38860e+01   constant   
  13  beta_y       3.26917e-04   1.86768e-04   6.82466e-07  -1.83984e-01
  14  alpha_vw     4.08048e-04   1.85668e-04   6.78215e-07  -7.82152e-02
  15  w_vw         1.43404e+01   constant   
  16  beta_vw      0.00000e+00     fixed    
  17  LM           4.68092e-05   constant   
  18  zeta_y       0.00000e+00   constant   
  19  zeta_vw      0.00000e+00   constant   
