 + ++++++++++++++++++++++++++++++++++++++++++++++++++++++++++++++++++++ +
 +                                                                      +
 +           You have chose to blind your fitting according to          +
 +                omega_ref * (1 + (R +/- deltaR) *10^{-6})             +
 +                                                                      +
 + ++++++++++++++++++++++++++++++++++++++++++++++++++++++++++++++++++++ +
In main()...
reading format from /gm2data/zkhechad/run45/envelope/formats/formatB_sBin_constraintOn.txt
pBinTau 	= 0  
pBinPhi 	= 0  
constraintau 	= 1 
includeMopTerm 	= 0    
constrainMop    = 0   
Parameters after format file: pBinTau 0 pBinPhi 0 constraintau 1 includeMopTerm 0 constrainMop 0 c_e_scale 0.000000 
Opening file /gm2data/tbarrett/gm2fr/studies/run23_bunch_corrections/CorrectedFourier_Run3b.root.
reading full fit data from /gm2data/zkhechad/cboTemplates/Run4CBOTemplates/fullFits/noRF/sBin_constraintOn_cE0.0_seed0_noRF_calo10.root
windowBins = 69
fitting sliding window 2310 from bin 2446 at 364.794000 to bin 2515 at 375.238000 (69 bins)

Reading data from /gm2data/cornell/histograms/aMethod/histogram_a_noRF.root
 **********
 **    1 **SET PRINTOUT            1
 **********
 **********
 **    2 **SET NOWARNINGS 
 **********
 PARAMETER DEFINITIONS:
    NO.   NAME         VALUE      STEP SIZE      LIMITS
     1 N0           3.07359e+06  1.00000e+02     no limits
     2 tau          6.44052e+01  constant
     3 A0           3.48563e-01  1.00000e-04     no limits
     4 phi          4.11545e+00  1.00000e-02     no limits
     5 R           -6.12271e+01  constant
     6 alpha_CBO    0.00000e+00  1.00000e-03     no limits
     7 w_CBO        2.32500e+00  constant
     8 beta_CBO     0.00000e+00  1.00000e-03     no limits
     9 alpha_2CBO   0.00000e+00  1.00000e-03     no limits
    10 beta_2CBO    0.00000e+00  1.00000e-03     no limits
    11 alpha_y      0.00000e+00  1.00000e-03     no limits
    12 w_y          1.38860e+01  constant
    13 beta_y       0.00000e+00  1.00000e-03     no limits
    14 alpha_vw     0.00000e+00  1.00000e-03     no limits
    15 w_vw         1.43404e+01  constant
    16 beta_vw      0.00000e+00  1.00000e-03     no limits
    17 LM           5.13638e-05  constant
    18 zeta_y       0.00000e+00  constant
    19 zeta_vw      0.00000e+00  constant
    20 T_CBO        1.00000e+02  1.00000e+00    0.00000e+00  1.00000e+03
    21 alpha_A0     0.00000e+00  1.00000e-04   -1.00000e-02  1.00000e-02
    22 beta_A0      0.00000e+00  1.00000e-04   -1.00000e-02  1.00000e-02
    23 alpha_phi    0.00000e+00  1.00000e-04   -1.00000e-02  1.00000e-02
    24 beta_phi     0.00000e+00  1.00000e-04   -1.00000e-02  1.00000e-02
MINUIT - FIT ONLY WIGGLE
 **********
 **    3 **FIX            5
 **********
 PARAMETER    5  IS CONSTANT.   IGNORED.
 **********
 **    4 **FIX            6
 **********
 **********
 **    5 **FIX            7
 **********
 PARAMETER    7  IS CONSTANT.   IGNORED.
 **********
 **    6 **FIX            8
 **********
 **********
 **    7 **FIX            9
 **********
 **********
 **    8 **FIX           10
 **********
 **********
 **    9 **FIX           11
 **********
 **********
 **   10 **FIX           12
 **********
 PARAMETER   12  IS CONSTANT.   IGNORED.
 **********
 **   11 **FIX           13
 **********
 **********
 **   12 **FIX           14
 **********
 **********
 **   13 **FIX           15
 **********
 PARAMETER   15  IS CONSTANT.   IGNORED.
 **********
 **   14 **FIX           16
 **********
 **********
 **   15 **MIGRAD
 **********
 FIRST CALL TO USER FUNCTION AT NEW START POINT, WITH IFLAG=4.
 START MIGRAD MINIMIZATION.  STRATEGY  1.  CONVERGENCE WHEN EDM .LT. 1.00e-04
 FCN=77.0065 FROM MIGRAD    STATUS=INITIATE      437 CALLS         438 TOTAL
                     EDM= unknown      STRATEGY= 1      NO ERROR MATRIX       
  EXT PARAMETER               CURRENT GUESS       STEP         FIRST   
  NO.   NAME      VALUE            ERROR          SIZE      DERIVATIVE 
   1  N0           3.07359e+06   1.00000e+02   0.00000e+00   5.96386e-04
   2  tau          6.44052e+01   constant   
   3  A0           3.48563e-01   1.00000e-04   0.00000e+00   2.20554e+03
   4  phi          4.11545e+00   1.00000e-02   0.00000e+00   8.70542e+02
   5  R           -6.12271e+01   constant   
   6  alpha_CBO    0.00000e+00     fixed    
   7  w_CBO        2.32500e+00   constant   
   8  beta_CBO     0.00000e+00     fixed    
   9  alpha_2CBO   0.00000e+00     fixed    
  10  beta_2CBO    0.00000e+00     fixed    
  11  alpha_y      0.00000e+00     fixed    
  12  w_y          1.38860e+01   constant   
  13  beta_y       0.00000e+00     fixed    
  14  alpha_vw     0.00000e+00     fixed    
  15  w_vw         1.43404e+01   constant   
  16  beta_vw      0.00000e+00     fixed    
  17  LM           5.13638e-05   constant   
  18  zeta_y       0.00000e+00   constant   
  19  zeta_vw      0.00000e+00   constant   
  20  T_CBO        1.00000e+02   1.00000e+00   0.00000e+00   0.00000e+00
  21  alpha_A0     0.00000e+00   1.00000e-04   0.00000e+00   2.77883e-01
  22  beta_A0      0.00000e+00   1.00000e-04   0.00000e+00  -4.00884e-02
  23  alpha_phi    0.00000e+00   1.00000e-04   0.00000e+00   2.58577e-02
  24  beta_phi     0.00000e+00   1.00000e-04   0.00000e+00   1.12570e-01
 MIGRAD MINIMIZATION HAS CONVERGED.
 FCN=67.4799 FROM MIGRAD    STATUS=CONVERGED     847 CALLS         848 TOTAL
                     EDM=2.48238e-07    STRATEGY= 1  ERROR MATRIX UNCERTAINTY   0.5 per cent
  EXT PARAMETER                                   STEP         FIRST   
  NO.   NAME      VALUE            ERROR          SIZE      DERIVATIVE 
   1  N0           3.07227e+06   2.17734e+03   2.22589e+00  -4.86529e-08
   2  tau          6.44052e+01   constant   
   3  A0           3.47681e-01   9.92550e-04  -2.87093e-06   1.06199e-01
   4  phi          4.11132e+00   2.94430e-03  -3.68272e-07   2.13248e-01
   5  R           -6.12271e+01   constant   
   6  alpha_CBO    0.00000e+00     fixed    
   7  w_CBO        2.32500e+00   constant   
   8  beta_CBO     0.00000e+00     fixed    
   9  alpha_2CBO   0.00000e+00     fixed    
  10  beta_2CBO    0.00000e+00     fixed    
  11  alpha_y      0.00000e+00     fixed    
  12  w_y          1.38860e+01   constant   
  13  beta_y       0.00000e+00     fixed    
  14  alpha_vw     0.00000e+00     fixed    
  15  w_vw         1.43404e+01   constant   
  16  beta_vw      0.00000e+00     fixed    
  17  LM           5.13638e-05   constant   
  18  zeta_y       0.00000e+00   constant   
  19  zeta_vw      0.00000e+00   constant   
  20  T_CBO        1.00000e+03   8.25640e+02   6.38490e-03** at limit **
  21  alpha_A0    -1.00000e-02   2.55749e-03  -1.41371e-03** at limit **
  22  beta_A0      2.61624e-03   5.71379e-03   2.72271e-04  -2.18890e-04
  23  alpha_phi    4.06471e-04   5.42286e-03  -8.04673e-04   9.17974e-05
  24  beta_phi    -5.32499e-03   5.75137e-03  -3.58583e-04  -7.66946e-04
 EXTERNAL ERROR MATRIX.    NDIM=  25    NPAR=  8    ERR DEF=1
  4.741e+06 -1.789e-01 -7.141e-01 -5.930e+00 -4.613e-04 -9.902e-01 -6.647e-01  3.273e+00 
 -1.789e-01  9.852e-07 -7.635e-08  1.591e-06  1.154e-10 -1.005e-07 -4.008e-08 -1.023e-06 
 -7.141e-01 -7.635e-08  8.669e-06  1.288e-05  2.288e-10  1.429e-06  2.180e-06 -1.454e-07 
 -5.930e+00  1.591e-06  1.288e-05  2.049e-02 -4.334e-09 -3.099e-06  9.198e-06 -3.451e-05 
 -4.613e-04  1.154e-10  2.288e-10 -4.334e-09  2.352e-12  2.606e-11  4.103e-11 -5.505e-10 
 -9.902e-01 -1.005e-07  1.429e-06 -3.099e-06  2.606e-11  3.739e-05 -1.313e-06  6.049e-07 
 -6.647e-01 -4.008e-08  2.180e-06  9.198e-06  4.103e-11 -1.313e-06  3.286e-05 -9.201e-07 
  3.273e+00 -1.023e-06 -1.454e-07 -3.451e-05 -5.505e-10  6.049e-07 -9.201e-07  3.998e-05 
 PARAMETER  CORRELATION COEFFICIENTS  
       NO.  GLOBAL      1      3      4     20     21     22     23     24
        1  0.30126   1.000 -0.083 -0.111 -0.019 -0.138 -0.074 -0.053  0.238
        3  0.18426  -0.083  1.000 -0.026  0.011  0.076 -0.017 -0.007 -0.163
        4  0.19256  -0.111 -0.026  1.000  0.031  0.051  0.079  0.129 -0.008
       20  0.05602  -0.019  0.011  0.031  1.000 -0.020 -0.004  0.011 -0.038
       21  0.16020  -0.138  0.076  0.051 -0.020  1.000  0.003  0.005 -0.057
       22  0.12091  -0.074 -0.017  0.079 -0.004  0.003  1.000 -0.037  0.016
       23  0.14543  -0.053 -0.007  0.129  0.011  0.005 -0.037  1.000 -0.025
       24  0.28237   0.238 -0.163 -0.008 -0.038 -0.057  0.016 -0.025  1.000
MINUIT - FIT ONLY 1-CBO + wiggle
 **********
 **   16 **RES 
 **********
                   PARAMETER   16  beta_vw RESTORED TO VARIABLE.
                   PARAMETER   14  alpha_vw RESTORED TO VARIABLE.
                   PARAMETER   13  beta_y RESTORED TO VARIABLE.
                   PARAMETER   11  alpha_y RESTORED TO VARIABLE.
                   PARAMETER   10  beta_2CBO RESTORED TO VARIABLE.
                   PARAMETER    9  alpha_2CBO RESTORED TO VARIABLE.
                   PARAMETER    8  beta_CBO RESTORED TO VARIABLE.
                   PARAMETER    6  alpha_CBO RESTORED TO VARIABLE.
 **********
 **   17 **FIX            8
 **********
 **********
 **   18 **FIX            9
 **********
 **********
 **   19 **FIX           11
 **********
 **********
 **   20 **FIX           12
 **********
 PARAMETER   12  IS CONSTANT.   IGNORED.
 **********
 **   21 **FIX           14
 **********
 **********
 **   22 **FIX           15
 **********
 PARAMETER   15  IS CONSTANT.   IGNORED.
 **********
 **   23 **FIX           16
 **********
 **********
 **   24 **MIGRAD
 **********
 START MIGRAD MINIMIZATION.  STRATEGY  1.  CONVERGENCE WHEN EDM .LT. 1.00e-04
 FCN=67.4799 FROM MIGRAD    STATUS=INITIATE       28 CALLS         876 TOTAL
                     EDM= unknown      STRATEGY= 1      NO ERROR MATRIX       
  EXT PARAMETER               CURRENT GUESS       STEP         FIRST   
  NO.   NAME      VALUE            ERROR          SIZE      DERIVATIVE 
   1  N0           3.07227e+06   2.17734e+03   2.22589e+00  -4.92657e-08
   2  tau          6.44052e+01   constant   
   3  A0           3.47681e-01   9.92550e-04  -2.87093e-06   1.07094e-01
   4  phi          4.11132e+00   2.94430e-03  -3.68272e-07   2.13091e-01
   5  R           -6.12271e+01   constant   
   6  alpha_CBO    0.00000e+00   1.00000e-03   1.00000e-03  -3.15713e+03
   7  w_CBO        2.32500e+00   constant   
   8  beta_CBO     0.00000e+00     fixed    
   9  alpha_2CBO   0.00000e+00     fixed    
  10  beta_2CBO    0.00000e+00   1.00000e-03   1.00000e-03  -3.27182e+03
  11  alpha_y      0.00000e+00     fixed    
  12  w_y          1.38860e+01   constant   
  13  beta_y       0.00000e+00   1.00000e-03   1.00000e-03  -1.20354e+03
  14  alpha_vw     0.00000e+00     fixed    
  15  w_vw         1.43404e+01   constant   
  16  beta_vw      0.00000e+00     fixed    
  17  LM           5.13638e-05   constant   
  18  zeta_y       0.00000e+00   constant   
  19  zeta_vw      0.00000e+00   constant   
  20  T_CBO        9.99999e+02   8.25640e+02   6.38490e-03  -1.10463e-03
  21  alpha_A0    -9.99998e-03   2.55749e-03  -1.41371e-03   5.99023e-03
  22  beta_A0      2.61624e-03   5.71379e-03   2.72271e-04   2.18955e-04
  23  alpha_phi    4.06471e-04   5.42286e-03  -8.04673e-04  -9.12368e-05
  24  beta_phi    -5.32499e-03   5.75137e-03  -3.58583e-04   7.68276e-04
 MIGRAD MINIMIZATION HAS CONVERGED.
 MIGRAD WILL VERIFY CONVERGENCE AND ERROR MATRIX.
 COVARIANCE MATRIX CALCULATED SUCCESSFULLY
 FCN=61.6937 FROM MIGRAD    STATUS=CONVERGED     224 CALLS        1072 TOTAL
                     EDM=1.47366e-05    STRATEGY= 1      ERROR MATRIX ACCURATE 
  EXT PARAMETER                                   STEP         FIRST   
  NO.   NAME      VALUE            ERROR          SIZE      DERIVATIVE 
   1  N0           3.07218e+06   2.33339e+03   8.07863e+00   9.01889e-07
   2  tau          6.44052e+01   constant   
   3  A0           3.47647e-01   1.00510e-03   3.82700e-06  -1.08801e+00
   4  phi          4.11243e+00   3.13348e-03   1.16053e-05  -4.21017e-02
   5  R           -6.12271e+01   constant   
   6  alpha_CBO    1.64076e-03   1.06786e-03   3.99310e-06  -1.01810e+00
   7  w_CBO        2.32500e+00   constant   
   8  beta_CBO     0.00000e+00     fixed    
   9  alpha_2CBO   0.00000e+00     fixed    
  10  beta_2CBO    1.71931e-03   1.07192e-03   4.01425e-06   2.52876e+00
  11  alpha_y      0.00000e+00     fixed    
  12  w_y          1.38860e+01   constant   
  13  beta_y       6.37630e-04   1.02721e-03   3.96904e-06  -2.66737e+00
  14  alpha_vw     0.00000e+00     fixed    
  15  w_vw         1.43404e+01   constant   
  16  beta_vw      0.00000e+00     fixed    
  17  LM           5.13638e-05   constant   
  18  zeta_y       0.00000e+00   constant   
  19  zeta_vw      0.00000e+00   constant   
  20  T_CBO        1.00000e+03   8.31527e+02   7.38416e-03** at limit **
  21  alpha_A0    -1.00000e-02   3.13805e-03   3.15112e-03** at limit **
  22  beta_A0      3.82133e-03   5.63693e-03   2.49036e-03  -1.73059e-03
  23  alpha_phi   -2.07004e-03   5.49200e-03   2.24358e-03   3.69829e-03
  24  beta_phi    -5.23021e-03   5.68869e-03   2.72976e-03  -1.89176e-03
 EXTERNAL ERROR MATRIX.    NDIM=  25    NPAR= 11    ERR DEF=1
  5.445e+06 
 -2.138e-01  1.010e-06 
 -7.423e-01 -6.486e-08  9.819e-06 
  9.456e-02  2.141e-08  7.309e-07  1.140e-06 
 -1.566e-01 -3.846e-08 -5.409e-08 -9.997e-08  1.149e-06 
  8.962e-04 -6.113e-09  6.907e-08  8.334e-09 -5.547e-09  1.055e-06 
  4.771e-03 -1.530e-09  1.002e-09 -4.999e-10  5.492e-10  1.238e-10  1.875e-05 
  3.716e-08 -1.201e-14  8.040e-15 -3.988e-15  4.153e-15  9.714e-16 -2.924e-16  1.164e-15 
  1.179e+00  1.115e-08 -1.670e-06 -2.104e-07  9.977e-07 -1.585e-07  2.081e-08 -9.460e-15  3.675e-05 
  6.704e-01  1.110e-07 -2.644e-06 -5.345e-07 -9.848e-07 -4.968e-08 -1.470e-08 -2.153e-14 -1.742e-06  3.400e-05 
 -3.337e+00  9.293e-07  6.396e-07 -2.220e-07  2.628e-07  4.592e-08 -3.541e-08 -4.855e-14 -1.175e-06 -7.713e-07  3.879e-05 
 PARAMETER  CORRELATION COEFFICIENTS  
       NO.  GLOBAL      1      3      4      6     10     13     20     21     22     23     24
        1  0.27949   1.000 -0.091 -0.102  0.038 -0.063  0.000  0.000  0.000  0.083  0.049 -0.230
        3  0.17341  -0.091  1.000 -0.021  0.020 -0.036 -0.006 -0.000 -0.000  0.002  0.019  0.148
        4  0.28691  -0.102 -0.021  1.000  0.218 -0.016  0.021  0.000  0.000 -0.088 -0.145  0.033
        6  0.25403   0.038  0.020  0.218  1.000 -0.087  0.008 -0.000 -0.000 -0.033 -0.086 -0.033
       10  0.24849  -0.063 -0.036 -0.016 -0.087  1.000 -0.005  0.000  0.000  0.154 -0.158  0.039
       13  0.03435   0.000 -0.006  0.021  0.008 -0.005  1.000  0.000  0.000 -0.025 -0.008  0.007
       20  0.00165   0.000 -0.000  0.000 -0.000  0.000  0.000  1.000 -0.000  0.001 -0.001 -0.001
       21  0.00063   0.000 -0.000  0.000 -0.000  0.000  0.000 -0.000  1.000 -0.000 -0.000 -0.000
       22  0.20217   0.083  0.002 -0.088 -0.033  0.154 -0.025  0.001 -0.000  1.000 -0.049 -0.031
       23  0.23278   0.049  0.019 -0.145 -0.086 -0.158 -0.008 -0.001 -0.000 -0.049  1.000 -0.021
       24  0.26749  -0.230  0.148  0.033 -0.033  0.039  0.007 -0.001 -0.000 -0.031 -0.021  1.000
MINUIT - FIT ONLY 2-CBO
 **********
 **   25 **RES 
 **********
                   PARAMETER   16  beta_vw RESTORED TO VARIABLE.
                   PARAMETER   14  alpha_vw RESTORED TO VARIABLE.
                   PARAMETER   11  alpha_y RESTORED TO VARIABLE.
                   PARAMETER    9  alpha_2CBO RESTORED TO VARIABLE.
                   PARAMETER    8  beta_CBO RESTORED TO VARIABLE.
 **********
 **   26 **FIX            0
 **********
 PARAMETER    0  IS UNDEFINED. IGNORED.
 **********
 **   27 **FIX            1
 **********
 **********
 **   28 **FIX            2
 **********
 PARAMETER    2  IS CONSTANT.   IGNORED.
 **********
 **   29 **FIX            3
 **********
 **********
 **   30 **FIX            4
 **********
 **********
 **   31 **FIX            5
 **********
 PARAMETER    5  IS CONSTANT.   IGNORED.
 **********
 **   32 **FIX            6
 **********
 **********
 **   33 **FIX            7
 **********
 PARAMETER    7  IS CONSTANT.   IGNORED.
 **********
 **   34 **FIX           10
 **********
 **********
 **   35 **FIX           11
 **********
 **********
 **   36 **FIX           12
 **********
 PARAMETER   12  IS CONSTANT.   IGNORED.
 **********
 **   37 **FIX           13
 **********
 **********
 **   38 **FIX           14
 **********
 **********
 **   39 **FIX           15
 **********
 PARAMETER   15  IS CONSTANT.   IGNORED.
 **********
 **   40 **FIX           16
 **********
 **********
 **   41 **MIGRAD
 **********
 START MIGRAD MINIMIZATION.  STRATEGY  1.  CONVERGENCE WHEN EDM .LT. 1.00e-04
 FCN=61.6937 FROM MIGRAD    STATUS=INITIATE       18 CALLS        1090 TOTAL
                     EDM= unknown      STRATEGY= 1      NO ERROR MATRIX       
  EXT PARAMETER               CURRENT GUESS       STEP         FIRST   
  NO.   NAME      VALUE            ERROR          SIZE      DERIVATIVE 
   1  N0           3.07218e+06     fixed    
   2  tau          6.44052e+01   constant   
   3  A0           3.47647e-01     fixed    
   4  phi          4.11243e+00     fixed    
   5  R           -6.12271e+01   constant   
   6  alpha_CBO    1.64076e-03     fixed    
   7  w_CBO        2.32500e+00   constant   
   8  beta_CBO     0.00000e+00   1.00000e-03   1.00000e-03   1.60102e+03
   9  alpha_2CBO   0.00000e+00   1.00000e-03   1.00000e-03   3.79720e+03
  10  beta_2CBO    1.71931e-03     fixed    
  11  alpha_y      0.00000e+00     fixed    
  12  w_y          1.38860e+01   constant   
  13  beta_y       6.37630e-04     fixed    
  14  alpha_vw     0.00000e+00     fixed    
  15  w_vw         1.43404e+01   constant   
  16  beta_vw      0.00000e+00     fixed    
  17  LM           5.13638e-05   constant   
  18  zeta_y       0.00000e+00   constant   
  19  zeta_vw      0.00000e+00   constant   
  20  T_CBO        9.99999e+02   8.31527e+02   7.38416e-03  -1.07871e-03
  21  alpha_A0    -9.99998e-03   3.13805e-03   3.15112e-03   5.88744e-03
  22  beta_A0      3.82133e-03   5.63693e-03   2.49036e-03  -1.73663e-03
  23  alpha_phi   -2.07004e-03   5.49200e-03   2.24358e-03   3.70239e-03
  24  beta_phi    -5.23021e-03   5.68869e-03   2.72976e-03  -1.88160e-03
 MIGRAD MINIMIZATION HAS CONVERGED.
 MIGRAD WILL VERIFY CONVERGENCE AND ERROR MATRIX.
 COVARIANCE MATRIX CALCULATED SUCCESSFULLY
 FCN=57.0232 FROM MIGRAD    STATUS=CONVERGED     120 CALLS        1192 TOTAL
                     EDM=8.56813e-06    STRATEGY= 1      ERROR MATRIX ACCURATE 
  EXT PARAMETER                                   STEP         FIRST   
  NO.   NAME      VALUE            ERROR          SIZE      DERIVATIVE 
   1  N0           3.07218e+06     fixed    
   2  tau          6.44052e+01   constant   
   3  A0           3.47647e-01     fixed    
   4  phi          4.11243e+00     fixed    
   5  R           -6.12271e+01   constant   
   6  alpha_CBO    1.64076e-03     fixed    
   7  w_CBO        2.32500e+00   constant   
   8  beta_CBO    -9.33022e-04   1.04003e-03   3.83065e-06  -2.56903e+00
   9  alpha_2CBO  -2.06661e-03   1.03654e-03   3.81072e-06   1.41134e+00
  10  beta_2CBO    1.71931e-03     fixed    
  11  alpha_y      0.00000e+00     fixed    
  12  w_y          1.38860e+01   constant   
  13  beta_y       6.37630e-04     fixed    
  14  alpha_vw     0.00000e+00     fixed    
  15  w_vw         1.43404e+01   constant   
  16  beta_vw      0.00000e+00     fixed    
  17  LM           5.13638e-05   constant   
  18  zeta_y       0.00000e+00   constant   
  19  zeta_vw      0.00000e+00   constant   
  20  T_CBO        1.00000e+03   7.74369e+02   6.15760e-03** at limit **
  21  alpha_A0    -1.00000e-02   2.44314e-03   2.65634e-03** at limit **
  22  beta_A0      5.23117e-03   5.51077e-03   2.55807e-03  -1.08175e-04
  23  alpha_phi   -2.15481e-03   5.36910e-03   2.16018e-03   4.57803e-03
  24  beta_phi    -6.51569e-03   5.43571e-03   2.90298e-03  -1.42550e-03
 EXTERNAL ERROR MATRIX.    NDIM=  25    NPAR=  7    ERR DEF=1
  1.082e-06  3.466e-08  1.084e-13  1.058e-16 -7.423e-07 -1.370e-07 -3.470e-07 
  3.466e-08  1.074e-06  7.770e-12  3.616e-15 -4.281e-07  1.032e-07  8.269e-07 
  1.084e-13  7.770e-12  1.216e-09  5.303e-19  1.590e-10 -8.686e-11 -2.235e-10 
  1.058e-16  3.616e-15  5.303e-19  2.612e-16 -8.126e-15 -6.401e-15 -4.020e-15 
 -7.423e-07 -4.281e-07  1.590e-10 -8.126e-15  3.591e-05 -1.380e-06 -7.606e-07 
 -1.370e-07  1.032e-07 -8.686e-11 -6.401e-15 -1.380e-06  3.232e-05 -1.727e-07 
 -3.470e-07  8.269e-07 -2.235e-10 -4.020e-15 -7.606e-07 -1.727e-07  3.672e-05 
 PARAMETER  CORRELATION COEFFICIENTS  
       NO.  GLOBAL      8      9     20     21     22     23     24
        8  0.13908   1.000  0.032  0.000  0.000 -0.119 -0.023 -0.055
        9  0.15161   0.032  1.000  0.000  0.000 -0.069  0.018  0.132
       20  0.00142   0.000  0.000  1.000  0.000  0.001 -0.000 -0.001
       21  0.00025   0.000  0.000  0.000  1.000 -0.000 -0.000 -0.000
       22  0.14345  -0.119 -0.069  0.001 -0.000  1.000 -0.041 -0.021
       23  0.05262  -0.023  0.018 -0.000 -0.000 -0.041  1.000 -0.005
       24  0.14595  -0.055  0.132 -0.001 -0.000 -0.021 -0.005  1.000
MINUIT - FIT wiggle + 1-CBO + 2-CBO
 **********
 **   42 **RES 
 **********
                   PARAMETER   16  beta_vw RESTORED TO VARIABLE.
                   PARAMETER   14  alpha_vw RESTORED TO VARIABLE.
                   PARAMETER   13  beta_y RESTORED TO VARIABLE.
                   PARAMETER   11  alpha_y RESTORED TO VARIABLE.
                   PARAMETER   10  beta_2CBO RESTORED TO VARIABLE.
                   PARAMETER    6  alpha_CBO RESTORED TO VARIABLE.
                   PARAMETER    4  phi RESTORED TO VARIABLE.
                   PARAMETER    3  A0 RESTORED TO VARIABLE.
                   PARAMETER    1  N0 RESTORED TO VARIABLE.
 **********
 **   43 **FIX           10
 **********
 **********
 **   44 **FIX           11
 **********
 **********
 **   45 **FIX           12
 **********
 PARAMETER   12  IS CONSTANT.   IGNORED.
 **********
 **   46 **FIX           13
 **********
 **********
 **   47 **FIX           14
 **********
 **********
 **   48 **FIX           15
 **********
 PARAMETER   15  IS CONSTANT.   IGNORED.
 **********
 **   49 **FIX           16
 **********
 **********
 **   50 **MIGRAD
 **********
 START MIGRAD MINIMIZATION.  STRATEGY  1.  CONVERGENCE WHEN EDM .LT. 1.00e-04
 FCN=57.0232 FROM MIGRAD    STATUS=INITIATE       22 CALLS        1214 TOTAL
                     EDM= unknown      STRATEGY= 1      NO ERROR MATRIX       
  EXT PARAMETER               CURRENT GUESS       STEP         FIRST   
  NO.   NAME      VALUE            ERROR          SIZE      DERIVATIVE 
   1  N0           3.07218e+06   2.33339e+03   2.33339e+03  -1.17883e-04
   2  tau          6.44052e+01   constant   
   3  A0           3.47647e-01   1.00510e-03   1.00510e-03  -3.67032e+02
   4  phi          4.11243e+00   3.13348e-03   3.13348e-03   1.14261e+02
   5  R           -6.12271e+01   constant   
   6  alpha_CBO    1.64076e-03   1.06786e-03   1.06786e-03   1.46858e+01
   7  w_CBO        2.32500e+00   constant   
   8  beta_CBO    -9.33022e-04   1.04003e-03   3.83065e-06  -2.56898e+00
   9  alpha_2CBO  -2.06661e-03   1.03654e-03   3.81072e-06   1.41018e+00
  10  beta_2CBO    1.71931e-03     fixed    
  11  alpha_y      0.00000e+00     fixed    
  12  w_y          1.38860e+01   constant   
  13  beta_y       6.37630e-04     fixed    
  14  alpha_vw     0.00000e+00     fixed    
  15  w_vw         1.43404e+01   constant   
  16  beta_vw      0.00000e+00     fixed    
  17  LM           5.13638e-05   constant   
  18  zeta_y       0.00000e+00   constant   
  19  zeta_vw      0.00000e+00   constant   
  20  T_CBO        9.99999e+02   7.74369e+02   6.15760e-03  -1.40330e-03
  21  alpha_A0    -9.99998e-03   2.44314e-03   2.65634e-03   7.66036e-03
  22  beta_A0      5.23117e-03   5.51077e-03   2.55807e-03  -1.09772e-04
  23  alpha_phi   -2.15481e-03   5.36910e-03   2.16018e-03   4.58203e-03
  24  beta_phi    -6.51569e-03   5.43571e-03   2.90298e-03  -1.41268e-03
 MIGRAD MINIMIZATION HAS CONVERGED.
 MIGRAD WILL VERIFY CONVERGENCE AND ERROR MATRIX.
 COVARIANCE MATRIX CALCULATED SUCCESSFULLY
 FCN=56.9311 FROM MIGRAD    STATUS=CONVERGED     220 CALLS        1412 TOTAL
                     EDM=1.3412e-05    STRATEGY= 1      ERROR MATRIX ACCURATE 
  EXT PARAMETER                                   STEP         FIRST   
  NO.   NAME      VALUE            ERROR          SIZE      DERIVATIVE 
   1  N0           3.07251e+06   2.33820e+03   7.76643e+00  -8.04519e-07
   2  tau          6.44052e+01   constant   
   3  A0           3.47838e-01   1.02885e-03   3.67829e-06  -1.07644e-01
   4  phi          4.11178e+00   3.15304e-03   1.11477e-05  -4.39035e-01
   5  R           -6.12271e+01   constant   
   6  alpha_CBO    1.59835e-03   1.06435e-03   3.83814e-06  -3.73626e+00
   7  w_CBO        2.32500e+00   constant   
   8  beta_CBO    -1.00794e-03   1.07578e-03   3.82727e-06   1.15665e+00
   9  alpha_2CBO  -2.08271e-03   1.03873e-03   3.80734e-06   8.89611e-01
  10  beta_2CBO    1.71931e-03     fixed    
  11  alpha_y      0.00000e+00     fixed    
  12  w_y          1.38860e+01   constant   
  13  beta_y       6.37630e-04     fixed    
  14  alpha_vw     0.00000e+00     fixed    
  15  w_vw         1.43404e+01   constant   
  16  beta_vw      0.00000e+00     fixed    
  17  LM           5.13638e-05   constant   
  18  zeta_y       0.00000e+00   constant   
  19  zeta_vw      0.00000e+00   constant   
  20  T_CBO        1.00000e+03   7.72852e+02   6.15532e-03** at limit **
  21  alpha_A0    -1.00000e-02   2.42502e-03   2.64218e-03** at limit **
  22  beta_A0      5.47009e-03   5.53909e-03   2.61829e-03  -6.84183e-04
  23  alpha_phi   -1.94082e-03   5.44049e-03   2.14680e-03  -4.39918e-04
  24  beta_phi    -6.55377e-03   5.58611e-03   2.93950e-03  -1.64367e-03
 EXTERNAL ERROR MATRIX.    NDIM=  25    NPAR= 11    ERR DEF=1
  5.467e+06 
 -1.779e-01  1.059e-06 
 -8.269e-01 -1.432e-07  9.942e-06 
  8.325e-02  2.366e-08  7.202e-07  1.133e-06 
 -2.044e-01 -2.386e-07  3.768e-07 -2.670e-08  1.157e-06 
 -8.810e-02  5.732e-11  1.821e-07  3.278e-08  4.306e-08  1.079e-06 
  6.084e-03 -2.024e-09  1.690e-09 -5.352e-10  3.238e-10  1.637e-09  5.925e-05 
  6.478e-08 -2.174e-14  1.836e-14 -5.946e-15  3.772e-15  1.758e-14 -4.035e-16  6.725e-15 
  1.506e+00  2.274e-07 -1.920e-06 -1.121e-07 -9.119e-07 -4.805e-07  3.734e-08 -3.215e-14  3.664e-05 
  5.782e-01  1.327e-07 -2.775e-06 -6.129e-07 -2.611e-07  3.865e-08 -1.751e-08 -3.173e-14 -7.244e-07  3.326e-05 
 -3.295e+00  1.047e-06  6.492e-07 -1.604e-07 -4.284e-07  8.790e-07 -5.436e-08 -7.494e-14 -1.450e-06 -4.061e-07  3.953e-05 
 PARAMETER  CORRELATION COEFFICIENTS  
       NO.  GLOBAL      1      3      4      6      8      9     20     21     22     23     24
        1  0.28583   1.000 -0.074 -0.112  0.033 -0.081 -0.036  0.000  0.000  0.106  0.043 -0.224
        3  0.27311  -0.074  1.000 -0.044  0.022 -0.216  0.000 -0.000 -0.000  0.037  0.022  0.162
        4  0.30820  -0.112 -0.044  1.000  0.215  0.111  0.056  0.000  0.000 -0.101 -0.153  0.033
        6  0.24186   0.033  0.022  0.215  1.000 -0.023  0.030 -0.000 -0.000 -0.017 -0.100 -0.024
        8  0.28917  -0.081 -0.216  0.111 -0.023  1.000  0.039  0.000  0.000 -0.140 -0.042 -0.063
        9  0.16515  -0.036  0.000  0.056  0.030  0.039  1.000  0.000  0.000 -0.076  0.006  0.135
       20  0.00149   0.000 -0.000  0.000 -0.000  0.000  0.000  1.000 -0.000  0.001 -0.000 -0.001
       21  0.00050   0.000 -0.000  0.000 -0.000  0.000  0.000 -0.000  1.000 -0.000 -0.000 -0.000
       22  0.20232   0.106  0.037 -0.101 -0.017 -0.140 -0.076  0.001 -0.000  1.000 -0.021 -0.038
       23  0.17892   0.043  0.022 -0.153 -0.100 -0.042  0.006 -0.000 -0.000 -0.021  1.000 -0.011
       24  0.30333  -0.224  0.162  0.033 -0.024 -0.063  0.135 -0.001 -0.000 -0.038 -0.011  1.000
MINUIT - FIT ONLY 1-y
 **********
 **   51 **RES 
 **********
                   PARAMETER   16  beta_vw RESTORED TO VARIABLE.
                   PARAMETER   14  alpha_vw RESTORED TO VARIABLE.
                   PARAMETER   13  beta_y RESTORED TO VARIABLE.
                   PARAMETER   11  alpha_y RESTORED TO VARIABLE.
                   PARAMETER   10  beta_2CBO RESTORED TO VARIABLE.
 **********
 **   52 **FIX            0
 **********
 PARAMETER    0  IS UNDEFINED. IGNORED.
 **********
 **   53 **FIX            1
 **********
 **********
 **   54 **FIX            2
 **********
 PARAMETER    2  IS CONSTANT.   IGNORED.
 **********
 **   55 **FIX            3
 **********
 **********
 **   56 **FIX            4
 **********
 **********
 **   57 **FIX            5
 **********
 PARAMETER    5  IS CONSTANT.   IGNORED.
 **********
 **   58 **FIX            6
 **********
 **********
 **   59 **FIX            7
 **********
 PARAMETER    7  IS CONSTANT.   IGNORED.
 **********
 **   60 **FIX            8
 **********
 **********
 **   61 **FIX            9
 **********
 **********
 **   62 **FIX           13
 **********
 **********
 **   63 **FIX           14
 **********
 **********
 **   64 **FIX           15
 **********
 PARAMETER   15  IS CONSTANT.   IGNORED.
 **********
 **   65 **FIX           16
 **********
 **********
 **   66 **MIGRAD
 **********
 START MIGRAD MINIMIZATION.  STRATEGY  1.  CONVERGENCE WHEN EDM .LT. 1.00e-04
 FCN=56.9311 FROM MIGRAD    STATUS=INITIATE       16 CALLS        1428 TOTAL
                     EDM= unknown      STRATEGY= 1      NO ERROR MATRIX       
  EXT PARAMETER               CURRENT GUESS       STEP         FIRST   
  NO.   NAME      VALUE            ERROR          SIZE      DERIVATIVE 
   1  N0           3.07251e+06     fixed    
   2  tau          6.44052e+01   constant   
   3  A0           3.47838e-01     fixed    
   4  phi          4.11178e+00     fixed    
   5  R           -6.12271e+01   constant   
   6  alpha_CBO    1.59835e-03     fixed    
   7  w_CBO        2.32500e+00   constant   
   8  beta_CBO    -1.00794e-03     fixed    
   9  alpha_2CBO  -2.08271e-03     fixed    
  10  beta_2CBO    1.71931e-03   1.07192e-03   1.07192e-03   2.21273e+01
  11  alpha_y      0.00000e+00   1.00000e-03   1.00000e-03  -2.96320e+02
  12  w_y          1.38860e+01   constant   
  13  beta_y       6.37630e-04     fixed    
  14  alpha_vw     0.00000e+00     fixed    
  15  w_vw         1.43404e+01   constant   
  16  beta_vw      0.00000e+00     fixed    
  17  LM           5.13638e-05   constant   
  18  zeta_y       0.00000e+00   constant   
  19  zeta_vw      0.00000e+00   constant   
  20  T_CBO        9.99999e+02   7.72852e+02   6.15532e-03  -1.41363e-03
  21  alpha_A0    -9.99998e-03   2.42502e-03   2.64218e-03   7.72017e-03
  22  beta_A0      5.47009e-03   5.53909e-03   2.61829e-03  -6.93253e-04
  23  alpha_phi   -1.94082e-03   5.44049e-03   2.14680e-03  -4.36262e-04
  24  beta_phi    -6.55377e-03   5.58611e-03   2.93950e-03  -1.63076e-03
 MIGRAD MINIMIZATION HAS CONVERGED.
 MIGRAD WILL VERIFY CONVERGENCE AND ERROR MATRIX.
 COVARIANCE MATRIX CALCULATED SUCCESSFULLY
 FCN=56.9073 FROM MIGRAD    STATUS=CONVERGED     102 CALLS        1514 TOTAL
                     EDM=2.87275e-06    STRATEGY= 1      ERROR MATRIX ACCURATE 
  EXT PARAMETER                                   STEP         FIRST   
  NO.   NAME      VALUE            ERROR          SIZE      DERIVATIVE 
   1  N0           3.07251e+06     fixed    
   2  tau          6.44052e+01   constant   
   3  A0           3.47838e-01     fixed    
   4  phi          4.11178e+00     fixed    
   5  R           -6.12271e+01   constant   
   6  alpha_CBO    1.59835e-03     fixed    
   7  w_CBO        2.32500e+00   constant   
   8  beta_CBO    -1.00794e-03     fixed    
   9  alpha_2CBO  -2.08271e-03     fixed    
  10  beta_2CBO    1.70711e-03   1.06498e-03   3.85776e-06   2.18159e+00
  11  alpha_y      1.59386e-04   1.03630e-03   3.84980e-06   3.92570e-01
  12  w_y          1.38860e+01   constant   
  13  beta_y       6.37630e-04     fixed    
  14  alpha_vw     0.00000e+00     fixed    
  15  w_vw         1.43404e+01   constant   
  16  beta_vw      0.00000e+00     fixed    
  17  LM           5.13638e-05   constant   
  18  zeta_y       0.00000e+00   constant   
  19  zeta_vw      0.00000e+00   constant   
  20  T_CBO        1.00000e+03   7.72301e+02   6.17383e-03** at limit **
  21  alpha_A0    -1.00000e-02   2.41947e-03   2.63996e-03** at limit **
  22  beta_A0      5.45579e-03   5.50791e-03   2.63311e-03   3.05517e-04
  23  alpha_phi   -1.91337e-03   5.43416e-03   2.14962e-03   2.32105e-05
  24  beta_phi    -6.55345e-03   5.38435e-03   2.94477e-03  -6.61704e-05
 EXTERNAL ERROR MATRIX.    NDIM=  25    NPAR=  7    ERR DEF=1
  1.134e-06 -6.390e-09  1.834e-10  1.430e-15  1.009e-06 -1.011e-06  1.860e-07 
 -6.390e-09  1.074e-06 -4.359e-11 -3.507e-16 -4.204e-08  1.131e-07 -1.052e-08 
  1.834e-10 -4.359e-11  3.467e-06 -7.543e-18  9.192e-09 -4.429e-09 -1.225e-08 
  1.430e-15 -3.507e-16 -7.543e-18  2.323e-16 -5.102e-15 -7.544e-15 -6.084e-15 
  1.009e-06 -4.204e-08  9.192e-09 -5.102e-15  3.612e-05 -2.335e-06 -4.983e-07 
 -1.011e-06  1.131e-07 -4.429e-09 -7.544e-15 -2.335e-06  3.317e-05 -4.661e-07 
  1.860e-07 -1.052e-08 -1.225e-08 -6.084e-15 -4.983e-07 -4.661e-07  3.593e-05 
 PARAMETER  CORRELATION COEFFICIENTS  
       NO.  GLOBAL     10     11     20     21     22     23     24
       10  0.22268   1.000 -0.006  0.000  0.000  0.158 -0.165  0.029
       11  0.01987  -0.006  1.000 -0.000 -0.000 -0.007  0.019 -0.002
       20  0.00141   0.000 -0.000  1.000 -0.000  0.001 -0.000 -0.001
       21  0.00015   0.000 -0.000 -0.000  1.000 -0.000 -0.000 -0.000
       22  0.16437   0.158 -0.007  0.001 -0.000  1.000 -0.067 -0.014
       23  0.17123  -0.165  0.019 -0.000 -0.000 -0.067  1.000 -0.014
       24  0.03596   0.029 -0.002 -0.001 -0.000 -0.014 -0.014  1.000
MINUIT - FIT ONLY 2-y
 **********
 **   67 **RES 
 **********
                   PARAMETER   16  beta_vw RESTORED TO VARIABLE.
                   PARAMETER   14  alpha_vw RESTORED TO VARIABLE.
                   PARAMETER   13  beta_y RESTORED TO VARIABLE.
                   PARAMETER    9  alpha_2CBO RESTORED TO VARIABLE.
                   PARAMETER    8  beta_CBO RESTORED TO VARIABLE.
                   PARAMETER    6  alpha_CBO RESTORED TO VARIABLE.
                   PARAMETER    4  phi RESTORED TO VARIABLE.
                   PARAMETER    3  A0 RESTORED TO VARIABLE.
                   PARAMETER    1  N0 RESTORED TO VARIABLE.
 **********
 **   68 **FIX            0
 **********
 PARAMETER    0  IS UNDEFINED. IGNORED.
 **********
 **   69 **FIX            1
 **********
 **********
 **   70 **FIX            2
 **********
 PARAMETER    2  IS CONSTANT.   IGNORED.
 **********
 **   71 **FIX            3
 **********
 **********
 **   72 **FIX            4
 **********
 **********
 **   73 **FIX            5
 **********
 PARAMETER    5  IS CONSTANT.   IGNORED.
 **********
 **   74 **FIX            6
 **********
 **********
 **   75 **FIX            7
 **********
 PARAMETER    7  IS CONSTANT.   IGNORED.
 **********
 **   76 **FIX            8
 **********
 **********
 **   77 **FIX            9
 **********
 **********
 **   78 **FIX           10
 **********
 **********
 **   79 **FIX           11
 **********
 **********
 **   80 **FIX           12
 **********
 PARAMETER   12  IS CONSTANT.   IGNORED.
 **********
 **   81 **FIX           16
 **********
 **********
 **   82 **MIGRAD
 **********
 START MIGRAD MINIMIZATION.  STRATEGY  1.  CONVERGENCE WHEN EDM .LT. 1.00e-04
 FCN=56.9073 FROM MIGRAD    STATUS=INITIATE       16 CALLS        1530 TOTAL
                     EDM= unknown      STRATEGY= 1      NO ERROR MATRIX       
  EXT PARAMETER               CURRENT GUESS       STEP         FIRST   
  NO.   NAME      VALUE            ERROR          SIZE      DERIVATIVE 
   1  N0           3.07251e+06     fixed    
   2  tau          6.44052e+01   constant   
   3  A0           3.47838e-01     fixed    
   4  phi          4.11178e+00     fixed    
   5  R           -6.12271e+01   constant   
   6  alpha_CBO    1.59835e-03     fixed    
   7  w_CBO        2.32500e+00   constant   
   8  beta_CBO    -1.00794e-03     fixed    
   9  alpha_2CBO  -2.08271e-03     fixed    
  10  beta_2CBO    1.70711e-03     fixed    
  11  alpha_y      1.59386e-04     fixed    
  12  w_y          1.38860e+01   constant   
  13  beta_y       6.37630e-04   1.02721e-03   1.02721e-03  -6.90907e+01
  14  alpha_vw     0.00000e+00   1.00000e-03   1.00000e-03   6.27828e+02
  15  w_vw         1.43404e+01   constant   
  16  beta_vw      0.00000e+00     fixed    
  17  LM           5.13638e-05   constant   
  18  zeta_y       0.00000e+00   constant   
  19  zeta_vw      0.00000e+00   constant   
  20  T_CBO        9.99999e+02   7.72301e+02   6.17383e-03  -1.41738e-03
  21  alpha_A0    -9.99998e-03   2.41947e-03   2.63996e-03   7.73866e-03
  22  beta_A0      5.45579e-03   5.50791e-03   2.63311e-03   2.96495e-04
  23  alpha_phi   -1.91337e-03   5.43416e-03   2.14962e-03   2.46643e-05
  24  beta_phi    -6.55345e-03   5.38435e-03   2.94477e-03  -6.28843e-05
 MIGRAD MINIMIZATION HAS CONVERGED.
 MIGRAD WILL VERIFY CONVERGENCE AND ERROR MATRIX.
 COVARIANCE MATRIX CALCULATED SUCCESSFULLY
 FCN=56.7857 FROM MIGRAD    STATUS=CONVERGED     118 CALLS        1632 TOTAL
                     EDM=8.29265e-06    STRATEGY= 1      ERROR MATRIX ACCURATE 
  EXT PARAMETER                                   STEP         FIRST   
  NO.   NAME      VALUE            ERROR          SIZE      DERIVATIVE 
   1  N0           3.07251e+06     fixed    
   2  tau          6.44052e+01   constant   
   3  A0           3.47838e-01     fixed    
   4  phi          4.11178e+00     fixed    
   5  R           -6.12271e+01   constant   
   6  alpha_CBO    1.59835e-03     fixed    
   7  w_CBO        2.32500e+00   constant   
   8  beta_CBO    -1.00794e-03     fixed    
   9  alpha_2CBO  -2.08271e-03     fixed    
  10  beta_2CBO    1.70711e-03     fixed    
  11  alpha_y      1.59386e-04     fixed    
  12  w_y          1.38860e+01   constant   
  13  beta_y       7.74937e-04   1.06731e-03   3.81054e-06   3.98891e-03
  14  alpha_vw    -3.72280e-04   1.07325e-03   3.83244e-06   1.40885e-01
  15  w_vw         1.43404e+01   constant   
  16  beta_vw      0.00000e+00     fixed    
  17  LM           5.13638e-05   constant   
  18  zeta_y       0.00000e+00   constant   
  19  zeta_vw      0.00000e+00   constant   
  20  T_CBO        1.00000e+03   7.72750e+02   6.17472e-03** at limit **
  21  alpha_A0    -1.00000e-02   2.42349e-03   2.63933e-03** at limit **
  22  beta_A0      5.40938e-03   5.45532e-03   2.62151e-03  -2.37520e-03
  23  alpha_phi   -1.89778e-03   5.36879e-03   2.14563e-03  -5.75133e-03
  24  beta_phi    -6.54705e-03   5.38488e-03   2.94436e-03  -2.30463e-03
 EXTERNAL ERROR MATRIX.    NDIM=  25    NPAR=  7    ERR DEF=1
  1.139e-06 -3.120e-07  9.833e-10  8.882e-15 -1.734e-07 -1.252e-08  5.833e-08 
 -3.120e-07  1.152e-06 -3.544e-10 -3.207e-15  1.121e-07 -8.054e-08 -2.963e-08 
  9.833e-10 -3.544e-10  2.339e-03 -1.604e-14  2.280e-07 -1.084e-07 -3.133e-07 
  8.882e-15 -3.207e-15 -1.604e-14  1.728e-13 -1.805e-13 -1.782e-13 -1.803e-13 
 -1.734e-07  1.121e-07  2.280e-07 -1.805e-13  3.524e-05 -1.436e-06 -6.730e-07 
 -1.252e-08 -8.054e-08 -1.084e-07 -1.782e-13 -1.436e-06  3.227e-05 -2.991e-07 
  5.833e-08 -2.963e-08 -3.133e-07 -1.803e-13 -6.730e-07 -2.991e-07  3.592e-05 
 PARAMETER  CORRELATION COEFFICIENTS  
       NO.  GLOBAL     13     14     20     21     22     23     24
       13  0.27351   1.000 -0.272  0.000  0.000 -0.027 -0.002  0.009
       14  0.27292  -0.272  1.000 -0.000 -0.000  0.018 -0.013 -0.005
       20  0.00138   0.000 -0.000  1.000 -0.000  0.001 -0.000 -0.001
       21  0.00013   0.000 -0.000 -0.000  1.000 -0.000 -0.000 -0.000
       22  0.05502  -0.027  0.018  0.001 -0.000  1.000 -0.043 -0.019
       23  0.04591  -0.002 -0.013 -0.000 -0.000 -0.043  1.000 -0.009
