 + ++++++++++++++++++++++++++++++++++++++++++++++++++++++++++++++++++++ +
 +                                                                      +
 +           You have chose to blind your fitting according to          +
 +                omega_ref * (1 + (R +/- deltaR) *10^{-6})             +
 +                                                                      +
 + ++++++++++++++++++++++++++++++++++++++++++++++++++++++++++++++++++++ +
In main()...
reading format from /gm2data/zkhechad/run45/envelope/formats/formatB_sBin_constraintOn.txt
pBinTau 	= 0  
pBinPhi 	= 0  
constraintau 	= 1 
includeMopTerm 	= 0    
constrainMop    = 0   
Parameters after format file: pBinTau 0 pBinPhi 0 constraintau 1 includeMopTerm 0 constrainMop 0 c_e_scale 0.000000 
Opening file /gm2data/tbarrett/gm2fr/studies/run23_bunch_corrections/CorrectedFourier_Run3b.root.
reading full fit data from /gm2data/zkhechad/cboTemplates/Run4CBOTemplates/fullFits/noRF/sBin_constraintOn_cE0.0_seed0_noRF_calo7.root
windowBins = 69
fitting sliding window 1120 from bin 1256 at 187.246000 to bin 1325 at 197.690000 (69 bins)

Reading data from /gm2data/cornell/histograms/aMethod/histogram_a_noRF.root
 **********
 **    1 **SET PRINTOUT            1
 **********
 **********
 **    2 **SET NOWARNINGS 
 **********
 PARAMETER DEFINITIONS:
    NO.   NAME         VALUE      STEP SIZE      LIMITS
     1 N0           3.03443e+06  1.00000e+02     no limits
     2 tau          6.44117e+01  constant
     3 A0           3.50188e-01  1.00000e-04     no limits
     4 phi          4.11726e+00  1.00000e-02     no limits
     5 R           -6.15857e+01  constant
     6 alpha_CBO    0.00000e+00  1.00000e-03     no limits
     7 w_CBO        2.32500e+00  constant
     8 beta_CBO     0.00000e+00  1.00000e-03     no limits
     9 alpha_2CBO   0.00000e+00  1.00000e-03     no limits
    10 beta_2CBO    0.00000e+00  1.00000e-03     no limits
    11 alpha_y      0.00000e+00  1.00000e-03     no limits
    12 w_y          1.38860e+01  constant
    13 beta_y       0.00000e+00  1.00000e-03     no limits
    14 alpha_vw     0.00000e+00  1.00000e-03     no limits
    15 w_vw         1.43404e+01  constant
    16 beta_vw      0.00000e+00  1.00000e-03     no limits
    17 LM           1.09700e-04  constant
    18 zeta_y       0.00000e+00  constant
    19 zeta_vw      0.00000e+00  constant
    20 T_CBO        1.00000e+02  1.00000e+00    0.00000e+00  1.00000e+03
    21 alpha_A0     0.00000e+00  1.00000e-03     no limits
    22 beta_A0      0.00000e+00  1.00000e-03     no limits
    23 alpha_phi    0.00000e+00  1.00000e-03     no limits
    24 beta_phi     0.00000e+00  1.00000e-03     no limits
MINUIT - FIT ONLY WIGGLE
 **********
 **    3 **FIX            5
 **********
 PARAMETER    5  IS CONSTANT.   IGNORED.
 **********
 **    4 **FIX            6
 **********
 **********
 **    5 **FIX            7
 **********
 PARAMETER    7  IS CONSTANT.   IGNORED.
 **********
 **    6 **FIX            8
 **********
 **********
 **    7 **FIX            9
 **********
 **********
 **    8 **FIX           10
 **********
 **********
 **    9 **FIX           11
 **********
 **********
 **   10 **FIX           12
 **********
 PARAMETER   12  IS CONSTANT.   IGNORED.
 **********
 **   11 **FIX           13
 **********
 **********
 **   12 **FIX           14
 **********
 **********
 **   13 **FIX           15
 **********
 PARAMETER   15  IS CONSTANT.   IGNORED.
 **********
 **   14 **FIX           16
 **********
 **********
 **   15 **MIGRAD
 **********
 FIRST CALL TO USER FUNCTION AT NEW START POINT, WITH IFLAG=4.
 START MIGRAD MINIMIZATION.  STRATEGY  1.  CONVERGENCE WHEN EDM .LT. 1.00e-04
 FCN=316.605 FROM MIGRAD    STATUS=INITIATE      437 CALLS         438 TOTAL
                     EDM= unknown      STRATEGY= 1      NO ERROR MATRIX       
  EXT PARAMETER               CURRENT GUESS       STEP         FIRST   
  NO.   NAME      VALUE            ERROR          SIZE      DERIVATIVE 
   1  N0           3.03443e+06   1.00000e+02   0.00000e+00  -4.66252e-03
   2  tau          6.44117e+01   constant   
   3  A0           3.50188e-01   1.00000e-04   0.00000e+00   3.72144e+04
   4  phi          4.11726e+00   1.00000e-02   0.00000e+00   3.87618e+03
   5  R           -6.15857e+01   constant   
   6  alpha_CBO    0.00000e+00     fixed    
   7  w_CBO        2.32500e+00   constant   
   8  beta_CBO     0.00000e+00     fixed    
   9  alpha_2CBO   0.00000e+00     fixed    
  10  beta_2CBO    0.00000e+00     fixed    
  11  alpha_y      0.00000e+00     fixed    
  12  w_y          1.38860e+01   constant   
  13  beta_y       0.00000e+00     fixed    
  14  alpha_vw     0.00000e+00     fixed    
  15  w_vw         1.43404e+01   constant   
  16  beta_vw      0.00000e+00     fixed    
  17  LM           1.09700e-04   constant   
  18  zeta_y       0.00000e+00   constant   
  19  zeta_vw      0.00000e+00   constant   
  20  T_CBO        1.00000e+02   1.00000e+00   0.00000e+00   0.00000e+00
  21  alpha_A0     0.00000e+00   1.00000e-03   0.00000e+00  -4.50528e+02
  22  beta_A0      0.00000e+00   1.00000e-03   0.00000e+00   3.83463e+01
  23  alpha_phi    0.00000e+00   1.00000e-03   0.00000e+00  -7.87324e+02
  24  beta_phi     0.00000e+00   1.00000e-03   0.00000e+00  -5.83820e+02
 CALL LIMIT EXCEEDED IN MIGRAD.
 MIGRAD TERMINATED WITHOUT CONVERGENCE.
 FCN=283.263 FROM MIGRAD    STATUS=CALL LIMIT   1333 CALLS        1334 TOTAL
                     EDM=1.17483e-05    STRATEGY= 1  ERROR MATRIX UNCERTAINTY   0.2 per cent
  EXT PARAMETER                APPROXIMATE        STEP         FIRST   
  NO.   NAME      VALUE            ERROR          SIZE      DERIVATIVE 
   1  N0           3.03494e+06   5.85400e+02   6.58107e-01   2.07612e-06
   2  tau          6.44117e+01   constant   
   3  A0           3.49237e-01   2.31359e-04  -3.64850e-07  -8.64785e-01
   4  phi          4.11603e+00   7.50509e-04  -6.87947e-07   3.69820e-01
   5  R           -6.15857e+01   constant   
   6  alpha_CBO    0.00000e+00     fixed    
   7  w_CBO        2.32500e+00   constant   
   8  beta_CBO     0.00000e+00     fixed    
   9  alpha_2CBO   0.00000e+00     fixed    
  10  beta_2CBO    0.00000e+00     fixed    
  11  alpha_y      0.00000e+00     fixed    
  12  w_y          1.38860e+01   constant   
  13  beta_y       0.00000e+00     fixed    
  14  alpha_vw     0.00000e+00     fixed    
  15  w_vw         1.43404e+01   constant   
  16  beta_vw      0.00000e+00     fixed    
  17  LM           1.09700e-04   constant   
  18  zeta_y       0.00000e+00   constant   
  19  zeta_vw      0.00000e+00   constant   
  20  T_CBO        9.99889e+02   5.18085e+02   5.18273e-02  -3.18172e-04
  21  alpha_A0     2.21132e-03   1.34144e-03  -3.05727e-06  -3.91790e+00
  22  beta_A0     -4.82069e-04   1.55418e-03  -2.14487e-06   1.87931e+00
  23  alpha_phi    2.96605e-03   1.37551e-03   4.81725e-06  -3.47680e-01
  24  beta_phi     1.56335e-03   1.28236e-03  -1.04162e-06  -1.64176e+00
 EXTERNAL ERROR MATRIX.    NDIM=  25    NPAR=  8    ERR DEF=1
  3.427e+05  2.102e-02 -3.293e-02  8.978e+02  1.770e-01 -2.253e-02  2.724e-02 -8.574e-02 
  2.102e-02  5.353e-08  6.611e-09 -1.076e-03 -7.995e-09  5.541e-08  1.790e-08  4.482e-09 
 -3.293e-02  6.611e-09  5.633e-07 -1.893e-03 -3.666e-08  1.828e-07  1.379e-08  7.058e-08 
  8.978e+02 -1.076e-03 -1.893e-03  1.647e+04 -3.292e-02 -8.444e-03 -5.423e-02 -2.340e-02 
  1.770e-01 -7.995e-09 -3.666e-08 -3.292e-02  1.799e-06 -2.775e-07  2.054e-07  2.836e-07 
 -2.253e-02  5.541e-08  1.828e-07 -8.444e-03 -2.775e-07  2.415e-06  3.204e-07 -2.923e-08 
  2.724e-02  1.790e-08  1.379e-08 -5.423e-02  2.054e-07  3.204e-07  1.892e-06  2.257e-07 
 -8.574e-02  4.482e-09  7.058e-08 -2.340e-02  2.836e-07 -2.923e-08  2.257e-07  1.644e-06 
ERR MATRIX APPROXIMATE
 PARAMETER  CORRELATION COEFFICIENTS  
       NO.  GLOBAL      1      3      4     20     21     22     23     24
        1  0.32866   1.000  0.155 -0.075  0.012  0.225 -0.025  0.034 -0.114
        3  0.23459   0.155  1.000  0.038 -0.036 -0.026  0.154  0.056  0.015
        4  0.18780  -0.075  0.038  1.000 -0.020 -0.036  0.157  0.013  0.073
       20  0.35975   0.012 -0.036 -0.020  1.000 -0.191 -0.042 -0.307 -0.142
       21  0.37288   0.225 -0.026 -0.036 -0.191  1.000 -0.133  0.111  0.165
       22  0.29472  -0.025  0.154  0.157 -0.042 -0.133  1.000  0.150 -0.015
       23  0.35605   0.034  0.056  0.013 -0.307  0.111  0.150  1.000  0.128
       24  0.27476  -0.114  0.015  0.073 -0.142  0.165 -0.015  0.128  1.000
 ERR MATRIX APPROXIMATE
MINUIT - FIT ONLY 1-CBO + wiggle
 **********
 **   16 **RES 
 **********
                   PARAMETER   16  beta_vw RESTORED TO VARIABLE.
                   PARAMETER   14  alpha_vw RESTORED TO VARIABLE.
                   PARAMETER   13  beta_y RESTORED TO VARIABLE.
                   PARAMETER   11  alpha_y RESTORED TO VARIABLE.
                   PARAMETER   10  beta_2CBO RESTORED TO VARIABLE.
                   PARAMETER    9  alpha_2CBO RESTORED TO VARIABLE.
                   PARAMETER    8  beta_CBO RESTORED TO VARIABLE.
                   PARAMETER    6  alpha_CBO RESTORED TO VARIABLE.
 **********
 **   17 **FIX            8
 **********
 **********
 **   18 **FIX            9
 **********
 **********
 **   19 **FIX           11
 **********
 **********
 **   20 **FIX           12
 **********
 PARAMETER   12  IS CONSTANT.   IGNORED.
 **********
 **   21 **FIX           14
 **********
 **********
 **   22 **FIX           15
 **********
 PARAMETER   15  IS CONSTANT.   IGNORED.
 **********
 **   23 **FIX           16
 **********
 **********
 **   24 **MIGRAD
 **********
 START MIGRAD MINIMIZATION.  STRATEGY  1.  CONVERGENCE WHEN EDM .LT. 1.00e-04
 FCN=283.263 FROM MIGRAD    STATUS=INITIATE       28 CALLS        1362 TOTAL
                     EDM= unknown      STRATEGY= 1      NO ERROR MATRIX       
  EXT PARAMETER               CURRENT GUESS       STEP         FIRST   
  NO.   NAME      VALUE            ERROR          SIZE      DERIVATIVE 
   1  N0           3.03494e+06   5.85400e+02   6.58107e-01   2.07612e-06
   2  tau          6.44117e+01   constant   
   3  A0           3.49237e-01   2.31359e-04  -3.64850e-07  -8.64785e-01
   4  phi          4.11603e+00   7.50509e-04  -6.87947e-07   3.69820e-01
   5  R           -6.15857e+01   constant   
   6  alpha_CBO    0.00000e+00   1.00000e-03   1.00000e-03  -3.96890e+04
   7  w_CBO        2.32500e+00   constant   
   8  beta_CBO     0.00000e+00     fixed    
   9  alpha_2CBO   0.00000e+00     fixed    
  10  beta_2CBO    0.00000e+00   1.00000e-03   1.00000e-03  -1.59932e+04
  11  alpha_y      0.00000e+00     fixed    
  12  w_y          1.38860e+01   constant   
  13  beta_y       0.00000e+00   1.00000e-03   1.00000e-03   1.46256e+03
  14  alpha_vw     0.00000e+00     fixed    
  15  w_vw         1.43404e+01   constant   
  16  beta_vw      0.00000e+00     fixed    
  17  LM           1.09700e-04   constant   
  18  zeta_y       0.00000e+00   constant   
  19  zeta_vw      0.00000e+00   constant   
  20  T_CBO        9.99889e+02   5.18085e+02   5.18273e-02  -3.21383e-04
  21  alpha_A0     2.21132e-03   1.34144e-03  -3.05727e-06  -3.91791e+00
  22  beta_A0     -4.82069e-04   1.55418e-03  -2.14487e-06   1.87932e+00
  23  alpha_phi    2.96605e-03   1.37551e-03   4.81725e-06  -3.47680e-01
  24  beta_phi     1.56335e-03   1.28236e-03  -1.04162e-06  -1.64176e+00
 MIGRAD MINIMIZATION HAS CONVERGED.
 FCN=246.994 FROM MIGRAD    STATUS=CONVERGED     174 CALLS        1508 TOTAL
                     EDM=4.79621e-07    STRATEGY= 1  ERROR MATRIX UNCERTAINTY   2.3 per cent
  EXT PARAMETER                                   STEP         FIRST   
  NO.   NAME      VALUE            ERROR          SIZE      DERIVATIVE 
   1  N0           3.03509e+06   5.68613e+02  -5.67158e-01   3.12624e-07
   2  tau          6.44117e+01   constant   
   3  A0           3.49345e-01   2.38648e-04  -2.44816e-07  -4.58607e-01
   4  phi          4.11721e+00   7.81247e-04   6.68500e-07   1.13572e-02
   5  R           -6.15857e+01   constant   
   6  alpha_CBO    1.58510e-03   2.82492e-04  -2.11194e-07   4.79570e-01
   7  w_CBO        2.32500e+00   constant   
   8  beta_CBO     0.00000e+00     fixed    
   9  alpha_2CBO   0.00000e+00     fixed    
  10  beta_2CBO    5.96186e-04   2.72345e-04   5.54772e-07  -3.17827e-01
  11  alpha_y      0.00000e+00     fixed    
  12  w_y          1.38860e+01   constant   
  13  beta_y      -6.17555e-05   2.69327e-04   9.72748e-08   1.41250e+00
  14  alpha_vw     0.00000e+00     fixed    
  15  w_vw         1.43404e+01   constant   
  16  beta_vw      0.00000e+00     fixed    
  17  LM           1.09700e-04   constant   
  18  zeta_y       0.00000e+00   constant   
  19  zeta_vw      0.00000e+00   constant   
  20  T_CBO        9.99992e+02   9.24280e+02   9.74495e-03   1.03188e-04
  21  alpha_A0     1.77047e-03   1.18583e-03   6.78592e-08   5.15917e-01
  22  beta_A0      7.55781e-04   1.40128e-03   2.26755e-06  -2.12020e-01
  23  alpha_phi    4.35999e-03   1.19740e-03  -4.02607e-06   5.17893e-02
  24  beta_phi     1.82642e-03   1.15610e-03  -9.52139e-07  -2.31189e-02
 EXTERNAL ERROR MATRIX.    NDIM=  25    NPAR= 11    ERR DEF=1
  3.233e+05 
  5.003e-03  5.695e-08 
 -2.091e-02  1.867e-08  6.103e-07 
  1.137e-02  5.285e-09  5.466e-08  7.980e-08 
 -1.044e-02  5.566e-10  1.227e-08  1.451e-10  7.417e-08 
 -7.702e-04  8.489e-10  1.842e-10 -2.577e-10 -5.028e-10  7.254e-08 
  1.170e+03 -1.360e-04 -1.506e-04  9.984e-05 -2.622e-04 -5.087e-05  8.848e+02 
  3.222e-02 -4.956e-09  3.542e-09 -1.950e-08 -7.318e-09  1.302e-10 -3.364e-03  1.406e-06 
 -1.393e-03  1.549e-08  1.735e-07  4.142e-08  5.285e-08  2.454e-09 -4.073e-04 -6.236e-08  1.964e-06 
  3.658e-02  2.331e-08  4.733e-08  8.463e-08 -3.555e-08  4.418e-09 -3.449e-03 -3.540e-09  1.187e-07  1.434e-06 
 -2.727e-02  2.084e-08  8.150e-08  1.769e-08 -1.077e-08  5.748e-09  1.486e-03  3.424e-08  2.309e-07  2.814e-08  1.337e-06 
 PARAMETER  CORRELATION COEFFICIENTS  
       NO.  GLOBAL      1      3      4      6     10     13     20     21     22     23     24
        1  0.16347   1.000  0.037 -0.047  0.071 -0.067 -0.005  0.069  0.048 -0.002  0.054 -0.041
        3  0.15539   0.037  1.000  0.100  0.078  0.009  0.013 -0.019 -0.018  0.046  0.082  0.076
        4  0.30689  -0.047  0.100  1.000  0.248  0.058  0.001 -0.006  0.004  0.159  0.051  0.090
        6  0.36243   0.071  0.078  0.248  1.000  0.002 -0.003  0.012 -0.058  0.105  0.250  0.054
       10  0.20941  -0.067  0.009  0.058  0.002  1.000 -0.007 -0.032 -0.023  0.138 -0.109 -0.034
       13  0.02838  -0.005  0.013  0.001 -0.003 -0.007  1.000 -0.006  0.000  0.007  0.014  0.018
       20  0.17344   0.069 -0.019 -0.006  0.012 -0.032 -0.006  1.000 -0.095 -0.010 -0.097  0.043
       21  0.14032   0.048 -0.018  0.004 -0.058 -0.023  0.000 -0.095  1.000 -0.038 -0.002  0.025
       22  0.26386  -0.002  0.046  0.159  0.105  0.138  0.007 -0.010 -0.038  1.000  0.071  0.143
       23  0.30644   0.054  0.082  0.051  0.250 -0.109  0.014 -0.097 -0.002  0.071  1.000  0.020
       24  0.19671  -0.041  0.076  0.090  0.054 -0.034  0.018  0.043  0.025  0.143  0.020  1.000
MINUIT - FIT ONLY 2-CBO
 **********
 **   25 **RES 
 **********
                   PARAMETER   16  beta_vw RESTORED TO VARIABLE.
                   PARAMETER   14  alpha_vw RESTORED TO VARIABLE.
                   PARAMETER   11  alpha_y RESTORED TO VARIABLE.
                   PARAMETER    9  alpha_2CBO RESTORED TO VARIABLE.
                   PARAMETER    8  beta_CBO RESTORED TO VARIABLE.
 **********
 **   26 **FIX            0
 **********
 PARAMETER    0  IS UNDEFINED. IGNORED.
 **********
 **   27 **FIX            1
 **********
 **********
 **   28 **FIX            2
 **********
 PARAMETER    2  IS CONSTANT.   IGNORED.
 **********
 **   29 **FIX            3
 **********
 **********
 **   30 **FIX            4
 **********
 **********
 **   31 **FIX            5
 **********
 PARAMETER    5  IS CONSTANT.   IGNORED.
 **********
 **   32 **FIX            6
 **********
 **********
 **   33 **FIX            7
 **********
 PARAMETER    7  IS CONSTANT.   IGNORED.
 **********
 **   34 **FIX           10
 **********
 **********
 **   35 **FIX           11
 **********
 **********
 **   36 **FIX           12
 **********
 PARAMETER   12  IS CONSTANT.   IGNORED.
 **********
 **   37 **FIX           13
 **********
 **********
 **   38 **FIX           14
 **********
 **********
 **   39 **FIX           15
 **********
 PARAMETER   15  IS CONSTANT.   IGNORED.
 **********
 **   40 **FIX           16
 **********
 **********
 **   41 **MIGRAD
 **********
 START MIGRAD MINIMIZATION.  STRATEGY  1.  CONVERGENCE WHEN EDM .LT. 1.00e-04
 FCN=246.994 FROM MIGRAD    STATUS=INITIATE       18 CALLS        1526 TOTAL
                     EDM= unknown      STRATEGY= 1      NO ERROR MATRIX       
  EXT PARAMETER               CURRENT GUESS       STEP         FIRST   
  NO.   NAME      VALUE            ERROR          SIZE      DERIVATIVE 
   1  N0           3.03509e+06     fixed    
   2  tau          6.44117e+01   constant   
   3  A0           3.49345e-01     fixed    
   4  phi          4.11721e+00     fixed    
   5  R           -6.15857e+01   constant   
   6  alpha_CBO    1.58510e-03     fixed    
   7  w_CBO        2.32500e+00   constant   
   8  beta_CBO     0.00000e+00   1.00000e-03   1.00000e-03   9.76736e+04
   9  alpha_2CBO   0.00000e+00   1.00000e-03   1.00000e-03  -6.21765e+03
  10  beta_2CBO    5.96186e-04     fixed    
  11  alpha_y      0.00000e+00     fixed    
  12  w_y          1.38860e+01   constant   
  13  beta_y      -6.17555e-05     fixed    
  14  alpha_vw     0.00000e+00     fixed    
  15  w_vw         1.43404e+01   constant   
  16  beta_vw      0.00000e+00     fixed    
  17  LM           1.09700e-04   constant   
  18  zeta_y       0.00000e+00   constant   
  19  zeta_vw      0.00000e+00   constant   
  20  T_CBO        9.99992e+02   9.24280e+02   9.74495e-03  -1.01993e-04
  21  alpha_A0     1.77047e-03   1.18583e-03   6.78592e-08   5.15903e-01
  22  beta_A0      7.55781e-04   1.40128e-03   2.26755e-06  -2.12006e-01
  23  alpha_phi    4.35999e-03   1.19740e-03  -4.02607e-06   5.17889e-02
  24  beta_phi     1.82642e-03   1.15610e-03  -9.52139e-07  -2.31188e-02
 MIGRAD MINIMIZATION HAS CONVERGED.
 MIGRAD WILL VERIFY CONVERGENCE AND ERROR MATRIX.
 COVARIANCE MATRIX CALCULATED SUCCESSFULLY
 FCN=63.8048 FROM MIGRAD    STATUS=CONVERGED     153 CALLS        1661 TOTAL
                     EDM=5.34084e-06    STRATEGY= 1      ERROR MATRIX ACCURATE 
  EXT PARAMETER                                   STEP         FIRST   
  NO.   NAME      VALUE            ERROR          SIZE      DERIVATIVE 
   1  N0           3.03509e+06     fixed    
   2  tau          6.44117e+01   constant   
   3  A0           3.49345e-01     fixed    
   4  phi          4.11721e+00     fixed    
   5  R           -6.15857e+01   constant   
   6  alpha_CBO    1.58510e-03     fixed    
   7  w_CBO        2.32500e+00   constant   
   8  beta_CBO    -3.73676e-03   2.76668e-04   1.06559e-06   2.49714e-02
   9  alpha_2CBO   2.29664e-04   2.74750e-04   1.05541e-06   6.53975e-01
  10  beta_2CBO    5.96186e-04     fixed    
  11  alpha_y      0.00000e+00     fixed    
  12  w_y          1.38860e+01   constant   
  13  beta_y      -6.17555e-05     fixed    
  14  alpha_vw     0.00000e+00     fixed    
  15  w_vw         1.43404e+01   constant   
  16  beta_vw      0.00000e+00     fixed    
  17  LM           1.09700e-04   constant   
  18  zeta_y       0.00000e+00   constant   
  19  zeta_vw      0.00000e+00   constant   
  20  T_CBO        9.99983e+02   8.52712e+02   3.21899e-02  -2.42859e-04
  21  alpha_A0     1.30830e-03   1.22656e-03   4.74657e-06  -1.50263e+00
  22  beta_A0      2.11380e-03   1.34229e-03   5.21684e-06   2.64040e-01
  23  alpha_phi    4.48852e-03   1.16538e-03   4.55538e-06   5.51702e-01
  24  beta_phi    -7.72138e-04   1.17392e-03   4.45479e-06   1.46478e+00
 EXTERNAL ERROR MATRIX.    NDIM=  25    NPAR=  7    ERR DEF=1
  7.655e-08  1.075e-10  2.301e-07  1.273e-08 -2.760e-08 -1.564e-09  5.636e-08 
  1.075e-10  7.549e-08 -4.104e-07  5.443e-08  1.677e-09  1.616e-08  4.555e-08 
  2.301e-07 -4.104e-07  1.186e+03  2.836e-04  4.460e-04  9.498e-04 -1.695e-04 
  1.273e-08  5.443e-08  2.836e-04  1.504e-06  9.579e-09  1.624e-08  1.226e-07 
 -2.760e-08  1.677e-09  4.460e-04  9.579e-09  1.802e-06  1.122e-07  1.537e-07 
 -1.564e-09  1.616e-08  9.498e-04  1.624e-08  1.122e-07  1.358e-06  9.117e-08 
  5.636e-08  4.555e-08 -1.695e-04  1.226e-07  1.537e-07  9.117e-08  1.378e-06 
 PARAMETER  CORRELATION COEFFICIENTS  
       NO.  GLOBAL      8      9     20     21     22     23     24
        8  0.19974   1.000  0.001  0.000  0.038 -0.074 -0.005  0.174
        9  0.21205   0.001  1.000 -0.000  0.162  0.005  0.050  0.141
       20  0.02684   0.000 -0.000  1.000  0.007  0.010  0.024 -0.004
       21  0.17554   0.038  0.162  0.007  1.000  0.006  0.011  0.085
       22  0.14981  -0.074  0.005  0.010  0.006  1.000  0.072  0.098
       23  0.10554  -0.005  0.050  0.024  0.011  0.072  1.000  0.067
       24  0.26082   0.174  0.141 -0.004  0.085  0.098  0.067  1.000
MINUIT - FIT wiggle + 1-CBO + 2-CBO
 **********
 **   42 **RES 
 **********
                   PARAMETER   16  beta_vw RESTORED TO VARIABLE.
                   PARAMETER   14  alpha_vw RESTORED TO VARIABLE.
                   PARAMETER   13  beta_y RESTORED TO VARIABLE.
                   PARAMETER   11  alpha_y RESTORED TO VARIABLE.
                   PARAMETER   10  beta_2CBO RESTORED TO VARIABLE.
                   PARAMETER    6  alpha_CBO RESTORED TO VARIABLE.
                   PARAMETER    4  phi RESTORED TO VARIABLE.
                   PARAMETER    3  A0 RESTORED TO VARIABLE.
                   PARAMETER    1  N0 RESTORED TO VARIABLE.
 **********
 **   43 **FIX           10
 **********
 **********
 **   44 **FIX           11
 **********
 **********
 **   45 **FIX           12
 **********
 PARAMETER   12  IS CONSTANT.   IGNORED.
 **********
 **   46 **FIX           13
 **********
 **********
 **   47 **FIX           14
 **********
 **********
 **   48 **FIX           15
 **********
 PARAMETER   15  IS CONSTANT.   IGNORED.
 **********
 **   49 **FIX           16
 **********
 **********
 **   50 **MIGRAD
 **********
 START MIGRAD MINIMIZATION.  STRATEGY  1.  CONVERGENCE WHEN EDM .LT. 1.00e-04
 FCN=63.8048 FROM MIGRAD    STATUS=INITIATE       22 CALLS        1683 TOTAL
                     EDM= unknown      STRATEGY= 1      NO ERROR MATRIX       
  EXT PARAMETER               CURRENT GUESS       STEP         FIRST   
  NO.   NAME      VALUE            ERROR          SIZE      DERIVATIVE 
   1  N0           3.03509e+06   5.68613e+02   5.68613e+02  -9.58320e-05
   2  tau          6.44117e+01   constant   
   3  A0           3.49345e-01   2.38648e-04   2.38648e-04  -2.07369e+04
   4  phi          4.11721e+00   7.81247e-04   7.81247e-04   2.76222e+02
   5  R           -6.15857e+01   constant   
   6  alpha_CBO    1.58510e-03   2.82492e-04   2.82492e-04   2.01306e+03
   7  w_CBO        2.32500e+00   constant   
   8  beta_CBO    -3.73676e-03   2.76668e-04   1.06559e-06   2.49671e-02
   9  alpha_2CBO   2.29664e-04   2.74750e-04   1.05541e-06   6.53979e-01
  10  beta_2CBO    5.96186e-04     fixed    
  11  alpha_y      0.00000e+00     fixed    
  12  w_y          1.38860e+01   constant   
  13  beta_y      -6.17555e-05     fixed    
  14  alpha_vw     0.00000e+00     fixed    
  15  w_vw         1.43404e+01   constant   
  16  beta_vw      0.00000e+00     fixed    
  17  LM           1.09700e-04   constant   
  18  zeta_y       0.00000e+00   constant   
  19  zeta_vw      0.00000e+00   constant   
  20  T_CBO        9.99983e+02   8.52712e+02   3.21899e-02  -2.44410e-04
  21  alpha_A0     1.30830e-03   1.22656e-03   4.74657e-06  -1.50266e+00
  22  beta_A0      2.11380e-03   1.34229e-03   5.21684e-06   2.63996e-01
  23  alpha_phi    4.48852e-03   1.16538e-03   4.55538e-06   5.51702e-01
  24  beta_phi    -7.72138e-04   1.17392e-03   4.45479e-06   1.46478e+00
 MIGRAD MINIMIZATION HAS CONVERGED.
 MIGRAD WILL VERIFY CONVERGENCE AND ERROR MATRIX.
 COVARIANCE MATRIX CALCULATED SUCCESSFULLY
 FCN=57.3092 FROM MIGRAD    STATUS=CONVERGED     244 CALLS        1905 TOTAL
                     EDM=1.52382e-05    STRATEGY= 1      ERROR MATRIX ACCURATE 
  EXT PARAMETER                                   STEP         FIRST   
  NO.   NAME      VALUE            ERROR          SIZE      DERIVATIVE 
   1  N0           3.03542e+06   6.14249e+02   2.13331e+00   3.08612e-06
   2  tau          6.44117e+01   constant   
   3  A0           3.49967e-01   2.45959e-04   8.70609e-07   1.14722e+00
   4  phi          4.11721e+00   7.75824e-04   2.74588e-06  -3.82352e+00
   5  R           -6.15857e+01   constant   
   6  alpha_CBO    1.55143e-03   2.82816e-04   9.87256e-07   7.77365e+00
   7  w_CBO        2.32500e+00   constant   
   8  beta_CBO    -3.86679e-03   2.81283e-04   1.01076e-06   1.92757e+00
   9  alpha_2CBO   2.64281e-04   2.75301e-04   1.00112e-06  -2.45965e+00
  10  beta_2CBO    5.96186e-04     fixed    
  11  alpha_y      0.00000e+00     fixed    
  12  w_y          1.38860e+01   constant   
  13  beta_y      -6.17555e-05     fixed    
  14  alpha_vw     0.00000e+00     fixed    
  15  w_vw         1.43404e+01   constant   
  16  beta_vw      0.00000e+00     fixed    
  17  LM           1.09700e-04   constant   
  18  zeta_y       0.00000e+00   constant   
  19  zeta_vw      0.00000e+00   constant   
  20  T_CBO        1.00000e+03   5.47057e+02   4.60470e-02** at limit **
  21  alpha_A0     1.48034e-03   1.25751e-03   4.49764e-06   9.95700e-01
  22  beta_A0      2.45895e-03   1.37193e-03   4.94430e-06  -1.60462e+00
  23  alpha_phi    4.60004e-03   1.20883e-03   4.31267e-06  -1.25590e+00
  24  beta_phi    -6.25172e-04   1.19797e-03   4.21763e-06  -1.10738e+00
 EXTERNAL ERROR MATRIX.    NDIM=  25    NPAR= 11    ERR DEF=1
  3.773e+05 
  2.993e-02  6.050e-08 
 -3.655e-02  1.381e-08  6.019e-07 
  5.129e-03  5.213e-09  5.437e-08  7.998e-08 
 -6.432e-03 -1.243e-08  2.119e-10  7.863e-10  7.912e-08 
 -2.343e-03  3.572e-09  6.056e-09  1.284e-09 -5.848e-10  7.579e-08 
  2.431e-01  2.728e-07 -8.765e-07 -3.182e-08 -1.749e-08 -5.327e-08  1.629e+00 
  1.636e-01  1.316e-08 -2.415e-08 -2.190e-08  9.377e-09  5.316e-08  5.017e-05  1.581e-06 
  7.578e-04  3.936e-08  1.820e-07  3.487e-08 -3.441e-08  5.709e-09  8.224e-05  4.779e-09  1.882e-06 
  3.304e-02  1.988e-08  6.753e-08  8.472e-08 -3.682e-09  1.814e-08  1.540e-04  9.978e-09  1.669e-07  1.461e-06 
 -1.187e-01  1.751e-08  1.047e-07  1.126e-08  5.294e-08  4.867e-08 -2.152e-05  6.829e-08  1.961e-07  9.910e-08  1.435e-06 
 PARAMETER  CORRELATION COEFFICIENTS  
       NO.  GLOBAL      1      3      4      6      8      9     20     21     22     23     24
        1  0.35186   1.000  0.198 -0.077  0.030 -0.037 -0.014  0.000  0.212  0.001  0.044 -0.161
        3  0.31425   0.198  1.000  0.072  0.075 -0.180  0.053  0.001  0.043  0.117  0.067  0.059
        4  0.31452  -0.077  0.072  1.000  0.248  0.001  0.028 -0.001 -0.025  0.171  0.072  0.113
        6  0.35136   0.030  0.075  0.248  1.000  0.010  0.016 -0.000 -0.062  0.090  0.248  0.033
        8  0.26679  -0.037 -0.180  0.001  0.010  1.000 -0.008 -0.000  0.027 -0.089 -0.011  0.157
        9  0.22085  -0.014  0.053  0.028  0.016 -0.008  1.000 -0.000  0.154  0.015  0.054  0.148
       20  0.11850   0.000  0.001 -0.001 -0.000 -0.000 -0.000  1.000  0.031  0.047  0.100 -0.014
       21  0.28253   0.212  0.043 -0.025 -0.062  0.027  0.154  0.031  1.000  0.003  0.007  0.045
       22  0.25638   0.001  0.117  0.171  0.090 -0.089  0.015  0.047  0.003  1.000  0.101  0.119
       23  0.29058   0.044  0.067  0.072  0.248 -0.011  0.054  0.100  0.007  0.101  1.000  0.068
       24  0.32924  -0.161  0.059  0.113  0.033  0.157  0.148 -0.014  0.045  0.119  0.068  1.000
MINUIT - FIT ONLY 1-y
 **********
 **   51 **RES 
 **********
                   PARAMETER   16  beta_vw RESTORED TO VARIABLE.
                   PARAMETER   14  alpha_vw RESTORED TO VARIABLE.
                   PARAMETER   13  beta_y RESTORED TO VARIABLE.
                   PARAMETER   11  alpha_y RESTORED TO VARIABLE.
                   PARAMETER   10  beta_2CBO RESTORED TO VARIABLE.
 **********
 **   52 **FIX            0
 **********
 PARAMETER    0  IS UNDEFINED. IGNORED.
 **********
 **   53 **FIX            1
 **********
 **********
 **   54 **FIX            2
 **********
 PARAMETER    2  IS CONSTANT.   IGNORED.
 **********
 **   55 **FIX            3
 **********
 **********
 **   56 **FIX            4
 **********
 **********
 **   57 **FIX            5
 **********
 PARAMETER    5  IS CONSTANT.   IGNORED.
 **********
 **   58 **FIX            6
 **********
 **********
 **   59 **FIX            7
 **********
 PARAMETER    7  IS CONSTANT.   IGNORED.
 **********
 **   60 **FIX            8
 **********
 **********
 **   61 **FIX            9
 **********
 **********
 **   62 **FIX           13
 **********
 **********
 **   63 **FIX           14
 **********
 **********
 **   64 **FIX           15
 **********
 PARAMETER   15  IS CONSTANT.   IGNORED.
 **********
 **   65 **FIX           16
 **********
 **********
 **   66 **MIGRAD
 **********
 START MIGRAD MINIMIZATION.  STRATEGY  1.  CONVERGENCE WHEN EDM .LT. 1.00e-04
 FCN=57.3092 FROM MIGRAD    STATUS=INITIATE       16 CALLS        1921 TOTAL
                     EDM= unknown      STRATEGY= 1      NO ERROR MATRIX       
  EXT PARAMETER               CURRENT GUESS       STEP         FIRST   
  NO.   NAME      VALUE            ERROR          SIZE      DERIVATIVE 
   1  N0           3.03542e+06     fixed    
   2  tau          6.44117e+01   constant   
   3  A0           3.49967e-01     fixed    
   4  phi          4.11721e+00     fixed    
   5  R           -6.15857e+01   constant   
   6  alpha_CBO    1.55143e-03     fixed    
   7  w_CBO        2.32500e+00   constant   
   8  beta_CBO    -3.86679e-03     fixed    
   9  alpha_2CBO   2.64281e-04     fixed    
  10  beta_2CBO    5.96186e-04   2.72345e-04   2.72345e-04   4.87216e+03
  11  alpha_y      0.00000e+00   1.00000e-03   1.00000e-03  -3.51391e+03
  12  w_y          1.38860e+01   constant   
  13  beta_y      -6.17555e-05     fixed    
  14  alpha_vw     0.00000e+00     fixed    
  15  w_vw         1.43404e+01   constant   
  16  beta_vw      0.00000e+00     fixed    
  17  LM           1.09700e-04   constant   
  18  zeta_y       0.00000e+00   constant   
  19  zeta_vw      0.00000e+00   constant   
  20  T_CBO        9.99999e+02   5.47057e+02   4.60470e-02  -2.81223e-05
  21  alpha_A0     1.48034e-03   1.25751e-03   4.49764e-06   9.95307e-01
  22  beta_A0      2.45895e-03   1.37193e-03   4.94430e-06  -1.60504e+00
  23  alpha_phi    4.60004e-03   1.20883e-03   4.31267e-06  -1.25711e+00
  24  beta_phi    -6.25172e-04   1.19797e-03   4.21763e-06  -1.10704e+00
 MIGRAD MINIMIZATION HAS CONVERGED.
 MIGRAD WILL VERIFY CONVERGENCE AND ERROR MATRIX.
 COVARIANCE MATRIX CALCULATED SUCCESSFULLY
 FCN=56.6519 FROM MIGRAD    STATUS=CONVERGED     111 CALLS        2016 TOTAL
                     EDM=4.29614e-06    STRATEGY= 1      ERROR MATRIX ACCURATE 
  EXT PARAMETER                                   STEP         FIRST   
  NO.   NAME      VALUE            ERROR          SIZE      DERIVATIVE 
   1  N0           3.03542e+06     fixed    
   2  tau          6.44117e+01   constant   
   3  A0           3.49967e-01     fixed    
   4  phi          4.11721e+00     fixed    
   5  R           -6.15857e+01   constant   
   6  alpha_CBO    1.55143e-03     fixed    
   7  w_CBO        2.32500e+00   constant   
   8  beta_CBO    -3.86679e-03     fixed    
   9  alpha_2CBO   2.64281e-04     fixed    
  10  beta_2CBO    4.15167e-04   2.73562e-04   9.90864e-07   2.08529e+00
  11  alpha_y      1.23113e-04   2.66451e-04   9.87300e-07   7.32605e-01
  12  w_y          1.38860e+01   constant   
  13  beta_y      -6.17555e-05     fixed    
  14  alpha_vw     0.00000e+00     fixed    
  15  w_vw         1.43404e+01   constant   
  16  beta_vw      0.00000e+00     fixed    
  17  LM           1.09700e-04   constant   
  18  zeta_y       0.00000e+00   constant   
  19  zeta_vw      0.00000e+00   constant   
  20  T_CBO        1.00000e+03   5.00307e+02   5.07488e-02** at limit **
  21  alpha_A0     1.48175e-03   1.20922e-03   4.47223e-06   9.55687e-01
  22  beta_A0      2.28639e-03   1.36041e-03   4.91640e-06   7.59203e-01
  23  alpha_phi    4.68762e-03   1.17784e-03   4.28824e-06   1.61239e+00
  24  beta_phi    -6.50075e-04   1.14277e-03   4.19371e-06   9.99269e-01
 EXTERNAL ERROR MATRIX.    NDIM=  25    NPAR=  7    ERR DEF=1
  7.484e-08  6.699e-10  2.208e-09 -9.469e-10  6.425e-08 -3.665e-08  8.596e-09 
  6.699e-10  7.100e-08 -1.802e-11 -5.625e-10 -1.058e-08 -2.176e-09 -3.226e-09 
  2.208e-09 -1.802e-11  5.401e-03  3.368e-06  5.147e-06  1.054e-05 -1.490e-06 
 -9.469e-10 -5.625e-10  3.368e-06  1.462e-06  1.555e-08  1.156e-08  7.949e-08 
  6.425e-08 -1.058e-08  5.147e-06  1.555e-08  1.851e-06  8.979e-08  1.795e-07 
 -3.665e-08 -2.176e-09  1.054e-05  1.156e-08  8.979e-08  1.387e-06  7.566e-08 
  8.596e-09 -3.226e-09 -1.490e-06  7.949e-08  1.795e-07  7.566e-08  1.306e-06 
 PARAMETER  CORRELATION COEFFICIENTS  
       NO.  GLOBAL     10     11     20     21     22     23     24
       10  0.21338   1.000  0.009  0.000 -0.003  0.173 -0.114  0.027
       11  0.03361   0.009  1.000 -0.000 -0.002 -0.029 -0.007 -0.011
       20  0.13868   0.000 -0.000  1.000  0.038  0.051  0.122 -0.018
       21  0.06963  -0.003 -0.002  0.038  1.000  0.009  0.008  0.058
       22  0.22320   0.173 -0.029  0.051  0.009  1.000  0.056  0.115
       23  0.18884  -0.114 -0.007  0.122  0.008  0.056  1.000  0.056
       24  0.14223   0.027 -0.011 -0.018  0.058  0.115  0.056  1.000
MINUIT - FIT ONLY 2-y
 **********
 **   67 **RES 
 **********
                   PARAMETER   16  beta_vw RESTORED TO VARIABLE.
                   PARAMETER   14  alpha_vw RESTORED TO VARIABLE.
                   PARAMETER   13  beta_y RESTORED TO VARIABLE.
                   PARAMETER    9  alpha_2CBO RESTORED TO VARIABLE.
                   PARAMETER    8  beta_CBO RESTORED TO VARIABLE.
                   PARAMETER    6  alpha_CBO RESTORED TO VARIABLE.
                   PARAMETER    4  phi RESTORED TO VARIABLE.
                   PARAMETER    3  A0 RESTORED TO VARIABLE.
                   PARAMETER    1  N0 RESTORED TO VARIABLE.
 **********
 **   68 **FIX            0
 **********
 PARAMETER    0  IS UNDEFINED. IGNORED.
 **********
 **   69 **FIX            1
 **********
 **********
 **   70 **FIX            2
 **********
 PARAMETER    2  IS CONSTANT.   IGNORED.
 **********
 **   71 **FIX            3
 **********
 **********
 **   72 **FIX            4
 **********
 **********
 **   73 **FIX            5
 **********
 PARAMETER    5  IS CONSTANT.   IGNORED.
 **********
 **   74 **FIX            6
 **********
 **********
 **   75 **FIX            7
 **********
 PARAMETER    7  IS CONSTANT.   IGNORED.
 **********
 **   76 **FIX            8
 **********
 **********
 **   77 **FIX            9
 **********
 **********
 **   78 **FIX           10
 **********
 **********
 **   79 **FIX           11
 **********
 **********
 **   80 **FIX           12
 **********
 PARAMETER   12  IS CONSTANT.   IGNORED.
 **********
 **   81 **FIX           16
 **********
 **********
 **   82 **MIGRAD
 **********
 START MIGRAD MINIMIZATION.  STRATEGY  1.  CONVERGENCE WHEN EDM .LT. 1.00e-04
 FCN=56.6519 FROM MIGRAD    STATUS=INITIATE       16 CALLS        2032 TOTAL
                     EDM= unknown      STRATEGY= 1      NO ERROR MATRIX       
  EXT PARAMETER               CURRENT GUESS       STEP         FIRST   
  NO.   NAME      VALUE            ERROR          SIZE      DERIVATIVE 
   1  N0           3.03542e+06     fixed    
   2  tau          6.44117e+01   constant   
   3  A0           3.49967e-01     fixed    
   4  phi          4.11721e+00     fixed    
   5  R           -6.15857e+01   constant   
   6  alpha_CBO    1.55143e-03     fixed    
   7  w_CBO        2.32500e+00   constant   
   8  beta_CBO    -3.86679e-03     fixed    
   9  alpha_2CBO   2.64281e-04     fixed    
  10  beta_2CBO    4.15167e-04     fixed    
  11  alpha_y      1.23113e-04     fixed    
  12  w_y          1.38860e+01   constant   
  13  beta_y      -6.17555e-05   2.69327e-04   2.69327e-04  -1.52410e+03
  14  alpha_vw     0.00000e+00   1.00000e-03   1.00000e-03   6.81564e+03
  15  w_vw         1.43404e+01   constant   
  16  beta_vw      0.00000e+00     fixed    
  17  LM           1.09700e-04   constant   
  18  zeta_y       0.00000e+00   constant   
  19  zeta_vw      0.00000e+00   constant   
  20  T_CBO        9.99999e+02   5.00307e+02   5.07488e-02  -2.57418e-05
  21  alpha_A0     1.48175e-03   1.20922e-03   4.47223e-06   9.55272e-01
  22  beta_A0      2.28639e-03   1.36041e-03   4.91640e-06   7.58827e-01
  23  alpha_phi    4.68762e-03   1.17784e-03   4.28824e-06   1.61113e+00
  24  beta_phi    -6.50075e-04   1.14277e-03   4.19371e-06   9.99616e-01
 MIGRAD MINIMIZATION HAS CONVERGED.
 MIGRAD WILL VERIFY CONVERGENCE AND ERROR MATRIX.
 COVARIANCE MATRIX CALCULATED SUCCESSFULLY
 FCN=55.6597 FROM MIGRAD    STATUS=CONVERGED     114 CALLS        2130 TOTAL
                     EDM=9.42972e-07    STRATEGY= 1      ERROR MATRIX ACCURATE 
  EXT PARAMETER                                   STEP         FIRST   
  NO.   NAME      VALUE            ERROR          SIZE      DERIVATIVE 
   1  N0           3.03542e+06     fixed    
   2  tau          6.44117e+01   constant   
   3  A0           3.49967e-01     fixed    
   4  phi          4.11721e+00     fixed    
   5  R           -6.15857e+01   constant   
   6  alpha_CBO    1.55143e-03     fixed    
   7  w_CBO        2.32500e+00   constant   
   8  beta_CBO    -3.86679e-03     fixed    
   9  alpha_2CBO   2.64281e-04     fixed    
  10  beta_2CBO    4.15167e-04     fixed    
  11  alpha_y      1.23113e-04     fixed    
  12  w_y          1.38860e+01   constant   
  13  beta_y       4.88306e-05   2.75456e-04   9.90475e-07   4.01664e-03
  14  alpha_vw    -2.66432e-04   2.73352e-04   9.82942e-07   6.81662e-03
  15  w_vw         1.43404e+01   constant   
  16  beta_vw      0.00000e+00     fixed    
  17  LM           1.09700e-04   constant   
  18  zeta_y       0.00000e+00   constant   
  19  zeta_vw      0.00000e+00   constant   
  20  T_CBO        1.00000e+03   5.89121e+02   3.95009e-02** at limit **
  21  alpha_A0     1.50196e-03   1.20908e-03   4.43355e-06  -1.88171e-01
  22  beta_A0      2.26576e-03   1.33856e-03   4.87388e-06  -6.61686e-01
  23  alpha_phi    4.70886e-03   1.16637e-03   4.25115e-06  -2.20024e-01
  24  beta_phi    -6.39749e-04   1.14228e-03   4.15745e-06  -7.46492e-01
 EXTERNAL ERROR MATRIX.    NDIM=  25    NPAR=  7    ERR DEF=1
  7.588e-08 -1.549e-08 -3.277e-09  6.236e-09 -2.038e-09  5.947e-09  3.863e-09 
 -1.549e-08  7.472e-08  3.347e-09 -4.823e-09  5.159e-09 -5.305e-09 -2.553e-09 
 -3.277e-09  3.347e-09  3.426e-02  6.253e-06  9.339e-06  1.941e-05 -2.697e-06 
  6.236e-09 -4.823e-09  6.253e-06  1.462e-06  1.434e-08  8.738e-09  8.042e-08 
 -2.038e-09  5.159e-09  9.339e-06  1.434e-08  1.792e-06  1.158e-07  1.720e-07 
  5.947e-09 -5.305e-09  1.941e-05  8.738e-09  1.158e-07  1.360e-06  8.156e-08 
  3.863e-09 -2.553e-09 -2.697e-06  8.042e-08  1.720e-07  8.156e-08  1.305e-06 
 PARAMETER  CORRELATION COEFFICIENTS  
       NO.  GLOBAL     13     14     20     21     22     23     24
       13  0.20707   1.000 -0.206 -0.000  0.019 -0.006  0.019  0.012
       14  0.20691  -0.206  1.000  0.000 -0.015  0.014 -0.017 -0.008
       20  0.10166  -0.000  0.000  1.000  0.028  0.038  0.090 -0.013
       21  0.06822   0.019 -0.015  0.028  1.000  0.009  0.006  0.058
       22  0.13630  -0.006  0.014  0.038  0.009  1.000  0.074  0.112
       23  0.12887   0.019 -0.017  0.090  0.006  0.074  1.000  0.061
       24  0.13927   0.012 -0.008 -0.013  0.058  0.112  0.061  1.000
