 + ++++++++++++++++++++++++++++++++++++++++++++++++++++++++++++++++++++ +
 +                                                                      +
 +           You have chose to blind your fitting according to          +
 +                omega_ref * (1 + (R +/- deltaR) *10^{-6})             +
 +                                                                      +
 + ++++++++++++++++++++++++++++++++++++++++++++++++++++++++++++++++++++ +
In main()...
reading format from /gm2data/zkhechad/run45/envelope/formats/formatB_sBin_constraintOn.txt
pBinTau 	= 0  
pBinPhi 	= 0  
constraintau 	= 1 
includeMopTerm 	= 0    
constrainMop    = 0   
Parameters after format file: pBinTau 0 pBinPhi 0 constraintau 1 includeMopTerm 0 constrainMop 0 c_e_scale 0.000000 
Opening file /gm2data/tbarrett/gm2fr/studies/run23_bunch_corrections/CorrectedFourier_Run3b.root.
reading full fit data from /gm2data/zkhechad/cboTemplates/Run4CBOTemplates/templateFits0_v2.0/noRF/sBin_constraintOn_cE0.0_seed0_noRF_calo19.root
windowBins = 69
fitting sliding window 1978 from bin 2114 at 315.259600 to bin 2183 at 325.703600 (69 bins)

Reading data from /gm2data/cornell/histograms/aMethod/histogram_a_noRF.root
 **********
 **    1 **SET PRINTOUT            1
 **********
 **********
 **    2 **SET NOWARNINGS 
 **********
 PARAMETER DEFINITIONS:
    NO.   NAME         VALUE      STEP SIZE      LIMITS
     1 N0           3.18982e+06  1.00000e+02     no limits
     2 tau          6.43968e+01  constant
     3 A0           3.47817e-01  1.00000e-04     no limits
     4 phi          4.13212e+00  1.00000e-02     no limits
     5 R           -6.01460e+01  constant
     6 alpha_CBO    0.00000e+00  1.00000e-03     no limits
     7 w_CBO        2.32500e+00  constant
     8 beta_CBO     0.00000e+00  1.00000e-03     no limits
     9 alpha_2CBO   0.00000e+00  1.00000e-03     no limits
    10 beta_2CBO    0.00000e+00  1.00000e-03     no limits
    11 alpha_y      0.00000e+00  1.00000e-03     no limits
    12 w_y          1.44500e+01  constant
    13 beta_y       0.00000e+00  1.00000e-03     no limits
    14 alpha_vw     0.00000e+00  1.00000e-03     no limits
    15 w_vw         1.29000e+01  constant
    16 beta_vw      0.00000e+00  1.00000e-03     no limits
    17 LM          -1.51189e-04  constant
    18 zeta_y       0.00000e+00  constant
    19 zeta_vw      0.00000e+00  constant
    20 T_CBO        1.00000e+02  1.00000e+00    0.00000e+00  1.00000e+03
    21 alpha_A0     0.00000e+00  1.00000e-03     no limits
    22 beta_A0      0.00000e+00  1.00000e-03     no limits
    23 alpha_phi    0.00000e+00  1.00000e-03     no limits
    24 beta_phi     0.00000e+00  1.00000e-03     no limits
MINUIT - FIT ONLY WIGGLE
 **********
 **    3 **FIX            5
 **********
 PARAMETER    5  IS CONSTANT.   IGNORED.
 **********
 **    4 **FIX            6
 **********
 **********
 **    5 **FIX            7
 **********
 PARAMETER    7  IS CONSTANT.   IGNORED.
 **********
 **    6 **FIX            8
 **********
 **********
 **    7 **FIX            9
 **********
 **********
 **    8 **FIX           10
 **********
 **********
 **    9 **FIX           11
 **********
 **********
 **   10 **FIX           12
 **********
 PARAMETER   12  IS CONSTANT.   IGNORED.
 **********
 **   11 **FIX           13
 **********
 **********
 **   12 **FIX           14
 **********
 **********
 **   13 **FIX           15
 **********
 PARAMETER   15  IS CONSTANT.   IGNORED.
 **********
 **   14 **FIX           16
 **********
 **********
 **   15 **MIGRAD
 **********
 FIRST CALL TO USER FUNCTION AT NEW START POINT, WITH IFLAG=4.
 START MIGRAD MINIMIZATION.  STRATEGY  1.  CONVERGENCE WHEN EDM .LT. 1.00e-04
 FCN=98.2906 FROM MIGRAD    STATUS=INITIATE      437 CALLS         438 TOTAL
                     EDM= unknown      STRATEGY= 1      NO ERROR MATRIX       
  EXT PARAMETER               CURRENT GUESS       STEP         FIRST   
  NO.   NAME      VALUE            ERROR          SIZE      DERIVATIVE 
   1  N0           3.18982e+06   1.00000e+02   0.00000e+00   7.41966e-04
   2  tau          6.43968e+01   constant   
   3  A0           3.47817e-01   1.00000e-04   0.00000e+00  -7.49163e+02
   4  phi          4.13212e+00   1.00000e-02   0.00000e+00   1.99106e+03
   5  R           -6.01460e+01   constant   
   6  alpha_CBO    0.00000e+00     fixed    
   7  w_CBO        2.32500e+00   constant   
   8  beta_CBO     0.00000e+00     fixed    
   9  alpha_2CBO   0.00000e+00     fixed    
  10  beta_2CBO    0.00000e+00     fixed    
  11  alpha_y      0.00000e+00     fixed    
  12  w_y          1.44500e+01   constant   
  13  beta_y       0.00000e+00     fixed    
  14  alpha_vw     0.00000e+00     fixed    
  15  w_vw         1.29000e+01   constant   
  16  beta_vw      0.00000e+00     fixed    
  17  LM          -1.51189e-04   constant   
  18  zeta_y       0.00000e+00   constant   
  19  zeta_vw      0.00000e+00   constant   
  20  T_CBO        1.00000e+02   1.00000e+00   0.00000e+00   0.00000e+00
  21  alpha_A0     0.00000e+00   1.00000e-03   0.00000e+00   8.63387e+00
  22  beta_A0      0.00000e+00   1.00000e-03   0.00000e+00   8.98423e+00
  23  alpha_phi    0.00000e+00   1.00000e-03   0.00000e+00  -2.64900e+00
  24  beta_phi     0.00000e+00   1.00000e-03   0.00000e+00   3.61807e+01
 CALL LIMIT EXCEEDED IN MIGRAD.
 MIGRAD TERMINATED WITHOUT CONVERGENCE.
 FCN=92.176 FROM MIGRAD    STATUS=CALL LIMIT   1334 CALLS        1335 TOTAL
                     EDM=0.000469847    STRATEGY= 1  ERROR MATRIX UNCERTAINTY   0.8 per cent
  EXT PARAMETER                APPROXIMATE        STEP         FIRST   
  NO.   NAME      VALUE            ERROR          SIZE      DERIVATIVE 
   1  N0           3.18840e+06   1.66074e+03   1.88430e+00   7.74200e-07
   2  tau          6.43968e+01   constant   
   3  A0           3.48022e-01   6.78648e-04  -9.98612e-08  -5.58117e+00
   4  phi          4.12793e+00   1.97252e-03  -2.45059e-06   1.41593e+00
   5  R           -6.01460e+01   constant   
   6  alpha_CBO    0.00000e+00     fixed    
   7  w_CBO        2.32500e+00   constant   
   8  beta_CBO     0.00000e+00     fixed    
   9  alpha_2CBO   0.00000e+00     fixed    
  10  beta_2CBO    0.00000e+00     fixed    
  11  alpha_y      0.00000e+00     fixed    
  12  w_y          1.44500e+01   constant   
  13  beta_y       0.00000e+00     fixed    
  14  alpha_vw     0.00000e+00     fixed    
  15  w_vw         1.29000e+01   constant   
  16  beta_vw      0.00000e+00     fixed    
  17  LM          -1.51189e-04   constant   
  18  zeta_y       0.00000e+00   constant   
  19  zeta_vw      0.00000e+00   constant   
  20  T_CBO        4.47486e+01   4.04231e+01  -3.40661e-03  -1.24681e+00
  21  alpha_A0    -1.65645e+00   9.27239e+00  -1.57438e-01   5.89943e-03
  22  beta_A0     -1.94874e+00   1.08193e+01  -1.83732e-01   9.50122e-03
  23  alpha_phi   -5.41422e-01   2.16345e+00  -3.69308e-02   1.27590e-02
  24  beta_phi    -2.97629e+00   1.83537e+01  -3.10941e-01   3.49822e-03
 EXTERNAL ERROR MATRIX.    NDIM=  25    NPAR=  8    ERR DEF=1
  2.758e+06  4.308e-02  5.640e-01 -8.218e+03 -1.923e+03 -2.243e+03 -4.099e+02 -3.901e+03 
  4.308e-02  4.606e-07 -4.415e-08  2.350e-03  5.969e-04  6.938e-04  1.204e-04  1.205e-03 
  5.640e-01 -4.415e-08  3.891e-06 -4.865e-03 -1.184e-03 -1.375e-03 -2.435e-04 -2.420e-03 
 -8.218e+03  2.350e-03 -4.865e-03  1.655e+03  3.759e+02  4.386e+02  8.763e+01  7.435e+02 
 -1.923e+03  5.969e-04 -1.184e-03  3.759e+02  8.598e+01  1.003e+02  2.000e+01  1.702e+02 
 -2.243e+03  6.938e-04 -1.375e-03  4.386e+02  1.003e+02  1.171e+02  2.334e+01  1.985e+02 
 -4.099e+02  1.204e-04 -2.435e-04  8.763e+01  2.000e+01  2.334e+01  4.681e+00  3.955e+01 
 -3.901e+03  1.205e-03 -2.420e-03  7.435e+02  1.702e+02  1.985e+02  3.955e+01  3.369e+02 
ERR MATRIX APPROXIMATE
 PARAMETER  CORRELATION COEFFICIENTS  
       NO.  GLOBAL      1      3      4     20     21     22     23     24
        1  0.27006   1.000  0.038  0.172 -0.122 -0.125 -0.125 -0.114 -0.128
        3  0.21365   0.038  1.000 -0.033  0.085  0.095  0.094  0.082  0.097
        4  0.20434   0.172 -0.033  1.000 -0.061 -0.065 -0.064 -0.057 -0.067
       20  0.99685  -0.122  0.085 -0.061  1.000  0.996  0.996  0.996  0.996
       21  0.99996  -0.125  0.095 -0.065  0.996  1.000  1.000  0.997  1.000
       22  0.99997  -0.125  0.094 -0.064  0.996  1.000  1.000  0.997  1.000
       23  0.99882  -0.114  0.082 -0.057  0.996  0.997  0.997  1.000  0.996
       24  0.99993  -0.128  0.097 -0.067  0.996  1.000  1.000  0.996  1.000
 ERR MATRIX APPROXIMATE
MINUIT - FIT ONLY 1-CBO + wiggle
 **********
 **   16 **RES 
 **********
                   PARAMETER   16  beta_vw RESTORED TO VARIABLE.
                   PARAMETER   14  alpha_vw RESTORED TO VARIABLE.
                   PARAMETER   13  beta_y RESTORED TO VARIABLE.
                   PARAMETER   11  alpha_y RESTORED TO VARIABLE.
                   PARAMETER   10  beta_2CBO RESTORED TO VARIABLE.
                   PARAMETER    9  alpha_2CBO RESTORED TO VARIABLE.
                   PARAMETER    8  beta_CBO RESTORED TO VARIABLE.
                   PARAMETER    6  alpha_CBO RESTORED TO VARIABLE.
 **********
 **   17 **FIX            8
 **********
 **********
 **   18 **FIX            9
 **********
 **********
 **   19 **FIX           11
 **********
 **********
 **   20 **FIX           12
 **********
 PARAMETER   12  IS CONSTANT.   IGNORED.
 **********
 **   21 **FIX           14
 **********
 **********
 **   22 **FIX           15
 **********
 PARAMETER   15  IS CONSTANT.   IGNORED.
 **********
 **   23 **FIX           16
 **********
 **********
 **   24 **MIGRAD
 **********
 START MIGRAD MINIMIZATION.  STRATEGY  1.  CONVERGENCE WHEN EDM .LT. 1.00e-04
 FCN=92.176 FROM MIGRAD    STATUS=INITIATE       28 CALLS        1363 TOTAL
                     EDM= unknown      STRATEGY= 1      NO ERROR MATRIX       
  EXT PARAMETER               CURRENT GUESS       STEP         FIRST   
  NO.   NAME      VALUE            ERROR          SIZE      DERIVATIVE 
   1  N0           3.18840e+06   1.66074e+03   1.88430e+00   7.74200e-07
   2  tau          6.43968e+01   constant   
   3  A0           3.48022e-01   6.78648e-04  -9.98612e-08  -5.58117e+00
   4  phi          4.12793e+00   1.97252e-03  -2.45059e-06   1.41593e+00
   5  R           -6.01460e+01   constant   
   6  alpha_CBO    0.00000e+00   1.00000e-03   1.00000e-03  -1.12083e+04
   7  w_CBO        2.32500e+00   constant   
   8  beta_CBO     0.00000e+00     fixed    
   9  alpha_2CBO   0.00000e+00     fixed    
  10  beta_2CBO    0.00000e+00   1.00000e-03   1.00000e-03   3.66972e+02
  11  alpha_y      0.00000e+00     fixed    
  12  w_y          1.44500e+01   constant   
  13  beta_y       0.00000e+00   1.00000e-03   1.00000e-03  -1.10638e+02
  14  alpha_vw     0.00000e+00     fixed    
  15  w_vw         1.29000e+01   constant   
  16  beta_vw      0.00000e+00     fixed    
  17  LM          -1.51189e-04   constant   
  18  zeta_y       0.00000e+00   constant   
  19  zeta_vw      0.00000e+00   constant   
  20  T_CBO        4.47486e+01   4.04231e+01  -3.40661e-03  -1.24682e+00
  21  alpha_A0    -1.65645e+00   9.27239e+00  -1.57438e-01   5.89943e-03
  22  beta_A0     -1.94874e+00   1.08193e+01  -1.83732e-01   9.50122e-03
  23  alpha_phi   -5.41422e-01   2.16345e+00  -3.69308e-02   1.27590e-02
  24  beta_phi    -2.97629e+00   1.83537e+01  -3.10941e-01   3.49822e-03
 MIGRAD MINIMIZATION HAS CONVERGED.
 FCN=74.5528 FROM MIGRAD    STATUS=CONVERGED     173 CALLS        1508 TOTAL
                     EDM=2.6539e-06    STRATEGY= 1  ERROR MATRIX UNCERTAINTY   2.8 per cent
  EXT PARAMETER                                   STEP         FIRST   
  NO.   NAME      VALUE            ERROR          SIZE      DERIVATIVE 
   1  N0           3.18844e+06   1.73376e+03  -1.70535e+00  -3.70130e-07
   2  tau          6.43968e+01   constant   
   3  A0           3.48334e-01   6.96267e-04  -2.05649e-06  -1.65163e-01
   4  phi          4.12931e+00   2.03932e-03   8.88434e-06   2.01913e-01
   5  R           -6.01460e+01   constant   
   6  alpha_CBO    3.13544e-03   7.45917e-04   1.25435e-07   8.18553e-02
   7  w_CBO        2.32500e+00   constant   
   8  beta_CBO     0.00000e+00     fixed    
   9  alpha_2CBO   0.00000e+00     fixed    
  10  beta_2CBO   -3.00508e-04   7.26091e-04  -2.05359e-06   4.68809e-01
  11  alpha_y      0.00000e+00     fixed    
  12  w_y          1.44500e+01   constant   
  13  beta_y       6.54363e-05   7.14426e-04  -5.79445e-08  -1.21170e-01
  14  alpha_vw     0.00000e+00     fixed    
  15  w_vw         1.29000e+01   constant   
  16  beta_vw      0.00000e+00     fixed    
  17  LM          -1.51189e-04   constant   
  18  zeta_y       0.00000e+00   constant   
  19  zeta_vw      0.00000e+00   constant   
  20  T_CBO        4.40111e+01   4.79987e+00  -5.15433e-05   3.15645e-02
  21  alpha_A0     4.62674e-01   3.55613e+00   2.84607e-03   9.42855e-05
  22  beta_A0     -2.48697e+00   3.82037e+00   6.69448e-03   4.53520e-04
  23  alpha_phi   -2.32472e-01   4.05752e+00   5.49375e-03  -5.40616e-04
  24  beta_phi    -3.21430e+00   3.58478e+00  -2.18019e-03   2.80875e-04
 EXTERNAL ERROR MATRIX.    NDIM=  25    NPAR= 11    ERR DEF=1
  3.006e+06 
  5.599e-02  4.848e-07 
  7.346e-01 -5.436e-08  4.159e-06 
  7.885e-03  5.011e-08  2.444e-07  5.564e-07 
  2.631e-02  4.989e-09 -7.893e-08 -3.739e-08  5.272e-07 
 -5.875e-03  2.892e-09  8.464e-09  6.232e-09 -1.120e-09  5.104e-07 
  3.367e+02  2.717e-04 -1.093e-03 -1.339e-04 -4.080e-05  4.576e-05  2.304e+01 
  1.193e+03 -8.191e-06  3.331e-04  3.686e-04 -4.467e-05  1.327e-05 -5.795e-01  1.265e+01 
  1.113e+03 -6.056e-05  7.172e-04 -8.860e-05  2.314e-04 -3.768e-05  2.157e+00  1.319e+00  1.460e+01 
  6.412e+02 -3.140e-04  1.304e-03  8.543e-05 -2.106e-04 -1.362e-05 -1.701e+00  7.077e-01  2.189e+00  1.646e+01 
 -1.463e+03  1.325e-04 -1.176e-03 -5.583e-05  1.494e-04 -2.137e-06  3.998e+00 -1.310e+00 -4.306e+00 -1.917e+00  1.285e+01 
 PARAMETER  CORRELATION COEFFICIENTS  
       NO.  GLOBAL      1      3      4      6     10     13     20     21     22     23     24
        1  0.37041   1.000  0.046  0.208  0.006  0.021 -0.005  0.040  0.193  0.168  0.091 -0.235
        3  0.18503   0.046  1.000 -0.038  0.096  0.010  0.006  0.081 -0.003 -0.023 -0.111  0.053
        4  0.32901   0.208 -0.038  1.000  0.161 -0.053  0.006 -0.112  0.046  0.092  0.158 -0.161
        6  0.25104   0.006  0.096  0.161  1.000 -0.069  0.012 -0.037  0.139 -0.031  0.028 -0.021
       10  0.17518   0.021  0.010 -0.053 -0.069  1.000 -0.002 -0.012 -0.017  0.083 -0.071  0.057
       13  0.02826  -0.005  0.006  0.006  0.012 -0.002  1.000  0.013  0.005 -0.014 -0.005 -0.001
       20  0.35157   0.040  0.081 -0.112 -0.037 -0.012  0.013  1.000 -0.034  0.118 -0.087  0.232
       21  0.25637   0.193 -0.003  0.046  0.139 -0.017  0.005 -0.034  1.000  0.097  0.049 -0.103
       22  0.41636   0.168 -0.023  0.092 -0.031  0.083 -0.014  0.118  0.097  1.000  0.141 -0.314
       23  0.26035   0.091 -0.111  0.158  0.028 -0.071 -0.005 -0.087  0.049  0.141  1.000 -0.132
       24  0.47192  -0.235  0.053 -0.161 -0.021  0.057 -0.001  0.232 -0.103 -0.314 -0.132  1.000
MINUIT - FIT ONLY 2-CBO
 **********
 **   25 **RES 
 **********
                   PARAMETER   16  beta_vw RESTORED TO VARIABLE.
                   PARAMETER   14  alpha_vw RESTORED TO VARIABLE.
                   PARAMETER   11  alpha_y RESTORED TO VARIABLE.
                   PARAMETER    9  alpha_2CBO RESTORED TO VARIABLE.
                   PARAMETER    8  beta_CBO RESTORED TO VARIABLE.
 **********
 **   26 **FIX            0
 **********
 PARAMETER    0  IS UNDEFINED. IGNORED.
 **********
 **   27 **FIX            1
 **********
 **********
 **   28 **FIX            2
 **********
 PARAMETER    2  IS CONSTANT.   IGNORED.
 **********
 **   29 **FIX            3
 **********
 **********
 **   30 **FIX            4
 **********
 **********
 **   31 **FIX            5
 **********
 PARAMETER    5  IS CONSTANT.   IGNORED.
 **********
 **   32 **FIX            6
 **********
 **********
 **   33 **FIX            7
 **********
 PARAMETER    7  IS CONSTANT.   IGNORED.
 **********
 **   34 **FIX           10
 **********
 **********
 **   35 **FIX           11
 **********
 **********
 **   36 **FIX           12
 **********
 PARAMETER   12  IS CONSTANT.   IGNORED.
 **********
 **   37 **FIX           13
 **********
 **********
 **   38 **FIX           14
 **********
 **********
 **   39 **FIX           15
 **********
 PARAMETER   15  IS CONSTANT.   IGNORED.
 **********
 **   40 **FIX           16
 **********
 **********
 **   41 **MIGRAD
 **********
 START MIGRAD MINIMIZATION.  STRATEGY  1.  CONVERGENCE WHEN EDM .LT. 1.00e-04
 FCN=74.5528 FROM MIGRAD    STATUS=INITIATE       18 CALLS        1526 TOTAL
                     EDM= unknown      STRATEGY= 1      NO ERROR MATRIX       
  EXT PARAMETER               CURRENT GUESS       STEP         FIRST   
  NO.   NAME      VALUE            ERROR          SIZE      DERIVATIVE 
   1  N0           3.18844e+06     fixed    
   2  tau          6.43968e+01   constant   
   3  A0           3.48334e-01     fixed    
   4  phi          4.12931e+00     fixed    
   5  R           -6.01460e+01   constant   
   6  alpha_CBO    3.13544e-03     fixed    
   7  w_CBO        2.32500e+00   constant   
   8  beta_CBO     0.00000e+00   1.00000e-03   1.00000e-03  -2.97764e+03
   9  alpha_2CBO   0.00000e+00   1.00000e-03   1.00000e-03  -5.51554e+03
  10  beta_2CBO   -3.00508e-04     fixed    
  11  alpha_y      0.00000e+00     fixed    
  12  w_y          1.44500e+01   constant   
  13  beta_y       6.54363e-05     fixed    
  14  alpha_vw     0.00000e+00     fixed    
  15  w_vw         1.29000e+01   constant   
  16  beta_vw      0.00000e+00     fixed    
  17  LM          -1.51189e-04   constant   
  18  zeta_y       0.00000e+00   constant   
  19  zeta_vw      0.00000e+00   constant   
  20  T_CBO        4.40111e+01   4.79987e+00  -5.15433e-05   3.15668e-02
  21  alpha_A0     4.62674e-01   3.55613e+00   2.84607e-03   9.42859e-05
  22  beta_A0     -2.48697e+00   3.82037e+00   6.69448e-03   4.53520e-04
  23  alpha_phi   -2.32472e-01   4.05752e+00   5.49375e-03  -5.40616e-04
  24  beta_phi    -3.21430e+00   3.58478e+00  -2.18019e-03   2.80875e-04
 MIGRAD MINIMIZATION HAS CONVERGED.
 MIGRAD WILL VERIFY CONVERGENCE AND ERROR MATRIX.
 FCN=69.24 FROM HESSE     STATUS=NOT POSDEF     50 CALLS        1659 TOTAL
                     EDM=6.6969e-05    STRATEGY= 1      ERR MATRIX NOT POS-DEF
  EXT PARAMETER                APPROXIMATE        STEP         FIRST   
  NO.   NAME      VALUE            ERROR          SIZE      DERIVATIVE 
   1  N0           3.18844e+06     fixed    
   2  tau          6.43968e+01   constant   
   3  A0           3.48334e-01     fixed    
   4  phi          4.12931e+00     fixed    
   5  R           -6.01460e+01   constant   
   6  alpha_CBO    3.13544e-03     fixed    
   7  w_CBO        2.32500e+00   constant   
   8  beta_CBO     7.99914e-04   7.17533e-04   2.88196e-06  -3.98745e-01
   9  alpha_2CBO   1.49474e-03   7.29677e-04   2.92247e-06   1.14755e+00
  10  beta_2CBO   -3.00508e-04     fixed    
  11  alpha_y      0.00000e+00     fixed    
  12  w_y          1.44500e+01   constant   
  13  beta_y       6.54363e-05     fixed    
  14  alpha_vw     0.00000e+00     fixed    
  15  w_vw         1.29000e+01   constant   
  16  beta_vw      0.00000e+00     fixed    
  17  LM          -1.51189e-04   constant   
  18  zeta_y       0.00000e+00   constant   
  19  zeta_vw      0.00000e+00   constant   
  20  T_CBO        4.28819e+01   1.03499e+02   1.40138e-04  -4.32755e-02
  21  alpha_A0     1.76238e+00   3.39078e+01   1.93564e-02  -2.60284e-04
  22  beta_A0     -2.36657e+00   4.42208e+01   1.99345e-02   2.18425e-04
  23  alpha_phi    7.80293e-01   1.62655e+01   2.12820e-02  -6.14927e-05
  24  beta_phi    -2.00339e+00   3.80560e+01   1.86203e-02  -3.25127e-04
 CALL LIMIT EXCEEDED IN MIGRAD.
 MIGRAD TERMINATED WITHOUT CONVERGENCE.
 FCN=69.2381 FROM MIGRAD    STATUS=CALL LIMIT   1161 CALLS        2669 TOTAL
                     EDM=3.25097e-05    STRATEGY= 1      ERR MATRIX NOT POS-DEF
  EXT PARAMETER                APPROXIMATE        STEP         FIRST   
  NO.   NAME      VALUE            ERROR          SIZE      DERIVATIVE 
   1  N0           3.18844e+06     fixed    
   2  tau          6.43968e+01   constant   
   3  A0           3.48334e-01     fixed    
   4  phi          4.12931e+00     fixed    
   5  R           -6.01460e+01   constant   
   6  alpha_CBO    3.13544e-03     fixed    
   7  w_CBO        2.32500e+00   constant   
   8  beta_CBO     7.99070e-04   7.11085e-04  -3.81884e-08  -1.35962e+00
   9  alpha_2CBO   1.49622e-03   7.19377e-04   2.31458e-07  -9.07278e-01
  10  beta_2CBO   -3.00508e-04     fixed    
  11  alpha_y      0.00000e+00     fixed    
  12  w_y          1.44500e+01   constant   
  13  beta_y       6.54363e-05     fixed    
  14  alpha_vw     0.00000e+00     fixed    
  15  w_vw         1.29000e+01   constant   
  16  beta_vw      0.00000e+00     fixed    
  17  LM          -1.51189e-04   constant   
  18  zeta_y       0.00000e+00   constant   
  19  zeta_vw      0.00000e+00   constant   
  20  T_CBO        6.60100e+01   2.07630e+02   3.23894e-03  -8.94820e-02
  21  alpha_A0     1.30128e-01   2.58865e+00  -7.77160e-03  -1.05459e-02
  22  beta_A0     -1.76771e-01   3.45139e+00   1.11840e-02   7.35116e-03
  23  alpha_phi    5.55425e-02   1.12273e+00  -3.70390e-03   6.73726e-03
  24  beta_phi    -1.44077e-01   2.86433e+00   9.89721e-03   1.39428e-02
 EXTERNAL ERROR MATRIX.    NDIM=  25    NPAR=  7    ERR DEF=1
  5.056e-07  6.517e-09 -2.787e-03  2.976e-05  2.012e-05  2.305e-05 -1.807e-05 
  6.517e-09  5.175e-07  6.719e-04  4.423e-05 -7.127e-06  2.997e-05  5.659e-05 
 -2.787e-03  6.719e-04  6.047e+04 -6.267e+02  8.406e+02 -2.567e+02  6.996e+02 
  2.976e-05  4.423e-05 -6.267e+02  6.701e+00 -8.689e+00  2.694e+00 -7.199e+00 
  2.012e-05 -7.127e-06  8.406e+02 -8.689e+00  1.191e+01 -3.533e+00  9.632e+00 
  2.305e-05  2.997e-05 -2.567e+02  2.694e+00 -3.533e+00  1.261e+00 -2.992e+00 
 -1.807e-05  5.659e-05  6.996e+02 -7.199e+00  9.632e+00 -2.992e+00  8.204e+00 
ERR MATRIX NOT POS-DEF
 PARAMETER  CORRELATION COEFFICIENTS  
       NO.  GLOBAL      8      9     20     21     22     23     24
        8  0.31193   1.000  0.013 -0.016  0.016  0.008  0.029 -0.009
        9  0.26588   0.013  1.000  0.004  0.024 -0.003  0.037  0.027
       20  0.99927  -0.016  0.004  1.000 -0.985  0.990 -0.930  0.993
       21  0.98978   0.016  0.024 -0.985  1.000 -0.972  0.927 -0.971
       22  0.99546   0.008 -0.003  0.990 -0.972  1.000 -0.912  0.974
       23  0.93754   0.029  0.037 -0.930  0.927 -0.912  1.000 -0.930
       24  0.99730  -0.009  0.027  0.993 -0.971  0.974 -0.930  1.000
 ERR MATRIX NOT POS-DEF
MINUIT - FIT wiggle + 1-CBO + 2-CBO
 **********
 **   42 **RES 
 **********
                   PARAMETER   16  beta_vw RESTORED TO VARIABLE.
                   PARAMETER   14  alpha_vw RESTORED TO VARIABLE.
                   PARAMETER   13  beta_y RESTORED TO VARIABLE.
                   PARAMETER   11  alpha_y RESTORED TO VARIABLE.
                   PARAMETER   10  beta_2CBO RESTORED TO VARIABLE.
                   PARAMETER    6  alpha_CBO RESTORED TO VARIABLE.
                   PARAMETER    4  phi RESTORED TO VARIABLE.
                   PARAMETER    3  A0 RESTORED TO VARIABLE.
                   PARAMETER    1  N0 RESTORED TO VARIABLE.
 **********
 **   43 **FIX           10
 **********
 **********
 **   44 **FIX           11
 **********
 **********
 **   45 **FIX           12
 **********
 PARAMETER   12  IS CONSTANT.   IGNORED.
 **********
 **   46 **FIX           13
 **********
 **********
 **   47 **FIX           14
 **********
 **********
 **   48 **FIX           15
 **********
 PARAMETER   15  IS CONSTANT.   IGNORED.
 **********
 **   49 **FIX           16
 **********
 **********
 **   50 **MIGRAD
 **********
 START MIGRAD MINIMIZATION.  STRATEGY  1.  CONVERGENCE WHEN EDM .LT. 1.00e-04
 FCN=69.2381 FROM MIGRAD    STATUS=INITIATE       22 CALLS        2691 TOTAL
                     EDM= unknown      STRATEGY= 1      NO ERROR MATRIX       
  EXT PARAMETER               CURRENT GUESS       STEP         FIRST   
  NO.   NAME      VALUE            ERROR          SIZE      DERIVATIVE 
   1  N0           3.18844e+06   1.73376e+03   1.73376e+03  -2.34144e-06
   2  tau          6.43968e+01   constant   
   3  A0           3.48334e-01   6.96267e-04   6.96267e-04   1.07988e+03
   4  phi          4.12931e+00   2.03932e-03   2.03932e-03  -3.25431e+01
   5  R           -6.01460e+01   constant   
   6  alpha_CBO    3.13544e-03   7.45917e-04   7.45917e-04   4.01030e+01
   7  w_CBO        2.32500e+00   constant   
   8  beta_CBO     7.99070e-04   7.11085e-04  -3.81884e-08  -1.35962e+00
   9  alpha_2CBO   1.49622e-03   7.19377e-04   2.31458e-07  -9.07278e-01
  10  beta_2CBO   -3.00508e-04     fixed    
  11  alpha_y      0.00000e+00     fixed    
  12  w_y          1.44500e+01   constant   
  13  beta_y       6.54363e-05     fixed    
  14  alpha_vw     0.00000e+00     fixed    
  15  w_vw         1.29000e+01   constant   
  16  beta_vw      0.00000e+00     fixed    
  17  LM          -1.51189e-04   constant   
  18  zeta_y       0.00000e+00   constant   
  19  zeta_vw      0.00000e+00   constant   
  20  T_CBO        6.60100e+01   2.07630e+02   3.23894e-03  -8.94728e-02
  21  alpha_A0     1.30128e-01   2.58865e+00  -7.77160e-03  -1.05459e-02
  22  beta_A0     -1.76771e-01   3.45139e+00   1.11840e-02   7.35116e-03
  23  alpha_phi    5.55425e-02   1.12273e+00  -3.70390e-03   6.73726e-03
  24  beta_phi    -1.44077e-01   2.86433e+00   9.89721e-03   1.39428e-02
 MIGRAD MINIMIZATION HAS CONVERGED.
 MIGRAD WILL VERIFY CONVERGENCE AND ERROR MATRIX.
 FCN=69.0808 FROM HESSE     STATUS=NOT POSDEF    100 CALLS        2910 TOTAL
                     EDM=0.00020981    STRATEGY= 1      ERR MATRIX NOT POS-DEF
  EXT PARAMETER                APPROXIMATE        STEP         FIRST   
  NO.   NAME      VALUE            ERROR          SIZE      DERIVATIVE 
   1  N0           3.18842e+06   1.71517e+03   6.33417e+00  -1.74643e-07
   2  tau          6.43968e+01   constant   
   3  A0           3.48047e-01   7.23215e-04   2.78487e-06   2.84992e-01
   4  phi          4.12941e+00   2.03682e-03   7.97255e-06   8.56697e-02
   5  R           -6.01460e+01   constant   
   6  alpha_CBO    3.09838e-03   7.42937e-04   2.95500e-06  -5.04346e-01
   7  w_CBO        2.32500e+00   constant   
   8  beta_CBO     8.70993e-04   7.42531e-04   2.87866e-06   2.35263e-01
   9  alpha_2CBO   1.51416e-03   7.31616e-04   2.91913e-06  -3.12805e-01
  10  beta_2CBO   -3.00508e-04     fixed    
  11  alpha_y      0.00000e+00     fixed    
  12  w_y          1.44500e+01   constant   
  13  beta_y       6.54363e-05     fixed    
  14  alpha_vw     0.00000e+00     fixed    
  15  w_vw         1.29000e+01   constant   
  16  beta_vw      0.00000e+00     fixed    
  17  LM          -1.51189e-04   constant   
  18  zeta_y       0.00000e+00   constant   
  19  zeta_vw      0.00000e+00   constant   
  20  T_CBO        6.58908e+01   5.00282e+02   2.76340e-04  -1.59916e-02
  21  alpha_A0     1.23970e-01   2.39191e+00   1.43153e-03   3.50285e-03
  22  beta_A0     -1.63976e-01   3.08247e+00   1.47665e-03  -1.20256e-03
  23  alpha_phi    9.30354e-02   1.85496e+00   1.56858e-03   8.23839e-04
  24  beta_phi    -1.44183e-01   2.73626e+00   1.37812e-03   3.96378e-04
 CALL LIMIT EXCEEDED IN MIGRAD.
 MIGRAD TERMINATED WITHOUT CONVERGENCE.
 FCN=69.0762 FROM MIGRAD    STATUS=CALL LIMIT   1922 CALLS        4591 TOTAL
                     EDM=6.20449e-05    STRATEGY= 1      ERR MATRIX NOT POS-DEF
  EXT PARAMETER                APPROXIMATE        STEP         FIRST   
  NO.   NAME      VALUE            ERROR          SIZE      DERIVATIVE 
   1  N0           3.18842e+06   1.64089e+03   7.26088e-01   4.13011e-07
   2  tau          6.43968e+01   constant   
   3  A0           3.48045e-01   6.92290e-04  -2.33917e-07  -6.51603e-01
   4  phi          4.12943e+00   1.98728e-03   9.70164e-07  -6.26844e-01
   5  R           -6.01460e+01   constant   
   6  alpha_CBO    3.10092e-03   7.35348e-04   1.05969e-07   9.99008e-01
   7  w_CBO        2.32500e+00   constant   
   8  beta_CBO     8.70967e-04   7.23716e-04   3.10559e-07  -3.23797e+00
   9  alpha_2CBO   1.51626e-03   7.05365e-04   2.03520e-07  -8.37967e-01
  10  beta_2CBO   -3.00508e-04     fixed    
  11  alpha_y      0.00000e+00     fixed    
  12  w_y          1.44500e+01   constant   
  13  beta_y       6.54363e-05     fixed    
  14  alpha_vw     0.00000e+00     fixed    
  15  w_vw         1.29000e+01   constant   
  16  beta_vw      0.00000e+00     fixed    
  17  LM          -1.51189e-04   constant   
  18  zeta_y       0.00000e+00   constant   
  19  zeta_vw      0.00000e+00   constant   
  20  T_CBO        1.85424e+02   5.79583e+02   5.37658e-03  -7.74106e-03
  21  alpha_A0     5.59103e-03   4.43922e-02  -5.51629e-05   2.31494e-01
  22  beta_A0     -7.24440e-03   8.03855e-02   1.51537e-04   2.37475e-01
  23  alpha_phi    4.00337e-03   2.85221e-02   2.22461e-05   1.86655e-01
  24  beta_phi    -6.21139e-03   5.55874e-02   8.15383e-05   1.73659e-01
 EXTERNAL ERROR MATRIX.    NDIM=  25    NPAR= 11    ERR DEF=1
  2.693e+06 
  8.493e-02  4.793e-07 
  4.600e-01 -2.414e-08  3.949e-06 
 -7.809e-03  4.951e-08  2.400e-07  5.407e-07 
 -1.198e-01 -1.016e-07  8.218e-08  3.992e-09  5.238e-07 
  4.186e-02 -2.033e-08 -4.785e-08 -3.200e-08  2.222e-09  4.975e-07 
  2.706e+05 -6.554e-02  2.229e-02  7.062e-02 -5.324e-02  2.971e-02  6.950e+05 
 -1.028e+01  4.315e-06 -1.145e-06 -1.950e-06  2.049e-06 -1.958e-07 -3.384e+01  1.971e-03 
  2.617e+01 -6.727e-06  8.878e-06  5.484e-06 -1.010e-06  1.741e-06  6.451e+01 -3.304e-03  6.462e-03 
 -6.706e+00 -5.901e-07  2.941e-06 -2.645e-06  3.395e-06  5.842e-08 -1.910e+01  8.401e-04 -1.804e-03  8.135e-04 
  1.064e+01 -4.243e-06 -4.862e-07  4.343e-06 -2.068e-06  3.530e-06  4.433e+01 -2.175e-03  4.038e-03 -1.237e-03  3.090e-03 
ERR MATRIX NOT POS-DEF
 PARAMETER  CORRELATION COEFFICIENTS  
       NO.  GLOBAL      1      3      4      6      8      9     20     21     22     23     24
        1  0.37922   1.000  0.075  0.141 -0.006 -0.101  0.036  0.198 -0.141  0.198 -0.143  0.117
        3  0.33080   0.075  1.000 -0.018  0.097 -0.203 -0.042 -0.114  0.140 -0.121 -0.030 -0.110
        4  0.32270   0.141 -0.018  1.000  0.164  0.057 -0.034  0.013 -0.013  0.056  0.052 -0.004
        6  0.28337  -0.006  0.097  0.164  1.000  0.008 -0.062  0.115 -0.060  0.093 -0.126  0.106
        8  0.45522  -0.101 -0.203  0.057  0.008  1.000  0.004 -0.088  0.064 -0.017  0.164 -0.051
        9  0.25064   0.036 -0.042 -0.034 -0.062  0.004  1.000  0.051 -0.006  0.031  0.003  0.090
       20  0.98623   0.198 -0.114  0.013  0.115 -0.088  0.051  1.000 -0.914  0.963 -0.803  0.957
       21  0.94749  -0.141  0.140 -0.013 -0.060  0.064 -0.006 -0.914  1.000 -0.926  0.664 -0.881
       22  0.97824   0.198 -0.121  0.056  0.093 -0.017  0.031  0.963 -0.926  1.000 -0.787  0.904
       23  0.86161  -0.143 -0.030  0.052 -0.126  0.164  0.003 -0.803  0.664 -0.787  1.000 -0.780
       24  0.96613   0.117 -0.110 -0.004  0.106 -0.051  0.090  0.957 -0.881  0.904 -0.780  1.000
 ERR MATRIX NOT POS-DEF
MINUIT - FIT ONLY 1-y
 **********
 **   51 **RES 
 **********
                   PARAMETER   16  beta_vw RESTORED TO VARIABLE.
                   PARAMETER   14  alpha_vw RESTORED TO VARIABLE.
                   PARAMETER   13  beta_y RESTORED TO VARIABLE.
                   PARAMETER   11  alpha_y RESTORED TO VARIABLE.
                   PARAMETER   10  beta_2CBO RESTORED TO VARIABLE.
 **********
 **   52 **FIX            0
 **********
 PARAMETER    0  IS UNDEFINED. IGNORED.
 **********
 **   53 **FIX            1
 **********
 **********
 **   54 **FIX            2
 **********
 PARAMETER    2  IS CONSTANT.   IGNORED.
 **********
 **   55 **FIX            3
 **********
 **********
 **   56 **FIX            4
 **********
 **********
 **   57 **FIX            5
 **********
 PARAMETER    5  IS CONSTANT.   IGNORED.
 **********
 **   58 **FIX            6
 **********
 **********
 **   59 **FIX            7
 **********
 PARAMETER    7  IS CONSTANT.   IGNORED.
 **********
 **   60 **FIX            8
 **********
 **********
 **   61 **FIX            9
 **********
 **********
 **   62 **FIX           13
 **********
 **********
 **   63 **FIX           14
 **********
 **********
 **   64 **FIX           15
 **********
 PARAMETER   15  IS CONSTANT.   IGNORED.
 **********
 **   65 **FIX           16
 **********
 **********
 **   66 **MIGRAD
 **********
 START MIGRAD MINIMIZATION.  STRATEGY  1.  CONVERGENCE WHEN EDM .LT. 1.00e-04
 FCN=69.0762 FROM MIGRAD    STATUS=INITIATE       14 CALLS        4605 TOTAL
                     EDM= unknown      STRATEGY= 1      NO ERROR MATRIX       
  EXT PARAMETER               CURRENT GUESS       STEP         FIRST   
  NO.   NAME      VALUE            ERROR          SIZE      DERIVATIVE 
   1  N0           3.18842e+06     fixed    
   2  tau          6.43968e+01   constant   
   3  A0           3.48045e-01     fixed    
   4  phi          4.12943e+00     fixed    
   5  R           -6.01460e+01   constant   
   6  alpha_CBO    3.10092e-03     fixed    
   7  w_CBO        2.32500e+00   constant   
   8  beta_CBO     8.70967e-04     fixed    
   9  alpha_2CBO   1.51626e-03     fixed    
  10  beta_2CBO   -3.00508e-04   7.26091e-04   7.26091e-04  -5.89534e+01
  11  alpha_y      0.00000e+00   1.00000e-03   1.00000e-03   2.08723e+03
  12  w_y          1.44500e+01   constant   
  13  beta_y       6.54363e-05     fixed    
  14  alpha_vw     0.00000e+00     fixed    
  15  w_vw         1.29000e+01   constant   
  16  beta_vw      0.00000e+00     fixed    
  17  LM          -1.51189e-04   constant   
  18  zeta_y       0.00000e+00   constant   
  19  zeta_vw      0.00000e+00   constant   
  20  T_CBO        1.85424e+02   5.79583e+02   5.37658e-03  -7.74097e-03
  21  alpha_A0     5.59103e-03   4.43922e-02  -5.51629e-05   2.31494e-01
  22  beta_A0     -7.24440e-03   8.03855e-02   1.51537e-04   2.37475e-01
  23  alpha_phi    4.00337e-03   2.85221e-02   2.22461e-05   1.86655e-01
  24  beta_phi    -6.21139e-03   5.55874e-02   8.15383e-05   1.73659e-01
 MIGRAD MINIMIZATION HAS CONVERGED.
 MIGRAD WILL VERIFY CONVERGENCE AND ERROR MATRIX.
 FCN=68.5227 FROM HESSE     STATUS=NOT POSDEF     50 CALLS        4702 TOTAL
                     EDM=0.000149909    STRATEGY= 1      ERR MATRIX NOT POS-DEF
  EXT PARAMETER                APPROXIMATE        STEP         FIRST   
  NO.   NAME      VALUE            ERROR          SIZE      DERIVATIVE 
   1  N0           3.18842e+06     fixed    
   2  tau          6.43968e+01   constant   
   3  A0           3.48045e-01     fixed    
   4  phi          4.12943e+00     fixed    
   5  R           -6.01460e+01   constant   
   6  alpha_CBO    3.10092e-03     fixed    
   7  w_CBO        2.32500e+00   constant   
   8  beta_CBO     8.70967e-04     fixed    
   9  alpha_2CBO   1.51626e-03     fixed    
  10  beta_2CBO   -2.84027e-04   7.26533e-04   2.90143e-06   4.14805e-01
  11  alpha_y     -5.29940e-04   7.10779e-04   2.90051e-06  -5.18449e-03
  12  w_y          1.44500e+01   constant   
  13  beta_y       6.54363e-05     fixed    
  14  alpha_vw     0.00000e+00     fixed    
  15  w_vw         1.29000e+01   constant   
  16  beta_vw      0.00000e+00     fixed    
  17  LM          -1.51189e-04   constant   
  18  zeta_y       0.00000e+00   constant   
  19  zeta_vw      0.00000e+00   constant   
  20  T_CBO        1.85668e+02   7.21739e+02   1.38618e-03  -5.95008e-03
  21  alpha_A0     5.46927e-03   1.07044e-01   6.19951e-05  -1.68695e-02
  22  beta_A0     -7.21563e-03   1.38147e-01   6.40654e-05   1.14496e-02
  23  alpha_phi    4.12262e-03   8.32955e-02   6.76497e-05  -5.02287e-03
  24  beta_phi    -6.26749e-03   1.21168e-01   5.97138e-05   2.94109e-02
 MIGRAD MINIMIZATION HAS CONVERGED.
 MIGRAD WILL VERIFY CONVERGENCE AND ERROR MATRIX.
 COVARIANCE MATRIX CALCULATED SUCCESSFULLY
 FCN=68.5211 FROM MIGRAD    STATUS=CONVERGED     996 CALLS        5587 TOTAL
                     EDM=2.4614e-05    STRATEGY= 1      ERROR MATRIX ACCURATE 
  EXT PARAMETER                                   STEP         FIRST   
  NO.   NAME      VALUE            ERROR          SIZE      DERIVATIVE 
   1  N0           3.18842e+06     fixed    
   2  tau          6.43968e+01   constant   
   3  A0           3.48045e-01     fixed    
   4  phi          4.12943e+00     fixed    
   5  R           -6.01460e+01   constant   
   6  alpha_CBO    3.10092e-03     fixed    
   7  w_CBO        2.32500e+00   constant   
   8  beta_CBO     8.70967e-04     fixed    
   9  alpha_2CBO   1.51626e-03     fixed    
  10  beta_2CBO   -2.83868e-04   7.28614e-04   2.90139e-06  -1.94923e+00
  11  alpha_y     -5.29837e-04   7.12586e-04   2.90048e-06  -1.56239e-02
  12  w_y          1.44500e+01   constant   
  13  beta_y       6.54363e-05     fixed    
  14  alpha_vw     0.00000e+00     fixed    
  15  w_vw         1.29000e+01   constant   
  16  beta_vw      0.00000e+00     fixed    
  17  LM          -1.51189e-04   constant   
  18  zeta_y       0.00000e+00   constant   
  19  zeta_vw      0.00000e+00   constant   
  20  T_CBO        8.59182e+02   8.67557e+02   2.68780e-02  -6.57267e-04
  21  alpha_A0     1.43057e-03   7.18276e-03   1.63448e-05  -3.19694e-01
  22  beta_A0     -1.87546e-03   8.73271e-03   1.69027e-05   7.72726e-01
  23  alpha_phi    1.04941e-03   6.23939e-03   1.78065e-05  -7.14079e-01
  24  beta_phi    -1.61240e-03   7.70915e-03   1.57472e-05   3.21854e-01
 EXTERNAL ERROR MATRIX.    NDIM=  25    NPAR=  7    ERR DEF=1
  5.309e-07 -7.829e-10  3.567e-03  2.095e-07  3.130e-07 -4.623e-07  2.000e-07 
 -7.829e-10  5.078e-07  2.726e-03  2.387e-08 -6.596e-11 -5.439e-08  2.129e-08 
  3.567e-03  2.726e-03  9.638e+07 -5.883e+01  7.558e+01 -4.393e+01  6.572e+01 
  2.095e-07  2.387e-08 -5.883e+01  5.159e-05 -4.533e-05  2.688e-05 -3.924e-05 
  3.130e-07 -6.596e-11  7.558e+01 -4.533e-05  7.626e-05 -3.352e-05  5.039e-05 
 -4.623e-07 -5.439e-08 -4.393e+01  2.688e-05 -3.352e-05  3.893e-05 -3.031e-05 
  2.000e-07  2.129e-08  6.572e+01 -3.924e-05  5.039e-05 -3.031e-05  5.943e-05 
 PARAMETER  CORRELATION COEFFICIENTS  
       NO.  GLOBAL     10     11     20     21     22     23     24
       10  0.20817   1.000 -0.002  0.000  0.040  0.049 -0.102  0.036
       11  0.02106  -0.002  1.000  0.000  0.005 -0.000 -0.012  0.004
       20  0.95884   0.000  0.000  1.000 -0.834  0.882 -0.717  0.868
       21  0.83623   0.040  0.005 -0.834  1.000 -0.723  0.600 -0.709
       22  0.88455   0.049 -0.000  0.882 -0.723  1.000 -0.615  0.748
       23  0.72596  -0.102 -0.012 -0.717  0.600 -0.615  1.000 -0.630
       24  0.87045   0.036  0.004  0.868 -0.709  0.748 -0.630  1.000
MINUIT - FIT ONLY 2-y
 **********
 **   67 **RES 
 **********
                   PARAMETER   16  beta_vw RESTORED TO VARIABLE.
                   PARAMETER   14  alpha_vw RESTORED TO VARIABLE.
                   PARAMETER   13  beta_y RESTORED TO VARIABLE.
                   PARAMETER    9  alpha_2CBO RESTORED TO VARIABLE.
                   PARAMETER    8  beta_CBO RESTORED TO VARIABLE.
                   PARAMETER    6  alpha_CBO RESTORED TO VARIABLE.
                   PARAMETER    4  phi RESTORED TO VARIABLE.
                   PARAMETER    3  A0 RESTORED TO VARIABLE.
                   PARAMETER    1  N0 RESTORED TO VARIABLE.
 **********
 **   68 **FIX            0
 **********
 PARAMETER    0  IS UNDEFINED. IGNORED.
 **********
 **   69 **FIX            1
 **********
 **********
 **   70 **FIX            2
 **********
 PARAMETER    2  IS CONSTANT.   IGNORED.
 **********
 **   71 **FIX            3
 **********
 **********
 **   72 **FIX            4
 **********
 **********
 **   73 **FIX            5
 **********
 PARAMETER    5  IS CONSTANT.   IGNORED.
 **********
 **   74 **FIX            6
