 + ++++++++++++++++++++++++++++++++++++++++++++++++++++++++++++++++++++ +
 +                                                                      +
 +           You have chose to blind your fitting according to          +
 +                omega_ref * (1 + (R +/- deltaR) *10^{-6})             +
 +                                                                      +
 + ++++++++++++++++++++++++++++++++++++++++++++++++++++++++++++++++++++ +
In main()...
reading format from /gm2data/zkhechad/run45/envelope/formats/formatB_sBin_constraintOn.txt
pBinTau 	= 0  
pBinPhi 	= 0  
constraintau 	= 1 
includeMopTerm 	= 0    
constrainMop    = 0   
Parameters after format file: pBinTau 0 pBinPhi 0 constraintau 1 includeMopTerm 0 constrainMop 0 c_e_scale 0.000000 
Opening file /gm2data/tbarrett/gm2fr/studies/run23_bunch_corrections/CorrectedFourier_Run3b.root.
reading full fit data from /gm2data/zkhechad/cboTemplates/Run4CBOTemplates/templateFits0_v2.0/noRF/sBin_constraintOn_cE0.0_seed0_noRF_calo2.root
windowBins = 17
fitting sliding window 522 from bin 658 at 98.024400 to bin 675 at 100.710000 (17 bins)

Reading data from /gm2data/cornell/histograms/aMethod/histogram_a_noRF.root
 **********
 **    1 **SET PRINTOUT            1
 **********
 **********
 **    2 **SET NOWARNINGS 
 **********
 PARAMETER DEFINITIONS:
    NO.   NAME         VALUE      STEP SIZE      LIMITS
     1 N0           3.21271e+06  1.00000e+02     no limits
     2 tau          6.44362e+01  constant
     3 A0           3.64394e-01  1.00000e-04     no limits
     4 phi          4.11820e+00  1.00000e-02     no limits
     5 R           -5.98416e+01  constant
     6 alpha_CBO    0.00000e+00  1.00000e-03     no limits
     7 w_CBO        2.32500e+00  constant
     8 beta_CBO     0.00000e+00  1.00000e-03     no limits
     9 alpha_2CBO   0.00000e+00  1.00000e-03     no limits
    10 beta_2CBO    0.00000e+00  1.00000e-03     no limits
    11 alpha_y      0.00000e+00  1.00000e-03     no limits
    12 w_y          1.44500e+01  constant
    13 beta_y       0.00000e+00  1.00000e-03     no limits
    14 alpha_vw     0.00000e+00  1.00000e-03     no limits
    15 w_vw         1.29000e+01  constant
    16 beta_vw      0.00000e+00  1.00000e-03     no limits
    17 LM           1.16794e-03  constant
    18 zeta_y       0.00000e+00  constant
    19 zeta_vw      0.00000e+00  constant
    20 T_CBO        1.00000e+02  1.00000e+00    0.00000e+00  1.00000e+03
    21 alpha_A0     0.00000e+00  1.00000e-03     no limits
    22 beta_A0      0.00000e+00  1.00000e-03     no limits
    23 alpha_phi    0.00000e+00  1.00000e-03     no limits
    24 beta_phi     0.00000e+00  1.00000e-03     no limits
MINUIT - FIT ONLY WIGGLE
 **********
 **    3 **FIX            5
 **********
 PARAMETER    5  IS CONSTANT.   IGNORED.
 **********
 **    4 **FIX            6
 **********
 **********
 **    5 **FIX            7
 **********
 PARAMETER    7  IS CONSTANT.   IGNORED.
 **********
 **    6 **FIX            8
 **********
 **********
 **    7 **FIX            9
 **********
 **********
 **    8 **FIX           10
 **********
 **********
 **    9 **FIX           11
 **********
 **********
 **   10 **FIX           12
 **********
 PARAMETER   12  IS CONSTANT.   IGNORED.
 **********
 **   11 **FIX           13
 **********
 **********
 **   12 **FIX           14
 **********
 **********
 **   13 **FIX           15
 **********
 PARAMETER   15  IS CONSTANT.   IGNORED.
 **********
 **   14 **FIX           16
 **********
 **********
 **   15 **MIGRAD
 **********
 FIRST CALL TO USER FUNCTION AT NEW START POINT, WITH IFLAG=4.
 START MIGRAD MINIMIZATION.  STRATEGY  1.  CONVERGENCE WHEN EDM .LT. 1.00e-04
 FCN=323.057 FROM MIGRAD    STATUS=INITIATE      437 CALLS         438 TOTAL
                     EDM= unknown      STRATEGY= 1      NO ERROR MATRIX       
  EXT PARAMETER               CURRENT GUESS       STEP         FIRST   
  NO.   NAME      VALUE            ERROR          SIZE      DERIVATIVE 
   1  N0           3.21271e+06   1.00000e+02   0.00000e+00  -1.53910e-02
   2  tau          6.44362e+01   constant   
   3  A0           3.64394e-01   1.00000e-04   0.00000e+00  -4.68740e+04
   4  phi          4.11820e+00   1.00000e-02   0.00000e+00   3.43799e+04
   5  R           -5.98416e+01   constant   
   6  alpha_CBO    0.00000e+00     fixed    
   7  w_CBO        2.32500e+00   constant   
   8  beta_CBO     0.00000e+00     fixed    
   9  alpha_2CBO   0.00000e+00     fixed    
  10  beta_2CBO    0.00000e+00     fixed    
  11  alpha_y      0.00000e+00     fixed    
  12  w_y          1.44500e+01   constant   
  13  beta_y       0.00000e+00     fixed    
  14  alpha_vw     0.00000e+00     fixed    
  15  w_vw         1.29000e+01   constant   
  16  beta_vw      0.00000e+00     fixed    
  17  LM           1.16794e-03   constant   
  18  zeta_y       0.00000e+00   constant   
  19  zeta_vw      0.00000e+00   constant   
  20  T_CBO        1.00000e+02   1.00000e+00   0.00000e+00   0.00000e+00
  21  alpha_A0     0.00000e+00   1.00000e-03   0.00000e+00   1.26978e+03
  22  beta_A0      0.00000e+00   1.00000e-03   0.00000e+00   5.03547e+02
  23  alpha_phi    0.00000e+00   1.00000e-03   0.00000e+00   8.80118e+03
  24  beta_phi     0.00000e+00   1.00000e-03   0.00000e+00  -3.13770e+03
 CALL LIMIT EXCEEDED IN MIGRAD.
 MIGRAD TERMINATED WITHOUT CONVERGENCE.
 FCN=8.33776 FROM MIGRAD    STATUS=CALL LIMIT   1329 CALLS        1330 TOTAL
                     EDM=0.153066    STRATEGY= 1  ERROR MATRIX UNCERTAINTY   9.5 per cent
  EXT PARAMETER                APPROXIMATE        STEP         FIRST   
  NO.   NAME      VALUE            ERROR          SIZE      DERIVATIVE 
   1  N0           3.22004e+06   1.09477e+03  -2.28478e+01   2.83721e-04
   2  tau          6.44362e+01   constant   
   3  A0           3.70421e-01   2.27398e-03   3.40983e-04   6.49287e+02
   4  phi          4.07810e+00   6.11826e-03  -8.23909e-04   4.07401e+02
   5  R           -5.98416e+01   constant   
   6  alpha_CBO    0.00000e+00     fixed    
   7  w_CBO        2.32500e+00   constant   
   8  beta_CBO     0.00000e+00     fixed    
   9  alpha_2CBO   0.00000e+00     fixed    
  10  beta_2CBO    0.00000e+00     fixed    
  11  alpha_y      0.00000e+00     fixed    
  12  w_y          1.44500e+01   constant   
  13  beta_y       0.00000e+00     fixed    
  14  alpha_vw     0.00000e+00     fixed    
  15  w_vw         1.29000e+01   constant   
  16  beta_vw      0.00000e+00     fixed    
  17  LM           1.16794e-03   constant   
  18  zeta_y       0.00000e+00   constant   
  19  zeta_vw      0.00000e+00   constant   
  20  T_CBO        3.73431e+01   1.05871e+00  -6.09118e-04   6.54467e+01
  21  alpha_A0     3.94058e-01   1.17370e-01   2.06819e-02  -2.91642e+00
  22  beta_A0      5.23639e-01   1.39454e-01   2.25636e-02   9.28304e-01
  23  alpha_phi    4.47342e-01   1.52107e-01   2.59085e-02  -8.84246e+00
  24  beta_phi    -3.73466e-01   1.07461e-01  -1.61243e-02  -2.55088e+01
 EXTERNAL ERROR MATRIX.    NDIM=  25    NPAR=  8    ERR DEF=1
  1.199e+06 -7.581e-01  2.082e-01 -3.609e+01 -1.687e+01 -1.934e+01 -1.475e+01  5.468e+00 
 -7.581e-01  5.171e-06 -1.319e-05 -1.444e-03  2.572e-04  3.079e-04  3.290e-04 -2.291e-04 
  2.082e-01 -1.319e-05  3.743e-05  3.962e-03 -6.943e-04 -8.356e-04 -9.023e-04  6.425e-04 
 -3.609e+01 -1.444e-03  3.962e-03  1.121e+00 -9.296e-02 -1.064e-01 -1.231e-01  8.546e-02 
 -1.687e+01  2.572e-04 -6.943e-04 -9.296e-02  1.378e-02  1.633e-02  1.781e-02 -1.245e-02 
 -1.934e+01  3.079e-04 -8.356e-04 -1.064e-01  1.633e-02  1.945e-02  2.114e-02 -1.484e-02 
 -1.475e+01  3.290e-04 -9.023e-04 -1.231e-01  1.781e-02  2.114e-02  2.314e-02 -1.626e-02 
  5.468e+00 -2.291e-04  6.425e-04  8.546e-02 -1.245e-02 -1.484e-02 -1.626e-02  1.155e-02 
ERR MATRIX APPROXIMATE
 PARAMETER  CORRELATION COEFFICIENTS  
       NO.  GLOBAL      1      3      4     20     21     22     23     24
        1  0.92002   1.000 -0.305  0.031 -0.031 -0.131 -0.127 -0.089  0.046
        3  0.99722  -0.305  1.000 -0.948 -0.600  0.964  0.971  0.951 -0.938
        4  0.99881   0.031 -0.948  1.000  0.612 -0.967 -0.979 -0.970  0.977
       20  0.97657  -0.031 -0.600  0.612  1.000 -0.748 -0.721 -0.764  0.751
       21  0.99975  -0.131  0.964 -0.967 -0.748  1.000  0.998  0.998 -0.987
       22  0.99985  -0.127  0.971 -0.979 -0.721  0.998  1.000  0.996 -0.991
       23  0.99988  -0.089  0.951 -0.970 -0.764  0.998  0.996  1.000 -0.995
       24  0.99946   0.046 -0.938  0.977  0.751 -0.987 -0.991 -0.995  1.000
 ERR MATRIX APPROXIMATE
MINUIT - FIT ONLY 1-CBO + wiggle
 **********
 **   16 **RES 
 **********
                   PARAMETER   16  beta_vw RESTORED TO VARIABLE.
                   PARAMETER   14  alpha_vw RESTORED TO VARIABLE.
                   PARAMETER   13  beta_y RESTORED TO VARIABLE.
                   PARAMETER   11  alpha_y RESTORED TO VARIABLE.
                   PARAMETER   10  beta_2CBO RESTORED TO VARIABLE.
                   PARAMETER    9  alpha_2CBO RESTORED TO VARIABLE.
                   PARAMETER    8  beta_CBO RESTORED TO VARIABLE.
                   PARAMETER    6  alpha_CBO RESTORED TO VARIABLE.
 **********
 **   17 **FIX            8
 **********
 **********
 **   18 **FIX            9
 **********
 **********
 **   19 **FIX           11
 **********
 **********
 **   20 **FIX           12
 **********
 PARAMETER   12  IS CONSTANT.   IGNORED.
 **********
 **   21 **FIX           14
 **********
 **********
 **   22 **FIX           15
 **********
 PARAMETER   15  IS CONSTANT.   IGNORED.
 **********
 **   23 **FIX           16
 **********
 **********
 **   24 **MIGRAD
 **********
 START MIGRAD MINIMIZATION.  STRATEGY  1.  CONVERGENCE WHEN EDM .LT. 1.00e-04
 FCN=8.33776 FROM MIGRAD    STATUS=INITIATE       28 CALLS        1358 TOTAL
                     EDM= unknown      STRATEGY= 1      NO ERROR MATRIX       
  EXT PARAMETER               CURRENT GUESS       STEP         FIRST   
  NO.   NAME      VALUE            ERROR          SIZE      DERIVATIVE 
   1  N0           3.22004e+06   1.09477e+03  -2.28478e+01   2.83721e-04
   2  tau          6.44362e+01   constant   
   3  A0           3.70421e-01   2.27398e-03   3.40983e-04   6.49287e+02
   4  phi          4.07810e+00   6.11826e-03  -8.23909e-04   4.07401e+02
   5  R           -5.98416e+01   constant   
   6  alpha_CBO    0.00000e+00   1.00000e-03   1.00000e-03   1.65058e+02
   7  w_CBO        2.32500e+00   constant   
   8  beta_CBO     0.00000e+00     fixed    
   9  alpha_2CBO   0.00000e+00     fixed    
  10  beta_2CBO    0.00000e+00   1.00000e-03   1.00000e-03   1.13492e+03
  11  alpha_y      0.00000e+00     fixed    
  12  w_y          1.44500e+01   constant   
  13  beta_y       0.00000e+00   1.00000e-03   1.00000e-03   5.73185e+03
  14  alpha_vw     0.00000e+00     fixed    
  15  w_vw         1.29000e+01   constant   
  16  beta_vw      0.00000e+00     fixed    
  17  LM           1.16794e-03   constant   
  18  zeta_y       0.00000e+00   constant   
  19  zeta_vw      0.00000e+00   constant   
  20  T_CBO        3.73431e+01   1.05871e+00  -6.09118e-04   6.54467e+01
  21  alpha_A0     3.94058e-01   1.17370e-01   2.06819e-02  -2.91642e+00
  22  beta_A0      5.23639e-01   1.39454e-01   2.25636e-02   9.28304e-01
  23  alpha_phi    4.47342e-01   1.52107e-01   2.59085e-02  -8.84246e+00
  24  beta_phi    -3.73466e-01   1.07461e-01  -1.61243e-02  -2.55088e+01
 MIGRAD MINIMIZATION HAS CONVERGED.
 MIGRAD WILL VERIFY CONVERGENCE AND ERROR MATRIX.
 FCN=5.4972 FROM HESSE     STATUS=NOT POSDEF    100 CALLS        2021 TOTAL
                     EDM=0.000804609    STRATEGY= 1      ERR MATRIX NOT POS-DEF
  EXT PARAMETER                APPROXIMATE        STEP         FIRST   
  NO.   NAME      VALUE            ERROR          SIZE      DERIVATIVE 
   1  N0           3.22085e+06   5.40813e+03   1.53582e+00   6.37033e-06
   2  tau          6.44362e+01   constant   
   3  A0           3.70806e-01   2.52724e-03   3.81890e-07   3.95910e+00
   4  phi          4.07494e+00   7.59172e-03   1.94308e-06   4.92483e+00
   5  R           -5.98416e+01   constant   
   6  alpha_CBO   -9.51637e-03   2.79086e-03   2.91016e-07   4.40542e+00
   7  w_CBO        2.32500e+00   constant   
   8  beta_CBO     0.00000e+00     fixed    
   9  alpha_2CBO   0.00000e+00     fixed    
  10  beta_2CBO    1.92822e-03   6.75376e-04   2.92238e-07  -4.29445e+00
  11  alpha_y      0.00000e+00     fixed    
  12  w_y          1.44500e+01   constant   
  13  beta_y      -2.61794e-04   2.49206e-04   3.02645e-07  -5.78236e+00
  14  alpha_vw     0.00000e+00     fixed    
  15  w_vw         1.29000e+01   constant   
  16  beta_vw      0.00000e+00     fixed    
  17  LM           1.16794e-03   constant   
  18  zeta_y       0.00000e+00   constant   
  19  zeta_vw      0.00000e+00   constant   
  20  T_CBO        4.22146e+01   2.54790e+00   1.16775e-06   1.03438e+00
  21  alpha_A0     5.89686e-01   1.02548e-01   1.16921e-05   5.01946e-03
  22  beta_A0      4.92683e-01   9.82425e-02   1.31606e-05  -3.43268e-03
  23  alpha_phi    8.18141e-01   1.30917e-01   1.46082e-05   1.15209e-01
  24  beta_phi    -3.65410e-01   9.28797e-02   1.50528e-05   1.79582e-02
 CALL LIMIT EXCEEDED IN MIGRAD.
 MIGRAD TERMINATED WITHOUT CONVERGENCE.
 FCN=5.4166 FROM MIGRAD    STATUS=CALL LIMIT   1923 CALLS        3253 TOTAL
                     EDM=0.00162098    STRATEGY= 1      ERR MATRIX NOT POS-DEF
  EXT PARAMETER                APPROXIMATE        STEP         FIRST   
  NO.   NAME      VALUE            ERROR          SIZE      DERIVATIVE 
   1  N0           3.22909e+06   2.62324e+04   6.04478e+02  -6.52944e-05
   2  tau          6.44362e+01   constant   
   3  A0           3.87566e-01   2.36192e-02   5.63951e-04  -1.48469e+02
   4  phi          4.03209e+00   4.54212e-02  -9.65567e-04  -3.58388e+01
   5  R           -5.98416e+01   constant   
   6  alpha_CBO   -4.42108e-04   1.42735e-02   3.45269e-04   4.31342e+01
   7  w_CBO        2.32500e+00   constant   
   8  beta_CBO     0.00000e+00     fixed    
   9  alpha_2CBO   0.00000e+00     fixed    
  10  beta_2CBO    4.35901e-04   2.60677e-03  -6.36914e-05   4.48061e+01
  11  alpha_y      0.00000e+00     fixed    
  12  w_y          1.44500e+01   constant   
  13  beta_y      -2.58780e-04   2.52933e-04   2.66008e-07  -3.17028e+01
  14  alpha_vw     0.00000e+00     fixed    
  15  w_vw         1.29000e+01   constant   
  16  beta_vw      0.00000e+00     fixed    
  17  LM           1.16794e-03   constant   
  18  zeta_y       0.00000e+00   constant   
  19  zeta_vw      0.00000e+00   constant   
  20  T_CBO        4.37573e+01   1.13272e+00   7.01807e-05   3.00589e+01
  21  alpha_A0     6.94041e-01   2.38773e-01  -2.83000e-03  -1.50918e+00
  22  beta_A0      9.48167e-01   6.56193e-01   1.56781e-02   4.41621e+00
  23  alpha_phi    1.03378e+00   4.05140e-01   7.49500e-03   1.32274e+00
  24  beta_phi    -6.49657e-01   3.22619e-01  -3.46715e-03   2.59225e+00
 EXTERNAL ERROR MATRIX.    NDIM=  25    NPAR= 11    ERR DEF=1
  6.881e+08 
  5.382e+02  5.579e-04 
 -8.251e+02 -1.026e-03  2.063e-03 
  2.862e+02  3.206e-04 -6.109e-04  2.037e-04 
 -5.291e+01 -5.820e-05  1.097e-04 -3.653e-05  6.795e-06 
 -8.376e-02  1.337e-07 -6.051e-07  3.159e-07 -3.159e-08  6.398e-08 
  2.181e+04  1.313e-02 -1.470e-02  7.103e-03 -1.318e-03  4.790e-06  1.283e+00 
 -3.603e+03 -1.020e-03 -8.797e-04 -6.738e-04  1.330e-04 -1.020e-06 -2.070e-01  5.701e-02 
  1.544e+04  1.542e-02 -2.785e-02  8.617e-03 -1.576e-03  5.196e-07  3.672e-01 -3.149e-02  4.306e-01 
  9.289e+03  8.172e-03 -1.381e-02  3.792e-03 -7.070e-04 -8.072e-06  2.099e-01 -1.553e-02  2.387e-01  1.641e-01 
 -1.548e+03 -4.841e-03  1.216e-02 -3.068e-03  5.445e-04 -4.442e-06  7.854e-02 -4.589e-02 -1.259e-01 -5.282e-02  1.041e-01 
ERR MATRIX NOT POS-DEF
 PARAMETER  CORRELATION COEFFICIENTS  
       NO.  GLOBAL      1      3      4      6     10     13     20     21     22     23     24
        1  0.99984   1.000  0.869 -0.692  0.764 -0.774 -0.013  0.734 -0.575  0.897  0.874 -0.183
        3  0.99996   0.869  1.000 -0.956  0.951 -0.945  0.022  0.491 -0.181  0.995  0.854 -0.635
        4  0.99997  -0.692 -0.956  1.000 -0.942  0.926 -0.053 -0.286 -0.081 -0.934 -0.750  0.830
        6  0.99994   0.764  0.951 -0.942  1.000 -0.982  0.088  0.439 -0.198  0.920  0.656 -0.666
       10  0.99809  -0.774 -0.945  0.926 -0.982  1.000 -0.048 -0.446  0.214 -0.921 -0.669  0.647
       13  0.35975  -0.013  0.022 -0.053  0.088 -0.048  1.000  0.017 -0.017  0.003 -0.079 -0.054
       20  0.99712   0.734  0.491 -0.286  0.439 -0.446  0.017  1.000 -0.765  0.494  0.457  0.215
       21  0.99960  -0.575 -0.181 -0.081 -0.198  0.214 -0.017 -0.765  1.000 -0.201 -0.160 -0.596
       22  0.99997   0.897  0.995 -0.934  0.920 -0.921  0.003  0.494 -0.201  1.000  0.898 -0.594
       23  0.99969   0.874  0.854 -0.750  0.656 -0.669 -0.079  0.457 -0.160  0.898  1.000 -0.404
       24  0.99975  -0.183 -0.635  0.830 -0.666  0.647 -0.054  0.215 -0.596 -0.594 -0.404  1.000
 ERR MATRIX NOT POS-DEF
MINUIT - FIT ONLY 2-CBO
 **********
 **   25 **RES 
 **********
                   PARAMETER   16  beta_vw RESTORED TO VARIABLE.
                   PARAMETER   14  alpha_vw RESTORED TO VARIABLE.
                   PARAMETER   11  alpha_y RESTORED TO VARIABLE.
                   PARAMETER    9  alpha_2CBO RESTORED TO VARIABLE.
                   PARAMETER    8  beta_CBO RESTORED TO VARIABLE.
 **********
 **   26 **FIX            0
 **********
 PARAMETER    0  IS UNDEFINED. IGNORED.
 **********
 **   27 **FIX            1
 **********
 **********
 **   28 **FIX            2
 **********
 PARAMETER    2  IS CONSTANT.   IGNORED.
 **********
 **   29 **FIX            3
 **********
 **********
 **   30 **FIX            4
 **********
 **********
 **   31 **FIX            5
 **********
 PARAMETER    5  IS CONSTANT.   IGNORED.
 **********
 **   32 **FIX            6
 **********
 **********
 **   33 **FIX            7
 **********
 PARAMETER    7  IS CONSTANT.   IGNORED.
 **********
 **   34 **FIX           10
 **********
 **********
 **   35 **FIX           11
 **********
 **********
 **   36 **FIX           12
 **********
 PARAMETER   12  IS CONSTANT.   IGNORED.
 **********
 **   37 **FIX           13
 **********
 **********
 **   38 **FIX           14
 **********
 **********
 **   39 **FIX           15
 **********
 PARAMETER   15  IS CONSTANT.   IGNORED.
 **********
 **   40 **FIX           16
 **********
 **********
 **   41 **MIGRAD
 **********
 START MIGRAD MINIMIZATION.  STRATEGY  1.  CONVERGENCE WHEN EDM .LT. 1.00e-04
 FCN=5.4166 FROM MIGRAD    STATUS=INITIATE       18 CALLS        3271 TOTAL
                     EDM= unknown      STRATEGY= 1      NO ERROR MATRIX       
  EXT PARAMETER               CURRENT GUESS       STEP         FIRST   
  NO.   NAME      VALUE            ERROR          SIZE      DERIVATIVE 
   1  N0           3.22909e+06     fixed    
   2  tau          6.44362e+01   constant   
   3  A0           3.87566e-01     fixed    
   4  phi          4.03209e+00     fixed    
   5  R           -5.98416e+01   constant   
   6  alpha_CBO   -4.42108e-04     fixed    
   7  w_CBO        2.32500e+00   constant   
   8  beta_CBO     0.00000e+00   1.00000e-03   1.00000e-03   1.68502e+02
   9  alpha_2CBO   0.00000e+00   1.00000e-03   1.00000e-03   7.23225e+01
  10  beta_2CBO    4.35901e-04     fixed    
  11  alpha_y      0.00000e+00     fixed    
  12  w_y          1.44500e+01   constant   
  13  beta_y      -2.58780e-04     fixed    
  14  alpha_vw     0.00000e+00     fixed    
  15  w_vw         1.29000e+01   constant   
  16  beta_vw      0.00000e+00     fixed    
  17  LM           1.16794e-03   constant   
  18  zeta_y       0.00000e+00   constant   
  19  zeta_vw      0.00000e+00   constant   
  20  T_CBO        4.37573e+01   1.13272e+00   7.01807e-05   3.00589e+01
  21  alpha_A0     6.94041e-01   2.38773e-01  -2.83000e-03  -1.50918e+00
  22  beta_A0      9.48167e-01   6.56193e-01   1.56781e-02   4.41621e+00
  23  alpha_phi    1.03378e+00   4.05140e-01   7.49500e-03   1.32274e+00
  24  beta_phi    -6.49657e-01   3.22619e-01  -3.46715e-03   2.59225e+00
 MIGRAD MINIMIZATION HAS CONVERGED.
 MIGRAD WILL VERIFY CONVERGENCE AND ERROR MATRIX.
 FCN=5.41535 FROM MIGRAD    STATUS=CONVERGED     165 CALLS        3418 TOTAL
                     EDM=8.09047e-07    STRATEGY= 1      ERR MATRIX NOT POS-DEF
  EXT PARAMETER                APPROXIMATE        STEP         FIRST   
  NO.   NAME      VALUE            ERROR          SIZE      DERIVATIVE 
   1  N0           3.22909e+06     fixed    
   2  tau          6.44362e+01   constant   
   3  A0           3.87566e-01     fixed    
   4  phi          4.03209e+00     fixed    
   5  R           -5.98416e+01   constant   
   6  alpha_CBO   -4.42108e-04     fixed    
   7  w_CBO        2.32500e+00   constant   
   8  beta_CBO    -2.81475e-05   1.07820e-03   3.07469e-07   1.27457e-02
   9  alpha_2CBO  -1.96218e-05   7.87788e-04   3.05948e-07   1.07437e-02
  10  beta_2CBO    4.35901e-04     fixed    
  11  alpha_y      0.00000e+00     fixed    
  12  w_y          1.44500e+01   constant   
  13  beta_y      -2.58780e-04     fixed    
  14  alpha_vw     0.00000e+00     fixed    
  15  w_vw         1.29000e+01   constant   
  16  beta_vw      0.00000e+00     fixed    
  17  LM           1.16794e-03   constant   
  18  zeta_y       0.00000e+00   constant   
  19  zeta_vw      0.00000e+00   constant   
  20  T_CBO        4.37571e+01   1.72999e+00   7.32235e-07   7.14365e-02
  21  alpha_A0     6.94493e-01   6.49403e-02   9.94488e-06  -2.49157e-03
  22  beta_A0      9.48716e-01   8.89324e-02   1.10777e-05  -2.35321e-03
  23  alpha_phi    1.03321e+00   9.48292e-02   1.28959e-05  -2.42455e-03
  24  beta_phi    -6.48615e-01   7.55476e-02   1.37173e-05   1.52644e-03
 EXTERNAL ERROR MATRIX.    NDIM=  25    NPAR=  7    ERR DEF=1
  1.163e-06  7.621e-07 -7.413e-05 -1.402e-05 -2.547e-05  2.448e-05 -5.090e-05 
  7.621e-07  6.206e-07 -1.089e-05 -1.197e-05 -1.986e-05  1.590e-05 -3.428e-05 
 -7.413e-05 -1.089e-05  2.993e+00 -1.080e-01 -1.456e-01 -1.594e-01  1.027e-01 
 -1.402e-05 -1.197e-05 -1.080e-01  4.217e-03  5.690e-03  5.446e-03 -2.981e-03 
 -2.547e-05 -1.986e-05 -1.456e-01  5.690e-03  7.909e-03  7.229e-03 -3.765e-03 
  2.448e-05  1.590e-05 -1.594e-01  5.446e-03  7.229e-03  8.993e-03 -6.378e-03 
 -5.090e-05 -3.428e-05  1.027e-01 -2.981e-03 -3.765e-03 -6.378e-03  5.707e-03 
ERR MATRIX NOT POS-DEF
 PARAMETER  CORRELATION COEFFICIENTS  
       NO.  GLOBAL      8      9     20     21     22     23     24
        8  0.97311   1.000  0.897 -0.040 -0.200 -0.266  0.239 -0.625
        9  0.94953   0.897  1.000 -0.008 -0.234 -0.283  0.213 -0.576
       20  0.99755  -0.040 -0.008  1.000 -0.961 -0.947 -0.971  0.786
       21  0.99232  -0.200 -0.234 -0.961  1.000  0.985  0.884 -0.608
       22  0.99493  -0.266 -0.283 -0.947  0.985  1.000  0.857 -0.560
       23  0.99395   0.239  0.213 -0.971  0.884  0.857  1.000 -0.890
       24  0.98919  -0.625 -0.576  0.786 -0.608 -0.560 -0.890  1.000
 ERR MATRIX NOT POS-DEF
MINUIT - FIT wiggle + 1-CBO + 2-CBO
 **********
 **   42 **RES 
 **********
                   PARAMETER   16  beta_vw RESTORED TO VARIABLE.
                   PARAMETER   14  alpha_vw RESTORED TO VARIABLE.
                   PARAMETER   13  beta_y RESTORED TO VARIABLE.
                   PARAMETER   11  alpha_y RESTORED TO VARIABLE.
                   PARAMETER   10  beta_2CBO RESTORED TO VARIABLE.
                   PARAMETER    6  alpha_CBO RESTORED TO VARIABLE.
                   PARAMETER    4  phi RESTORED TO VARIABLE.
                   PARAMETER    3  A0 RESTORED TO VARIABLE.
                   PARAMETER    1  N0 RESTORED TO VARIABLE.
 **********
 **   43 **FIX           10
 **********
 **********
 **   44 **FIX           11
 **********
 **********
 **   45 **FIX           12
 **********
 PARAMETER   12  IS CONSTANT.   IGNORED.
 **********
 **   46 **FIX           13
 **********
 **********
 **   47 **FIX           14
 **********
 **********
 **   48 **FIX           15
 **********
 PARAMETER   15  IS CONSTANT.   IGNORED.
 **********
 **   49 **FIX           16
 **********
 **********
 **   50 **MIGRAD
 **********
 START MIGRAD MINIMIZATION.  STRATEGY  1.  CONVERGENCE WHEN EDM .LT. 1.00e-04
 FCN=5.41535 FROM MIGRAD    STATUS=INITIATE       22 CALLS        3440 TOTAL
                     EDM= unknown      STRATEGY= 1      NO ERROR MATRIX       
  EXT PARAMETER               CURRENT GUESS       STEP         FIRST   
  NO.   NAME      VALUE            ERROR          SIZE      DERIVATIVE 
   1  N0           3.22909e+06   2.62324e+04   2.62324e+04   3.30213e-06
   2  tau          6.44362e+01   constant   
   3  A0           3.87566e-01   2.36192e-02   2.36192e-02  -6.37492e+00
   4  phi          4.03209e+00   4.54212e-02   4.54212e-02   1.98015e+00
   5  R           -5.98416e+01   constant   
   6  alpha_CBO   -4.42108e-04   1.42735e-02   1.42735e-02   1.33097e+01
   7  w_CBO        2.32500e+00   constant   
   8  beta_CBO    -2.81475e-05   1.07820e-03   3.07469e-07   1.27427e-02
   9  alpha_2CBO  -1.96218e-05   7.87788e-04   3.05948e-07   1.07445e-02
  10  beta_2CBO    4.35901e-04     fixed    
  11  alpha_y      0.00000e+00     fixed    
  12  w_y          1.44500e+01   constant   
  13  beta_y      -2.58780e-04     fixed    
  14  alpha_vw     0.00000e+00     fixed    
  15  w_vw         1.29000e+01   constant   
  16  beta_vw      0.00000e+00     fixed    
  17  LM           1.16794e-03   constant   
  18  zeta_y       0.00000e+00   constant   
  19  zeta_vw      0.00000e+00   constant   
  20  T_CBO        4.37571e+01   1.72999e+00   7.32235e-07   7.15017e-02
  21  alpha_A0     6.94493e-01   6.49403e-02   9.94488e-06  -2.49141e-03
  22  beta_A0      9.48716e-01   8.89324e-02   1.10777e-05  -2.36499e-03
  23  alpha_phi    1.03321e+00   9.48292e-02   1.28959e-05  -2.42475e-03
  24  beta_phi    -6.48615e-01   7.55476e-02   1.37173e-05   1.52641e-03
 MIGRAD MINIMIZATION HAS CONVERGED.
 MIGRAD WILL VERIFY CONVERGENCE AND ERROR MATRIX.
 FCN=5.39751 FROM HESSE     STATUS=NOT POSDEF    100 CALLS        3919 TOTAL
                     EDM=0.000685588    STRATEGY= 1      ERR MATRIX NOT POS-DEF
  EXT PARAMETER                APPROXIMATE        STEP         FIRST   
  NO.   NAME      VALUE            ERROR          SIZE      DERIVATIVE 
   1  N0           3.22509e+06   6.73237e+03   1.53784e+00   3.12480e-06
   2  tau          6.44362e+01   constant   
   3  A0           3.90334e-01   4.03300e-03   3.93715e-07   4.57997e+00
   4  phi          4.03003e+00   7.85186e-03   1.92167e-06  -1.82829e+00
   5  R           -5.98416e+01   constant   
   6  alpha_CBO   -5.16579e-04   2.10426e-03   2.88514e-07   2.10506e+00
   7  w_CBO        2.32500e+00   constant   
   8  beta_CBO     9.68189e-04   2.17636e-03   3.06994e-07  -2.47296e+00
   9  alpha_2CBO  -1.17027e-04   7.95111e-04   3.05470e-07  -3.01447e+00
  10  beta_2CBO    4.35901e-04     fixed    
  11  alpha_y      0.00000e+00     fixed    
  12  w_y          1.44500e+01   constant   
  13  beta_y      -2.58780e-04     fixed    
  14  alpha_vw     0.00000e+00     fixed    
  15  w_vw         1.29000e+01   constant   
  16  beta_vw      0.00000e+00     fixed    
  17  LM           1.16794e-03   constant   
  18  zeta_y       0.00000e+00   constant   
  19  zeta_vw      0.00000e+00   constant   
  20  T_CBO        4.42457e+01   1.56998e+00   7.02254e-07   1.45622e+00
  21  alpha_A0     7.30806e-01   8.85200e-02   9.61705e-06  -1.14649e-01
  22  beta_A0      9.47694e-01   8.37608e-02   1.07117e-05   1.94732e-02
  23  alpha_phi    1.03973e+00   1.07906e-01   1.24921e-05   2.10444e-01
  24  beta_phi    -7.01406e-01   8.80118e-02   1.33176e-05   3.86331e-02
 CALL LIMIT EXCEEDED IN MIGRAD.
 MIGRAD TERMINATED WITHOUT CONVERGENCE.
 FCN=5.17303 FROM MIGRAD    STATUS=CALL LIMIT   1926 CALLS        5344 TOTAL
                     EDM=0.00303021    STRATEGY= 1      ERR MATRIX NOT POS-DEF
  EXT PARAMETER                APPROXIMATE        STEP         FIRST   
  NO.   NAME      VALUE            ERROR          SIZE      DERIVATIVE 
   1  N0           3.16855e+06   7.54367e+04  -6.00134e+02   3.36331e-05
   2  tau          6.44362e+01   constant   
   3  A0           4.12934e-01   4.64684e-02   4.60197e-04  -1.38608e+00
   4  phi          3.98425e+00   6.40296e-02  -5.86259e-04   1.37821e+01
   5  R           -5.98416e+01   constant   
   6  alpha_CBO    2.97892e-03   6.52470e-03   1.38220e-04   8.33143e+00
   7  w_CBO        2.32500e+00   constant   
   8  beta_CBO     5.59065e-03   2.67937e-02   9.53278e-05   1.18078e+02
   9  alpha_2CBO  -3.34677e-03   3.15187e-03  -3.89897e-05   2.24868e+02
  10  beta_2CBO    4.35901e-04     fixed    
  11  alpha_y      0.00000e+00     fixed    
  12  w_y          1.44500e+01   constant   
  13  beta_y      -2.58780e-04     fixed    
  14  alpha_vw     0.00000e+00     fixed    
  15  w_vw         1.29000e+01   constant   
  16  beta_vw      0.00000e+00     fixed    
  17  LM           1.16794e-03   constant   
  18  zeta_y       0.00000e+00   constant   
  19  zeta_vw      0.00000e+00   constant   
  20  T_CBO        4.47475e+01   1.95870e+00   5.42531e-05   3.95077e+01
  21  alpha_A0     1.50717e+00   5.21152e-01   6.28770e-03   4.21054e+00
  22  beta_A0      9.87259e-01   2.63508e-01   2.12641e-03   3.01439e+00
  23  alpha_phi    8.59654e-01   3.34468e-01  -2.03706e-03  -3.23823e+00
  24  beta_phi    -1.52415e+00   7.91981e-01  -9.13287e-03   1.81744e+00
 EXTERNAL ERROR MATRIX.    NDIM=  25    NPAR= 11    ERR DEF=1
  5.691e+09 
 -3.346e+03  2.159e-03 
 -1.658e+03  6.741e-04  4.100e-03 
 -2.268e+02  1.416e-04 -2.320e-04  4.257e-05 
 -1.869e+03  1.101e-03  1.108e-03  2.414e-05  7.179e-04 
  1.076e+02 -8.116e-05  1.293e-04 -1.629e-05 -1.077e-05  9.934e-06 
  9.062e+04 -4.267e-02 -1.172e-01  3.323e-03 -4.311e-02 -2.473e-03  3.837e+00 
 -2.481e+04  1.671e-02 -1.682e-02  2.810e-03  4.406e-03 -1.565e-03  2.139e-01  2.716e-01 
 -2.881e+03  5.071e-03 -9.146e-03  6.085e-04  1.039e-04 -5.916e-04  2.527e-01  8.278e-02  6.944e-02 
 -6.255e+03  6.655e-03  1.002e-02 -9.897e-04  4.409e-03  1.413e-04 -2.357e-01 -2.055e-02  3.810e-02  1.119e-01 
  5.596e+04 -3.511e-02 -3.815e-04 -3.435e-03 -1.621e-02  1.761e-03  4.801e-01 -3.506e-01 -8.508e-02 -4.643e-02  6.272e-01 
ERR MATRIX NOT POS-DEF
 PARAMETER  CORRELATION COEFFICIENTS  
       NO.  GLOBAL      1      3      4      6      8      9     20     21     22     23     24
        1  0.99999   1.000 -0.955 -0.343 -0.461 -0.925  0.453  0.613 -0.631 -0.145 -0.248  0.937
        3  0.99998  -0.955  1.000  0.227  0.467  0.885 -0.554 -0.469  0.690  0.414  0.428 -0.954
        4  0.99999  -0.343  0.227  1.000 -0.555  0.646  0.641 -0.934 -0.504 -0.542  0.468 -0.008
        6  0.99953  -0.461  0.467 -0.555  1.000  0.138 -0.792  0.260  0.826  0.354 -0.453 -0.665
        8  0.99997  -0.925  0.885  0.646  0.138  1.000 -0.128 -0.821  0.316  0.015  0.492 -0.764
        9  0.99771   0.453 -0.554  0.641 -0.792 -0.128  1.000 -0.401 -0.953 -0.712  0.134  0.705
       20  0.99950   0.613 -0.469 -0.934  0.260 -0.821 -0.401  1.000  0.210  0.490 -0.360  0.310
       21  0.99996  -0.631  0.690 -0.504  0.826  0.316 -0.953  0.210  1.000  0.603 -0.118 -0.849
       22  0.99956  -0.145  0.414 -0.542  0.354  0.015 -0.712  0.490  0.603  1.000  0.432 -0.408
       23  0.99975  -0.248  0.428  0.468 -0.453  0.492  0.134 -0.360 -0.118  0.432  1.000 -0.175
       24  0.99997   0.937 -0.954 -0.008 -0.665 -0.764  0.705  0.310 -0.849 -0.408 -0.175  1.000
 ERR MATRIX NOT POS-DEF
MINUIT - FIT ONLY 1-y
 **********
 **   51 **RES 
 **********
                   PARAMETER   16  beta_vw RESTORED TO VARIABLE.
                   PARAMETER   14  alpha_vw RESTORED TO VARIABLE.
                   PARAMETER   13  beta_y RESTORED TO VARIABLE.
                   PARAMETER   11  alpha_y RESTORED TO VARIABLE.
                   PARAMETER   10  beta_2CBO RESTORED TO VARIABLE.
 **********
 **   52 **FIX            0
 **********
 PARAMETER    0  IS UNDEFINED. IGNORED.
 **********
 **   53 **FIX            1
 **********
 **********
 **   54 **FIX            2
 **********
 PARAMETER    2  IS CONSTANT.   IGNORED.
 **********
 **   55 **FIX            3
 **********
 **********
 **   56 **FIX            4
 **********
 **********
 **   57 **FIX            5
 **********
 PARAMETER    5  IS CONSTANT.   IGNORED.
 **********
 **   58 **FIX            6
 **********
 **********
 **   59 **FIX            7
 **********
 PARAMETER    7  IS CONSTANT.   IGNORED.
 **********
 **   60 **FIX            8
 **********
 **********
 **   61 **FIX            9
 **********
 **********
 **   62 **FIX           13
 **********
 **********
 **   63 **FIX           14
 **********
 **********
 **   64 **FIX           15
 **********
 PARAMETER   15  IS CONSTANT.   IGNORED.
 **********
 **   65 **FIX           16
 **********
 **********
 **   66 **MIGRAD
 **********
 START MIGRAD MINIMIZATION.  STRATEGY  1.  CONVERGENCE WHEN EDM .LT. 1.00e-04
 FCN=5.17303 FROM MIGRAD    STATUS=INITIATE       16 CALLS        5360 TOTAL
                     EDM= unknown      STRATEGY= 1      NO ERROR MATRIX       
  EXT PARAMETER               CURRENT GUESS       STEP         FIRST   
  NO.   NAME      VALUE            ERROR          SIZE      DERIVATIVE 
   1  N0           3.16855e+06     fixed    
   2  tau          6.44362e+01   constant   
   3  A0           4.12934e-01     fixed    
   4  phi          3.98425e+00     fixed    
   5  R           -5.98416e+01   constant   
   6  alpha_CBO    2.97892e-03     fixed    
   7  w_CBO        2.32500e+00   constant   
   8  beta_CBO     5.59065e-03     fixed    
   9  alpha_2CBO  -3.34677e-03     fixed    
  10  beta_2CBO    4.35901e-04   2.60677e-03   2.60677e-03   6.16568e+01
  11  alpha_y      0.00000e+00   1.00000e-03   1.00000e-03  -1.48825e+04
  12  w_y          1.44500e+01   constant   
  13  beta_y      -2.58780e-04     fixed    
  14  alpha_vw     0.00000e+00     fixed    
  15  w_vw         1.29000e+01   constant   
  16  beta_vw      0.00000e+00     fixed    
  17  LM           1.16794e-03   constant   
  18  zeta_y       0.00000e+00   constant   
  19  zeta_vw      0.00000e+00   constant   
  20  T_CBO        4.47475e+01   1.95870e+00   5.42531e-05   3.95077e+01
  21  alpha_A0     1.50717e+00   5.21152e-01   6.28770e-03   4.21054e+00
  22  beta_A0      9.87259e-01   2.63508e-01   2.12641e-03   3.01439e+00
  23  alpha_phi    8.59654e-01   3.34468e-01  -2.03706e-03  -3.23823e+00
  24  beta_phi    -1.52415e+00   7.91981e-01  -9.13287e-03   1.81744e+00
 MIGRAD MINIMIZATION HAS CONVERGED.
 MIGRAD WILL VERIFY CONVERGENCE AND ERROR MATRIX.
 COVARIANCE MATRIX CALCULATED SUCCESSFULLY
 FCN=1.87204 FROM HESSE     STATUS=OK             50 CALLS        5490 TOTAL
                     EDM=0.00155836    STRATEGY= 1      ERROR MATRIX ACCURATE 
  EXT PARAMETER                                   STEP         FIRST   
  NO.   NAME      VALUE            ERROR          SIZE      DERIVATIVE 
   1  N0           3.16855e+06     fixed    
   2  tau          6.44362e+01   constant   
   3  A0           4.12934e-01     fixed    
   4  phi          3.98425e+00     fixed    
   5  R           -5.98416e+01   constant   
   6  alpha_CBO    2.97892e-03     fixed    
   7  w_CBO        2.32500e+00   constant   
   8  beta_CBO     5.59065e-03     fixed    
   9  alpha_2CBO  -3.34677e-03     fixed    
  10  beta_2CBO    5.80986e-04   4.75493e-04   1.94050e-07  -4.46101e-01
  11  alpha_y      4.44017e-04   2.44476e-04   1.97304e-07   6.02167e-01
  12  w_y          1.44500e+01   constant   
  13  beta_y      -2.58780e-04     fixed    
  14  alpha_vw     0.00000e+00     fixed    
  15  w_vw         1.29000e+01   constant   
  16  beta_vw      0.00000e+00     fixed    
  17  LM           1.16794e-03   constant   
  18  zeta_y       0.00000e+00   constant   
  19  zeta_vw      0.00000e+00   constant   
  20  T_CBO        4.47344e+01   1.36236e+01   5.45772e-07   2.01235e+00
  21  alpha_A0     1.50912e+00   1.03012e+00   6.15630e-06  -7.93598e-02
  22  beta_A0      9.83618e-01   6.68908e-01   6.68960e-06   8.98106e-02
  23  alpha_phi    8.61557e-01   5.76015e-01   7.79088e-06   2.31065e-01
  24  beta_phi    -1.51957e+00   1.03067e+00   8.40938e-06   5.59001e-02
 MIGRAD MINIMIZATION HAS CONVERGED.
 MIGRAD WILL VERIFY CONVERGENCE AND ERROR MATRIX.
 FCN=1.86975 FROM MIGRAD    STATUS=CONVERGED     427 CALLS        5771 TOTAL
                     EDM=2.37575e-06    STRATEGY= 1      ERR MATRIX NOT POS-DEF
  EXT PARAMETER                APPROXIMATE        STEP         FIRST   
  NO.   NAME      VALUE            ERROR          SIZE      DERIVATIVE 
   1  N0           3.16855e+06     fixed    
   2  tau          6.44362e+01   constant   
   3  A0           4.12934e-01     fixed    
   4  phi          3.98425e+00     fixed    
   5  R           -5.98416e+01   constant   
   6  alpha_CBO    2.97892e-03     fixed    
   7  w_CBO        2.32500e+00   constant   
   8  beta_CBO     5.59065e-03     fixed    
   9  alpha_2CBO  -3.34677e-03     fixed    
  10  beta_2CBO    5.79553e-04   4.71112e-04   1.93973e-07  -2.03521e-01
  11  alpha_y      4.44307e-04   2.44048e-04   1.97226e-07  -1.32250e+00
  12  w_y          1.44500e+01   constant   
  13  beta_y      -2.58780e-04     fixed    
  14  alpha_vw     0.00000e+00     fixed    
  15  w_vw         1.29000e+01   constant   
  16  beta_vw      0.00000e+00     fixed    
  17  LM           1.16794e-03   constant   
  18  zeta_y       0.00000e+00   constant   
  19  zeta_vw      0.00000e+00   constant   
  20  T_CBO        4.39708e+01   1.02110e+00   5.47541e-07  -4.25117e+00
  21  alpha_A0     1.56898e+00   8.33904e-02   6.37490e-06  -6.71108e-02
  22  beta_A0      1.02247e+00   5.50356e-02   6.92596e-06  -1.05805e-01
  23  alpha_phi    8.94989e-01   4.74657e-02   8.06392e-06  -1.77698e-01
  24  beta_phi    -1.57944e+00   8.42675e-02   8.70544e-06   2.11279e-02
 EXTERNAL ERROR MATRIX.    NDIM=  25    NPAR=  7    ERR DEF=1
  2.219e-07  2.006e-08 -8.138e-06  2.604e-06 -4.041e-06  1.960e-06  5.492e-06 
  2.006e-08  5.956e-08 -2.150e-06  3.305e-07 -4.823e-07  2.696e-07  6.316e-07 
 -8.138e-06 -2.150e-06  1.043e+00 -8.468e-02 -5.467e-02 -4.729e-02  8.430e-02 
  2.604e-06  3.305e-07 -8.468e-02  6.954e-03  4.404e-03  3.858e-03 -6.789e-03 
 -4.041e-06 -4.823e-07 -5.467e-02  4.404e-03  3.029e-03  2.453e-03 -4.553e-03 
  1.960e-06  2.696e-07 -4.729e-02  3.858e-03  2.453e-03  2.253e-03 -3.790e-03 
  5.492e-06  6.316e-07  8.430e-02 -6.789e-03 -4.553e-03 -3.790e-03  7.101e-03 
ERR MATRIX NOT POS-DEF
 PARAMETER  CORRELATION COEFFICIENTS  
       NO.  GLOBAL     10     11     20     21     22     23     24
       10  0.86762   1.000  0.174 -0.017  0.066 -0.156  0.088  0.138
       11  0.21805   0.174  1.000 -0.009  0.016 -0.036  0.023  0.031
       20  0.99772  -0.017 -0.009  1.000 -0.994 -0.973 -0.976  0.980
       21  0.99570   0.066  0.016 -0.994  1.000  0.960  0.975 -0.966
       22  0.98830  -0.156 -0.036 -0.973  0.960  1.000  0.939 -0.982
       23  0.97858   0.088  0.023 -0.976  0.975  0.939  1.000 -0.947
       24  0.99213   0.138  0.031  0.980 -0.966 -0.982 -0.947  1.000
 ERR MATRIX NOT POS-DEF
MINUIT - FIT ONLY 2-y
 **********
 **   67 **RES 
 **********
                   PARAMETER   16  beta_vw RESTORED TO VARIABLE.
                   PARAMETER   14  alpha_vw RESTORED TO VARIABLE.
                   PARAMETER   13  beta_y RESTORED TO VARIABLE.
                   PARAMETER    9  alpha_2CBO RESTORED TO VARIABLE.
                   PARAMETER    8  beta_CBO RESTORED TO VARIABLE.
                   PARAMETER    6  alpha_CBO RESTORED TO VARIABLE.
                   PARAMETER    4  phi RESTORED TO VARIABLE.
                   PARAMETER    3  A0 RESTORED TO VARIABLE.
                   PARAMETER    1  N0 RESTORED TO VARIABLE.
 **********
 **   68 **FIX            0
 **********
 PARAMETER    0  IS UNDEFINED. IGNORED.
 **********
 **   69 **FIX            1
 **********
 **********
 **   70 **FIX            2
 **********
 PARAMETER    2  IS CONSTANT.   IGNORED.
