 + ++++++++++++++++++++++++++++++++++++++++++++++++++++++++++++++++++++ +
 +                                                                      +
 +           You have chose to blind your fitting according to          +
 +                omega_ref * (1 + (R +/- deltaR) *10^{-6})             +
 +                                                                      +
 + ++++++++++++++++++++++++++++++++++++++++++++++++++++++++++++++++++++ +
In main()...
reading format from /gm2data/zkhechad/run45/envelope/formats/formatB_sBin_constraintOn.txt
pBinTau 	= 0  
pBinPhi 	= 0  
constraintau 	= 1 
includeMopTerm 	= 0    
constrainMop    = 0   
Parameters after format file: pBinTau 0 pBinPhi 0 constraintau 1 includeMopTerm 0 constrainMop 0 c_e_scale 0.000000 
Opening file /gm2data/tbarrett/gm2fr/studies/run23_bunch_corrections/CorrectedFourier_Run3b.root.
reading full fit data from /gm2data/zkhechad/cboTemplates/Run4CBOTemplates/fullFits/noRF/sBin_constraintOn_cE0.0_seed0_noRF_calo10.root
windowBins = 69
fitting sliding window 1820 from bin 1956 at 291.686000 to bin 2025 at 302.130000 (69 bins)

Reading data from /gm2data/cornell/histograms/aMethod/histogram_a_noRF.root
 **********
 **    1 **SET PRINTOUT            1
 **********
 **********
 **    2 **SET NOWARNINGS 
 **********
 PARAMETER DEFINITIONS:
    NO.   NAME         VALUE      STEP SIZE      LIMITS
     1 N0           3.07359e+06  1.00000e+02     no limits
     2 tau          6.44052e+01  constant
     3 A0           3.48563e-01  1.00000e-04     no limits
     4 phi          4.11545e+00  1.00000e-02     no limits
     5 R           -6.12271e+01  constant
     6 alpha_CBO    0.00000e+00  1.00000e-03     no limits
     7 w_CBO        2.32500e+00  constant
     8 beta_CBO     0.00000e+00  1.00000e-03     no limits
     9 alpha_2CBO   0.00000e+00  1.00000e-03     no limits
    10 beta_2CBO    0.00000e+00  1.00000e-03     no limits
    11 alpha_y      0.00000e+00  1.00000e-03     no limits
    12 w_y          1.38860e+01  constant
    13 beta_y       0.00000e+00  1.00000e-03     no limits
    14 alpha_vw     0.00000e+00  1.00000e-03     no limits
    15 w_vw         1.43404e+01  constant
    16 beta_vw      0.00000e+00  1.00000e-03     no limits
    17 LM           5.13638e-05  constant
    18 zeta_y       0.00000e+00  constant
    19 zeta_vw      0.00000e+00  constant
    20 T_CBO        1.00000e+02  1.00000e+00    0.00000e+00  1.00000e+03
    21 alpha_A0     0.00000e+00  1.00000e-03     no limits
    22 beta_A0      0.00000e+00  1.00000e-03     no limits
    23 alpha_phi    0.00000e+00  1.00000e-03     no limits
    24 beta_phi     0.00000e+00  1.00000e-03     no limits
MINUIT - FIT ONLY WIGGLE
 **********
 **    3 **FIX            5
 **********
 PARAMETER    5  IS CONSTANT.   IGNORED.
 **********
 **    4 **FIX            6
 **********
 **********
 **    5 **FIX            7
 **********
 PARAMETER    7  IS CONSTANT.   IGNORED.
 **********
 **    6 **FIX            8
 **********
 **********
 **    7 **FIX            9
 **********
 **********
 **    8 **FIX           10
 **********
 **********
 **    9 **FIX           11
 **********
 **********
 **   10 **FIX           12
 **********
 PARAMETER   12  IS CONSTANT.   IGNORED.
 **********
 **   11 **FIX           13
 **********
 **********
 **   12 **FIX           14
 **********
 **********
 **   13 **FIX           15
 **********
 PARAMETER   15  IS CONSTANT.   IGNORED.
 **********
 **   14 **FIX           16
 **********
 **********
 **   15 **MIGRAD
 **********
 FIRST CALL TO USER FUNCTION AT NEW START POINT, WITH IFLAG=4.
 START MIGRAD MINIMIZATION.  STRATEGY  1.  CONVERGENCE WHEN EDM .LT. 1.00e-04
 FCN=79.7628 FROM MIGRAD    STATUS=INITIATE      437 CALLS         438 TOTAL
                     EDM= unknown      STRATEGY= 1      NO ERROR MATRIX       
  EXT PARAMETER               CURRENT GUESS       STEP         FIRST   
  NO.   NAME      VALUE            ERROR          SIZE      DERIVATIVE 
   1  N0           3.07359e+06   1.00000e+02   0.00000e+00  -1.58271e-03
   2  tau          6.44052e+01   constant   
   3  A0           3.48563e-01   1.00000e-04   0.00000e+00  -3.99121e+03
   4  phi          4.11545e+00   1.00000e-02   0.00000e+00   3.76380e+02
   5  R           -6.12271e+01   constant   
   6  alpha_CBO    0.00000e+00     fixed    
   7  w_CBO        2.32500e+00   constant   
   8  beta_CBO     0.00000e+00     fixed    
   9  alpha_2CBO   0.00000e+00     fixed    
  10  beta_2CBO    0.00000e+00     fixed    
  11  alpha_y      0.00000e+00     fixed    
  12  w_y          1.38860e+01   constant   
  13  beta_y       0.00000e+00     fixed    
  14  alpha_vw     0.00000e+00     fixed    
  15  w_vw         1.43404e+01   constant   
  16  beta_vw      0.00000e+00     fixed    
  17  LM           5.13638e-05   constant   
  18  zeta_y       0.00000e+00   constant   
  19  zeta_vw      0.00000e+00   constant   
  20  T_CBO        1.00000e+02   1.00000e+00   0.00000e+00   0.00000e+00
  21  alpha_A0     0.00000e+00   1.00000e-03   0.00000e+00  -3.51408e+01
  22  beta_A0      0.00000e+00   1.00000e-03   0.00000e+00  -5.28345e+01
  23  alpha_phi    0.00000e+00   1.00000e-03   0.00000e+00   5.67853e+01
  24  beta_phi     0.00000e+00   1.00000e-03   0.00000e+00   2.81042e+01
 CALL LIMIT EXCEEDED IN MIGRAD.
 MIGRAD TERMINATED WITHOUT CONVERGENCE.
 FCN=73.2693 FROM MIGRAD    STATUS=CALL LIMIT   1332 CALLS        1333 TOTAL
                     EDM=0.000936265    STRATEGY= 1  ERROR MATRIX UNCERTAINTY   2.8 per cent
  EXT PARAMETER                APPROXIMATE        STEP         FIRST   
  NO.   NAME      VALUE            ERROR          SIZE      DERIVATIVE 
   1  N0           3.07532e+06   1.41829e+03   7.88393e+00  -6.12033e-06
   2  tau          6.44052e+01   constant   
   3  A0           3.49217e-01   5.35960e-04  -3.00428e-07   2.40466e+00
   4  phi          4.11475e+00   1.64186e-03  -7.59739e-07   1.87680e+00
   5  R           -6.12271e+01   constant   
   6  alpha_CBO    0.00000e+00     fixed    
   7  w_CBO        2.32500e+00   constant   
   8  beta_CBO     0.00000e+00     fixed    
   9  alpha_2CBO   0.00000e+00     fixed    
  10  beta_2CBO    0.00000e+00     fixed    
  11  alpha_y      0.00000e+00     fixed    
  12  w_y          1.38860e+01   constant   
  13  beta_y       0.00000e+00     fixed    
  14  alpha_vw     0.00000e+00     fixed    
  15  w_vw         1.43404e+01   constant   
  16  beta_vw      0.00000e+00     fixed    
  17  LM           5.13638e-05   constant   
  18  zeta_y       0.00000e+00   constant   
  19  zeta_vw      0.00000e+00   constant   
  20  T_CBO        5.90806e+02   6.40384e+02   7.57642e-02  -4.14457e-02
  21  alpha_A0     2.73607e-03   7.70388e-03  -1.52111e-04  -9.51768e+00
  22  beta_A0      3.52082e-03   8.53930e-03  -1.51751e-04   1.84573e+00
  23  alpha_phi   -4.45358e-03   1.07410e-02   1.66636e-04   8.59820e+00
  24  beta_phi    -2.54856e-03   7.31126e-03   1.44386e-04   1.86435e+00
 EXTERNAL ERROR MATRIX.    NDIM=  25    NPAR=  8    ERR DEF=1
  2.012e+06  1.026e-01 -3.179e-01  5.331e+04 -5.487e-01 -1.281e+00 -1.285e+00  2.483e-01 
  1.026e-01  2.873e-07  2.353e-08 -3.225e-03  1.951e-07 -1.814e-07  2.760e-07 -3.717e-07 
 -3.179e-01  2.353e-08  2.696e-06  1.002e-01  6.227e-07 -2.088e-07  1.339e-06 -2.836e-08 
  5.331e+04 -3.225e-03  1.002e-01  4.188e+06 -1.259e+01 -1.470e+01  1.991e+01  1.111e+01 
 -5.487e-01  1.951e-07  6.227e-07 -1.259e+01  5.935e-05  4.914e-05 -4.977e-05 -2.795e-05 
 -1.281e+00 -1.814e-07 -2.088e-07 -1.470e+01  4.914e-05  7.292e-05 -6.793e-05 -3.006e-05 
 -1.285e+00  2.760e-07  1.339e-06  1.991e+01 -4.977e-05 -6.793e-05  1.154e-04  4.914e-05 
  2.483e-01 -3.717e-07 -2.836e-08  1.111e+01 -2.795e-05 -3.006e-05  4.914e-05  5.345e-05 
ERR MATRIX APPROXIMATE
 PARAMETER  CORRELATION COEFFICIENTS  
       NO.  GLOBAL      1      3      4     20     21     22     23     24
        1  0.35230   1.000  0.135 -0.137  0.018 -0.050 -0.106 -0.084  0.024
        3  0.24565   0.135  1.000  0.027 -0.003  0.047 -0.040  0.048 -0.095
        4  0.19377  -0.137  0.027  1.000  0.030  0.049 -0.015  0.076 -0.002
       20  0.98051   0.018 -0.003  0.030  1.000 -0.799 -0.841  0.906  0.743
       21  0.87517  -0.050  0.047  0.049 -0.799  1.000  0.747 -0.601 -0.496
       22  0.87644  -0.106 -0.040 -0.015 -0.841  0.747  1.000 -0.741 -0.481
       23  0.94118  -0.084  0.048  0.076  0.906 -0.601 -0.741  1.000  0.626
       24  0.82555   0.024 -0.095 -0.002  0.743 -0.496 -0.481  0.626  1.000
 ERR MATRIX APPROXIMATE
MINUIT - FIT ONLY 1-CBO + wiggle
 **********
 **   16 **RES 
 **********
                   PARAMETER   16  beta_vw RESTORED TO VARIABLE.
                   PARAMETER   14  alpha_vw RESTORED TO VARIABLE.
                   PARAMETER   13  beta_y RESTORED TO VARIABLE.
                   PARAMETER   11  alpha_y RESTORED TO VARIABLE.
                   PARAMETER   10  beta_2CBO RESTORED TO VARIABLE.
                   PARAMETER    9  alpha_2CBO RESTORED TO VARIABLE.
                   PARAMETER    8  beta_CBO RESTORED TO VARIABLE.
                   PARAMETER    6  alpha_CBO RESTORED TO VARIABLE.
 **********
 **   17 **FIX            8
 **********
 **********
 **   18 **FIX            9
 **********
 **********
 **   19 **FIX           11
 **********
 **********
 **   20 **FIX           12
 **********
 PARAMETER   12  IS CONSTANT.   IGNORED.
 **********
 **   21 **FIX           14
 **********
 **********
 **   22 **FIX           15
 **********
 PARAMETER   15  IS CONSTANT.   IGNORED.
 **********
 **   23 **FIX           16
 **********
 **********
 **   24 **MIGRAD
 **********
 START MIGRAD MINIMIZATION.  STRATEGY  1.  CONVERGENCE WHEN EDM .LT. 1.00e-04
 FCN=73.2693 FROM MIGRAD    STATUS=INITIATE       28 CALLS        1361 TOTAL
                     EDM= unknown      STRATEGY= 1      NO ERROR MATRIX       
  EXT PARAMETER               CURRENT GUESS       STEP         FIRST   
  NO.   NAME      VALUE            ERROR          SIZE      DERIVATIVE 
   1  N0           3.07532e+06   1.41829e+03   7.88393e+00  -6.12033e-06
   2  tau          6.44052e+01   constant   
   3  A0           3.49217e-01   5.35960e-04  -3.00428e-07   2.40466e+00
   4  phi          4.11475e+00   1.64186e-03  -7.59739e-07   1.87680e+00
   5  R           -6.12271e+01   constant   
   6  alpha_CBO    0.00000e+00   1.00000e-03   1.00000e-03  -9.29300e+03
   7  w_CBO        2.32500e+00   constant   
   8  beta_CBO     0.00000e+00     fixed    
   9  alpha_2CBO   0.00000e+00     fixed    
  10  beta_2CBO    0.00000e+00   1.00000e-03   1.00000e-03  -5.09184e+03
  11  alpha_y      0.00000e+00     fixed    
  12  w_y          1.38860e+01   constant   
  13  beta_y       0.00000e+00   1.00000e-03   1.00000e-03   1.68674e+03
  14  alpha_vw     0.00000e+00     fixed    
  15  w_vw         1.43404e+01   constant   
  16  beta_vw      0.00000e+00     fixed    
  17  LM           5.13638e-05   constant   
  18  zeta_y       0.00000e+00   constant   
  19  zeta_vw      0.00000e+00   constant   
  20  T_CBO        5.90806e+02   6.40384e+02   7.57642e-02  -4.14515e-02
  21  alpha_A0     2.73607e-03   7.70388e-03  -1.52111e-04  -9.51768e+00
  22  beta_A0      3.52082e-03   8.53930e-03  -1.51751e-04   1.84573e+00
  23  alpha_phi   -4.45358e-03   1.07410e-02   1.66636e-04   8.59820e+00
  24  beta_phi    -2.54856e-03   7.31126e-03   1.44386e-04   1.86435e+00
 MIGRAD MINIMIZATION HAS CONVERGED.
 FCN=62.5763 FROM MIGRAD    STATUS=CONVERGED     476 CALLS        1809 TOTAL
                     EDM=3.55431e-06    STRATEGY= 1  ERROR MATRIX UNCERTAINTY   0.2 per cent
  EXT PARAMETER                                   STEP         FIRST   
  NO.   NAME      VALUE            ERROR          SIZE      DERIVATIVE 
   1  N0           3.07508e+06   1.31007e+03   2.26171e-01  -5.40630e-08
   2  tau          6.44052e+01   constant   
   3  A0           3.48876e-01   5.71009e-04   5.13345e-07  -4.28436e-01
   4  phi          4.11443e+00   1.60438e-03   3.25243e-06   8.83775e-01
   5  R           -6.12271e+01   constant   
   6  alpha_CBO    1.75832e-03   6.12386e-04   6.53799e-07   1.85075e+00
   7  w_CBO        2.32500e+00   constant   
   8  beta_CBO     0.00000e+00     fixed    
   9  alpha_2CBO   0.00000e+00     fixed    
  10  beta_2CBO    8.96624e-04   6.03973e-04   8.29976e-07   1.17335e+00
  11  alpha_y      0.00000e+00     fixed    
  12  w_y          1.38860e+01   constant   
  13  beta_y      -2.98580e-04   5.84976e-04   6.83701e-07   2.58858e+00
  14  alpha_vw     0.00000e+00     fixed    
  15  w_vw         1.43404e+01   constant   
  16  beta_vw      0.00000e+00     fixed    
  17  LM           5.13638e-05   constant   
  18  zeta_y       0.00000e+00   constant   
  19  zeta_vw      0.00000e+00   constant   
  20  T_CBO        9.99814e+02   7.35505e+02   4.45021e-02  -2.03054e-04
  21  alpha_A0    -9.31409e-05   3.65625e-03  -2.22926e-06  -1.68720e-01
  22  beta_A0      2.78038e-03   3.59411e-03   5.22786e-06  -1.25522e-01
  23  alpha_phi   -2.82792e-03   3.23153e-03  -8.30581e-06   1.34007e-01
  24  beta_phi    -2.25554e-03   3.56630e-03   2.24546e-07  -2.63046e-02
 EXTERNAL ERROR MATRIX.    NDIM=  25    NPAR= 11    ERR DEF=1
  1.716e+06 
  1.036e-01  3.261e-07 
 -1.914e-01  6.338e-08  2.574e-06 
 -3.062e-02 -7.871e-08 -9.099e-08  3.750e-07 
 -3.824e-02  1.180e-08 -1.734e-08 -1.716e-08  3.648e-07 
  6.745e-03  1.092e-08 -9.840e-09 -1.125e-08 -5.471e-09  3.422e-07 
 -4.169e+03  2.393e-03  3.235e-02  7.417e-03  5.078e-03  6.760e-03  5.578e+04 
  1.497e-01  3.280e-07  4.616e-07 -4.256e-07 -1.432e-07  7.605e-08 -7.623e-03  1.337e-05 
 -4.663e-01 -4.208e-08 -2.333e-07 -7.838e-08  2.711e-08 -3.241e-08 -2.115e-01  1.904e-06  1.292e-05 
 -5.660e-01  2.099e-07  4.157e-07  1.652e-07  3.581e-08  4.017e-08  2.014e-01  2.001e-06 -9.845e-07  1.044e-05 
  2.414e-02 -2.583e-07 -8.353e-08  1.667e-07 -2.834e-07 -7.731e-09  2.550e-01 -7.095e-07 -1.448e-06  1.004e-06  1.272e-05 
 PARAMETER  CORRELATION COEFFICIENTS  
       NO.  GLOBAL      1      3      4      6     10     13     20     21     22     23     24
        1  0.26187   1.000  0.138 -0.091 -0.038 -0.048  0.009 -0.013  0.031 -0.099 -0.134  0.005
        3  0.34018   0.138  1.000  0.069 -0.225  0.034  0.033  0.018  0.157 -0.021  0.114 -0.127
        4  0.19372  -0.091  0.069  1.000 -0.093 -0.018 -0.010  0.085  0.079 -0.040  0.080 -0.015
        6  0.32198  -0.038 -0.225 -0.093  1.000 -0.046 -0.031  0.051 -0.190 -0.036  0.083  0.076
       10  0.19150  -0.048  0.034 -0.018 -0.046  1.000 -0.015  0.036 -0.065  0.012  0.018 -0.132
       13  0.07776   0.009  0.033 -0.010 -0.031 -0.015  1.000  0.049  0.036 -0.015  0.021 -0.004
       20  0.44679  -0.013  0.018  0.085  0.051  0.036  0.049  1.000 -0.009 -0.249  0.264  0.303
       21  0.34239   0.031  0.157  0.079 -0.190 -0.065  0.036 -0.009  1.000  0.145  0.169 -0.054
       22  0.31794  -0.099 -0.021 -0.040 -0.036  0.012 -0.015 -0.249  0.145  1.000 -0.085 -0.113
       23  0.38573  -0.134  0.114  0.080  0.083  0.018  0.021  0.264  0.169 -0.085  1.000  0.087
       24  0.36575   0.005 -0.127 -0.015  0.076 -0.132 -0.004  0.303 -0.054 -0.113  0.087  1.000
MINUIT - FIT ONLY 2-CBO
 **********
 **   25 **RES 
 **********
                   PARAMETER   16  beta_vw RESTORED TO VARIABLE.
                   PARAMETER   14  alpha_vw RESTORED TO VARIABLE.
                   PARAMETER   11  alpha_y RESTORED TO VARIABLE.
                   PARAMETER    9  alpha_2CBO RESTORED TO VARIABLE.
                   PARAMETER    8  beta_CBO RESTORED TO VARIABLE.
 **********
 **   26 **FIX            0
 **********
 PARAMETER    0  IS UNDEFINED. IGNORED.
 **********
 **   27 **FIX            1
 **********
 **********
 **   28 **FIX            2
 **********
 PARAMETER    2  IS CONSTANT.   IGNORED.
 **********
 **   29 **FIX            3
 **********
 **********
 **   30 **FIX            4
 **********
 **********
 **   31 **FIX            5
 **********
 PARAMETER    5  IS CONSTANT.   IGNORED.
 **********
 **   32 **FIX            6
 **********
 **********
 **   33 **FIX            7
 **********
 PARAMETER    7  IS CONSTANT.   IGNORED.
 **********
 **   34 **FIX           10
 **********
 **********
 **   35 **FIX           11
 **********
 **********
 **   36 **FIX           12
 **********
 PARAMETER   12  IS CONSTANT.   IGNORED.
 **********
 **   37 **FIX           13
 **********
 **********
 **   38 **FIX           14
 **********
 **********
 **   39 **FIX           15
 **********
 PARAMETER   15  IS CONSTANT.   IGNORED.
 **********
 **   40 **FIX           16
 **********
 **********
 **   41 **MIGRAD
 **********
 START MIGRAD MINIMIZATION.  STRATEGY  1.  CONVERGENCE WHEN EDM .LT. 1.00e-04
 FCN=62.5763 FROM MIGRAD    STATUS=INITIATE       18 CALLS        1827 TOTAL
                     EDM= unknown      STRATEGY= 1      NO ERROR MATRIX       
  EXT PARAMETER               CURRENT GUESS       STEP         FIRST   
  NO.   NAME      VALUE            ERROR          SIZE      DERIVATIVE 
   1  N0           3.07508e+06     fixed    
   2  tau          6.44052e+01   constant   
   3  A0           3.48876e-01     fixed    
   4  phi          4.11443e+00     fixed    
   5  R           -6.12271e+01   constant   
   6  alpha_CBO    1.75832e-03     fixed    
   7  w_CBO        2.32500e+00   constant   
   8  beta_CBO     0.00000e+00   1.00000e-03   1.00000e-03   3.03931e+03
   9  alpha_2CBO   0.00000e+00   1.00000e-03   1.00000e-03   1.82578e+03
  10  beta_2CBO    8.96624e-04     fixed    
  11  alpha_y      0.00000e+00     fixed    
  12  w_y          1.38860e+01   constant   
  13  beta_y      -2.98580e-04     fixed    
  14  alpha_vw     0.00000e+00     fixed    
  15  w_vw         1.43404e+01   constant   
  16  beta_vw      0.00000e+00     fixed    
  17  LM           5.13638e-05   constant   
  18  zeta_y       0.00000e+00   constant   
  19  zeta_vw      0.00000e+00   constant   
  20  T_CBO        9.99814e+02   7.35505e+02   4.45021e-02  -2.04377e-04
  21  alpha_A0    -9.31409e-05   3.65625e-03  -2.22926e-06  -1.68721e-01
  22  beta_A0      2.78038e-03   3.59411e-03   5.22786e-06  -1.25522e-01
  23  alpha_phi   -2.82792e-03   3.23153e-03  -8.30581e-06   1.34007e-01
  24  beta_phi    -2.25554e-03   3.56630e-03   2.24546e-07  -2.63046e-02
 MIGRAD MINIMIZATION HAS CONVERGED.
 MIGRAD WILL VERIFY CONVERGENCE AND ERROR MATRIX.
 COVARIANCE MATRIX CALCULATED SUCCESSFULLY
 FCN=61.3567 FROM MIGRAD    STATUS=CONVERGED     133 CALLS        1942 TOTAL
                     EDM=9.00743e-07    STRATEGY= 1      ERROR MATRIX ACCURATE 
  EXT PARAMETER                                   STEP         FIRST   
  NO.   NAME      VALUE            ERROR          SIZE      DERIVATIVE 
   1  N0           3.07508e+06     fixed    
   2  tau          6.44052e+01   constant   
   3  A0           3.48876e-01     fixed    
   4  phi          4.11443e+00     fixed    
   5  R           -6.12271e+01   constant   
   6  alpha_CBO    1.75832e-03     fixed    
   7  w_CBO        2.32500e+00   constant   
   8  beta_CBO    -5.90470e-04   6.18200e-04   2.33023e-06   4.19803e-01
   9  alpha_2CBO  -3.52761e-04   6.07403e-04   2.29064e-06   8.25163e-01
  10  beta_2CBO    8.96624e-04     fixed    
  11  alpha_y      0.00000e+00     fixed    
  12  w_y          1.38860e+01   constant   
  13  beta_y      -2.98580e-04     fixed    
  14  alpha_vw     0.00000e+00     fixed    
  15  w_vw         1.43404e+01   constant   
  16  beta_vw      0.00000e+00     fixed    
  17  LM           5.13638e-05   constant   
  18  zeta_y       0.00000e+00   constant   
  19  zeta_vw      0.00000e+00   constant   
  20  T_CBO        1.00000e+03   8.45576e+02   6.56068e-02** at limit **
  21  alpha_A0     9.37886e-05   3.18861e-03   1.21728e-05   2.63913e-01
  22  beta_A0      2.82597e-03   3.11222e-03   1.17467e-05   2.35849e-01
  23  alpha_phi   -2.61302e-03   2.93381e-03   1.10137e-05  -1.50208e-01
  24  beta_phi    -2.82387e-03   3.14056e-03   1.17797e-05  -2.25298e-02
 EXTERNAL ERROR MATRIX.    NDIM=  25    NPAR=  7    ERR DEF=1
  3.822e-07  1.066e-08  2.808e-08 -5.341e-08 -1.896e-07  1.994e-08  3.416e-07 
  1.066e-08  3.689e-07 -4.926e-08 -1.138e-07  2.684e-07 -2.698e-07  5.427e-08 
  2.808e-08 -4.926e-08  1.274e-01  3.980e-06  8.241e-05 -7.500e-05 -8.234e-05 
 -5.341e-08 -1.138e-07  3.980e-06  1.017e-05 -7.779e-08  1.040e-06 -8.389e-07 
 -1.896e-07  2.684e-07  8.241e-05 -7.779e-08  9.686e-06 -8.424e-07  2.255e-07 
  1.994e-08 -2.698e-07 -7.500e-05  1.040e-06 -8.424e-07  8.607e-06 -9.165e-07 
  3.416e-07  5.427e-08 -8.234e-05 -8.389e-07  2.255e-07 -9.165e-07  9.863e-06 
 PARAMETER  CORRELATION COEFFICIENTS  
       NO.  GLOBAL      8      9     20     21     22     23     24
        8  0.21050   1.000  0.028  0.000 -0.027 -0.099  0.011  0.176
        9  0.20829   0.028  1.000 -0.000 -0.059  0.142 -0.151  0.028
       20  0.13190   0.000 -0.000  1.000  0.003  0.074 -0.072 -0.073
       21  0.14036  -0.027 -0.059  0.003  1.000 -0.008  0.111 -0.084
       22  0.20440  -0.099  0.142  0.074 -0.008  1.000 -0.092  0.023
       23  0.22816   0.011 -0.151 -0.072  0.111 -0.092  1.000 -0.099
       24  0.23171   0.176  0.028 -0.073 -0.084  0.023 -0.099  1.000
MINUIT - FIT wiggle + 1-CBO + 2-CBO
 **********
 **   42 **RES 
 **********
                   PARAMETER   16  beta_vw RESTORED TO VARIABLE.
                   PARAMETER   14  alpha_vw RESTORED TO VARIABLE.
                   PARAMETER   13  beta_y RESTORED TO VARIABLE.
                   PARAMETER   11  alpha_y RESTORED TO VARIABLE.
                   PARAMETER   10  beta_2CBO RESTORED TO VARIABLE.
                   PARAMETER    6  alpha_CBO RESTORED TO VARIABLE.
                   PARAMETER    4  phi RESTORED TO VARIABLE.
                   PARAMETER    3  A0 RESTORED TO VARIABLE.
                   PARAMETER    1  N0 RESTORED TO VARIABLE.
 **********
 **   43 **FIX           10
 **********
 **********
 **   44 **FIX           11
 **********
 **********
 **   45 **FIX           12
 **********
 PARAMETER   12  IS CONSTANT.   IGNORED.
 **********
 **   46 **FIX           13
 **********
 **********
 **   47 **FIX           14
 **********
 **********
 **   48 **FIX           15
 **********
 PARAMETER   15  IS CONSTANT.   IGNORED.
 **********
 **   49 **FIX           16
 **********
 **********
 **   50 **MIGRAD
 **********
 START MIGRAD MINIMIZATION.  STRATEGY  1.  CONVERGENCE WHEN EDM .LT. 1.00e-04
 FCN=61.3567 FROM MIGRAD    STATUS=INITIATE       22 CALLS        1964 TOTAL
                     EDM= unknown      STRATEGY= 1      NO ERROR MATRIX       
  EXT PARAMETER               CURRENT GUESS       STEP         FIRST   
  NO.   NAME      VALUE            ERROR          SIZE      DERIVATIVE 
   1  N0           3.07508e+06   1.31007e+03   1.31007e+03  -9.76941e-05
   2  tau          6.44052e+01   constant   
   3  A0           3.48876e-01   5.71009e-04   5.71009e-04  -1.77790e+02
   4  phi          4.11443e+00   1.60438e-03   1.60438e-03  -2.89884e+02
   5  R           -6.12271e+01   constant   
   6  alpha_CBO    1.75832e-03   6.12386e-04   6.12386e-04  -1.52203e+02
   7  w_CBO        2.32500e+00   constant   
   8  beta_CBO    -5.90470e-04   6.18200e-04   2.33023e-06   4.19528e-01
   9  alpha_2CBO  -3.52761e-04   6.07403e-04   2.29064e-06   8.25399e-01
  10  beta_2CBO    8.96624e-04     fixed    
  11  alpha_y      0.00000e+00     fixed    
  12  w_y          1.38860e+01   constant   
  13  beta_y      -2.98580e-04     fixed    
  14  alpha_vw     0.00000e+00     fixed    
  15  w_vw         1.43404e+01   constant   
  16  beta_vw      0.00000e+00     fixed    
  17  LM           5.13638e-05   constant   
  18  zeta_y       0.00000e+00   constant   
  19  zeta_vw      0.00000e+00   constant   
  20  T_CBO        9.99999e+02   8.45576e+02   6.56068e-02  -1.41795e-05
  21  alpha_A0     9.37886e-05   3.18861e-03   1.21728e-05   2.63918e-01
  22  beta_A0      2.82597e-03   3.11222e-03   1.17467e-05   2.35683e-01
  23  alpha_phi   -2.61302e-03   2.93381e-03   1.10137e-05  -1.50023e-01
  24  beta_phi    -2.82387e-03   3.14056e-03   1.17797e-05  -2.23370e-02
 MIGRAD MINIMIZATION HAS CONVERGED.
 MIGRAD WILL VERIFY CONVERGENCE AND ERROR MATRIX.
 COVARIANCE MATRIX CALCULATED SUCCESSFULLY
 FCN=61.2899 FROM MIGRAD    STATUS=CONVERGED     217 CALLS        2159 TOTAL
                     EDM=2.1874e-06    STRATEGY= 1      ERROR MATRIX ACCURATE 
  EXT PARAMETER                                   STEP         FIRST   
  NO.   NAME      VALUE            ERROR          SIZE      DERIVATIVE 
   1  N0           3.07513e+06   1.38902e+03   4.88616e+00  -2.14032e-07
   2  tau          6.44052e+01   constant   
   3  A0           3.48917e-01   5.75690e-04   2.08481e-06   7.07818e-02
   4  phi          4.11484e+00   1.70954e-03   6.28028e-06  -1.48900e-01
   5  R           -6.12271e+01   constant   
   6  alpha_CBO    1.77069e-03   6.23170e-04   2.27780e-06   2.45355e+00
   7  w_CBO        2.32500e+00   constant   
   8  beta_CBO    -6.26870e-04   6.34023e-04   2.32893e-06  -8.78180e-01
   9  alpha_2CBO  -3.66175e-04   6.10143e-04   2.28934e-06  -3.60170e-01
  10  beta_2CBO    8.96624e-04     fixed    
  11  alpha_y      0.00000e+00     fixed    
  12  w_y          1.38860e+01   constant   
  13  beta_y      -2.98580e-04     fixed    
  14  alpha_vw     0.00000e+00     fixed    
  15  w_vw         1.43404e+01   constant   
  16  beta_vw      0.00000e+00     fixed    
  17  LM           5.13638e-05   constant   
  18  zeta_y       0.00000e+00   constant   
  19  zeta_vw      0.00000e+00   constant   
  20  T_CBO        1.00000e+03   8.38900e+02   6.53819e-02** at limit **
  21  alpha_A0     1.67539e-04   3.27891e-03   1.21648e-05   6.78872e-02
  22  beta_A0      2.79406e-03   3.17497e-03   1.17390e-05   1.09915e-01
  23  alpha_phi   -2.53628e-03   3.05501e-03   1.10069e-05  -4.06966e-01
  24  beta_phi    -2.91597e-03   3.18851e-03   1.17721e-05  -2.59798e-01
 EXTERNAL ERROR MATRIX.    NDIM=  25    NPAR= 11    ERR DEF=1
  1.929e+06 
  1.134e-01  3.314e-07 
 -3.303e-01  8.743e-08  2.923e-06 
 -4.544e-02 -8.149e-08 -5.652e-08  3.883e-07 
 -2.202e-02 -1.763e-08 -2.310e-07  8.360e-11  4.020e-07 
 -2.046e-02 -1.596e-08 -6.712e-08 -1.369e-08  1.734e-08  3.723e-07 
 -8.065e-02  6.434e-08 -5.037e-08 -5.314e-09  1.896e-08 -2.590e-08  3.479e-02 
 -2.358e-01  2.459e-07  6.414e-07 -3.716e-07 -9.935e-08 -1.193e-07  3.174e-06  1.075e-05 
 -8.542e-01 -1.143e-07  1.507e-07 -1.458e-08 -1.783e-07  2.822e-07  4.255e-05  2.461e-08  1.008e-05 
 -8.313e-01  1.816e-07  5.979e-07  1.994e-07 -1.789e-08 -2.925e-07 -3.789e-05  1.190e-06 -5.462e-07  9.333e-06 
 -4.147e-02 -2.783e-07 -5.042e-07  1.171e-07  3.890e-07  7.479e-08 -4.441e-05 -1.168e-06  2.833e-07 -1.122e-06  1.017e-05 
 PARAMETER  CORRELATION COEFFICIENTS  
       NO.  GLOBAL      1      3      4      6      8      9     20     21     22     23     24
        1  0.35333   1.000  0.142 -0.139 -0.052 -0.025 -0.024 -0.000 -0.052 -0.194 -0.196 -0.009
        3  0.34193   0.142  1.000  0.089 -0.227 -0.048 -0.045  0.001  0.130 -0.063  0.103 -0.152
        4  0.30209  -0.139  0.089  1.000 -0.053 -0.213 -0.064 -0.000  0.114  0.028  0.114 -0.092
        6  0.31682  -0.052 -0.227 -0.053  1.000  0.000 -0.036 -0.000 -0.182 -0.007  0.105  0.059
        8  0.30242  -0.025 -0.048 -0.213  0.000  1.000  0.045  0.000 -0.048 -0.089 -0.009  0.192
        9  0.22806  -0.024 -0.045 -0.064 -0.036  0.045  1.000 -0.000 -0.060  0.146 -0.157  0.038
       20  0.13170  -0.000  0.001 -0.000 -0.000  0.000 -0.000  1.000  0.005  0.072 -0.067 -0.075
       21  0.27053  -0.052  0.130  0.114 -0.182 -0.048 -0.060  0.005  1.000  0.002  0.119 -0.112
       22  0.28195  -0.194 -0.063  0.028 -0.007 -0.089  0.146  0.072  0.002  1.000 -0.056  0.028
       23  0.35487  -0.196  0.103  0.114  0.105 -0.009 -0.157 -0.067  0.119 -0.056  1.000 -0.115
       24  0.28663  -0.009 -0.152 -0.092  0.059  0.192  0.038 -0.075 -0.112  0.028 -0.115  1.000
MINUIT - FIT ONLY 1-y
 **********
 **   51 **RES 
 **********
                   PARAMETER   16  beta_vw RESTORED TO VARIABLE.
                   PARAMETER   14  alpha_vw RESTORED TO VARIABLE.
                   PARAMETER   13  beta_y RESTORED TO VARIABLE.
                   PARAMETER   11  alpha_y RESTORED TO VARIABLE.
                   PARAMETER   10  beta_2CBO RESTORED TO VARIABLE.
 **********
 **   52 **FIX            0
 **********
 PARAMETER    0  IS UNDEFINED. IGNORED.
 **********
 **   53 **FIX            1
 **********
 **********
 **   54 **FIX            2
 **********
 PARAMETER    2  IS CONSTANT.   IGNORED.
 **********
 **   55 **FIX            3
 **********
 **********
 **   56 **FIX            4
 **********
 **********
 **   57 **FIX            5
 **********
 PARAMETER    5  IS CONSTANT.   IGNORED.
 **********
 **   58 **FIX            6
 **********
 **********
 **   59 **FIX            7
 **********
 PARAMETER    7  IS CONSTANT.   IGNORED.
 **********
 **   60 **FIX            8
 **********
 **********
 **   61 **FIX            9
 **********
 **********
 **   62 **FIX           13
 **********
 **********
 **   63 **FIX           14
 **********
 **********
 **   64 **FIX           15
 **********
 PARAMETER   15  IS CONSTANT.   IGNORED.
 **********
 **   65 **FIX           16
 **********
 **********
 **   66 **MIGRAD
 **********
 START MIGRAD MINIMIZATION.  STRATEGY  1.  CONVERGENCE WHEN EDM .LT. 1.00e-04
 FCN=61.2899 FROM MIGRAD    STATUS=INITIATE       16 CALLS        2175 TOTAL
                     EDM= unknown      STRATEGY= 1      NO ERROR MATRIX       
  EXT PARAMETER               CURRENT GUESS       STEP         FIRST   
  NO.   NAME      VALUE            ERROR          SIZE      DERIVATIVE 
   1  N0           3.07513e+06     fixed    
   2  tau          6.44052e+01   constant   
   3  A0           3.48917e-01     fixed    
   4  phi          4.11484e+00     fixed    
   5  R           -6.12271e+01   constant   
   6  alpha_CBO    1.77069e-03     fixed    
   7  w_CBO        2.32500e+00   constant   
   8  beta_CBO    -6.26870e-04     fixed    
   9  alpha_2CBO  -3.66175e-04     fixed    
  10  beta_2CBO    8.96624e-04   6.03973e-04   6.03973e-04   3.04545e+01
  11  alpha_y      0.00000e+00   1.00000e-03   1.00000e-03  -5.35440e+03
  12  w_y          1.38860e+01   constant   
  13  beta_y      -2.98580e-04     fixed    
  14  alpha_vw     0.00000e+00     fixed    
  15  w_vw         1.43404e+01   constant   
  16  beta_vw      0.00000e+00     fixed    
  17  LM           5.13638e-05   constant   
  18  zeta_y       0.00000e+00   constant   
  19  zeta_vw      0.00000e+00   constant   
  20  T_CBO        9.99999e+02   8.38900e+02   6.53819e-02  -1.41339e-05
  21  alpha_A0     1.67539e-04   3.27891e-03   1.21648e-05   6.78793e-02
  22  beta_A0      2.79406e-03   3.17497e-03   1.17390e-05   1.09751e-01
  23  alpha_phi   -2.53628e-03   3.05501e-03   1.10069e-05  -4.06785e-01
  24  beta_phi    -2.91597e-03   3.18851e-03   1.17721e-05  -2.59600e-01
 MIGRAD MINIMIZATION HAS CONVERGED.
 MIGRAD WILL VERIFY CONVERGENCE AND ERROR MATRIX.
 COVARIANCE MATRIX CALCULATED SUCCESSFULLY
 FCN=58.685 FROM MIGRAD    STATUS=CONVERGED     113 CALLS        2272 TOTAL
                     EDM=5.71557e-07    STRATEGY= 1      ERROR MATRIX ACCURATE 
  EXT PARAMETER                                   STEP         FIRST   
  NO.   NAME      VALUE            ERROR          SIZE      DERIVATIVE 
   1  N0           3.07513e+06     fixed    
   2  tau          6.44052e+01   constant   
   3  A0           3.48917e-01     fixed    
   4  phi          4.11484e+00     fixed    
   5  R           -6.12271e+01   constant   
   6  alpha_CBO    1.77069e-03     fixed    
   7  w_CBO        2.32500e+00   constant   
   8  beta_CBO    -6.26870e-04     fixed    
   9  alpha_2CBO  -3.66175e-04     fixed    
  10  beta_2CBO    9.04977e-04   6.16366e-04   2.26782e-06   2.42567e-01
  11  alpha_y      9.73057e-04   6.02895e-04   2.27339e-06   1.82079e-01
  12  w_y          1.38860e+01   constant   
  13  beta_y      -2.98580e-04     fixed    
  14  alpha_vw     0.00000e+00     fixed    
  15  w_vw         1.43404e+01   constant   
  16  beta_vw      0.00000e+00     fixed    
  17  LM           5.13638e-05   constant   
  18  zeta_y       0.00000e+00   constant   
  19  zeta_vw      0.00000e+00   constant   
  20  T_CBO        1.00000e+03   9.32290e+02   6.85419e-02** at limit **
  21  alpha_A0     7.85486e-05   3.21401e-03   1.19078e-05   2.06731e-01
  22  beta_A0      2.80743e-03   3.06454e-03   1.14906e-05   1.56299e-01
  23  alpha_phi   -2.59137e-03   2.89969e-03   1.07742e-05  -2.46009e-01
  24  beta_phi    -2.98139e-03   3.13223e-03   1.15228e-05   2.17029e-02
 EXTERNAL ERROR MATRIX.    NDIM=  25    NPAR=  7    ERR DEF=1
  3.799e-07  5.275e-09 -3.034e-08 -2.790e-07 -4.056e-08 -1.068e-08 -3.096e-07 
  5.275e-09  3.635e-07 -4.951e-09 -3.513e-08  4.428e-09 -2.108e-08 -2.661e-08 
 -3.034e-08 -4.951e-09  2.143e-02  1.428e-06  3.427e-05 -3.111e-05 -3.629e-05 
 -2.790e-07 -3.513e-08  1.428e-06  1.033e-05  9.446e-09  9.669e-07 -5.470e-07 
 -4.056e-08  4.428e-09  3.427e-05  9.446e-09  9.391e-06 -6.311e-07  3.858e-07 
 -1.068e-08 -2.108e-08 -3.111e-05  9.669e-07 -6.311e-07  8.408e-06 -8.872e-07 
 -3.096e-07 -2.661e-08 -3.629e-05 -5.470e-07  3.858e-07 -8.872e-07  9.811e-06 
 PARAMETER  CORRELATION COEFFICIENTS  
       NO.  GLOBAL     10     11     20     21     22     23     24
       10  0.22059   1.000  0.014 -0.000 -0.141 -0.021 -0.006 -0.160
       11  0.02809   0.014  1.000 -0.000 -0.018  0.002 -0.012 -0.014
       20  0.13645  -0.000 -0.000  1.000  0.003  0.076 -0.073 -0.079
       21  0.18806  -0.141 -0.018  0.003  1.000  0.001  0.104 -0.054
       22  0.10963  -0.021  0.002  0.076  0.001  1.000 -0.071  0.040
       23  0.17262  -0.006 -0.012 -0.073  0.104 -0.071  1.000 -0.098
       24  0.22124  -0.160 -0.014 -0.079 -0.054  0.040 -0.098  1.000
MINUIT - FIT ONLY 2-y
 **********
 **   67 **RES 
 **********
                   PARAMETER   16  beta_vw RESTORED TO VARIABLE.
                   PARAMETER   14  alpha_vw RESTORED TO VARIABLE.
                   PARAMETER   13  beta_y RESTORED TO VARIABLE.
                   PARAMETER    9  alpha_2CBO RESTORED TO VARIABLE.
                   PARAMETER    8  beta_CBO RESTORED TO VARIABLE.
                   PARAMETER    6  alpha_CBO RESTORED TO VARIABLE.
                   PARAMETER    4  phi RESTORED TO VARIABLE.
                   PARAMETER    3  A0 RESTORED TO VARIABLE.
                   PARAMETER    1  N0 RESTORED TO VARIABLE.
 **********
 **   68 **FIX            0
 **********
 PARAMETER    0  IS UNDEFINED. IGNORED.
 **********
 **   69 **FIX            1
 **********
 **********
 **   70 **FIX            2
 **********
 PARAMETER    2  IS CONSTANT.   IGNORED.
 **********
 **   71 **FIX            3
 **********
 **********
 **   72 **FIX            4
 **********
 **********
 **   73 **FIX            5
 **********
 PARAMETER    5  IS CONSTANT.   IGNORED.
 **********
 **   74 **FIX            6
 **********
 **********
 **   75 **FIX            7
 **********
 PARAMETER    7  IS CONSTANT.   IGNORED.
 **********
 **   76 **FIX            8
 **********
 **********
 **   77 **FIX            9
 **********
 **********
 **   78 **FIX           10
 **********
 **********
 **   79 **FIX           11
 **********
 **********
 **   80 **FIX           12
 **********
 PARAMETER   12  IS CONSTANT.   IGNORED.
 **********
 **   81 **FIX           16
 **********
 **********
 **   82 **MIGRAD
 **********
 START MIGRAD MINIMIZATION.  STRATEGY  1.  CONVERGENCE WHEN EDM .LT. 1.00e-04
 FCN=58.685 FROM MIGRAD    STATUS=INITIATE       16 CALLS        2288 TOTAL
                     EDM= unknown      STRATEGY= 1      NO ERROR MATRIX       
  EXT PARAMETER               CURRENT GUESS       STEP         FIRST   
  NO.   NAME      VALUE            ERROR          SIZE      DERIVATIVE 
   1  N0           3.07513e+06     fixed    
   2  tau          6.44052e+01   constant   
   3  A0           3.48917e-01     fixed    
   4  phi          4.11484e+00     fixed    
   5  R           -6.12271e+01   constant   
   6  alpha_CBO    1.77069e-03     fixed    
   7  w_CBO        2.32500e+00   constant   
   8  beta_CBO    -6.26870e-04     fixed    
   9  alpha_2CBO  -3.66175e-04     fixed    
  10  beta_2CBO    9.04977e-04     fixed    
  11  alpha_y      9.73057e-04     fixed    
  12  w_y          1.38860e+01   constant   
  13  beta_y      -2.98580e-04   5.84976e-04   5.84976e-04  -4.18927e+00
  14  alpha_vw     0.00000e+00   1.00000e-03   1.00000e-03   5.93213e+03
  15  w_vw         1.43404e+01   constant   
  16  beta_vw      0.00000e+00     fixed    
  17  LM           5.13638e-05   constant   
  18  zeta_y       0.00000e+00   constant   
  19  zeta_vw      0.00000e+00   constant   
  20  T_CBO        9.99999e+02   9.32290e+02   6.85419e-02  -1.48636e-05
  21  alpha_A0     7.85486e-05   3.21401e-03   1.19078e-05   2.06715e-01
  22  beta_A0      2.80743e-03   3.06454e-03   1.14906e-05   1.56134e-01
  23  alpha_phi   -2.59137e-03   2.89969e-03   1.07742e-05  -2.45824e-01
  24  beta_phi    -2.98139e-03   3.13223e-03   1.15228e-05   2.19052e-02
 MIGRAD MINIMIZATION HAS CONVERGED.
 MIGRAD WILL VERIFY CONVERGENCE AND ERROR MATRIX.
 COVARIANCE MATRIX CALCULATED SUCCESSFULLY
 FCN=55.516 FROM MIGRAD    STATUS=CONVERGED     111 CALLS        2383 TOTAL
                     EDM=3.15628e-07    STRATEGY= 1      ERROR MATRIX ACCURATE 
  EXT PARAMETER                                   STEP         FIRST   
  NO.   NAME      VALUE            ERROR          SIZE      DERIVATIVE 
   1  N0           3.07513e+06     fixed    
   2  tau          6.44052e+01   constant   
   3  A0           3.48917e-01     fixed    
   4  phi          4.11484e+00     fixed    
   5  R           -6.12271e+01   constant   
   6  alpha_CBO    1.77069e-03     fixed    
   7  w_CBO        2.32500e+00   constant   
   8  beta_CBO    -6.26870e-04     fixed    
   9  alpha_2CBO  -3.66175e-04     fixed    
  10  beta_2CBO    9.04977e-04     fixed    
  11  alpha_y      9.73057e-04     fixed    
  12  w_y          1.38860e+01   constant   
  13  beta_y      -3.87043e-04   5.95088e-04   2.17546e-06  -9.17136e-02
  14  alpha_vw    -1.06850e-03   6.00218e-04   2.19452e-06  -2.68210e-03
  15  w_vw         1.43404e+01   constant   
  16  beta_vw      0.00000e+00     fixed    
  17  LM           5.13638e-05   constant   
  18  zeta_y       0.00000e+00   constant   
  19  zeta_vw      0.00000e+00   constant   
  20  T_CBO        1.00000e+03   9.05574e+02   5.78906e-02** at limit **
  21  alpha_A0     1.84739e-04   3.18253e-03   1.15872e-05  -7.65518e-03
  22  beta_A0      2.79157e-03   3.06179e-03   1.11820e-05   5.78998e-03
  23  alpha_phi   -2.53670e-03   2.89751e-03   1.04844e-05   1.85143e-01
  24  beta_phi    -2.88501e-03   3.09006e-03   1.12134e-05  -1.74184e-01
 EXTERNAL ERROR MATRIX.    NDIM=  25    NPAR=  7    ERR DEF=1
  3.541e-07  3.007e-08 -4.139e-10  2.624e-08 -2.518e-08  2.140e-08 -5.058e-08 
  3.007e-08  3.603e-07 -1.742e-09 -3.594e-08  5.287e-09 -1.752e-08 -3.293e-08 
 -4.139e-10 -1.742e-09  3.656e-03  9.547e-07  1.198e-05 -1.070e-05 -1.238e-05 
  2.624e-08 -3.594e-08  9.547e-07  1.013e-05 -2.180e-08  9.611e-07 -7.783e-07 
 -2.518e-08  5.287e-09  1.198e-05 -2.180e-08  9.375e-06 -6.197e-07  3.738e-07 
  2.140e-08 -1.752e-08 -1.070e-05  9.611e-07 -6.197e-07  8.396e-06 -9.155e-07 
 -5.058e-08 -3.293e-08 -1.238e-05 -7.783e-07  3.738e-07 -9.155e-07  9.548e-06 
 PARAMETER  CORRELATION COEFFICIENTS  
       NO.  GLOBAL     13     14     20     21     22     23     24
       13  0.09049   1.000  0.084 -0.000  0.014 -0.014  0.012 -0.028
       14  0.08897   0.084  1.000 -0.000 -0.019  0.003 -0.010 -0.018
       20  0.11426  -0.000 -0.000  1.000  0.005  0.065 -0.061 -0.066
       21  0.12732   0.014 -0.019  0.005  1.000 -0.002  0.104 -0.079
       22  0.10065  -0.014  0.003  0.065 -0.002  1.000 -0.070  0.040
       23  0.16830   0.012 -0.010 -0.061  0.104 -0.070  1.000 -0.102
       24  0.15065  -0.028 -0.018 -0.066 -0.079  0.040 -0.102  1.000
MINUIT - FIT ALTOGETHER
