 + ++++++++++++++++++++++++++++++++++++++++++++++++++++++++++++++++++++ +
 +                                                                      +
 +           You have chose to blind your fitting according to          +
 +                omega_ref * (1 + (R +/- deltaR) *10^{-6})             +
 +                                                                      +
 + ++++++++++++++++++++++++++++++++++++++++++++++++++++++++++++++++++++ +
In main()...
reading format from /gm2data/zkhechad/run45/envelope/formats/formatB_sBin_constraintOn.txt
pBinTau 	= 0  
pBinPhi 	= 0  
constraintau 	= 1 
includeMopTerm 	= 0    
constrainMop    = 0   
Parameters after format file: pBinTau 0 pBinPhi 0 constraintau 1 includeMopTerm 0 constrainMop 0 c_e_scale 0.000000 
Opening file /gm2data/tbarrett/gm2fr/studies/run23_bunch_corrections/CorrectedFourier_Run3b.root.
reading full fit data from /gm2data/zkhechad/cboTemplates/Run4CBOTemplates/fullFits/noRF/sBin_constraintOn_cE0.0_seed0_noRF_calo2.root
windowBins = 69
fitting sliding window 280 from bin 416 at 61.918000 to bin 485 at 72.362000 (69 bins)

Reading data from /gm2data/cornell/histograms/aMethod/histogram_a_noRF.root
 **********
 **    1 **SET PRINTOUT            1
 **********
 **********
 **    2 **SET NOWARNINGS 
 **********
 PARAMETER DEFINITIONS:
    NO.   NAME         VALUE      STEP SIZE      LIMITS
     1 N0           3.21058e+06  1.00000e+02     no limits
     2 tau          6.44090e+01  constant
     3 A0           3.64384e-01  1.00000e-04     no limits
     4 phi          4.11815e+00  1.00000e-02     no limits
     5 R           -6.00655e+01  constant
     6 alpha_CBO    0.00000e+00  1.00000e-03     no limits
     7 w_CBO        2.32500e+00  constant
     8 beta_CBO     0.00000e+00  1.00000e-03     no limits
     9 alpha_2CBO   0.00000e+00  1.00000e-03     no limits
    10 beta_2CBO    0.00000e+00  1.00000e-03     no limits
    11 alpha_y      0.00000e+00  1.00000e-03     no limits
    12 w_y          1.38860e+01  constant
    13 beta_y       0.00000e+00  1.00000e-03     no limits
    14 alpha_vw     0.00000e+00  1.00000e-03     no limits
    15 w_vw         1.43404e+01  constant
    16 beta_vw      0.00000e+00  1.00000e-03     no limits
    17 LM           2.36781e-04  constant
    18 zeta_y       0.00000e+00  constant
    19 zeta_vw      0.00000e+00  constant
    20 T_CBO        1.00000e+02  1.00000e+00    0.00000e+00  1.00000e+03
    21 alpha_A0     0.00000e+00  1.00000e-03     no limits
    22 beta_A0      0.00000e+00  1.00000e-03     no limits
    23 alpha_phi    0.00000e+00  1.00000e-03     no limits
    24 beta_phi     0.00000e+00  1.00000e-03     no limits
MINUIT - FIT ONLY WIGGLE
 **********
 **    3 **FIX            5
 **********
 PARAMETER    5  IS CONSTANT.   IGNORED.
 **********
 **    4 **FIX            6
 **********
 **********
 **    5 **FIX            7
 **********
 PARAMETER    7  IS CONSTANT.   IGNORED.
 **********
 **    6 **FIX            8
 **********
 **********
 **    7 **FIX            9
 **********
 **********
 **    8 **FIX           10
 **********
 **********
 **    9 **FIX           11
 **********
 **********
 **   10 **FIX           12
 **********
 PARAMETER   12  IS CONSTANT.   IGNORED.
 **********
 **   11 **FIX           13
 **********
 **********
 **   12 **FIX           14
 **********
 **********
 **   13 **FIX           15
 **********
 PARAMETER   15  IS CONSTANT.   IGNORED.
 **********
 **   14 **FIX           16
 **********
 **********
 **   15 **MIGRAD
 **********
 FIRST CALL TO USER FUNCTION AT NEW START POINT, WITH IFLAG=4.
 START MIGRAD MINIMIZATION.  STRATEGY  1.  CONVERGENCE WHEN EDM .LT. 1.00e-04
 FCN=2782.27 FROM MIGRAD    STATUS=INITIATE      435 CALLS         436 TOTAL
                     EDM= unknown      STRATEGY= 1      NO ERROR MATRIX       
  EXT PARAMETER               CURRENT GUESS       STEP         FIRST   
  NO.   NAME      VALUE            ERROR          SIZE      DERIVATIVE 
   1  N0           3.21058e+06   1.00000e+02   0.00000e+00  -3.73168e-02
   2  tau          6.44090e+01   constant   
   3  A0           3.64384e-01   1.00000e-04   0.00000e+00  -1.02033e+05
   4  phi          4.11815e+00   1.00000e-02   0.00000e+00   4.64295e+04
   5  R           -6.00655e+01   constant   
   6  alpha_CBO    0.00000e+00     fixed    
   7  w_CBO        2.32500e+00   constant   
   8  beta_CBO     0.00000e+00     fixed    
   9  alpha_2CBO   0.00000e+00     fixed    
  10  beta_2CBO    0.00000e+00     fixed    
  11  alpha_y      0.00000e+00     fixed    
  12  w_y          1.38860e+01   constant   
  13  beta_y       0.00000e+00     fixed    
  14  alpha_vw     0.00000e+00     fixed    
  15  w_vw         1.43404e+01   constant   
  16  beta_vw      0.00000e+00     fixed    
  17  LM           2.36781e-04   constant   
  18  zeta_y       0.00000e+00   constant   
  19  zeta_vw      0.00000e+00   constant   
  20  T_CBO        1.00000e+02   1.00000e+00   0.00000e+00   0.00000e+00
  21  alpha_A0     0.00000e+00   1.00000e-03   0.00000e+00  -2.03721e+04
  22  beta_A0      0.00000e+00   1.00000e-03   0.00000e+00   1.44294e+04
  23  alpha_phi    0.00000e+00   1.00000e-03   0.00000e+00   1.83454e+03
  24  beta_phi     0.00000e+00   1.00000e-03   0.00000e+00   1.62035e+04
 MIGRAD MINIMIZATION HAS CONVERGED.
 FCN=2570.39 FROM MIGRAD    STATUS=CONVERGED    1018 CALLS        1019 TOTAL
                     EDM=2.85075e-06    STRATEGY= 1  ERROR MATRIX UNCERTAINTY   2.3 per cent
  EXT PARAMETER                                   STEP         FIRST   
  NO.   NAME      VALUE            ERROR          SIZE      DERIVATIVE 
   1  N0           3.21077e+06   2.40536e+02  -4.36741e-01   1.92970e-06
   2  tau          6.44090e+01   constant   
   3  A0           3.65000e-01   9.49798e-05  -1.07469e-07   1.44129e+01
   4  phi          4.11627e+00   2.70289e-04  -4.26651e-08  -2.83807e+00
   5  R           -6.00655e+01   constant   
   6  alpha_CBO    0.00000e+00     fixed    
   7  w_CBO        2.32500e+00   constant   
   8  beta_CBO     0.00000e+00     fixed    
   9  alpha_2CBO   0.00000e+00     fixed    
  10  beta_2CBO    0.00000e+00     fixed    
  11  alpha_y      0.00000e+00     fixed    
  12  w_y          1.38860e+01   constant   
  13  beta_y       0.00000e+00     fixed    
  14  alpha_vw     0.00000e+00     fixed    
  15  w_vw         1.43404e+01   constant   
  16  beta_vw      0.00000e+00     fixed    
  17  LM           2.36781e-04   constant   
  18  zeta_y       0.00000e+00   constant   
  19  zeta_vw      0.00000e+00   constant   
  20  T_CBO        1.00000e+03   5.39505e+02   3.74845e-02** at limit **
  21  alpha_A0     3.42698e-03   4.34371e-04   1.35840e-06  -1.86067e+00
  22  beta_A0     -1.38344e-03   3.96698e-04  -2.33372e-07  -1.13689e+00
  23  alpha_phi   -9.99696e-05   3.64705e-04   2.50597e-07  -2.77914e-01
  24  beta_phi    -3.37929e-03   4.40021e-04   7.39015e-07   6.29969e+00
 EXTERNAL ERROR MATRIX.    NDIM=  25    NPAR=  8    ERR DEF=1
  5.786e+04  1.410e-03  1.232e-02  1.734e-01 -1.909e-02  8.476e-03  1.472e-02  2.057e-02 
  1.410e-03  9.021e-09 -1.632e-09  2.135e-07 -1.412e-10  3.059e-09  3.495e-10 -7.334e-09 
  1.232e-02 -1.632e-09  7.306e-08  3.676e-07 -1.453e-08 -4.495e-09  4.079e-09  1.358e-08 
  1.734e-01  2.135e-07  3.676e-07  1.104e-01 -1.426e-05  6.860e-06 -1.275e-06  5.570e-06 
 -1.909e-02 -1.412e-10 -1.453e-08 -1.426e-05  1.887e-07 -9.584e-09 -9.322e-09 -2.451e-08 
  8.476e-03  3.059e-09 -4.495e-09  6.860e-06 -9.584e-09  1.574e-07 -9.745e-09 -1.743e-08 
  1.472e-02  3.495e-10  4.079e-09 -1.275e-06 -9.322e-09 -9.745e-09  1.330e-07 -1.721e-09 
  2.057e-02 -7.334e-09  1.358e-08  5.570e-06 -2.451e-08 -1.743e-08 -1.721e-09  1.936e-07 
 PARAMETER  CORRELATION COEFFICIENTS  
       NO.  GLOBAL      1      3      4     20     21     22     23     24
        1  0.36402   1.000  0.062  0.190  0.002 -0.183  0.089  0.168  0.194
        3  0.21667   0.062  1.000 -0.064  0.007 -0.003  0.081  0.010 -0.175
        4  0.23589   0.190 -0.064  1.000  0.004 -0.124 -0.042  0.041  0.114
       20  0.11729   0.002  0.007  0.004  1.000 -0.099  0.052 -0.011  0.038
       21  0.24965  -0.183 -0.003 -0.124 -0.099  1.000 -0.056 -0.059 -0.128
       22  0.20211   0.089  0.081 -0.042  0.052 -0.056  1.000 -0.067 -0.100
       23  0.19871   0.168  0.010  0.041 -0.011 -0.059 -0.067  1.000 -0.011
       24  0.31636   0.194 -0.175  0.114  0.038 -0.128 -0.100 -0.011  1.000
MINUIT - FIT ONLY 1-CBO + wiggle
 **********
 **   16 **RES 
 **********
                   PARAMETER   16  beta_vw RESTORED TO VARIABLE.
                   PARAMETER   14  alpha_vw RESTORED TO VARIABLE.
                   PARAMETER   13  beta_y RESTORED TO VARIABLE.
                   PARAMETER   11  alpha_y RESTORED TO VARIABLE.
                   PARAMETER   10  beta_2CBO RESTORED TO VARIABLE.
                   PARAMETER    9  alpha_2CBO RESTORED TO VARIABLE.
                   PARAMETER    8  beta_CBO RESTORED TO VARIABLE.
                   PARAMETER    6  alpha_CBO RESTORED TO VARIABLE.
 **********
 **   17 **FIX            8
 **********
 **********
 **   18 **FIX            9
 **********
 **********
 **   19 **FIX           11
 **********
 **********
 **   20 **FIX           12
 **********
 PARAMETER   12  IS CONSTANT.   IGNORED.
 **********
 **   21 **FIX           14
 **********
 **********
 **   22 **FIX           15
 **********
 PARAMETER   15  IS CONSTANT.   IGNORED.
 **********
 **   23 **FIX           16
 **********
 **********
 **   24 **MIGRAD
 **********
 START MIGRAD MINIMIZATION.  STRATEGY  1.  CONVERGENCE WHEN EDM .LT. 1.00e-04
 FCN=2570.39 FROM MIGRAD    STATUS=INITIATE       28 CALLS        1047 TOTAL
                     EDM= unknown      STRATEGY= 1      NO ERROR MATRIX       
  EXT PARAMETER               CURRENT GUESS       STEP         FIRST   
  NO.   NAME      VALUE            ERROR          SIZE      DERIVATIVE 
   1  N0           3.21077e+06   2.40536e+02  -4.36741e-01   1.92805e-06
   2  tau          6.44090e+01   constant   
   3  A0           3.65000e-01   9.49798e-05  -1.07469e-07   1.44154e+01
   4  phi          4.11627e+00   2.70289e-04  -4.26651e-08  -2.83858e+00
   5  R           -6.00655e+01   constant   
   6  alpha_CBO    0.00000e+00   1.00000e-03   1.00000e-03   8.80741e+05
   7  w_CBO        2.32500e+00   constant   
   8  beta_CBO     0.00000e+00     fixed    
   9  alpha_2CBO   0.00000e+00     fixed    
  10  beta_2CBO    0.00000e+00   1.00000e-03   1.00000e-03   2.74851e+04
  11  alpha_y      0.00000e+00     fixed    
  12  w_y          1.38860e+01   constant   
  13  beta_y       0.00000e+00   1.00000e-03   1.00000e-03  -1.09286e+05
  14  alpha_vw     0.00000e+00     fixed    
  15  w_vw         1.43404e+01   constant   
  16  beta_vw      0.00000e+00     fixed    
  17  LM           2.36781e-04   constant   
  18  zeta_y       0.00000e+00   constant   
  19  zeta_vw      0.00000e+00   constant   
  20  T_CBO        9.99999e+02   5.39505e+02   3.74845e-02  -1.25077e-04
  21  alpha_A0     3.42698e-03   4.34371e-04   1.35840e-06  -1.86327e+00
  22  beta_A0     -1.38344e-03   3.96698e-04  -2.33372e-07  -1.13549e+00
  23  alpha_phi   -9.99696e-05   3.64705e-04   2.50597e-07  -2.77712e-01
  24  beta_phi    -3.37929e-03   4.40021e-04   7.39015e-07   6.30211e+00
 MIGRAD MINIMIZATION HAS CONVERGED.
 FCN=451.774 FROM MIGRAD    STATUS=CONVERGED     302 CALLS        1321 TOTAL
                     EDM=4.80337e-06    STRATEGY= 1  ERROR MATRIX UNCERTAINTY   1.8 per cent
  EXT PARAMETER                                   STEP         FIRST   
  NO.   NAME      VALUE            ERROR          SIZE      DERIVATIVE 
   1  N0           3.21026e+06   2.33618e+02  -8.63652e-02  -5.63789e-06
   2  tau          6.44090e+01   constant   
   3  A0           3.64055e-01   9.81834e-05  -1.13778e-09  -3.80187e+00
   4  phi          4.11812e+00   2.70785e-04  -3.42534e-08  -1.18418e+00
   5  R           -6.00655e+01   constant   
   6  alpha_CBO   -4.74021e-03   1.03740e-04   7.93414e-09  -2.34138e+00
   7  w_CBO        2.32500e+00   constant   
   8  beta_CBO     0.00000e+00     fixed    
   9  alpha_2CBO   0.00000e+00     fixed    
  10  beta_2CBO   -7.76943e-05   1.01436e-04  -7.56765e-10   1.80122e-01
  11  alpha_y      0.00000e+00     fixed    
  12  w_y          1.38860e+01   constant   
  13  beta_y       5.59850e-04   9.91212e-05   3.93733e-08   6.32683e+00
  14  alpha_vw     0.00000e+00     fixed    
  15  w_vw         1.43404e+01   constant   
  16  beta_vw      0.00000e+00     fixed    
  17  LM           2.36781e-04   constant   
  18  zeta_y       0.00000e+00   constant   
  19  zeta_vw      0.00000e+00   constant   
  20  T_CBO        9.99729e+02   9.64366e+02  -1.26881e-02   2.34757e-04
  21  alpha_A0    -1.94185e-04   4.10663e-04   1.11896e-07   3.17632e+00
  22  beta_A0     -2.32839e-03   3.74138e-04  -1.02257e-06  -2.60261e+00
  23  alpha_phi   -2.38388e-03   3.66045e-04  -4.21716e-07   5.34315e+00
  24  beta_phi    -1.93907e-03   4.36038e-04  -7.04105e-07   2.51224e-01
 EXTERNAL ERROR MATRIX.    NDIM=  25    NPAR= 11    ERR DEF=1
  5.458e+04 
  1.648e-03  9.640e-09 
  1.001e-02 -2.800e-09  7.332e-08 
  1.330e-03  2.182e-09 -4.142e-09  1.076e-08 
 -2.808e-04 -3.310e-10  1.746e-09 -1.517e-10  1.029e-08 
  3.524e-04  1.143e-10  5.642e-10 -5.888e-11 -2.151e-11  9.825e-09 
  6.794e+03  3.136e-04  3.636e-03 -4.182e-04 -5.634e-04 -2.087e-03  7.192e+04 
 -1.042e-02  2.081e-09 -1.112e-08  7.878e-09  2.131e-09 -1.228e-09 -1.253e-02  1.686e-07 
  4.727e-03  2.632e-09 -7.422e-09  2.496e-09 -4.313e-09  8.103e-10  3.366e-03  1.029e-08  1.400e-07 
  1.991e-02  2.380e-09  4.261e-09  5.074e-09  2.790e-09 -4.067e-10 -2.987e-02 -1.428e-08  6.383e-09  1.340e-07 
  1.359e-02 -8.118e-09  1.312e-08 -3.259e-09  5.884e-09  9.843e-10 -6.824e-03 -1.759e-08 -1.856e-08  2.831e-09  1.901e-07 
 PARAMETER  CORRELATION COEFFICIENTS  
       NO.  GLOBAL      1      3      4      6     10     13     20     21     22     23     24
        1  0.37500   1.000  0.072  0.158  0.055 -0.012  0.015  0.108 -0.109  0.054  0.233  0.133
        3  0.30090   0.072  1.000 -0.105  0.214 -0.033  0.012  0.012  0.052  0.072  0.066 -0.190
        4  0.26810   0.158 -0.105  1.000 -0.147  0.064  0.021  0.050 -0.100 -0.073  0.043  0.111
        6  0.33740   0.055  0.214 -0.147  1.000 -0.014 -0.006 -0.015  0.185  0.064  0.134 -0.072
       10  0.21219  -0.012 -0.033  0.064 -0.014  1.000 -0.002 -0.021  0.051 -0.114  0.075  0.133
       13  0.11163   0.015  0.012  0.021 -0.006 -0.002  1.000 -0.079 -0.030  0.022 -0.011  0.023
       20  0.40597   0.108  0.012  0.050 -0.015 -0.021 -0.079  1.000 -0.114  0.034 -0.304 -0.058
       21  0.31176  -0.109  0.052 -0.100  0.185  0.051 -0.030 -0.114  1.000  0.067 -0.095 -0.098
       22  0.20625   0.054  0.072 -0.073  0.064 -0.114  0.022  0.034  0.067  1.000  0.047 -0.114
       23  0.45709   0.233  0.066  0.043  0.134  0.075 -0.011 -0.304 -0.095  0.047  1.000  0.018
       24  0.31447   0.133 -0.190  0.111 -0.072  0.133  0.023 -0.058 -0.098 -0.114  0.018  1.000
MINUIT - FIT ONLY 2-CBO
 **********
 **   25 **RES 
 **********
                   PARAMETER   16  beta_vw RESTORED TO VARIABLE.
                   PARAMETER   14  alpha_vw RESTORED TO VARIABLE.
                   PARAMETER   11  alpha_y RESTORED TO VARIABLE.
                   PARAMETER    9  alpha_2CBO RESTORED TO VARIABLE.
                   PARAMETER    8  beta_CBO RESTORED TO VARIABLE.
 **********
 **   26 **FIX            0
 **********
 PARAMETER    0  IS UNDEFINED. IGNORED.
 **********
 **   27 **FIX            1
 **********
 **********
 **   28 **FIX            2
 **********
 PARAMETER    2  IS CONSTANT.   IGNORED.
 **********
 **   29 **FIX            3
 **********
 **********
 **   30 **FIX            4
 **********
 **********
 **   31 **FIX            5
 **********
 PARAMETER    5  IS CONSTANT.   IGNORED.
 **********
 **   32 **FIX            6
 **********
 **********
 **   33 **FIX            7
 **********
 PARAMETER    7  IS CONSTANT.   IGNORED.
 **********
 **   34 **FIX           10
 **********
 **********
 **   35 **FIX           11
 **********
 **********
 **   36 **FIX           12
 **********
 PARAMETER   12  IS CONSTANT.   IGNORED.
 **********
 **   37 **FIX           13
 **********
 **********
 **   38 **FIX           14
 **********
 **********
 **   39 **FIX           15
 **********
 PARAMETER   15  IS CONSTANT.   IGNORED.
 **********
 **   40 **FIX           16
 **********
 **********
 **   41 **MIGRAD
 **********
 START MIGRAD MINIMIZATION.  STRATEGY  1.  CONVERGENCE WHEN EDM .LT. 1.00e-04
 FCN=451.774 FROM MIGRAD    STATUS=INITIATE       18 CALLS        1339 TOTAL
                     EDM= unknown      STRATEGY= 1      NO ERROR MATRIX       
  EXT PARAMETER               CURRENT GUESS       STEP         FIRST   
  NO.   NAME      VALUE            ERROR          SIZE      DERIVATIVE 
   1  N0           3.21026e+06     fixed    
   2  tau          6.44090e+01   constant   
   3  A0           3.64055e-01     fixed    
   4  phi          4.11812e+00     fixed    
   5  R           -6.00655e+01   constant   
   6  alpha_CBO   -4.74021e-03     fixed    
   7  w_CBO        2.32500e+00   constant   
   8  beta_CBO     0.00000e+00   1.00000e-03   1.00000e-03  -3.18362e+05
   9  alpha_2CBO   0.00000e+00   1.00000e-03   1.00000e-03   3.40099e+04
  10  beta_2CBO   -7.76943e-05     fixed    
  11  alpha_y      0.00000e+00     fixed    
  12  w_y          1.38860e+01   constant   
  13  beta_y       5.59850e-04     fixed    
  14  alpha_vw     0.00000e+00     fixed    
  15  w_vw         1.43404e+01   constant   
  16  beta_vw      0.00000e+00     fixed    
  17  LM           2.36781e-04   constant   
  18  zeta_y       0.00000e+00   constant   
  19  zeta_vw      0.00000e+00   constant   
  20  T_CBO        9.99729e+02   9.64366e+02  -1.26881e-02  -2.85736e-04
  21  alpha_A0    -1.94185e-04   4.10663e-04   1.11896e-07   3.17631e+00
  22  beta_A0     -2.32839e-03   3.74138e-04  -1.02257e-06  -2.60261e+00
  23  alpha_phi   -2.38388e-03   3.66045e-04  -4.21716e-07   5.34315e+00
  24  beta_phi    -1.93907e-03   4.36038e-04  -7.04105e-07   2.51223e-01
 MIGRAD MINIMIZATION HAS CONVERGED.
 MIGRAD WILL VERIFY CONVERGENCE AND ERROR MATRIX.
 FCN=188.761 FROM HESSE     STATUS=NOT POSDEF     52 CALLS        1499 TOTAL
                     EDM=0.000523012    STRATEGY= 1      ERR MATRIX NOT POS-DEF
  EXT PARAMETER                APPROXIMATE        STEP         FIRST   
  NO.   NAME      VALUE            ERROR          SIZE      DERIVATIVE 
   1  N0           3.21026e+06     fixed    
   2  tau          6.44090e+01   constant   
   3  A0           3.64055e-01     fixed    
   4  phi          4.11812e+00     fixed    
   5  R           -6.00655e+01   constant   
   6  alpha_CBO   -4.74021e-03     fixed    
   7  w_CBO        2.32500e+00   constant   
   8  beta_CBO     1.63571e-03   9.73015e-05   6.72745e-07   1.21730e-01
   9  alpha_2CBO  -1.55902e-04   9.66820e-05   6.65393e-07  -6.39043e-01
  10  beta_2CBO   -7.76943e-05     fixed    
  11  alpha_y      0.00000e+00     fixed    
  12  w_y          1.38860e+01   constant   
  13  beta_y       5.59850e-04     fixed    
  14  alpha_vw     0.00000e+00     fixed    
  15  w_vw         1.43404e+01   constant   
  16  beta_vw      0.00000e+00     fixed    
  17  LM           2.36781e-04   constant   
  18  zeta_y       0.00000e+00   constant   
  19  zeta_vw      0.00000e+00   constant   
  20  T_CBO        9.98227e+02   5.52178e+02   1.37382e-01   1.28507e-04
  21  alpha_A0     3.78925e-05   4.10335e-04   2.68447e-06   4.99995e-01
  22  beta_A0     -1.36046e-03   2.28909e-03   2.55960e-06  -3.02231e-01
  23  alpha_phi   -2.57896e-03   4.26028e-03   2.40390e-06   8.11506e-01
  24  beta_phi    -1.44795e-03   2.59071e-03   2.76459e-06  -1.28351e+00
 MIGRAD MINIMIZATION HAS CONVERGED.
 MIGRAD WILL VERIFY CONVERGENCE AND ERROR MATRIX.
 COVARIANCE MATRIX CALCULATED SUCCESSFULLY
 FCN=188.761 FROM MIGRAD    STATUS=CONVERGED     544 CALLS        1865 TOTAL
                     EDM=1.37398e-08    STRATEGY= 1      ERROR MATRIX ACCURATE 
  EXT PARAMETER                                   STEP         FIRST   
  NO.   NAME      VALUE            ERROR          SIZE      DERIVATIVE 
   1  N0           3.21026e+06     fixed    
   2  tau          6.44090e+01   constant   
   3  A0           3.64055e-01     fixed    
   4  phi          4.11812e+00     fixed    
   5  R           -6.00655e+01   constant   
   6  alpha_CBO   -4.74021e-03     fixed    
   7  w_CBO        2.32500e+00   constant   
   8  beta_CBO     1.63570e-03   1.01437e-04   6.72745e-07  -1.13355e+00
   9  alpha_2CBO  -1.55907e-04   1.01274e-04   6.65393e-07  -6.90073e-01
  10  beta_2CBO   -7.76943e-05     fixed    
  11  alpha_y      0.00000e+00     fixed    
  12  w_y          1.38860e+01   constant   
  13  beta_y       5.59850e-04     fixed    
  14  alpha_vw     0.00000e+00     fixed    
  15  w_vw         1.43404e+01   constant   
  16  beta_vw      0.00000e+00     fixed    
  17  LM           2.36781e-04   constant   
  18  zeta_y       0.00000e+00   constant   
  19  zeta_vw      0.00000e+00   constant   
  20  T_CBO        9.99999e+02   6.31848e+02   1.71994e-01   2.44897e-06
  21  alpha_A0     3.78380e-05   4.02114e-04   2.68416e-06   2.71720e-02
  22  beta_A0     -1.36029e-03   4.14138e-04   2.55930e-06  -5.24545e-02
  23  alpha_phi   -2.57871e-03   4.55129e-04   2.40362e-06   3.66652e-02
  24  beta_phi    -1.44765e-03   4.47927e-04   2.76427e-06  -1.79080e-02
 EXTERNAL ERROR MATRIX.    NDIM=  25    NPAR=  7    ERR DEF=1
  1.029e-08  1.158e-10  1.548e-07  1.127e-09  5.678e-09 -6.411e-10  2.633e-09 
  1.158e-10  1.026e-08 -3.406e-07 -3.025e-09 -3.800e-09  5.442e-09 -4.410e-09 
  1.548e-07 -3.406e-07  8.539e+02  3.369e-04 -4.222e-03 -8.027e-03 -4.802e-03 
  1.127e-09 -3.025e-09  3.369e-04  1.617e-07  6.546e-10 -1.162e-08 -1.260e-08 
  5.678e-09 -3.800e-09 -4.222e-03  6.546e-10  1.715e-07  2.902e-08  1.608e-08 
 -6.411e-10  5.442e-09 -8.027e-03 -1.162e-08  2.902e-08  2.071e-07  3.645e-08 
  2.633e-09 -4.410e-09 -4.802e-03 -1.260e-08  1.608e-08  3.645e-08  2.006e-07 
 PARAMETER  CORRELATION COEFFICIENTS  
       NO.  GLOBAL      8      9     20     21     22     23     24
        8  0.16671   1.000  0.011  0.000  0.028  0.135 -0.014  0.058
        9  0.21413   0.011  1.000 -0.000 -0.074 -0.091  0.118 -0.097
       20  0.70364   0.000 -0.000  1.000  0.029 -0.349 -0.604 -0.367
       21  0.12309   0.028 -0.074  0.029  1.000  0.004 -0.064 -0.070
       22  0.39481   0.135 -0.091 -0.349  0.004  1.000  0.154  0.087
       23  0.61929  -0.014  0.118 -0.604 -0.064  0.154  1.000  0.179
       24  0.39777   0.058 -0.097 -0.367 -0.070  0.087  0.179  1.000
MINUIT - FIT wiggle + 1-CBO + 2-CBO
 **********
 **   42 **RES 
 **********
                   PARAMETER   16  beta_vw RESTORED TO VARIABLE.
                   PARAMETER   14  alpha_vw RESTORED TO VARIABLE.
                   PARAMETER   13  beta_y RESTORED TO VARIABLE.
                   PARAMETER   11  alpha_y RESTORED TO VARIABLE.
                   PARAMETER   10  beta_2CBO RESTORED TO VARIABLE.
                   PARAMETER    6  alpha_CBO RESTORED TO VARIABLE.
                   PARAMETER    4  phi RESTORED TO VARIABLE.
                   PARAMETER    3  A0 RESTORED TO VARIABLE.
                   PARAMETER    1  N0 RESTORED TO VARIABLE.
 **********
 **   43 **FIX           10
 **********
 **********
 **   44 **FIX           11
 **********
 **********
 **   45 **FIX           12
 **********
 PARAMETER   12  IS CONSTANT.   IGNORED.
 **********
 **   46 **FIX           13
 **********
 **********
 **   47 **FIX           14
 **********
 **********
 **   48 **FIX           15
 **********
 PARAMETER   15  IS CONSTANT.   IGNORED.
 **********
 **   49 **FIX           16
 **********
 **********
 **   50 **MIGRAD
 **********
 START MIGRAD MINIMIZATION.  STRATEGY  1.  CONVERGENCE WHEN EDM .LT. 1.00e-04
 FCN=188.761 FROM MIGRAD    STATUS=INITIATE       22 CALLS        1887 TOTAL
                     EDM= unknown      STRATEGY= 1      NO ERROR MATRIX       
  EXT PARAMETER               CURRENT GUESS       STEP         FIRST   
  NO.   NAME      VALUE            ERROR          SIZE      DERIVATIVE 
   1  N0           3.21026e+06   2.33618e+02   2.33618e+02   2.01812e-03
   2  tau          6.44090e+01   constant   
   3  A0           3.64055e-01   9.81834e-05   9.81834e-05  -4.86554e+04
   4  phi          4.11812e+00   2.70785e-04   2.70785e-04  -1.62073e+04
   5  R           -6.00655e+01   constant   
   6  alpha_CBO   -4.74021e-03   1.03740e-04   1.03740e-04   8.61361e+03
   7  w_CBO        2.32500e+00   constant   
   8  beta_CBO     1.63570e-03   1.01437e-04   6.72745e-07  -1.13353e+00
   9  alpha_2CBO  -1.55907e-04   1.01274e-04   6.65393e-07  -6.90035e-01
  10  beta_2CBO   -7.76943e-05     fixed    
  11  alpha_y      0.00000e+00     fixed    
  12  w_y          1.38860e+01   constant   
  13  beta_y       5.59850e-04     fixed    
  14  alpha_vw     0.00000e+00     fixed    
  15  w_vw         1.43404e+01   constant   
  16  beta_vw      0.00000e+00     fixed    
  17  LM           2.36781e-04   constant   
  18  zeta_y       0.00000e+00   constant   
  19  zeta_vw      0.00000e+00   constant   
  20  T_CBO        9.99999e+02   6.31848e+02   1.71994e-01  -3.16182e-06
  21  alpha_A0     3.78380e-05   4.02114e-04   2.68416e-06   2.71583e-02
  22  beta_A0     -1.36029e-03   4.14138e-04   2.55930e-06  -5.25746e-02
  23  alpha_phi   -2.57871e-03   4.55129e-04   2.40362e-06   3.66694e-02
  24  beta_phi    -1.44765e-03   4.47927e-04   2.76427e-06  -1.79097e-02
 MIGRAD MINIMIZATION HAS CONVERGED.
 MIGRAD WILL VERIFY CONVERGENCE AND ERROR MATRIX.
 FCN=179.251 FROM MIGRAD    STATUS=CONVERGED     248 CALLS        2113 TOTAL
                     EDM=2.63891e-05    STRATEGY= 1      ERR MATRIX NOT POS-DEF
  EXT PARAMETER                APPROXIMATE        STEP         FIRST   
  NO.   NAME      VALUE            ERROR          SIZE      DERIVATIVE 
   1  N0           3.21033e+06   2.53315e+02   1.53081e+00   8.39031e-06
   2  tau          6.44090e+01   constant   
   3  A0           3.64262e-01   8.88485e-05   6.01937e-07   6.13503e+00
   4  phi          4.11866e+00   2.54658e-04   1.96393e-06  -1.92267e+00
   5  R           -6.00655e+01   constant   
   6  alpha_CBO   -4.76939e-03   9.56173e-05   6.40978e-07  -1.25139e+00
   7  w_CBO        2.32500e+00   constant   
   8  beta_CBO     1.69753e-03   9.46713e-05   6.55677e-07  -5.85298e+00
   9  alpha_2CBO  -1.35331e-04   9.17621e-05   6.48519e-07  -1.91122e+01
  10  beta_2CBO   -7.76943e-05     fixed    
  11  alpha_y      0.00000e+00     fixed    
  12  w_y          1.38860e+01   constant   
  13  beta_y       5.59850e-04     fixed    
  14  alpha_vw     0.00000e+00     fixed    
  15  w_vw         1.43404e+01   constant   
  16  beta_vw      0.00000e+00     fixed    
  17  LM           2.36781e-04   constant   
  18  zeta_y       0.00000e+00   constant   
  19  zeta_vw      0.00000e+00   constant   
  20  T_CBO        9.99989e+02   8.80243e+02   1.49793e-01  -1.25014e-06
  21  alpha_A0    -5.54427e-05   3.92150e-04   2.61548e-06   7.80478e-01
  22  beta_A0     -1.30591e-03   2.10611e-03   2.49357e-06  -1.70476e+00
  23  alpha_phi   -2.54800e-03   3.96952e-03   2.34114e-06  -3.92011e-01
  24  beta_phi    -1.54438e-03   2.54089e-03   2.69240e-06  -7.99449e-01
 EXTERNAL ERROR MATRIX.    NDIM=  25    NPAR= 11    ERR DEF=1
  6.417e+04 
 -1.087e-03  7.894e-09 
  1.846e-02 -2.649e-09  6.485e-08 
  4.179e-03  9.190e-10 -6.335e-10  9.143e-09 
  2.518e-03  6.037e-10  3.774e-09  3.083e-10  8.963e-09 
  4.719e-04  3.646e-10  7.703e-10  3.057e-10  2.870e-10  8.420e-09 
  3.078e+05 -3.979e-02  1.843e-01  5.517e-02  3.976e-02  1.333e-02  5.079e+06 
 -2.627e-02  3.239e-09 -1.911e-08  2.250e-09 -1.656e-09 -2.594e-09 -2.744e-01  1.538e-07 
 -2.763e-01  3.906e-08 -1.718e-07 -4.965e-08 -3.265e-08 -1.474e-08 -4.679e+00  2.535e-07  4.436e-06 
 -5.301e-01  7.111e-08 -3.224e-07 -9.330e-08 -7.011e-08 -1.978e-08 -8.915e+00  4.759e-07  8.208e-06  1.576e-05 
 -3.327e-01  3.873e-08 -1.968e-07 -6.333e-08 -4.291e-08 -1.825e-08 -5.660e+00  2.938e-07  5.208e-06  9.929e-06  6.456e-06 
ERR MATRIX NOT POS-DEF
 PARAMETER  CORRELATION COEFFICIENTS  
       NO.  GLOBAL      1      3      4      6      8      9     20     21     22     23     24
        1  0.59284   1.000 -0.048  0.286  0.173  0.105  0.020  0.539 -0.264 -0.518 -0.527 -0.517
        3  0.34261  -0.048  1.000 -0.117  0.108  0.072  0.045 -0.199  0.093  0.209  0.202  0.172
        4  0.39413   0.286 -0.117  1.000 -0.026  0.157  0.033  0.321 -0.191 -0.320 -0.319 -0.304
        6  0.36860   0.173  0.108 -0.026  1.000  0.034  0.035  0.256  0.060 -0.247 -0.246 -0.261
        8  0.27860   0.105  0.072  0.157  0.034  1.000  0.033  0.186 -0.045 -0.164 -0.187 -0.178
        9  0.19880   0.020  0.045  0.033  0.035  0.033  1.000  0.064 -0.072 -0.076 -0.054 -0.078
       20  0.99806   0.539 -0.199  0.321  0.256  0.186  0.064  1.000 -0.310 -0.986 -0.996 -0.988
       21  0.38026  -0.264  0.093 -0.191  0.060 -0.045 -0.072 -0.310  1.000  0.307  0.306  0.295
       22  0.98643  -0.518  0.209 -0.320 -0.247 -0.164 -0.076 -0.986  0.307  1.000  0.982  0.973
       23  0.99665  -0.527  0.202 -0.319 -0.246 -0.187 -0.054 -0.996  0.306  0.982  1.000  0.984
       24  0.98915  -0.517  0.172 -0.304 -0.261 -0.178 -0.078 -0.988  0.295  0.973  0.984  1.000
 ERR MATRIX NOT POS-DEF
MINUIT - FIT ONLY 1-y
 **********
 **   51 **RES 
 **********
                   PARAMETER   16  beta_vw RESTORED TO VARIABLE.
                   PARAMETER   14  alpha_vw RESTORED TO VARIABLE.
                   PARAMETER   13  beta_y RESTORED TO VARIABLE.
                   PARAMETER   11  alpha_y RESTORED TO VARIABLE.
                   PARAMETER   10  beta_2CBO RESTORED TO VARIABLE.
 **********
 **   52 **FIX            0
 **********
 PARAMETER    0  IS UNDEFINED. IGNORED.
 **********
 **   53 **FIX            1
 **********
 **********
 **   54 **FIX            2
 **********
 PARAMETER    2  IS CONSTANT.   IGNORED.
 **********
 **   55 **FIX            3
 **********
 **********
 **   56 **FIX            4
 **********
 **********
 **   57 **FIX            5
 **********
 PARAMETER    5  IS CONSTANT.   IGNORED.
 **********
 **   58 **FIX            6
 **********
 **********
 **   59 **FIX            7
 **********
 PARAMETER    7  IS CONSTANT.   IGNORED.
 **********
 **   60 **FIX            8
 **********
 **********
 **   61 **FIX            9
 **********
 **********
 **   62 **FIX           13
 **********
 **********
 **   63 **FIX           14
 **********
 **********
 **   64 **FIX           15
 **********
 PARAMETER   15  IS CONSTANT.   IGNORED.
 **********
 **   65 **FIX           16
 **********
 **********
 **   66 **MIGRAD
 **********
 START MIGRAD MINIMIZATION.  STRATEGY  1.  CONVERGENCE WHEN EDM .LT. 1.00e-04
 FCN=179.251 FROM MIGRAD    STATUS=INITIATE       44 CALLS        2157 TOTAL
                     EDM= unknown      STRATEGY= 1      NO ERROR MATRIX       
  EXT PARAMETER               CURRENT GUESS       STEP         FIRST   
  NO.   NAME      VALUE            ERROR          SIZE      DERIVATIVE 
   1  N0           3.21033e+06     fixed    
   2  tau          6.44090e+01   constant   
   3  A0           3.64262e-01     fixed    
   4  phi          4.11866e+00     fixed    
   5  R           -6.00655e+01   constant   
   6  alpha_CBO   -4.76939e-03     fixed    
   7  w_CBO        2.32500e+00   constant   
   8  beta_CBO     1.69753e-03     fixed    
   9  alpha_2CBO  -1.35331e-04     fixed    
  10  beta_2CBO   -7.76943e-05   1.01436e-04   0.00000e+00  -1.99425e+04
  11  alpha_y      0.00000e+00   1.00000e-03   0.00000e+00   3.85472e+04
  12  w_y          1.38860e+01   constant   
  13  beta_y       5.59850e-04     fixed    
  14  alpha_vw     0.00000e+00     fixed    
  15  w_vw         1.43404e+01   constant   
  16  beta_vw      0.00000e+00     fixed    
  17  LM           2.36781e-04   constant   
  18  zeta_y       0.00000e+00   constant   
  19  zeta_vw      0.00000e+00   constant   
  20  T_CBO        9.99555e+02   8.80243e+02   4.86691e-02   5.97827e-04
  21  alpha_A0    -5.54427e-05   3.92150e-04   0.00000e+00   8.86445e-01
  22  beta_A0     -1.30591e-03   2.10611e-03   0.00000e+00  -1.07347e+00
  23  alpha_phi   -2.54800e-03   3.96952e-03   0.00000e+00   8.27157e-01
  24  beta_phi    -1.54438e-03   2.54089e-03   0.00000e+00  -1.63361e-01
 MIGRAD MINIMIZATION HAS CONVERGED.
 MIGRAD WILL VERIFY CONVERGENCE AND ERROR MATRIX.
 FCN=174.698 FROM HESSE     STATUS=NOT POSDEF     52 CALLS        2291 TOTAL
                     EDM=0.000236504    STRATEGY= 1      ERR MATRIX NOT POS-DEF
  EXT PARAMETER                APPROXIMATE        STEP         FIRST   
  NO.   NAME      VALUE            ERROR          SIZE      DERIVATIVE 
   1  N0           3.21033e+06     fixed    
   2  tau          6.44090e+01   constant   
   3  A0           3.64262e-01     fixed    
   4  phi          4.11866e+00     fixed    
   5  R           -6.00655e+01   constant   
   6  alpha_CBO   -4.76939e-03     fixed    
   7  w_CBO        2.32500e+00   constant   
   8  beta_CBO     1.69753e-03     fixed    
   9  alpha_2CBO  -1.35331e-04     fixed    
  10  beta_2CBO    2.19412e-05   9.41923e-05   6.39655e-07   1.30078e+01
  11  alpha_y     -1.84639e-04   9.07753e-05   6.35097e-07   4.62552e+00
  12  w_y          1.38860e+01   constant   
  13  beta_y       5.59850e-04     fixed    
  14  alpha_vw     0.00000e+00     fixed    
  15  w_vw         1.43404e+01   constant   
  16  beta_vw      0.00000e+00     fixed    
  17  LM           2.36781e-04   constant   
  18  zeta_y       0.00000e+00   constant   
  19  zeta_vw      0.00000e+00   constant   
  20  T_CBO        9.83154e+02   5.04062e+02   8.86276e-02  -2.06578e-05
  21  alpha_A0    -2.62140e-05   3.73218e-04   2.58506e-06  -2.46925e+00
  22  beta_A0     -1.35357e-03   2.28652e-03   2.46456e-06  -1.50080e-01
  23  alpha_phi   -2.52965e-03   4.15033e-03   2.31387e-06  -5.98942e+00
  24  beta_phi    -1.47541e-03   2.57843e-03   2.66104e-06  -3.52919e+00
 MIGRAD FAILS TO FIND IMPROVEMENT
 MIGRAD MINIMIZATION HAS CONVERGED.
 MIGRAD WILL VERIFY CONVERGENCE AND ERROR MATRIX.
 FCN=174.698 FROM MIGRAD    STATUS=CONVERGED     259 CALLS        2372 TOTAL
                     EDM=1.07842e-05    STRATEGY= 1      ERR MATRIX NOT POS-DEF
  EXT PARAMETER                APPROXIMATE        STEP         FIRST   
  NO.   NAME      VALUE            ERROR          SIZE      DERIVATIVE 
   1  N0           3.21033e+06     fixed    
   2  tau          6.44090e+01   constant   
   3  A0           3.64262e-01     fixed    
   4  phi          4.11866e+00     fixed    
   5  R           -6.00655e+01   constant   
   6  alpha_CBO   -4.76939e-03     fixed    
   7  w_CBO        2.32500e+00   constant   
   8  beta_CBO     1.69753e-03     fixed    
   9  alpha_2CBO  -1.35331e-04     fixed    
  10  beta_2CBO    2.19271e-05   9.68419e-05   6.39655e-07   3.65937e+00
  11  alpha_y     -1.84641e-04   9.40981e-05   6.35097e-07   3.91762e+00
  12  w_y          1.38860e+01   constant   
  13  beta_y       5.59850e-04     fixed    
  14  alpha_vw     0.00000e+00     fixed    
  15  w_vw         1.43404e+01   constant   
  16  beta_vw      0.00000e+00     fixed    
  17  LM           2.36781e-04   constant   
  18  zeta_y       0.00000e+00   constant   
  19  zeta_vw      0.00000e+00   constant   
  20  T_CBO        9.96381e+02   5.21516e+02   1.31938e-01   2.42054e-04
  21  alpha_A0    -2.61791e-05   3.85141e-04   2.58524e-06  -6.47047e-01
  22  beta_A0     -1.35184e-03   2.30666e-03   2.46473e-06   8.36775e+00
  23  alpha_phi   -2.52647e-03   4.22880e-03   2.31404e-06   9.38844e+00
  24  beta_phi    -1.47344e-03   2.61494e-03   2.66123e-06   4.59202e+00
 EXTERNAL ERROR MATRIX.    NDIM=  25    NPAR=  7    ERR DEF=1
  9.378e-09  9.980e-11  1.408e-01  2.646e-09 -2.212e-08 -3.117e-08 -1.658e-08 
  9.980e-11  8.854e-09  7.215e-03  1.185e-10 -8.534e-10 -1.154e-09 -1.914e-09 
  1.408e-01  7.215e-03  3.024e+08 -2.443e-01 -3.960e+01 -7.329e+01 -4.494e+01 
  2.646e-09  1.185e-10 -2.443e-01  1.483e-07  3.130e-08  5.432e-08  2.720e-08 
 -2.212e-08 -8.534e-10 -3.960e+01  3.130e-08  5.321e-06  9.589e-06  5.874e-06 
 -3.117e-08 -1.154e-09 -7.329e+01  5.432e-08  9.589e-06  1.788e-05  1.089e-05 
 -1.658e-08 -1.914e-09 -4.494e+01  2.720e-08  5.874e-06  1.089e-05  6.838e-06 
ERR MATRIX NOT POS-DEF
 PARAMETER  CORRELATION COEFFICIENTS  
       NO.  GLOBAL     10     11     20     21     22     23     24
       10  0.20786   1.000  0.011  0.084  0.071 -0.099 -0.076 -0.065
       11  0.03139   0.011  1.000  0.004  0.003 -0.004 -0.003 -0.008
       20  0.99805   0.084  0.004  1.000 -0.036 -0.987 -0.997 -0.988
       21  0.11688   0.071  0.003 -0.036  1.000  0.035  0.033  0.027
       22  0.98742  -0.099 -0.004 -0.987  0.035  1.000  0.983  0.974
       23  0.99672  -0.076 -0.003 -0.997  0.033  0.983  1.000  0.985
       24  0.98860  -0.065 -0.008 -0.988  0.027  0.974  0.985  1.000
 ERR MATRIX NOT POS-DEF
MINUIT - FIT ONLY 2-y
 **********
 **   67 **RES 
 **********
                   PARAMETER   16  beta_vw RESTORED TO VARIABLE.
                   PARAMETER   14  alpha_vw RESTORED TO VARIABLE.
                   PARAMETER   13  beta_y RESTORED TO VARIABLE.
                   PARAMETER    9  alpha_2CBO RESTORED TO VARIABLE.
                   PARAMETER    8  beta_CBO RESTORED TO VARIABLE.
                   PARAMETER    6  alpha_CBO RESTORED TO VARIABLE.
                   PARAMETER    4  phi RESTORED TO VARIABLE.
                   PARAMETER    3  A0 RESTORED TO VARIABLE.
                   PARAMETER    1  N0 RESTORED TO VARIABLE.
 **********
 **   68 **FIX            0
 **********
 PARAMETER    0  IS UNDEFINED. IGNORED.
 **********
 **   69 **FIX            1
 **********
 **********
 **   70 **FIX            2
 **********
 PARAMETER    2  IS CONSTANT.   IGNORED.
 **********
 **   71 **FIX            3
 **********
 **********
 **   72 **FIX            4
 **********
 **********
 **   73 **FIX            5
 **********
 PARAMETER    5  IS CONSTANT.   IGNORED.
 **********
 **   74 **FIX            6
 **********
 **********
 **   75 **FIX            7
 **********
 PARAMETER    7  IS CONSTANT.   IGNORED.
 **********
 **   76 **FIX            8
 **********
 **********
 **   77 **FIX            9
 **********
 **********
 **   78 **FIX           10
 **********
 **********
 **   79 **FIX           11
 **********
 **********
 **   80 **FIX           12
 **********
 PARAMETER   12  IS CONSTANT.   IGNORED.
 **********
 **   81 **FIX           16
 **********
 **********
 **   82 **MIGRAD
 **********
 START MIGRAD MINIMIZATION.  STRATEGY  1.  CONVERGENCE WHEN EDM .LT. 1.00e-04
 FCN=174.698 FROM MIGRAD    STATUS=INITIATE       18 CALLS        2390 TOTAL
                     EDM= unknown      STRATEGY= 1      NO ERROR MATRIX       
  EXT PARAMETER               CURRENT GUESS       STEP         FIRST   
  NO.   NAME      VALUE            ERROR          SIZE      DERIVATIVE 
   1  N0           3.21033e+06     fixed    
   2  tau          6.44090e+01   constant   
   3  A0           3.64262e-01     fixed    
   4  phi          4.11866e+00     fixed    
   5  R           -6.00655e+01   constant   
   6  alpha_CBO   -4.76939e-03     fixed    
   7  w_CBO        2.32500e+00   constant   
   8  beta_CBO     1.69753e-03     fixed    
   9  alpha_2CBO  -1.35331e-04     fixed    
  10  beta_2CBO    2.19271e-05     fixed    
  11  alpha_y     -1.84641e-04     fixed    
  12  w_y          1.38860e+01   constant   
  13  beta_y       5.59850e-04   9.91212e-05   9.91212e-05  -5.75783e+03
  14  alpha_vw     0.00000e+00   1.00000e-03   1.00000e-03  -1.88079e+05
  15  w_vw         1.43404e+01   constant   
  16  beta_vw      0.00000e+00     fixed    
  17  LM           2.36781e-04   constant   
  18  zeta_y       0.00000e+00   constant   
  19  zeta_vw      0.00000e+00   constant   
