 + ++++++++++++++++++++++++++++++++++++++++++++++++++++++++++++++++++++ +
 +                                                                      +
 +           You have chose to blind your fitting according to          +
 +                omega_ref * (1 + (R +/- deltaR) *10^{-6})             +
 +                                                                      +
 + ++++++++++++++++++++++++++++++++++++++++++++++++++++++++++++++++++++ +
In main()...
reading format from /gm2data/zkhechad/run45/envelope/formats/formatB_sBin_constraintOn.txt
pBinTau 	= 0  
pBinPhi 	= 0  
constraintau 	= 1 
includeMopTerm 	= 0    
constrainMop    = 0   
Parameters after format file: pBinTau 0 pBinPhi 0 constraintau 1 includeMopTerm 0 constrainMop 0 c_e_scale 0.000000 
Opening file /gm2data/tbarrett/gm2fr/studies/run23_bunch_corrections/CorrectedFourier_Run3b.root.
reading full fit data from /gm2data/zkhechad/cboTemplates/Run4CBOTemplates/templateFits0_v2.0/noRF/sBin_constraintOn_cE0.0_seed0_noRF_calo19.root
windowBins = 17
fitting sliding window 504 from bin 640 at 95.338800 to bin 657 at 98.024400 (17 bins)

Reading data from /gm2data/cornell/histograms/aMethod/histogram_a_noRF.root
 **********
 **    1 **SET PRINTOUT            1
 **********
 **********
 **    2 **SET NOWARNINGS 
 **********
 PARAMETER DEFINITIONS:
    NO.   NAME         VALUE      STEP SIZE      LIMITS
     1 N0           3.18982e+06  1.00000e+02     no limits
     2 tau          6.43968e+01  constant
     3 A0           3.47817e-01  1.00000e-04     no limits
     4 phi          4.13212e+00  1.00000e-02     no limits
     5 R           -6.01460e+01  constant
     6 alpha_CBO    0.00000e+00  1.00000e-03     no limits
     7 w_CBO        2.32500e+00  constant
     8 beta_CBO     0.00000e+00  1.00000e-03     no limits
     9 alpha_2CBO   0.00000e+00  1.00000e-03     no limits
    10 beta_2CBO    0.00000e+00  1.00000e-03     no limits
    11 alpha_y      0.00000e+00  1.00000e-03     no limits
    12 w_y          1.44500e+01  constant
    13 beta_y       0.00000e+00  1.00000e-03     no limits
    14 alpha_vw     0.00000e+00  1.00000e-03     no limits
    15 w_vw         1.29000e+01  constant
    16 beta_vw      0.00000e+00  1.00000e-03     no limits
    17 LM          -1.51189e-04  constant
    18 zeta_y       0.00000e+00  constant
    19 zeta_vw      0.00000e+00  constant
    20 T_CBO        1.00000e+02  1.00000e+00    0.00000e+00  1.00000e+03
    21 alpha_A0     0.00000e+00  1.00000e-03     no limits
    22 beta_A0      0.00000e+00  1.00000e-03     no limits
    23 alpha_phi    0.00000e+00  1.00000e-03     no limits
    24 beta_phi     0.00000e+00  1.00000e-03     no limits
MINUIT - FIT ONLY WIGGLE
 **********
 **    3 **FIX            5
 **********
 PARAMETER    5  IS CONSTANT.   IGNORED.
 **********
 **    4 **FIX            6
 **********
 **********
 **    5 **FIX            7
 **********
 PARAMETER    7  IS CONSTANT.   IGNORED.
 **********
 **    6 **FIX            8
 **********
 **********
 **    7 **FIX            9
 **********
 **********
 **    8 **FIX           10
 **********
 **********
 **    9 **FIX           11
 **********
 **********
 **   10 **FIX           12
 **********
 PARAMETER   12  IS CONSTANT.   IGNORED.
 **********
 **   11 **FIX           13
 **********
 **********
 **   12 **FIX           14
 **********
 **********
 **   13 **FIX           15
 **********
 PARAMETER   15  IS CONSTANT.   IGNORED.
 **********
 **   14 **FIX           16
 **********
 **********
 **   15 **MIGRAD
 **********
 FIRST CALL TO USER FUNCTION AT NEW START POINT, WITH IFLAG=4.
 START MIGRAD MINIMIZATION.  STRATEGY  1.  CONVERGENCE WHEN EDM .LT. 1.00e-04
 FCN=924.861 FROM MIGRAD    STATUS=INITIATE      437 CALLS         438 TOTAL
                     EDM= unknown      STRATEGY= 1      NO ERROR MATRIX       
  EXT PARAMETER               CURRENT GUESS       STEP         FIRST   
  NO.   NAME      VALUE            ERROR          SIZE      DERIVATIVE 
   1  N0           3.18982e+06   1.00000e+02   0.00000e+00  -1.87561e-03
   2  tau          6.43968e+01   constant   
   3  A0           3.47817e-01   1.00000e-04   0.00000e+00  -4.06466e+04
   4  phi          4.13212e+00   1.00000e-02   0.00000e+00   7.66233e+04
   5  R           -6.01460e+01   constant   
   6  alpha_CBO    0.00000e+00     fixed    
   7  w_CBO        2.32500e+00   constant   
   8  beta_CBO     0.00000e+00     fixed    
   9  alpha_2CBO   0.00000e+00     fixed    
  10  beta_2CBO    0.00000e+00     fixed    
  11  alpha_y      0.00000e+00     fixed    
  12  w_y          1.44500e+01   constant   
  13  beta_y       0.00000e+00     fixed    
  14  alpha_vw     0.00000e+00     fixed    
  15  w_vw         1.29000e+01   constant   
  16  beta_vw      0.00000e+00     fixed    
  17  LM          -1.51189e-04   constant   
  18  zeta_y       0.00000e+00   constant   
  19  zeta_vw      0.00000e+00   constant   
  20  T_CBO        1.00000e+02   1.00000e+00   0.00000e+00   0.00000e+00
  21  alpha_A0     0.00000e+00   1.00000e-03   0.00000e+00   3.28196e+02
  22  beta_A0      0.00000e+00   1.00000e-03   0.00000e+00  -5.44199e+02
  23  alpha_phi    0.00000e+00   1.00000e-03   0.00000e+00   1.89689e+04
  24  beta_phi     0.00000e+00   1.00000e-03   0.00000e+00   8.37597e+03
 CALL LIMIT EXCEEDED IN MIGRAD.
 MIGRAD TERMINATED WITHOUT CONVERGENCE.
 FCN=55.6097 FROM MIGRAD    STATUS=CALL LIMIT   1332 CALLS        1333 TOTAL
                     EDM=0.120019    STRATEGY= 1  ERROR MATRIX UNCERTAINTY   3.6 per cent
  EXT PARAMETER                APPROXIMATE        STEP         FIRST   
  NO.   NAME      VALUE            ERROR          SIZE      DERIVATIVE 
   1  N0           3.20170e+06   1.01073e+03   6.10532e+01   2.76912e-04
   2  tau          6.43968e+01   constant   
   3  A0           3.51296e-01   3.42860e-04   1.28808e-05  -7.60158e+02
   4  phi          4.10534e+00   1.33796e-03  -1.96239e-04  -6.56747e+02
   5  R           -6.01460e+01   constant   
   6  alpha_CBO    0.00000e+00     fixed    
   7  w_CBO        2.32500e+00   constant   
   8  beta_CBO     0.00000e+00     fixed    
   9  alpha_2CBO   0.00000e+00     fixed    
  10  beta_2CBO    0.00000e+00     fixed    
  11  alpha_y      0.00000e+00     fixed    
  12  w_y          1.44500e+01   constant   
  13  beta_y       0.00000e+00     fixed    
  14  alpha_vw     0.00000e+00     fixed    
  15  w_vw         1.29000e+01   constant   
  16  beta_vw      0.00000e+00     fixed    
  17  LM          -1.51189e-04   constant   
  18  zeta_y       0.00000e+00   constant   
  19  zeta_vw      0.00000e+00   constant   
  20  T_CBO        2.34981e+01   2.00239e+00  -2.82172e-03  -2.29887e+02
  21  alpha_A0     4.54420e-02   2.00107e-02   4.13952e-03  -4.89368e+00
  22  beta_A0      1.26019e+00   4.56184e-01   9.71817e-02  -4.83409e-01
  23  alpha_phi    5.61270e-01   2.41972e-01   5.14972e-02  -1.34478e+01
  24  beta_phi     1.41101e-01   5.82417e-02   1.23852e-02  -2.28448e+00
 EXTERNAL ERROR MATRIX.    NDIM=  25    NPAR=  8    ERR DEF=1
  1.022e+06  2.600e-01 -3.731e-01 -3.443e+02  7.274e+00  1.061e+02  5.664e+01  1.588e+01 
  2.600e-01  1.176e-07 -3.068e-08 -3.190e-05  1.111e-06  7.180e-06  3.926e-06  1.855e-06 
 -3.731e-01 -3.068e-08  1.790e-06  1.349e-03 -1.760e-05 -4.169e-04 -2.206e-04 -5.321e-05 
 -3.443e+02 -3.190e-05  1.349e-03  4.010e+00 -3.768e-02 -8.863e-01 -4.702e-01 -1.126e-01 
  7.274e+00  1.111e-06 -1.760e-05 -3.768e-02  4.004e-04  8.880e-03  4.715e-03  1.148e-03 
  1.061e+02  7.180e-06 -4.169e-04 -8.863e-01  8.880e-03  2.081e-01  1.104e-01  2.649e-02 
  5.664e+01  3.926e-06 -2.206e-04 -4.702e-01  4.715e-03  1.104e-01  5.855e-02  1.405e-02 
  1.588e+01  1.855e-06 -5.321e-05 -1.126e-01  1.148e-03  2.649e-02  1.405e-02  3.392e-03 
ERR MATRIX APPROXIMATE
 PARAMETER  CORRELATION COEFFICIENTS  
       NO.  GLOBAL      1      3      4     20     21     22     23     24
        1  0.87065   1.000  0.750 -0.276 -0.170  0.360  0.230  0.232  0.270
        3  0.85964   0.750  1.000 -0.067 -0.046  0.162  0.046  0.047  0.093
        4  0.96187  -0.276 -0.067  1.000  0.504 -0.657 -0.683 -0.681 -0.683
       20  0.99603  -0.170 -0.046  0.504  1.000 -0.940 -0.970 -0.970 -0.966
       21  0.99490   0.360  0.162 -0.657 -0.940  1.000  0.973  0.974  0.985
       22  0.99997   0.230  0.046 -0.683 -0.970  0.973  1.000  1.000  0.997
       23  0.99996   0.232  0.047 -0.681 -0.970  0.974  1.000  1.000  0.997
       24  0.99937   0.270  0.093 -0.683 -0.966  0.985  0.997  0.997  1.000
 ERR MATRIX APPROXIMATE
MINUIT - FIT ONLY 1-CBO + wiggle
 **********
 **   16 **RES 
 **********
                   PARAMETER   16  beta_vw RESTORED TO VARIABLE.
                   PARAMETER   14  alpha_vw RESTORED TO VARIABLE.
                   PARAMETER   13  beta_y RESTORED TO VARIABLE.
                   PARAMETER   11  alpha_y RESTORED TO VARIABLE.
                   PARAMETER   10  beta_2CBO RESTORED TO VARIABLE.
                   PARAMETER    9  alpha_2CBO RESTORED TO VARIABLE.
                   PARAMETER    8  beta_CBO RESTORED TO VARIABLE.
                   PARAMETER    6  alpha_CBO RESTORED TO VARIABLE.
 **********
 **   17 **FIX            8
 **********
 **********
 **   18 **FIX            9
 **********
 **********
 **   19 **FIX           11
 **********
 **********
 **   20 **FIX           12
 **********
 PARAMETER   12  IS CONSTANT.   IGNORED.
 **********
 **   21 **FIX           14
 **********
 **********
 **   22 **FIX           15
 **********
 PARAMETER   15  IS CONSTANT.   IGNORED.
 **********
 **   23 **FIX           16
 **********
 **********
 **   24 **MIGRAD
 **********
 START MIGRAD MINIMIZATION.  STRATEGY  1.  CONVERGENCE WHEN EDM .LT. 1.00e-04
 FCN=55.6097 FROM MIGRAD    STATUS=INITIATE       28 CALLS        1361 TOTAL
                     EDM= unknown      STRATEGY= 1      NO ERROR MATRIX       
  EXT PARAMETER               CURRENT GUESS       STEP         FIRST   
  NO.   NAME      VALUE            ERROR          SIZE      DERIVATIVE 
   1  N0           3.20170e+06   1.01073e+03   6.10532e+01   2.76912e-04
   2  tau          6.43968e+01   constant   
   3  A0           3.51296e-01   3.42860e-04   1.28808e-05  -7.60158e+02
   4  phi          4.10534e+00   1.33796e-03  -1.96239e-04  -6.56747e+02
   5  R           -6.01460e+01   constant   
   6  alpha_CBO    0.00000e+00   1.00000e-03   1.00000e-03  -1.78071e+03
   7  w_CBO        2.32500e+00   constant   
   8  beta_CBO     0.00000e+00     fixed    
   9  alpha_2CBO   0.00000e+00     fixed    
  10  beta_2CBO    0.00000e+00   1.00000e-03   1.00000e-03  -9.22352e+03
  11  alpha_y      0.00000e+00     fixed    
  12  w_y          1.44500e+01   constant   
  13  beta_y       0.00000e+00   1.00000e-03   1.00000e-03   1.00611e+04
  14  alpha_vw     0.00000e+00     fixed    
  15  w_vw         1.29000e+01   constant   
  16  beta_vw      0.00000e+00     fixed    
  17  LM          -1.51189e-04   constant   
  18  zeta_y       0.00000e+00   constant   
  19  zeta_vw      0.00000e+00   constant   
  20  T_CBO        2.34981e+01   2.00239e+00  -2.82172e-03  -2.29887e+02
  21  alpha_A0     4.54420e-02   2.00107e-02   4.13952e-03  -4.89368e+00
  22  beta_A0      1.26019e+00   4.56184e-01   9.71817e-02  -4.83409e-01
  23  alpha_phi    5.61270e-01   2.41972e-01   5.14972e-02  -1.34478e+01
  24  beta_phi     1.41101e-01   5.82417e-02   1.23852e-02  -2.28448e+00
 CALL LIMIT EXCEEDED IN MIGRAD.
 MIGRAD TERMINATED WITHOUT CONVERGENCE.
 FCN=34.6608 FROM MIGRAD    STATUS=CALL LIMIT   1925 CALLS        3258 TOTAL
                     EDM=0.224281    STRATEGY= 1  ERROR MATRIX UNCERTAINTY  18.4 per cent
  EXT PARAMETER                APPROXIMATE        STEP         FIRST   
  NO.   NAME      VALUE            ERROR          SIZE      DERIVATIVE 
   1  N0           3.17534e+06   1.05160e+04  -1.92680e-01   4.34463e-04
   2  tau          6.43968e+01   constant   
   3  A0           3.57677e-01   3.45041e-03  -5.36915e-05  -1.22228e+03
   4  phi          4.08032e+00   6.41898e-03  -4.87730e-04   2.05319e+02
   5  R           -6.01460e+01   constant   
   6  alpha_CBO   -1.93404e-02   3.79414e-03  -3.50803e-04  -3.59034e+02
   7  w_CBO        2.32500e+00   constant   
   8  beta_CBO     0.00000e+00     fixed    
   9  alpha_2CBO   0.00000e+00     fixed    
  10  beta_2CBO    1.28464e-02   2.12127e-03   2.09140e-04  -9.12333e+02
  11  alpha_y      0.00000e+00     fixed    
  12  w_y          1.44500e+01   constant   
  13  beta_y      -5.97680e-04   2.82458e-04  -2.80910e-06   1.57372e+02
  14  alpha_vw     0.00000e+00     fixed    
  15  w_vw         1.29000e+01   constant   
  16  beta_vw      0.00000e+00     fixed    
  17  LM          -1.51189e-04   constant   
  18  zeta_y       0.00000e+00   constant   
  19  zeta_vw      0.00000e+00   constant   
  20  T_CBO        2.21688e+01   2.36532e-01   1.74056e-05   9.46416e+02
  21  alpha_A0    -2.30629e+00   1.15696e+00   9.98070e-03  -3.37063e+00
  22  beta_A0      3.64523e+00   7.44719e-01   5.04663e-02   2.35113e+00
  23  alpha_phi   -3.30653e+00   1.17875e+00  -6.21066e-02  -8.72036e-01
  24  beta_phi     3.15779e+00   1.21062e+00  -1.28158e-02   4.32054e+00
 EXTERNAL ERROR MATRIX.    NDIM=  25    NPAR= 11    ERR DEF=1
  1.106e+08 
 -3.475e+01  1.191e-05 
  2.655e+01 -6.633e-06  4.120e-05 
  1.931e+01 -4.980e-06  9.965e-06  1.440e-05 
 -1.161e+01  3.034e-06 -4.778e-06 -7.462e-06  4.500e-06 
  7.691e-02  2.435e-08  1.691e-07  5.364e-08 -4.746e-08  7.978e-08 
 -3.736e+02  1.422e-04  1.002e-03 -2.083e-04  1.936e-04  8.958e-07  5.595e-02 
  1.189e+04 -3.838e-03  3.517e-03  1.605e-03 -9.613e-04  4.140e-06  4.082e-03  1.339e+00 
  6.278e+02 -4.401e-04 -3.971e-03  3.879e-05  7.231e-06 -2.512e-05 -1.387e-01 -2.938e-02  5.546e-01 
  5.617e+03 -1.634e-03 -5.543e-04  3.879e-03 -2.085e-03 -1.518e-06 -1.755e-01  3.923e-01  4.354e-01  1.389e+00 
 -1.245e+04  4.101e-03 -3.489e-03 -1.918e-03  1.129e-03 -1.516e-06  1.134e-02 -1.387e+00 -1.503e-02 -5.085e-01  1.466e+00 
ERR MATRIX APPROXIMATE
 PARAMETER  CORRELATION COEFFICIENTS  
       NO.  GLOBAL      1      3      4      6     10     13     20     21     22     23     24
        1  0.99959   1.000 -0.958  0.393  0.484 -0.521  0.026 -0.150  0.978  0.080  0.453 -0.978
        3  0.99944  -0.958  1.000 -0.299 -0.380  0.415  0.025  0.174 -0.961 -0.171 -0.402  0.982
        4  0.99852   0.393 -0.299  1.000  0.409 -0.351  0.093  0.660  0.474 -0.831 -0.073 -0.449
        6  0.99925   0.484 -0.380  0.409  1.000 -0.927  0.050 -0.232  0.366  0.014  0.867 -0.418
       10  0.99814  -0.521  0.415 -0.351 -0.927  1.000 -0.079  0.386 -0.392  0.005 -0.834  0.440
       13  0.28289   0.026  0.025  0.093  0.050 -0.079  1.000  0.013  0.013 -0.119 -0.005 -0.004
       20  0.99499  -0.150  0.174  0.660 -0.232  0.386  0.013  1.000  0.015 -0.788 -0.629  0.040
       21  0.99955   0.978 -0.961  0.474  0.366 -0.392  0.013  0.015  1.000 -0.034  0.288 -0.990
       22  0.99881   0.080 -0.171 -0.831  0.014  0.005 -0.119 -0.788 -0.034  1.000  0.496 -0.017
       23  0.99951   0.453 -0.402 -0.073  0.867 -0.834 -0.005 -0.629  0.288  0.496  1.000 -0.356
       24  0.99960  -0.978  0.982 -0.449 -0.418  0.440 -0.004  0.040 -0.990 -0.017 -0.356  1.000
 ERR MATRIX APPROXIMATE
MINUIT - FIT ONLY 2-CBO
 **********
 **   25 **RES 
 **********
                   PARAMETER   16  beta_vw RESTORED TO VARIABLE.
                   PARAMETER   14  alpha_vw RESTORED TO VARIABLE.
                   PARAMETER   11  alpha_y RESTORED TO VARIABLE.
                   PARAMETER    9  alpha_2CBO RESTORED TO VARIABLE.
                   PARAMETER    8  beta_CBO RESTORED TO VARIABLE.
 **********
 **   26 **FIX            0
 **********
 PARAMETER    0  IS UNDEFINED. IGNORED.
 **********
 **   27 **FIX            1
 **********
 **********
 **   28 **FIX            2
 **********
 PARAMETER    2  IS CONSTANT.   IGNORED.
 **********
 **   29 **FIX            3
 **********
 **********
 **   30 **FIX            4
 **********
 **********
 **   31 **FIX            5
 **********
 PARAMETER    5  IS CONSTANT.   IGNORED.
 **********
 **   32 **FIX            6
 **********
 **********
 **   33 **FIX            7
 **********
 PARAMETER    7  IS CONSTANT.   IGNORED.
 **********
 **   34 **FIX           10
 **********
 **********
 **   35 **FIX           11
 **********
 **********
 **   36 **FIX           12
 **********
 PARAMETER   12  IS CONSTANT.   IGNORED.
 **********
 **   37 **FIX           13
 **********
 **********
 **   38 **FIX           14
 **********
 **********
 **   39 **FIX           15
 **********
 PARAMETER   15  IS CONSTANT.   IGNORED.
 **********
 **   40 **FIX           16
 **********
 **********
 **   41 **MIGRAD
 **********
 START MIGRAD MINIMIZATION.  STRATEGY  1.  CONVERGENCE WHEN EDM .LT. 1.00e-04
 FCN=34.6608 FROM MIGRAD    STATUS=INITIATE       18 CALLS        3276 TOTAL
                     EDM= unknown      STRATEGY= 1      NO ERROR MATRIX       
  EXT PARAMETER               CURRENT GUESS       STEP         FIRST   
  NO.   NAME      VALUE            ERROR          SIZE      DERIVATIVE 
   1  N0           3.17534e+06     fixed    
   2  tau          6.43968e+01   constant   
   3  A0           3.57677e-01     fixed    
   4  phi          4.08032e+00     fixed    
   5  R           -6.01460e+01   constant   
   6  alpha_CBO   -1.93404e-02     fixed    
   7  w_CBO        2.32500e+00   constant   
   8  beta_CBO     0.00000e+00   1.00000e-03   1.00000e-03  -1.90865e+02
   9  alpha_2CBO   0.00000e+00   1.00000e-03   1.00000e-03  -2.38573e+02
  10  beta_2CBO    1.28464e-02     fixed    
  11  alpha_y      0.00000e+00     fixed    
  12  w_y          1.44500e+01   constant   
  13  beta_y      -5.97680e-04     fixed    
  14  alpha_vw     0.00000e+00     fixed    
  15  w_vw         1.29000e+01   constant   
  16  beta_vw      0.00000e+00     fixed    
  17  LM          -1.51189e-04   constant   
  18  zeta_y       0.00000e+00   constant   
  19  zeta_vw      0.00000e+00   constant   
  20  T_CBO        2.21688e+01   2.36532e-01   1.74056e-05   9.46416e+02
  21  alpha_A0    -2.30629e+00   1.15696e+00   9.98070e-03  -3.37063e+00
  22  beta_A0      3.64523e+00   7.44719e-01   5.04663e-02   2.35113e+00
  23  alpha_phi   -3.30653e+00   1.17875e+00  -6.21066e-02  -8.72036e-01
  24  beta_phi     3.15779e+00   1.21062e+00  -1.28158e-02   4.32054e+00
 MIGRAD MINIMIZATION HAS CONVERGED.
 MIGRAD WILL VERIFY CONVERGENCE AND ERROR MATRIX.
 FCN=34.6277 FROM HESSE     STATUS=NOT POSDEF     50 CALLS        3374 TOTAL
                     EDM=0.00110711    STRATEGY= 1      ERR MATRIX NOT POS-DEF
  EXT PARAMETER                APPROXIMATE        STEP         FIRST   
  NO.   NAME      VALUE            ERROR          SIZE      DERIVATIVE 
   1  N0           3.17534e+06     fixed    
   2  tau          6.43968e+01   constant   
   3  A0           3.57677e-01     fixed    
   4  phi          4.08032e+00     fixed    
   5  R           -6.01460e+01   constant   
   6  alpha_CBO   -1.93404e-02     fixed    
   7  w_CBO        2.32500e+00   constant   
   8  beta_CBO    -6.62068e-06   2.07409e-03   8.19204e-07   2.12425e+00
   9  alpha_2CBO   1.15513e-05   2.05167e-03   8.24877e-07   7.37337e+00
  10  beta_2CBO    1.28464e-02     fixed    
  11  alpha_y      0.00000e+00     fixed    
  12  w_y          1.44500e+01   constant   
  13  beta_y      -5.97680e-04     fixed    
  14  alpha_vw     0.00000e+00     fixed    
  15  w_vw         1.29000e+01   constant   
  16  beta_vw      0.00000e+00     fixed    
  17  LM          -1.51189e-04   constant   
  18  zeta_y       0.00000e+00   constant   
  19  zeta_vw      0.00000e+00   constant   
  20  T_CBO        2.21651e+01   7.69810e-01   9.84246e-07  -1.47269e+00
  21  alpha_A0    -2.30236e+00   5.48403e-01   1.71167e-04   3.35363e-02
  22  beta_A0      3.64112e+00   5.58622e-01   2.26217e-04  -7.68112e-03
  23  alpha_phi   -3.30859e+00   5.13043e-01   2.20650e-04   1.11124e-02
  24  beta_phi     3.15319e+00   7.37571e-01   1.80022e-04   5.47582e-02
 CALL LIMIT EXCEEDED IN MIGRAD.
 MIGRAD TERMINATED WITHOUT CONVERGENCE.
 FCN=34.5865 FROM MIGRAD    STATUS=CALL LIMIT   1150 CALLS        4408 TOTAL
                     EDM=0.000980999    STRATEGY= 1      ERR MATRIX NOT POS-DEF
  EXT PARAMETER                APPROXIMATE        STEP         FIRST   
  NO.   NAME      VALUE            ERROR          SIZE      DERIVATIVE 
   1  N0           3.17534e+06     fixed    
   2  tau          6.43968e+01   constant   
   3  A0           3.57677e-01     fixed    
   4  phi          4.08032e+00     fixed    
   5  R           -6.01460e+01   constant   
   6  alpha_CBO   -1.93404e-02     fixed    
   7  w_CBO        2.32500e+00   constant   
   8  beta_CBO    -2.26830e-04   1.95023e-03   1.45906e-05  -9.77997e+01
   9  alpha_2CBO  -3.20381e-04   1.97056e-03   1.19115e-05  -3.26115e+01
  10  beta_2CBO    1.28464e-02     fixed    
  11  alpha_y      0.00000e+00     fixed    
  12  w_y          1.44500e+01   constant   
  13  beta_y      -5.97680e-04     fixed    
  14  alpha_vw     0.00000e+00     fixed    
  15  w_vw         1.29000e+01   constant   
  16  beta_vw      0.00000e+00     fixed    
  17  LM          -1.51189e-04   constant   
  18  zeta_y       0.00000e+00   constant   
  19  zeta_vw      0.00000e+00   constant   
  20  T_CBO        2.48872e+01   4.88057e+00   6.01129e-04  -6.28037e+01
  21  alpha_A0    -1.46789e+00   1.19370e+00   2.35990e-02   4.14564e-01
  22  beta_A0      2.27211e+00   1.75822e+00  -3.38116e-02  -5.06385e-01
  23  alpha_phi   -2.04911e+00   1.61054e+00   3.08905e-02   6.19768e-01
  24  beta_phi     1.90911e+00   1.48039e+00  -2.61508e-02   2.71091e-01
 EXTERNAL ERROR MATRIX.    NDIM=  25    NPAR=  7    ERR DEF=1
  3.803e-06  3.742e-06  1.650e-03  8.936e-04 -6.670e-04  5.949e-04  2.228e-04 
  3.742e-06  3.883e-06  9.712e-04  7.427e-04 -4.203e-04  3.683e-04  4.317e-04 
  1.650e-03  9.712e-04  2.383e+01  5.682e+00 -8.577e+00  7.857e+00 -6.996e+00 
  8.936e-04  7.427e-04  5.682e+00  1.425e+00 -2.055e+00  1.880e+00 -1.571e+00 
 -6.670e-04 -4.203e-04 -8.577e+00 -2.055e+00  3.091e+00 -2.828e+00  2.504e+00 
  5.949e-04  3.683e-04  7.857e+00  1.880e+00 -2.828e+00  2.594e+00 -2.297e+00 
  2.228e-04  4.317e-04 -6.996e+00 -1.571e+00  2.504e+00 -2.297e+00  2.192e+00 
ERR MATRIX NOT POS-DEF
 PARAMETER  CORRELATION COEFFICIENTS  
       NO.  GLOBAL      8      9     20     21     22     23     24
        8  0.99762   1.000  0.974  0.173  0.384 -0.195  0.189  0.077
        9  0.99262   0.974  1.000  0.101  0.316 -0.121  0.116  0.148
       20  0.99999   0.173  0.101  1.000  0.975 -0.999  0.999 -0.968
       21  0.99992   0.384  0.316  0.975  1.000 -0.979  0.978 -0.889
       22  0.99994  -0.195 -0.121 -0.999 -0.979  1.000 -0.999  0.962
       23  0.99995   0.189  0.116  0.999  0.978 -0.999  1.000 -0.964
       24  0.99979   0.077  0.148 -0.968 -0.889  0.962 -0.964  1.000
 ERR MATRIX NOT POS-DEF
MINUIT - FIT wiggle + 1-CBO + 2-CBO
 **********
 **   42 **RES 
 **********
                   PARAMETER   16  beta_vw RESTORED TO VARIABLE.
                   PARAMETER   14  alpha_vw RESTORED TO VARIABLE.
                   PARAMETER   13  beta_y RESTORED TO VARIABLE.
                   PARAMETER   11  alpha_y RESTORED TO VARIABLE.
                   PARAMETER   10  beta_2CBO RESTORED TO VARIABLE.
                   PARAMETER    6  alpha_CBO RESTORED TO VARIABLE.
                   PARAMETER    4  phi RESTORED TO VARIABLE.
                   PARAMETER    3  A0 RESTORED TO VARIABLE.
                   PARAMETER    1  N0 RESTORED TO VARIABLE.
 **********
 **   43 **FIX           10
 **********
 **********
 **   44 **FIX           11
 **********
 **********
 **   45 **FIX           12
 **********
 PARAMETER   12  IS CONSTANT.   IGNORED.
 **********
 **   46 **FIX           13
 **********
 **********
 **   47 **FIX           14
 **********
 **********
 **   48 **FIX           15
 **********
 PARAMETER   15  IS CONSTANT.   IGNORED.
 **********
 **   49 **FIX           16
 **********
 **********
 **   50 **MIGRAD
 **********
 START MIGRAD MINIMIZATION.  STRATEGY  1.  CONVERGENCE WHEN EDM .LT. 1.00e-04
 FCN=34.5865 FROM MIGRAD    STATUS=INITIATE       22 CALLS        4430 TOTAL
                     EDM= unknown      STRATEGY= 1      NO ERROR MATRIX       
  EXT PARAMETER               CURRENT GUESS       STEP         FIRST   
  NO.   NAME      VALUE            ERROR          SIZE      DERIVATIVE 
   1  N0           3.17534e+06   1.05160e+04   1.05160e+04  -6.17410e-05
   2  tau          6.43968e+01   constant   
   3  A0           3.57677e-01   3.45041e-03   3.45041e-03  -2.20990e+02
   4  phi          4.08032e+00   6.41898e-03   6.41898e-03   7.41292e+00
   5  R           -6.01460e+01   constant   
   6  alpha_CBO   -1.93404e-02   3.79414e-03   3.79414e-03  -2.22397e+02
   7  w_CBO        2.32500e+00   constant   
   8  beta_CBO    -2.26830e-04   1.95023e-03   1.45906e-05  -9.77997e+01
   9  alpha_2CBO  -3.20381e-04   1.97056e-03   1.19115e-05  -3.26115e+01
  10  beta_2CBO    1.28464e-02     fixed    
  11  alpha_y      0.00000e+00     fixed    
  12  w_y          1.44500e+01   constant   
  13  beta_y      -5.97680e-04     fixed    
  14  alpha_vw     0.00000e+00     fixed    
  15  w_vw         1.29000e+01   constant   
  16  beta_vw      0.00000e+00     fixed    
  17  LM          -1.51189e-04   constant   
  18  zeta_y       0.00000e+00   constant   
  19  zeta_vw      0.00000e+00   constant   
  20  T_CBO        2.48872e+01   4.88057e+00   6.01129e-04  -6.28038e+01
  21  alpha_A0    -1.46789e+00   1.19370e+00   2.35990e-02   4.14564e-01
  22  beta_A0      2.27211e+00   1.75822e+00  -3.38116e-02  -5.06385e-01
  23  alpha_phi   -2.04911e+00   1.61054e+00   3.08905e-02   6.19768e-01
  24  beta_phi     1.90911e+00   1.48039e+00  -2.61508e-02   2.71091e-01
 CALL LIMIT EXCEEDED IN MIGRAD.
 MIGRAD TERMINATED WITHOUT CONVERGENCE.
 FCN=27.1168 FROM MIGRAD    STATUS=CALL LIMIT   1924 CALLS        6332 TOTAL
                     EDM=0.131695    STRATEGY= 1  ERROR MATRIX UNCERTAINTY   3.8 per cent
  EXT PARAMETER                APPROXIMATE        STEP         FIRST   
  NO.   NAME      VALUE            ERROR          SIZE      DERIVATIVE 
   1  N0           3.17242e+06   3.33753e+04  -4.34805e+03   3.22502e-04
   2  tau          6.43968e+01   constant   
   3  A0           4.24056e-01   1.45364e-02  -2.15314e-03  -1.02988e+03
   4  phi          4.09494e+00   2.54391e-02   4.67239e-03  -8.47500e+02
   5  R           -6.01460e+01   constant   
   6  alpha_CBO   -7.18708e-03   5.47829e-03   7.81266e-04   1.86137e+03
   7  w_CBO        2.32500e+00   constant   
   8  beta_CBO    -2.57116e-02   1.53939e-02   3.08319e-03  -3.40667e+02
   9  alpha_2CBO   5.59832e-03   7.03606e-03   1.15434e-03   3.27916e+02
  10  beta_2CBO    1.28464e-02     fixed    
  11  alpha_y      0.00000e+00     fixed    
  12  w_y          1.44500e+01   constant   
  13  beta_y      -5.97680e-04     fixed    
  14  alpha_vw     0.00000e+00     fixed    
  15  w_vw         1.29000e+01   constant   
  16  beta_vw      0.00000e+00     fixed    
  17  LM          -1.51189e-04   constant   
  18  zeta_y       0.00000e+00   constant   
  19  zeta_vw      0.00000e+00   constant   
  20  T_CBO        2.67458e+01   2.60667e-01   2.61730e-04   2.14742e+03
  21  alpha_A0    -4.19987e+00   6.54612e-01   1.35966e-01  -6.31922e+00
  22  beta_A0      1.97666e-01   9.08633e-01  -1.61266e-01   7.67876e-01
  23  alpha_phi   -2.25359e+00   7.81106e-01  -1.40999e-01  -1.60231e+01
  24  beta_phi     5.84374e+00   1.05924e+00   8.77738e-02   5.97332e+00
 EXTERNAL ERROR MATRIX.    NDIM=  25    NPAR= 11    ERR DEF=1
  1.114e+09 
  3.126e+02  2.113e-04 
 -7.348e+02 -2.079e-04  6.471e-04 
 -1.412e+02 -2.428e-05  1.307e-04  3.001e-05 
 -4.566e+02 -1.677e-04  3.397e-04  5.896e-05  2.370e-04 
 -9.827e+01 -4.531e-06  9.466e-05  1.937e-05  6.945e-05  4.951e-05 
 -8.309e+03 -2.152e-03  5.947e-03  1.144e-03  3.759e-03  1.168e-03  6.795e-02 
 -4.234e+03 -4.882e-03  6.520e-03  6.620e-04  6.255e-03  2.963e-03  6.382e-02  4.285e-01 
  2.558e+04  5.572e-03 -2.258e-02 -4.639e-03 -1.180e-02 -4.135e-03 -2.157e-01 -2.238e-01  8.256e-01 
  2.234e+04  6.089e-03 -1.956e-02 -3.836e-03 -1.020e-02 -2.871e-03 -1.814e-01 -1.890e-01  6.955e-01  6.101e-01 
 -1.638e+04  3.607e-03  1.307e-02  3.368e-03  7.562e-03  6.465e-03  1.713e-01  1.266e-01 -6.165e-01 -4.069e-01  1.122e+00 
ERR MATRIX APPROXIMATE
 PARAMETER  CORRELATION COEFFICIENTS  
       NO.  GLOBAL      1      3      4      6      8      9     20     21     22     23     24
        1  0.99993   1.000  0.644 -0.866 -0.772 -0.889 -0.418 -0.955 -0.194  0.843  0.857 -0.463
        3  0.99995   0.644  1.000 -0.562 -0.305 -0.749 -0.044 -0.568 -0.513  0.422  0.536  0.234
        4  0.99995  -0.866 -0.562  1.000  0.938  0.868  0.529  0.897  0.392 -0.977 -0.985  0.485
        6  0.99978  -0.772 -0.305  0.938  1.000  0.699  0.502  0.801  0.185 -0.932 -0.896  0.580
        8  0.99987  -0.889 -0.749  0.868  0.699  1.000  0.641  0.937  0.621 -0.844 -0.849  0.464
        9  0.99937  -0.418 -0.044  0.529  0.502  0.641  1.000  0.637  0.643 -0.647 -0.522  0.867
       20  0.99885  -0.955 -0.568  0.897  0.801  0.937  0.637  1.000  0.374 -0.911 -0.891  0.620
       21  0.99970  -0.194 -0.513  0.392  0.185  0.621  0.643  0.374  1.000 -0.376 -0.370  0.183
       22  0.99946   0.843  0.422 -0.977 -0.932 -0.844 -0.647 -0.911 -0.376  1.000  0.980 -0.641
       23  0.99985   0.857  0.536 -0.985 -0.896 -0.849 -0.522 -0.891 -0.370  0.980  1.000 -0.492
       24  0.99989  -0.463  0.234  0.485  0.580  0.464  0.867  0.620  0.183 -0.641 -0.492  1.000
 ERR MATRIX APPROXIMATE
MINUIT - FIT ONLY 1-y
 **********
 **   51 **RES 
 **********
                   PARAMETER   16  beta_vw RESTORED TO VARIABLE.
                   PARAMETER   14  alpha_vw RESTORED TO VARIABLE.
                   PARAMETER   13  beta_y RESTORED TO VARIABLE.
                   PARAMETER   11  alpha_y RESTORED TO VARIABLE.
                   PARAMETER   10  beta_2CBO RESTORED TO VARIABLE.
 **********
 **   52 **FIX            0
 **********
 PARAMETER    0  IS UNDEFINED. IGNORED.
 **********
 **   53 **FIX            1
 **********
 **********
 **   54 **FIX            2
 **********
 PARAMETER    2  IS CONSTANT.   IGNORED.
 **********
 **   55 **FIX            3
 **********
 **********
 **   56 **FIX            4
 **********
 **********
 **   57 **FIX            5
 **********
 PARAMETER    5  IS CONSTANT.   IGNORED.
 **********
 **   58 **FIX            6
 **********
 **********
 **   59 **FIX            7
 **********
 PARAMETER    7  IS CONSTANT.   IGNORED.
 **********
 **   60 **FIX            8
 **********
 **********
 **   61 **FIX            9
 **********
 **********
 **   62 **FIX           13
 **********
 **********
 **   63 **FIX           14
 **********
 **********
 **   64 **FIX           15
 **********
 PARAMETER   15  IS CONSTANT.   IGNORED.
 **********
 **   65 **FIX           16
 **********
 **********
 **   66 **MIGRAD
 **********
 START MIGRAD MINIMIZATION.  STRATEGY  1.  CONVERGENCE WHEN EDM .LT. 1.00e-04
 FCN=27.1168 FROM MIGRAD    STATUS=INITIATE       16 CALLS        6348 TOTAL
                     EDM= unknown      STRATEGY= 1      NO ERROR MATRIX       
  EXT PARAMETER               CURRENT GUESS       STEP         FIRST   
  NO.   NAME      VALUE            ERROR          SIZE      DERIVATIVE 
   1  N0           3.17242e+06     fixed    
   2  tau          6.43968e+01   constant   
   3  A0           4.24056e-01     fixed    
   4  phi          4.09494e+00     fixed    
   5  R           -6.01460e+01   constant   
   6  alpha_CBO   -7.18708e-03     fixed    
   7  w_CBO        2.32500e+00   constant   
   8  beta_CBO    -2.57116e-02     fixed    
   9  alpha_2CBO   5.59832e-03     fixed    
  10  beta_2CBO    1.28464e-02   2.12127e-03   2.12127e-03  -2.80963e+02
  11  alpha_y      0.00000e+00   1.00000e-03   1.00000e-03   3.03118e+04
  12  w_y          1.44500e+01   constant   
  13  beta_y      -5.97680e-04     fixed    
  14  alpha_vw     0.00000e+00     fixed    
  15  w_vw         1.29000e+01   constant   
  16  beta_vw      0.00000e+00     fixed    
  17  LM          -1.51189e-04   constant   
  18  zeta_y       0.00000e+00   constant   
  19  zeta_vw      0.00000e+00   constant   
  20  T_CBO        2.67458e+01   2.60667e-01   2.61730e-04   2.14742e+03
  21  alpha_A0    -4.19987e+00   6.54612e-01   1.35966e-01  -6.31922e+00
  22  beta_A0      1.97666e-01   9.08633e-01  -1.61266e-01   7.67876e-01
  23  alpha_phi   -2.25359e+00   7.81106e-01  -1.40999e-01  -1.60231e+01
  24  beta_phi     5.84374e+00   1.05924e+00   8.77738e-02   5.97332e+00
 MIGRAD MINIMIZATION HAS CONVERGED.
 MIGRAD WILL VERIFY CONVERGENCE AND ERROR MATRIX.
 FCN=8.1073 FROM MIGRAD    STATUS=CONVERGED     160 CALLS        6492 TOTAL
                     EDM=6.13231e-06    STRATEGY= 1      ERR MATRIX NOT POS-DEF
  EXT PARAMETER                APPROXIMATE        STEP         FIRST   
  NO.   NAME      VALUE            ERROR          SIZE      DERIVATIVE 
   1  N0           3.17242e+06     fixed    
   2  tau          6.43968e+01   constant   
   3  A0           4.24056e-01     fixed    
   4  phi          4.09494e+00     fixed    
   5  R           -6.01460e+01   constant   
   6  alpha_CBO   -7.18708e-03     fixed    
   7  w_CBO        2.32500e+00   constant   
   8  beta_CBO    -2.57116e-02     fixed    
   9  alpha_2CBO   5.59832e-03     fixed    
  10  beta_2CBO    1.14597e-02   8.99075e-04   3.85328e-07   7.75835e-01
  11  alpha_y     -1.23884e-03   2.83586e-04   3.92515e-07   1.79509e-01
  12  w_y          1.44500e+01   constant   
  13  beta_y      -5.97680e-04     fixed    
  14  alpha_vw     0.00000e+00     fixed    
  15  w_vw         1.29000e+01   constant   
  16  beta_vw      0.00000e+00     fixed    
  17  LM          -1.51189e-04   constant   
  18  zeta_y       0.00000e+00   constant   
  19  zeta_vw      0.00000e+00   constant   
  20  T_CBO        2.67356e+01   3.25330e-01   5.92375e-07  -5.79904e-01
  21  alpha_A0    -4.20714e+00   1.85830e-01   3.28543e-05  -7.88740e-02
  22  beta_A0      4.53633e-02   9.23003e-02   4.29954e-05  -1.05446e-03
  23  alpha_phi   -2.21684e+00   1.08003e-01   4.74464e-05  -5.63296e-03
  24  beta_phi     5.83242e+00   2.57188e-01   3.65254e-05  -5.39020e-02
 EXTERNAL ERROR MATRIX.    NDIM=  25    NPAR=  7    ERR DEF=1
  8.083e-07  7.905e-08  2.351e-06  3.365e-06  7.803e-05 -2.102e-05  7.091e-06 
  7.905e-08  8.042e-08  4.006e-07  3.651e-07  8.987e-06 -1.586e-06  7.602e-07 
  2.351e-06  4.006e-07  1.058e-01  6.000e-02  1.640e-04  3.237e-02 -8.320e-02 
  3.365e-06  3.651e-07  6.000e-02  3.453e-02  2.699e-04  1.826e-02 -4.703e-02 
  7.803e-05  8.987e-06  1.640e-04  2.699e-04  8.519e-03 -1.678e-03  7.821e-04 
 -2.102e-05 -1.586e-06  3.237e-02  1.826e-02 -1.678e-03  1.166e-02 -2.562e-02 
  7.091e-06  7.602e-07 -8.320e-02 -4.703e-02  7.821e-04 -2.562e-02  6.615e-02 
ERR MATRIX NOT POS-DEF
 PARAMETER  CORRELATION COEFFICIENTS  
       NO.  GLOBAL     10     11     20     21     22     23     24
       10  0.95688   1.000  0.310  0.008  0.020  0.940 -0.216  0.031
       11  0.34622   0.310  1.000  0.004  0.007  0.343 -0.052  0.010
       20  0.99779   0.008  0.004  1.000  0.992  0.005  0.921 -0.994
       21  0.99279   0.020  0.007  0.992  1.000  0.016  0.910 -0.984
       22  0.94885   0.940  0.343  0.005  0.016  1.000 -0.168  0.033
       23  0.95464  -0.216 -0.052  0.921  0.910 -0.168  1.000 -0.922
       24  0.99536   0.031  0.010 -0.994 -0.984  0.033 -0.922  1.000
 ERR MATRIX NOT POS-DEF
MINUIT - FIT ONLY 2-y
 **********
 **   67 **RES 
 **********
                   PARAMETER   16  beta_vw RESTORED TO VARIABLE.
                   PARAMETER   14  alpha_vw RESTORED TO VARIABLE.
                   PARAMETER   13  beta_y RESTORED TO VARIABLE.
                   PARAMETER    9  alpha_2CBO RESTORED TO VARIABLE.
                   PARAMETER    8  beta_CBO RESTORED TO VARIABLE.
                   PARAMETER    6  alpha_CBO RESTORED TO VARIABLE.
                   PARAMETER    4  phi RESTORED TO VARIABLE.
                   PARAMETER    3  A0 RESTORED TO VARIABLE.
                   PARAMETER    1  N0 RESTORED TO VARIABLE.
 **********
 **   68 **FIX            0
 **********
 PARAMETER    0  IS UNDEFINED. IGNORED.
 **********
 **   69 **FIX            1
 **********
 **********
 **   70 **FIX            2
 **********
 PARAMETER    2  IS CONSTANT.   IGNORED.
 **********
 **   71 **FIX            3
 **********
 **********
 **   72 **FIX            4
 **********
 **********
 **   73 **FIX            5
 **********
 PARAMETER    5  IS CONSTANT.   IGNORED.
 **********
 **   74 **FIX            6
 **********
 **********
 **   75 **FIX            7
 **********
 PARAMETER    7  IS CONSTANT.   IGNORED.
 **********
 **   76 **FIX            8
 **********
 **********
 **   77 **FIX            9
 **********
 **********
 **   78 **FIX           10
 **********
 **********
 **   79 **FIX           11
 **********
 **********
 **   80 **FIX           12
 **********
 PARAMETER   12  IS CONSTANT.   IGNORED.
 **********
 **   81 **FIX           16
 **********
 **********
 **   82 **MIGRAD
 **********
 START MIGRAD MINIMIZATION.  STRATEGY  1.  CONVERGENCE WHEN EDM .LT. 1.00e-04
 FCN=8.1073 FROM MIGRAD    STATUS=INITIATE       16 CALLS        6508 TOTAL
                     EDM= unknown      STRATEGY= 1      NO ERROR MATRIX       
  EXT PARAMETER               CURRENT GUESS       STEP         FIRST   
  NO.   NAME      VALUE            ERROR          SIZE      DERIVATIVE 
   1  N0           3.17242e+06     fixed    
   2  tau          6.43968e+01   constant   
   3  A0           4.24056e-01     fixed    
   4  phi          4.09494e+00     fixed    
   5  R           -6.01460e+01   constant   
   6  alpha_CBO   -7.18708e-03     fixed    
   7  w_CBO        2.32500e+00   constant   
   8  beta_CBO    -2.57116e-02     fixed    
   9  alpha_2CBO   5.59832e-03     fixed    
  10  beta_2CBO    1.14597e-02     fixed    
  11  alpha_y     -1.23884e-03     fixed    
  12  w_y          1.44500e+01   constant   
  13  beta_y      -5.97680e-04   2.82458e-04   2.82458e-04   4.17571e+03
  14  alpha_vw     0.00000e+00   1.00000e-03   1.00000e-03  -1.80811e+02
  15  w_vw         1.29000e+01   constant   
  16  beta_vw      0.00000e+00     fixed    
  17  LM          -1.51189e-04   constant   
  18  zeta_y       0.00000e+00   constant   
  19  zeta_vw      0.00000e+00   constant   
  20  T_CBO        2.67356e+01   3.25330e-01   5.92375e-07  -5.79727e-01
  21  alpha_A0    -4.20714e+00   1.85830e-01   3.28543e-05  -7.88744e-02
  22  beta_A0      4.53633e-02   9.23003e-02   4.29954e-05  -1.05502e-03
  23  alpha_phi   -2.21684e+00   1.08003e-01   4.74464e-05  -5.63298e-03
  24  beta_phi     5.83242e+00   2.57188e-01   3.65254e-05  -5.39019e-02
 MIGRAD MINIMIZATION HAS CONVERGED.
 MIGRAD WILL VERIFY CONVERGENCE AND ERROR MATRIX.
 FCN=7.71319 FROM MIGRAD    STATUS=CONVERGED     145 CALLS        6637 TOTAL
                     EDM=1.91006e-05    STRATEGY= 1      ERR MATRIX NOT POS-DEF
  EXT PARAMETER                APPROXIMATE        STEP         FIRST   
  NO.   NAME      VALUE            ERROR          SIZE      DERIVATIVE 
   1  N0           3.17242e+06     fixed    
   2  tau          6.43968e+01   constant   
   3  A0           4.24056e-01     fixed    
   4  phi          4.09494e+00     fixed    
   5  R           -6.01460e+01   constant   
   6  alpha_CBO   -7.18708e-03     fixed    
   7  w_CBO        2.32500e+00   constant   
   8  beta_CBO    -2.57116e-02     fixed    
   9  alpha_2CBO   5.59832e-03     fixed    
  10  beta_2CBO    1.14597e-02     fixed    
  11  alpha_y     -1.23884e-03     fixed    
  12  w_y          1.44500e+01   constant   
  13  beta_y      -7.89685e-04   3.05357e-04   4.00732e-07  -3.92036e+00
  14  alpha_vw    -7.17045e-05   3.05694e-04   3.97565e-07   1.05791e+00
  15  w_vw         1.29000e+01   constant   
  16  beta_vw      0.00000e+00     fixed    
