 + ++++++++++++++++++++++++++++++++++++++++++++++++++++++++++++++++++++ +
 +                                                                      +
 +           You have chose to blind your fitting according to          +
 +                omega_ref * (1 + (R +/- deltaR) *10^{-6})             +
 +                                                                      +
 + ++++++++++++++++++++++++++++++++++++++++++++++++++++++++++++++++++++ +
In main()...
reading format from /gm2data/zkhechad/run45/envelope/formats/formatB_sBin_constraintOn.txt
pBinTau 	= 0  
pBinPhi 	= 0  
constraintau 	= 1 
includeMopTerm 	= 0    
constrainMop    = 0   
Parameters after format file: pBinTau 0 pBinPhi 0 constraintau 1 includeMopTerm 0 constrainMop 0 c_e_scale 0.000000 
Opening file /gm2data/tbarrett/gm2fr/studies/run23_bunch_corrections/CorrectedFourier_Run3b.root.
reading full fit data from /gm2data/zkhechad/cboTemplates/Run4CBOTemplates/fullFits/noRF/sBin_constraintOn_cE0.0_seed0_noRF_calo20.root
windowBins = 69
fitting sliding window 700 from bin 836 at 124.582000 to bin 905 at 135.026000 (69 bins)

Reading data from /gm2data/cornell/histograms/aMethod/histogram_a_noRF.root
 **********
 **    1 **SET PRINTOUT            1
 **********
 **********
 **    2 **SET NOWARNINGS 
 **********
 PARAMETER DEFINITIONS:
    NO.   NAME         VALUE      STEP SIZE      LIMITS
     1 N0           3.28956e+06  1.00000e+02     no limits
     2 tau          6.44008e+01  constant
     3 A0           3.64481e-01  1.00000e-04     no limits
     4 phi          4.11985e+00  1.00000e-02     no limits
     5 R           -6.04681e+01  constant
     6 alpha_CBO    0.00000e+00  1.00000e-03     no limits
     7 w_CBO        2.32500e+00  constant
     8 beta_CBO     0.00000e+00  1.00000e-03     no limits
     9 alpha_2CBO   0.00000e+00  1.00000e-03     no limits
    10 beta_2CBO    0.00000e+00  1.00000e-03     no limits
    11 alpha_y      0.00000e+00  1.00000e-03     no limits
    12 w_y          1.38860e+01  constant
    13 beta_y       0.00000e+00  1.00000e-03     no limits
    14 alpha_vw     0.00000e+00  1.00000e-03     no limits
    15 w_vw         1.43404e+01  constant
    16 beta_vw      0.00000e+00  1.00000e-03     no limits
    17 LM          -2.11005e-04  constant
    18 zeta_y       0.00000e+00  constant
    19 zeta_vw      0.00000e+00  constant
    20 T_CBO        1.00000e+02  1.00000e+00    0.00000e+00  1.00000e+03
    21 alpha_A0     0.00000e+00  1.00000e-03     no limits
    22 beta_A0      0.00000e+00  1.00000e-03     no limits
    23 alpha_phi    0.00000e+00  1.00000e-03     no limits
    24 beta_phi     0.00000e+00  1.00000e-03     no limits
MINUIT - FIT ONLY WIGGLE
 **********
 **    3 **FIX            5
 **********
 PARAMETER    5  IS CONSTANT.   IGNORED.
 **********
 **    4 **FIX            6
 **********
 **********
 **    5 **FIX            7
 **********
 PARAMETER    7  IS CONSTANT.   IGNORED.
 **********
 **    6 **FIX            8
 **********
 **********
 **    7 **FIX            9
 **********
 **********
 **    8 **FIX           10
 **********
 **********
 **    9 **FIX           11
 **********
 **********
 **   10 **FIX           12
 **********
 PARAMETER   12  IS CONSTANT.   IGNORED.
 **********
 **   11 **FIX           13
 **********
 **********
 **   12 **FIX           14
 **********
 **********
 **   13 **FIX           15
 **********
 PARAMETER   15  IS CONSTANT.   IGNORED.
 **********
 **   14 **FIX           16
 **********
 **********
 **   15 **MIGRAD
 **********
 FIRST CALL TO USER FUNCTION AT NEW START POINT, WITH IFLAG=4.
 START MIGRAD MINIMIZATION.  STRATEGY  1.  CONVERGENCE WHEN EDM .LT. 1.00e-04
 FCN=629.356 FROM MIGRAD    STATUS=INITIATE      437 CALLS         438 TOTAL
                     EDM= unknown      STRATEGY= 1      NO ERROR MATRIX       
  EXT PARAMETER               CURRENT GUESS       STEP         FIRST   
  NO.   NAME      VALUE            ERROR          SIZE      DERIVATIVE 
   1  N0           3.28956e+06   1.00000e+02   0.00000e+00   2.35743e-03
   2  tau          6.44008e+01   constant   
   3  A0           3.64481e-01   1.00000e-04   0.00000e+00  -1.01574e+04
   4  phi          4.11985e+00   1.00000e-02   0.00000e+00   2.53012e+04
   5  R           -6.04681e+01   constant   
   6  alpha_CBO    0.00000e+00     fixed    
   7  w_CBO        2.32500e+00   constant   
   8  beta_CBO     0.00000e+00     fixed    
   9  alpha_2CBO   0.00000e+00     fixed    
  10  beta_2CBO    0.00000e+00     fixed    
  11  alpha_y      0.00000e+00     fixed    
  12  w_y          1.38860e+01   constant   
  13  beta_y       0.00000e+00     fixed    
  14  alpha_vw     0.00000e+00     fixed    
  15  w_vw         1.43404e+01   constant   
  16  beta_vw      0.00000e+00     fixed    
  17  LM          -2.11005e-04   constant   
  18  zeta_y       0.00000e+00   constant   
  19  zeta_vw      0.00000e+00   constant   
  20  T_CBO        1.00000e+02   1.00000e+00   0.00000e+00   0.00000e+00
  21  alpha_A0     0.00000e+00   1.00000e-03   0.00000e+00  -8.88608e+00
  22  beta_A0      0.00000e+00   1.00000e-03   0.00000e+00  -3.48870e+03
  23  alpha_phi    0.00000e+00   1.00000e-03   0.00000e+00  -1.52353e+02
  24  beta_phi     0.00000e+00   1.00000e-03   0.00000e+00  -5.36464e+03
 CALL LIMIT EXCEEDED IN MIGRAD.
 MIGRAD TERMINATED WITHOUT CONVERGENCE.
 FCN=546.154 FROM MIGRAD    STATUS=CALL LIMIT   1325 CALLS        1326 TOTAL
                     EDM=0.00414573    STRATEGY= 1  ERROR MATRIX UNCERTAINTY   0.2 per cent
  EXT PARAMETER                APPROXIMATE        STEP         FIRST   
  NO.   NAME      VALUE            ERROR          SIZE      DERIVATIVE 
   1  N0           3.28962e+06   3.92880e+02   1.14765e+01   4.22844e-05
   2  tau          6.44008e+01   constant   
   3  A0           3.64575e-01   1.54752e-04  -8.75505e-06  -2.73801e+02
   4  phi          4.11705e+00   4.38090e-04   3.25348e-05   1.12047e+02
   5  R           -6.04681e+01   constant   
   6  alpha_CBO    0.00000e+00     fixed    
   7  w_CBO        2.32500e+00   constant   
   8  beta_CBO     0.00000e+00     fixed    
   9  alpha_2CBO   0.00000e+00     fixed    
  10  beta_2CBO    0.00000e+00     fixed    
  11  alpha_y      0.00000e+00     fixed    
  12  w_y          1.38860e+01   constant   
  13  beta_y       0.00000e+00     fixed    
  14  alpha_vw     0.00000e+00     fixed    
  15  w_vw         1.43404e+01   constant   
  16  beta_vw      0.00000e+00     fixed    
  17  LM          -2.11005e-04   constant   
  18  zeta_y       0.00000e+00   constant   
  19  zeta_vw      0.00000e+00   constant   
  20  T_CBO        2.94800e+01   5.78293e+00  -2.36505e-03  -1.33534e+01
  21  alpha_A0    -3.30729e-02   3.67211e-02  -2.09217e-03  -3.72660e+00
  22  beta_A0      1.71589e-01   1.39889e-01   9.09184e-03   3.72664e-01
  23  alpha_phi    4.10801e-03   1.61367e-02   6.23175e-04   2.37622e+00
  24  beta_phi     2.73823e-01   2.05274e-01   1.37008e-02  -3.68367e+00
 EXTERNAL ERROR MATRIX.    NDIM=  25    NPAR=  8    ERR DEF=1
  1.544e+05 -5.209e-03 -1.746e-02 -3.546e+02 -2.751e+00  1.016e+01  1.436e+00  1.394e+01 
 -5.209e-03  2.395e-08 -1.543e-09  2.593e-04  1.675e-06 -6.879e-06 -6.309e-07 -1.008e-05 
 -1.746e-02 -1.543e-09  1.919e-07 -6.298e-04 -3.029e-06  1.511e-05  4.697e-07  2.367e-05 
 -3.546e+02  2.593e-04 -6.298e-04  3.346e+01  2.016e-01 -7.968e-01 -7.291e-02 -1.175e+00 
 -2.751e+00  1.675e-06 -3.029e-06  2.016e-01  1.348e-03 -5.037e-03 -5.468e-04 -7.288e-03 
  1.016e+01 -6.879e-06  1.511e-05 -7.968e-01 -5.037e-03  1.957e-02  1.906e-03  2.865e-02 
  1.436e+00 -6.309e-07  4.697e-07 -7.291e-02 -5.468e-04  1.906e-03  2.604e-04  2.679e-03 
  1.394e+01 -1.008e-05  2.367e-05 -1.175e+00 -7.288e-03  2.865e-02  2.679e-03  4.214e-02 
ERR MATRIX APPROXIMATE
 PARAMETER  CORRELATION COEFFICIENTS  
       NO.  GLOBAL      1      3      4     20     21     22     23     24
        1  0.35601   1.000 -0.086 -0.101 -0.156 -0.191  0.185  0.226  0.173
        3  0.40638  -0.086  1.000 -0.023  0.290  0.295 -0.318 -0.253 -0.317
        4  0.43269  -0.101 -0.023  1.000 -0.249 -0.188  0.247  0.066  0.263
       20  0.99049  -0.156  0.290 -0.249  1.000  0.949 -0.985 -0.781 -0.989
       21  0.99676  -0.191  0.295 -0.188  0.949  1.000 -0.981 -0.923 -0.967
       22  0.99975   0.185 -0.318  0.247 -0.985 -0.981  1.000  0.845  0.998
       23  0.98518   0.226 -0.253  0.066 -0.781 -0.923  0.845  1.000  0.809
       24  0.99968   0.173 -0.317  0.263 -0.989 -0.967  0.998  0.809  1.000
 ERR MATRIX APPROXIMATE
MINUIT - FIT ONLY 1-CBO + wiggle
 **********
 **   16 **RES 
 **********
                   PARAMETER   16  beta_vw RESTORED TO VARIABLE.
                   PARAMETER   14  alpha_vw RESTORED TO VARIABLE.
                   PARAMETER   13  beta_y RESTORED TO VARIABLE.
                   PARAMETER   11  alpha_y RESTORED TO VARIABLE.
                   PARAMETER   10  beta_2CBO RESTORED TO VARIABLE.
                   PARAMETER    9  alpha_2CBO RESTORED TO VARIABLE.
                   PARAMETER    8  beta_CBO RESTORED TO VARIABLE.
                   PARAMETER    6  alpha_CBO RESTORED TO VARIABLE.
 **********
 **   17 **FIX            8
 **********
 **********
 **   18 **FIX            9
 **********
 **********
 **   19 **FIX           11
 **********
 **********
 **   20 **FIX           12
 **********
 PARAMETER   12  IS CONSTANT.   IGNORED.
 **********
 **   21 **FIX           14
 **********
 **********
 **   22 **FIX           15
 **********
 PARAMETER   15  IS CONSTANT.   IGNORED.
 **********
 **   23 **FIX           16
 **********
 **********
 **   24 **MIGRAD
 **********
 START MIGRAD MINIMIZATION.  STRATEGY  1.  CONVERGENCE WHEN EDM .LT. 1.00e-04
 FCN=546.154 FROM MIGRAD    STATUS=INITIATE       28 CALLS        1354 TOTAL
                     EDM= unknown      STRATEGY= 1      NO ERROR MATRIX       
  EXT PARAMETER               CURRENT GUESS       STEP         FIRST   
  NO.   NAME      VALUE            ERROR          SIZE      DERIVATIVE 
   1  N0           3.28962e+06   3.92880e+02   1.14765e+01   4.22844e-05
   2  tau          6.44008e+01   constant   
   3  A0           3.64575e-01   1.54752e-04  -8.75505e-06  -2.73801e+02
   4  phi          4.11705e+00   4.38090e-04   3.25348e-05   1.12047e+02
   5  R           -6.04681e+01   constant   
   6  alpha_CBO    0.00000e+00   1.00000e-03   1.00000e-03  -1.46911e+05
   7  w_CBO        2.32500e+00   constant   
   8  beta_CBO     0.00000e+00     fixed    
   9  alpha_2CBO   0.00000e+00     fixed    
  10  beta_2CBO    0.00000e+00   1.00000e-03   1.00000e-03  -5.67684e+03
  11  alpha_y      0.00000e+00     fixed    
  12  w_y          1.38860e+01   constant   
  13  beta_y       0.00000e+00   1.00000e-03   1.00000e-03  -2.05751e+04
  14  alpha_vw     0.00000e+00     fixed    
  15  w_vw         1.43404e+01   constant   
  16  beta_vw      0.00000e+00     fixed    
  17  LM          -2.11005e-04   constant   
  18  zeta_y       0.00000e+00   constant   
  19  zeta_vw      0.00000e+00   constant   
  20  T_CBO        2.94800e+01   5.78293e+00  -2.36505e-03  -1.33534e+01
  21  alpha_A0    -3.30729e-02   3.67211e-02  -2.09217e-03  -3.72660e+00
  22  beta_A0      1.71589e-01   1.39889e-01   9.09184e-03   3.72664e-01
  23  alpha_phi    4.10801e-03   1.61367e-02   6.23175e-04   2.37622e+00
  24  beta_phi     2.73823e-01   2.05274e-01   1.37008e-02  -3.68367e+00
 MIGRAD MINIMIZATION HAS CONVERGED.
 FCN=396.277 FROM MIGRAD    STATUS=CONVERGED     193 CALLS        1519 TOTAL
                     EDM=8.79198e-06    STRATEGY= 1  ERROR MATRIX UNCERTAINTY   1.8 per cent
  EXT PARAMETER                                   STEP         FIRST   
  NO.   NAME      VALUE            ERROR          SIZE      DERIVATIVE 
   1  N0           3.28994e+06   3.92867e+02  -2.48243e-02   1.05096e-06
   2  tau          6.44008e+01   constant   
   3  A0           3.64917e-01   1.56585e-04  -6.05787e-10   1.59908e-01
   4  phi          4.11735e+00   4.39143e-04   3.90474e-07  -9.85273e-02
   5  R           -6.04681e+01   constant   
   6  alpha_CBO    1.99740e-03   1.64784e-04  -2.69044e-08  -6.66105e-01
   7  w_CBO        2.32500e+00   constant   
   8  beta_CBO     0.00000e+00     fixed    
   9  alpha_2CBO   0.00000e+00     fixed    
  10  beta_2CBO    3.43356e-05   1.63599e-04   2.42364e-07   2.58434e+00
  11  alpha_y      0.00000e+00     fixed    
  12  w_y          1.38860e+01   constant   
  13  beta_y       2.97296e-04   1.57043e-04   1.45894e-07   8.99316e+00
  14  alpha_vw     0.00000e+00     fixed    
  15  w_vw         1.43404e+01   constant   
  16  beta_vw      0.00000e+00     fixed    
  17  LM          -2.11005e-04   constant   
  18  zeta_y       0.00000e+00   constant   
  19  zeta_vw      0.00000e+00   constant   
  20  T_CBO        2.95177e+01   1.15097e+00  -1.41581e-05   5.82925e-01
  21  alpha_A0    -7.68856e-02   4.93153e-02   1.02806e-04   5.87001e-02
  22  beta_A0      1.79382e-01   5.40780e-02   5.06781e-05  -4.28348e-02
  23  alpha_phi   -3.68079e-02   5.10643e-02  -1.58943e-04  -4.20408e-02
  24  beta_phi     2.71175e-01   5.93376e-02   1.51343e-04  -2.83875e-02
 EXTERNAL ERROR MATRIX.    NDIM=  25    NPAR= 11    ERR DEF=1
  1.543e+05 
 -8.080e-03  2.452e-08 
 -6.092e-03 -1.096e-09  1.928e-07 
  4.492e-03  4.605e-09  3.801e-09  2.715e-08 
 -2.257e-03 -4.371e-10  4.262e-09 -6.900e-10  2.676e-08 
  1.229e-04  2.973e-11  1.892e-09  5.448e-10  7.166e-10  2.466e-08 
  3.719e+01 -6.725e-06 -1.001e-04  4.546e-06 -4.244e-05 -1.982e-05  1.325e+00 
  2.370e+00 -7.917e-07  2.270e-06 -6.607e-07  6.504e-07 -2.717e-07 -8.964e-03  2.432e-03 
  4.021e+00 -1.043e-06  2.783e-06 -4.737e-09  1.718e-06  5.546e-07 -2.224e-02  5.681e-04  2.924e-03 
  4.458e+00 -1.439e-06 -1.362e-06 -4.624e-07 -8.673e-07 -1.203e-07  2.391e-02  2.742e-04 -3.613e-04  2.608e-03 
 -3.876e+00  7.475e-07  2.166e-06 -2.687e-07  2.309e-06  7.261e-07 -4.433e-02  4.855e-04  4.151e-04 -1.140e-03  3.521e-03 
 PARAMETER  CORRELATION COEFFICIENTS  
       NO.  GLOBAL      1      3      4      6     10     13     20     21     22     23     24
        1  0.36124   1.000 -0.131 -0.035  0.069 -0.035  0.002  0.082  0.122  0.189  0.222 -0.166
        3  0.30221  -0.131  1.000 -0.016  0.178 -0.017  0.001 -0.037 -0.103 -0.123 -0.180  0.080
        4  0.23950  -0.035 -0.016  1.000  0.053  0.059  0.027 -0.198  0.105  0.117 -0.061  0.083
        6  0.23341   0.069  0.178  0.053  1.000 -0.026  0.021  0.024 -0.081 -0.001 -0.055 -0.027
       10  0.29478  -0.035 -0.017  0.059 -0.026  1.000  0.028 -0.225  0.081  0.194 -0.104  0.238
       13  0.13984   0.002  0.001  0.027  0.021  0.028  1.000 -0.110 -0.035  0.065 -0.015  0.078
       20  0.73252   0.082 -0.037 -0.198  0.024 -0.225 -0.110  1.000 -0.158 -0.357  0.407 -0.649
       21  0.35990   0.122 -0.103  0.105 -0.081  0.081 -0.035 -0.158  1.000  0.213  0.109  0.166
       22  0.48989   0.189 -0.123  0.117 -0.001  0.194  0.065 -0.357  0.213  1.000 -0.131  0.129
       23  0.51726   0.222 -0.180 -0.061 -0.055 -0.104 -0.015  0.407  0.109 -0.131  1.000 -0.376
       24  0.69188  -0.166  0.080  0.083 -0.027  0.238  0.078 -0.649  0.166  0.129 -0.376  1.000
MINUIT - FIT ONLY 2-CBO
 **********
 **   25 **RES 
 **********
                   PARAMETER   16  beta_vw RESTORED TO VARIABLE.
                   PARAMETER   14  alpha_vw RESTORED TO VARIABLE.
                   PARAMETER   11  alpha_y RESTORED TO VARIABLE.
                   PARAMETER    9  alpha_2CBO RESTORED TO VARIABLE.
                   PARAMETER    8  beta_CBO RESTORED TO VARIABLE.
 **********
 **   26 **FIX            0
 **********
 PARAMETER    0  IS UNDEFINED. IGNORED.
 **********
 **   27 **FIX            1
 **********
 **********
 **   28 **FIX            2
 **********
 PARAMETER    2  IS CONSTANT.   IGNORED.
 **********
 **   29 **FIX            3
 **********
 **********
 **   30 **FIX            4
 **********
 **********
 **   31 **FIX            5
 **********
 PARAMETER    5  IS CONSTANT.   IGNORED.
 **********
 **   32 **FIX            6
 **********
 **********
 **   33 **FIX            7
 **********
 PARAMETER    7  IS CONSTANT.   IGNORED.
 **********
 **   34 **FIX           10
 **********
 **********
 **   35 **FIX           11
 **********
 **********
 **   36 **FIX           12
 **********
 PARAMETER   12  IS CONSTANT.   IGNORED.
 **********
 **   37 **FIX           13
 **********
 **********
 **   38 **FIX           14
 **********
 **********
 **   39 **FIX           15
 **********
 PARAMETER   15  IS CONSTANT.   IGNORED.
 **********
 **   40 **FIX           16
 **********
 **********
 **   41 **MIGRAD
 **********
 START MIGRAD MINIMIZATION.  STRATEGY  1.  CONVERGENCE WHEN EDM .LT. 1.00e-04
 FCN=396.277 FROM MIGRAD    STATUS=INITIATE       18 CALLS        1537 TOTAL
                     EDM= unknown      STRATEGY= 1      NO ERROR MATRIX       
  EXT PARAMETER               CURRENT GUESS       STEP         FIRST   
  NO.   NAME      VALUE            ERROR          SIZE      DERIVATIVE 
   1  N0           3.28994e+06     fixed    
   2  tau          6.44008e+01   constant   
   3  A0           3.64917e-01     fixed    
   4  phi          4.11735e+00     fixed    
   5  R           -6.04681e+01   constant   
   6  alpha_CBO    1.99740e-03     fixed    
   7  w_CBO        2.32500e+00   constant   
   8  beta_CBO     0.00000e+00   1.00000e-03   1.00000e-03  -2.30115e+05
   9  alpha_2CBO   0.00000e+00   1.00000e-03   1.00000e-03  -7.06378e+03
  10  beta_2CBO    3.43356e-05     fixed    
  11  alpha_y      0.00000e+00     fixed    
  12  w_y          1.38860e+01   constant   
  13  beta_y       2.97296e-04     fixed    
  14  alpha_vw     0.00000e+00     fixed    
  15  w_vw         1.43404e+01   constant   
  16  beta_vw      0.00000e+00     fixed    
  17  LM          -2.11005e-04   constant   
  18  zeta_y       0.00000e+00   constant   
  19  zeta_vw      0.00000e+00   constant   
  20  T_CBO        2.95177e+01   1.15097e+00  -1.41581e-05   5.82923e-01
  21  alpha_A0    -7.68856e-02   4.93153e-02   1.02806e-04   5.87000e-02
  22  beta_A0      1.79382e-01   5.40780e-02   5.06781e-05  -4.28347e-02
  23  alpha_phi   -3.68079e-02   5.10643e-02  -1.58943e-04  -4.20408e-02
  24  beta_phi     2.71175e-01   5.93376e-02   1.51343e-04  -2.83875e-02
 CALL LIMIT EXCEEDED IN MIGRAD.
 MIGRAD TERMINATED WITHOUT CONVERGENCE.
 FCN=79.1015 FROM MIGRAD    STATUS=CALL LIMIT   1156 CALLS        2675 TOTAL
                     EDM=0.00859715    STRATEGY= 1  ERROR MATRIX UNCERTAINTY  15.8 per cent
  EXT PARAMETER                APPROXIMATE        STEP         FIRST   
  NO.   NAME      VALUE            ERROR          SIZE      DERIVATIVE 
   1  N0           3.28994e+06     fixed    
   2  tau          6.44008e+01   constant   
   3  A0           3.64917e-01     fixed    
   4  phi          4.11735e+00     fixed    
   5  R           -6.04681e+01   constant   
   6  alpha_CBO    1.99740e-03     fixed    
   7  w_CBO        2.32500e+00   constant   
   8  beta_CBO     2.74917e-03   1.50719e-04  -2.12311e-06  -4.71331e+01
   9  alpha_2CBO   1.58120e-04   1.54220e-04  -5.12201e-07  -1.77645e+00
  10  beta_2CBO    3.43356e-05     fixed    
  11  alpha_y      0.00000e+00     fixed    
  12  w_y          1.38860e+01   constant   
  13  beta_y       2.97296e-04     fixed    
  14  alpha_vw     0.00000e+00     fixed    
  15  w_vw         1.43404e+01   constant   
  16  beta_vw      0.00000e+00     fixed    
  17  LM          -2.11005e-04   constant   
  18  zeta_y       0.00000e+00   constant   
  19  zeta_vw      0.00000e+00   constant   
  20  T_CBO        1.48513e+02   1.62941e+02   1.84000e-02  -1.41498e+00
  21  alpha_A0    -1.48367e-03   2.27808e-03   1.26944e-04   1.57566e+01
  22  beta_A0      3.56691e-03   4.50628e-03  -1.43447e-04  -2.02952e+01
  23  alpha_phi   -5.99540e-04   1.84534e-03   3.23155e-05   1.76560e+01
  24  beta_phi     5.66819e-03   6.79307e-03  -2.50529e-04  -8.09888e+01
 EXTERNAL ERROR MATRIX.    NDIM=  25    NPAR=  7    ERR DEF=1
  2.272e-08  8.415e-10 -1.977e-04 -1.113e-09 -1.364e-08 -2.182e-09 -1.510e-08 
  8.415e-10  2.378e-08 -3.280e-04  8.778e-09 -3.454e-08  3.383e-08  3.007e-08 
 -1.977e-04 -3.280e-04  2.865e+04  2.564e-01 -7.030e-01  1.424e-01 -1.140e+00 
 -1.113e-09  8.778e-09  2.564e-01  5.190e-06 -5.537e-06  1.394e-06 -9.660e-06 
 -1.364e-08 -3.454e-08 -7.030e-01 -5.537e-06  2.031e-05 -3.362e-06  2.748e-05 
 -2.182e-09  3.383e-08  1.424e-01  1.394e-06 -3.362e-06  3.405e-06 -5.152e-06 
 -1.510e-08  3.007e-08 -1.140e+00 -9.660e-06  2.748e-05 -5.152e-06  4.615e-05 
ERR MATRIX APPROXIMATE
 PARAMETER  CORRELATION COEFFICIENTS  
       NO.  GLOBAL      8      9     20     21     22     23     24
        8  0.28174   1.000  0.036 -0.008 -0.003 -0.020 -0.008 -0.015
        9  0.23356   0.036  1.000 -0.013  0.025 -0.050  0.119  0.029
       20  0.99717  -0.008 -0.013  1.000  0.665 -0.922  0.456 -0.991
       21  0.79186  -0.003  0.025  0.665  1.000 -0.539  0.332 -0.624
       22  0.94979  -0.020 -0.050 -0.922 -0.539  1.000 -0.404  0.898
       23  0.61319  -0.008  0.119  0.456  0.332 -0.404  1.000 -0.411
       24  0.99558  -0.015  0.029 -0.991 -0.624  0.898 -0.411  1.000
 ERR MATRIX APPROXIMATE
MINUIT - FIT wiggle + 1-CBO + 2-CBO
 **********
 **   42 **RES 
 **********
                   PARAMETER   16  beta_vw RESTORED TO VARIABLE.
                   PARAMETER   14  alpha_vw RESTORED TO VARIABLE.
                   PARAMETER   13  beta_y RESTORED TO VARIABLE.
                   PARAMETER   11  alpha_y RESTORED TO VARIABLE.
                   PARAMETER   10  beta_2CBO RESTORED TO VARIABLE.
                   PARAMETER    6  alpha_CBO RESTORED TO VARIABLE.
                   PARAMETER    4  phi RESTORED TO VARIABLE.
                   PARAMETER    3  A0 RESTORED TO VARIABLE.
                   PARAMETER    1  N0 RESTORED TO VARIABLE.
 **********
 **   43 **FIX           10
 **********
 **********
 **   44 **FIX           11
 **********
 **********
 **   45 **FIX           12
 **********
 PARAMETER   12  IS CONSTANT.   IGNORED.
 **********
 **   46 **FIX           13
 **********
 **********
 **   47 **FIX           14
 **********
 **********
 **   48 **FIX           15
 **********
 PARAMETER   15  IS CONSTANT.   IGNORED.
 **********
 **   49 **FIX           16
 **********
 **********
 **   50 **MIGRAD
 **********
 START MIGRAD MINIMIZATION.  STRATEGY  1.  CONVERGENCE WHEN EDM .LT. 1.00e-04
 FCN=79.1015 FROM MIGRAD    STATUS=INITIATE       22 CALLS        2697 TOTAL
                     EDM= unknown      STRATEGY= 1      NO ERROR MATRIX       
  EXT PARAMETER               CURRENT GUESS       STEP         FIRST   
  NO.   NAME      VALUE            ERROR          SIZE      DERIVATIVE 
   1  N0           3.28994e+06   3.92867e+02   3.92867e+02   1.61789e-03
   2  tau          6.44008e+01   constant   
   3  A0           3.64917e-01   1.56585e-04   1.56585e-04   1.74624e+04
   4  phi          4.11735e+00   4.39143e-04   4.39143e-04  -1.99867e+04
   5  R           -6.04681e+01   constant   
   6  alpha_CBO    1.99740e-03   1.64784e-04   1.64784e-04   2.97587e+02
   7  w_CBO        2.32500e+00   constant   
   8  beta_CBO     2.74917e-03   1.50719e-04  -2.12311e-06  -4.71331e+01
   9  alpha_2CBO   1.58120e-04   1.54220e-04  -5.12201e-07  -1.77645e+00
  10  beta_2CBO    3.43356e-05     fixed    
  11  alpha_y      0.00000e+00     fixed    
  12  w_y          1.38860e+01   constant   
  13  beta_y       2.97296e-04     fixed    
  14  alpha_vw     0.00000e+00     fixed    
  15  w_vw         1.43404e+01   constant   
  16  beta_vw      0.00000e+00     fixed    
  17  LM          -2.11005e-04   constant   
  18  zeta_y       0.00000e+00   constant   
  19  zeta_vw      0.00000e+00   constant   
  20  T_CBO        1.48513e+02   1.62941e+02   1.84000e-02  -1.41499e+00
  21  alpha_A0    -1.48367e-03   2.27808e-03   1.26944e-04   1.57566e+01
  22  beta_A0      3.56691e-03   4.50628e-03  -1.43447e-04  -2.02953e+01
  23  alpha_phi   -5.99540e-04   1.84534e-03   3.23155e-05   1.76560e+01
  24  beta_phi     5.66819e-03   6.79307e-03  -2.50529e-04  -8.09888e+01
 MIGRAD MINIMIZATION HAS CONVERGED.
 FCN=55.2067 FROM MIGRAD    STATUS=CONVERGED     919 CALLS        3594 TOTAL
                     EDM=2.52416e-06    STRATEGY= 1  ERROR MATRIX UNCERTAINTY   1.0 per cent
  EXT PARAMETER                                   STEP         FIRST   
  NO.   NAME      VALUE            ERROR          SIZE      DERIVATIVE 
   1  N0           3.28977e+06   3.82352e+02  -3.81129e-01   2.35526e-06
   2  tau          6.44008e+01   constant   
   3  A0           3.64688e-01   1.52364e-04   2.07426e-07   4.97609e+00
   4  phi          4.11952e+00   4.58321e-04   4.82096e-07   6.97551e-01
   5  R           -6.04681e+01   constant   
   6  alpha_CBO    1.99188e-03   1.61894e-04  -4.21964e-07  -5.59147e+00
   7  w_CBO        2.32500e+00   constant   
   8  beta_CBO     2.95380e-03   1.58845e-04   1.17847e-07  -1.57733e+00
   9  alpha_2CBO   1.47282e-04   1.60668e-04   2.90330e-07   4.53549e+00
  10  beta_2CBO    3.43356e-05     fixed    
  11  alpha_y      0.00000e+00     fixed    
  12  w_y          1.38860e+01   constant   
  13  beta_y       2.97296e-04     fixed    
  14  alpha_vw     0.00000e+00     fixed    
  15  w_vw         1.43404e+01   constant   
  16  beta_vw      0.00000e+00     fixed    
  17  LM          -2.11005e-04   constant   
  18  zeta_y       0.00000e+00   constant   
  19  zeta_vw      0.00000e+00   constant   
  20  T_CBO        9.99893e+02   5.53049e+02   1.17152e-02  -2.46321e-04
  21  alpha_A0    -1.79490e-04   8.13119e-04   3.09015e-07   3.28644e-01
  22  beta_A0      1.68179e-03   7.86858e-04   1.39746e-07  -1.80604e+00
  23  alpha_phi   -4.28112e-04   7.59600e-04  -1.06760e-06  -1.28229e+00
  24  beta_phi     2.32660e-03   6.90039e-04   1.75706e-06  -1.47075e+00
 EXTERNAL ERROR MATRIX.    NDIM=  25    NPAR= 11    ERR DEF=1
  1.462e+05 
 -5.530e-03  2.321e-08 
 -1.167e-02 -3.747e-09  2.101e-07 
  4.070e-03  4.335e-09  3.776e-09  2.621e-08 
 -2.238e-03 -2.320e-09  1.755e-08 -2.288e-10  2.523e-08 
  2.199e-03  1.265e-09 -3.389e-10  2.733e-09 -6.117e-11  2.581e-08 
 -1.613e+03  1.054e-03  2.583e-03 -2.104e-03  6.138e-04  1.517e-03  1.504e+04 
  3.758e-02 -1.543e-08  4.753e-08 -8.306e-09  6.941e-09  6.165e-09  4.013e-03  6.612e-07 
  7.900e-02 -1.343e-08 -1.598e-09 -6.532e-09 -6.066e-09 -1.426e-08 -1.753e-02  9.942e-08  6.191e-07 
  5.924e-02 -1.588e-08 -1.943e-08 -1.240e-08 -5.145e-11  1.891e-08  9.476e-04  6.446e-08  8.675e-08  5.770e-07 
 -3.618e-02  1.161e-08 -3.385e-08  1.266e-09 -1.271e-08  7.833e-09 -1.804e-02 -3.184e-08 -9.012e-08 -7.021e-08  4.762e-07 
 PARAMETER  CORRELATION COEFFICIENTS  
       NO.  GLOBAL      1      3      4      6      8      9     20     21     22     23     24
        1  0.35732   1.000 -0.095 -0.067  0.066 -0.037  0.036 -0.034  0.121  0.263  0.204 -0.137
        3  0.29599  -0.095  1.000 -0.054  0.176 -0.096  0.052  0.056 -0.125 -0.112 -0.137  0.110
        4  0.30526  -0.067 -0.054  1.000  0.051  0.241 -0.005  0.046  0.128 -0.004 -0.056 -0.107
        6  0.29126   0.066  0.176  0.051  1.000 -0.009  0.105 -0.106 -0.063 -0.051 -0.101  0.011
        8  0.27949  -0.037 -0.096  0.241 -0.009  1.000 -0.002  0.032  0.054 -0.049 -0.000 -0.116
        9  0.27216   0.036  0.052 -0.005  0.105 -0.002  1.000  0.077  0.047 -0.113  0.155  0.071
       20  0.35214  -0.034  0.056  0.046 -0.106  0.032  0.077  1.000  0.040 -0.182  0.010 -0.213
       21  0.26779   0.121 -0.125  0.128 -0.063  0.054  0.047  0.040  1.000  0.155  0.104 -0.057
       22  0.41186   0.263 -0.112 -0.004 -0.051 -0.049 -0.113 -0.182  0.155  1.000  0.145 -0.166
       23  0.34051   0.204 -0.137 -0.056 -0.101 -0.000  0.155  0.010  0.104  0.145  1.000 -0.134
       24  0.37476  -0.137  0.110 -0.107  0.011 -0.116  0.071 -0.213 -0.057 -0.166 -0.134  1.000
MINUIT - FIT ONLY 1-y
 **********
 **   51 **RES 
 **********
                   PARAMETER   16  beta_vw RESTORED TO VARIABLE.
                   PARAMETER   14  alpha_vw RESTORED TO VARIABLE.
                   PARAMETER   13  beta_y RESTORED TO VARIABLE.
                   PARAMETER   11  alpha_y RESTORED TO VARIABLE.
                   PARAMETER   10  beta_2CBO RESTORED TO VARIABLE.
 **********
 **   52 **FIX            0
 **********
 PARAMETER    0  IS UNDEFINED. IGNORED.
 **********
 **   53 **FIX            1
 **********
 **********
 **   54 **FIX            2
 **********
 PARAMETER    2  IS CONSTANT.   IGNORED.
 **********
 **   55 **FIX            3
 **********
 **********
 **   56 **FIX            4
 **********
 **********
 **   57 **FIX            5
 **********
 PARAMETER    5  IS CONSTANT.   IGNORED.
 **********
 **   58 **FIX            6
 **********
 **********
 **   59 **FIX            7
 **********
 PARAMETER    7  IS CONSTANT.   IGNORED.
 **********
 **   60 **FIX            8
 **********
 **********
 **   61 **FIX            9
 **********
 **********
 **   62 **FIX           13
 **********
 **********
 **   63 **FIX           14
 **********
 **********
 **   64 **FIX           15
 **********
 PARAMETER   15  IS CONSTANT.   IGNORED.
 **********
 **   65 **FIX           16
 **********
 **********
 **   66 **MIGRAD
 **********
 START MIGRAD MINIMIZATION.  STRATEGY  1.  CONVERGENCE WHEN EDM .LT. 1.00e-04
 FCN=55.2067 FROM MIGRAD    STATUS=INITIATE       16 CALLS        3610 TOTAL
                     EDM= unknown      STRATEGY= 1      NO ERROR MATRIX       
  EXT PARAMETER               CURRENT GUESS       STEP         FIRST   
  NO.   NAME      VALUE            ERROR          SIZE      DERIVATIVE 
   1  N0           3.28977e+06     fixed    
   2  tau          6.44008e+01   constant   
   3  A0           3.64688e-01     fixed    
   4  phi          4.11952e+00     fixed    
   5  R           -6.04681e+01   constant   
   6  alpha_CBO    1.99188e-03     fixed    
   7  w_CBO        2.32500e+00   constant   
   8  beta_CBO     2.95380e-03     fixed    
   9  alpha_2CBO   1.47282e-04     fixed    
  10  beta_2CBO    3.43356e-05   1.63599e-04   1.63599e-04  -1.03772e+04
  11  alpha_y      0.00000e+00   1.00000e-03   1.00000e-03   4.64619e+03
  12  w_y          1.38860e+01   constant   
  13  beta_y       2.97296e-04     fixed    
  14  alpha_vw     0.00000e+00     fixed    
  15  w_vw         1.43404e+01   constant   
  16  beta_vw      0.00000e+00     fixed    
  17  LM          -2.11005e-04   constant   
  18  zeta_y       0.00000e+00   constant   
  19  zeta_vw      0.00000e+00   constant   
  20  T_CBO        9.99893e+02   5.53049e+02   1.17152e-02  -2.46868e-04
  21  alpha_A0    -1.79490e-04   8.13119e-04   3.09015e-07   3.28638e-01
  22  beta_A0      1.68179e-03   7.86858e-04   1.39746e-07  -1.80602e+00
  23  alpha_phi   -4.28112e-04   7.59600e-04  -1.06760e-06  -1.28229e+00
  24  beta_phi     2.32660e-03   6.90039e-04   1.75706e-06  -1.47075e+00
 MIGRAD MINIMIZATION HAS CONVERGED.
 MIGRAD WILL VERIFY CONVERGENCE AND ERROR MATRIX.
 COVARIANCE MATRIX CALCULATED SUCCESSFULLY
 FCN=54.4089 FROM MIGRAD    STATUS=CONVERGED     114 CALLS        3708 TOTAL
                     EDM=1.73278e-07    STRATEGY= 1      ERROR MATRIX ACCURATE 
  EXT PARAMETER                                   STEP         FIRST   
  NO.   NAME      VALUE            ERROR          SIZE      DERIVATIVE 
   1  N0           3.28977e+06     fixed    
   2  tau          6.44008e+01   constant   
   3  A0           3.64688e-01     fixed    
   4  phi          4.11952e+00     fixed    
   5  R           -6.04681e+01   constant   
   6  alpha_CBO    1.99188e-03     fixed    
   7  w_CBO        2.32500e+00   constant   
   8  beta_CBO     2.95380e-03     fixed    
   9  alpha_2CBO   1.47282e-04     fixed    
  10  beta_2CBO    1.64086e-04   1.58857e-04   5.64699e-07  -1.87774e+00
  11  alpha_y     -5.35793e-05   1.55499e-04   5.64845e-07  -1.67514e+00
  12  w_y          1.38860e+01   constant   
  13  beta_y       2.97296e-04     fixed    
  14  alpha_vw     0.00000e+00     fixed    
  15  w_vw         1.43404e+01   constant   
  16  beta_vw      0.00000e+00     fixed    
  17  LM          -2.11005e-04   constant   
  18  zeta_y       0.00000e+00   constant   
  19  zeta_vw      0.00000e+00   constant   
  20  T_CBO        1.00000e+03   5.71163e+02   4.73910e-02** at limit **
  21  alpha_A0    -7.66249e-05   7.28676e-04   2.60640e-06   1.36890e-01
  22  beta_A0      1.71041e-03   7.02550e-04   2.53538e-06   4.74010e-01
  23  alpha_phi   -4.66142e-04   6.71962e-04   2.43104e-06  -2.63124e-02
  24  beta_phi     2.38411e-03   6.54914e-04   2.34837e-06  -3.56600e-01
 EXTERNAL ERROR MATRIX.    NDIM=  25    NPAR=  7    ERR DEF=1
  2.524e-08  5.036e-10  5.214e-10  1.883e-08  5.154e-09 -6.881e-09  1.142e-08 
  5.036e-10  2.418e-08 -6.148e-11 -2.225e-09 -5.897e-10  1.124e-09  8.108e-10 
  5.214e-10 -6.148e-11  5.264e-03 -1.108e-07  2.530e-06 -6.871e-07  3.546e-06 
  1.883e-08 -2.225e-09 -1.108e-07  5.310e-07  3.527e-08  5.329e-09  1.426e-08 
  5.154e-09 -5.897e-10  2.530e-06  3.527e-08  4.936e-07  9.689e-09 -2.882e-08 
 -6.881e-09  1.124e-09 -6.871e-07  5.329e-09  9.689e-09  4.515e-07 -3.066e-08 
  1.142e-08  8.108e-10  3.546e-06  1.426e-08 -2.882e-08 -3.066e-08  4.289e-07 
 PARAMETER  CORRELATION COEFFICIENTS  
       NO.  GLOBAL     10     11     20     21     22     23     24
       10  0.20848   1.000  0.020  0.000  0.163  0.046 -0.064  0.110
       11  0.03443   0.020  1.000 -0.000 -0.020 -0.005  0.011  0.008
       20  0.09384   0.000 -0.000  1.000 -0.002  0.050 -0.014  0.075
       21  0.17753   0.163 -0.020 -0.002  1.000  0.069  0.011  0.030
       22  0.11893   0.046 -0.005  0.050  0.069  1.000  0.021 -0.063
       23  0.09603  -0.064  0.011 -0.014  0.011  0.021  1.000 -0.070
       24  0.16341   0.110  0.008  0.075  0.030 -0.063 -0.070  1.000
MINUIT - FIT ONLY 2-y
 **********
 **   67 **RES 
 **********
                   PARAMETER   16  beta_vw RESTORED TO VARIABLE.
                   PARAMETER   14  alpha_vw RESTORED TO VARIABLE.
                   PARAMETER   13  beta_y RESTORED TO VARIABLE.
                   PARAMETER    9  alpha_2CBO RESTORED TO VARIABLE.
                   PARAMETER    8  beta_CBO RESTORED TO VARIABLE.
                   PARAMETER    6  alpha_CBO RESTORED TO VARIABLE.
                   PARAMETER    4  phi RESTORED TO VARIABLE.
                   PARAMETER    3  A0 RESTORED TO VARIABLE.
                   PARAMETER    1  N0 RESTORED TO VARIABLE.
 **********
 **   68 **FIX            0
 **********
 PARAMETER    0  IS UNDEFINED. IGNORED.
 **********
 **   69 **FIX            1
 **********
 **********
 **   70 **FIX            2
 **********
 PARAMETER    2  IS CONSTANT.   IGNORED.
 **********
 **   71 **FIX            3
 **********
 **********
 **   72 **FIX            4
 **********
 **********
 **   73 **FIX            5
 **********
 PARAMETER    5  IS CONSTANT.   IGNORED.
 **********
 **   74 **FIX            6
 **********
 **********
 **   75 **FIX            7
 **********
 PARAMETER    7  IS CONSTANT.   IGNORED.
 **********
 **   76 **FIX            8
 **********
 **********
 **   77 **FIX            9
 **********
 **********
 **   78 **FIX           10
 **********
 **********
 **   79 **FIX           11
 **********
 **********
 **   80 **FIX           12
 **********
 PARAMETER   12  IS CONSTANT.   IGNORED.
 **********
 **   81 **FIX           16
 **********
 **********
 **   82 **MIGRAD
 **********
 START MIGRAD MINIMIZATION.  STRATEGY  1.  CONVERGENCE WHEN EDM .LT. 1.00e-04
 FCN=54.4089 FROM MIGRAD    STATUS=INITIATE       16 CALLS        3724 TOTAL
                     EDM= unknown      STRATEGY= 1      NO ERROR MATRIX       
  EXT PARAMETER               CURRENT GUESS       STEP         FIRST   
  NO.   NAME      VALUE            ERROR          SIZE      DERIVATIVE 
   1  N0           3.28977e+06     fixed    
   2  tau          6.44008e+01   constant   
   3  A0           3.64688e-01     fixed    
   4  phi          4.11952e+00     fixed    
   5  R           -6.04681e+01   constant   
   6  alpha_CBO    1.99188e-03     fixed    
   7  w_CBO        2.32500e+00   constant   
   8  beta_CBO     2.95380e-03     fixed    
   9  alpha_2CBO   1.47282e-04     fixed    
  10  beta_2CBO    1.64086e-04     fixed    
  11  alpha_y     -5.35793e-05     fixed    
  12  w_y          1.38860e+01   constant   
  13  beta_y       2.97296e-04   1.57043e-04   1.57043e-04  -4.06055e+02
  14  alpha_vw     0.00000e+00   1.00000e-03   1.00000e-03  -2.85088e+04
  15  w_vw         1.43404e+01   constant   
  16  beta_vw      0.00000e+00     fixed    
  17  LM          -2.11005e-04   constant   
  18  zeta_y       0.00000e+00   constant   
  19  zeta_vw      0.00000e+00   constant   
  20  T_CBO        9.99999e+02   5.71163e+02   4.73910e-02  -2.23644e-05
  21  alpha_A0    -7.66249e-05   7.28676e-04   2.60640e-06   1.37029e-01
  22  beta_A0      1.71041e-03   7.02550e-04   2.53538e-06   4.72956e-01
  23  alpha_phi   -4.66142e-04   6.71962e-04   2.43104e-06  -2.61295e-02
  24  beta_phi     2.38411e-03   6.54914e-04   2.34837e-06  -3.58062e-01
 MIGRAD MINIMIZATION HAS CONVERGED.
 MIGRAD WILL VERIFY CONVERGENCE AND ERROR MATRIX.
 COVARIANCE MATRIX CALCULATED SUCCESSFULLY
 FCN=49.1584 FROM MIGRAD    STATUS=CONVERGED     112 CALLS        3820 TOTAL
                     EDM=1.284e-06    STRATEGY= 1      ERROR MATRIX ACCURATE 
  EXT PARAMETER                                   STEP         FIRST   
  NO.   NAME      VALUE            ERROR          SIZE      DERIVATIVE 
   1  N0           3.28977e+06     fixed    
   2  tau          6.44008e+01   constant   
   3  A0           3.64688e-01     fixed    
   4  phi          4.11952e+00     fixed    
   5  R           -6.04681e+01   constant   
   6  alpha_CBO    1.99188e-03     fixed    
   7  w_CBO        2.32500e+00   constant   
   8  beta_CBO     2.95380e-03     fixed    
   9  alpha_2CBO   1.47282e-04     fixed    
  10  beta_2CBO    1.64086e-04     fixed    
  11  alpha_y     -5.35793e-05     fixed    
  12  w_y          1.38860e+01   constant   
  13  beta_y       3.82800e-04   1.61715e-04   5.45751e-07  -1.59908e-01
  14  alpha_vw     3.67125e-04   1.60234e-04   5.40729e-07   1.11778e-01
  15  w_vw         1.43404e+01   constant   
  16  beta_vw      0.00000e+00     fixed    
  17  LM          -2.11005e-04   constant   
  18  zeta_y       0.00000e+00   constant   
  19  zeta_vw      0.00000e+00   constant   
  20  T_CBO        1.00000e+03   6.07254e+02   4.80819e-02** at limit **
  21  alpha_A0    -6.84492e-05   7.18819e-04   2.47984e-06   1.17112e+00
  22  beta_A0      1.67248e-03   7.02081e-04   2.41226e-06   6.93483e-02
  23  alpha_phi   -4.42641e-04   6.70611e-04   2.31301e-06   1.13267e+00
  24  beta_phi     2.39807e-03   6.51122e-04   2.23435e-06  -1.65200e+00
 EXTERNAL ERROR MATRIX.    NDIM=  25    NPAR=  7    ERR DEF=1
  2.615e-08  5.626e-09  2.504e-10  1.271e-09 -2.432e-09  1.206e-09  9.418e-10 
  5.626e-09  2.567e-08  2.239e-10  5.432e-10 -2.613e-09  1.618e-09  9.802e-10 
  2.504e-10  2.239e-10  1.088e-03 -4.772e-08  1.157e-06 -3.044e-07  1.668e-06 
  1.271e-09  5.432e-10 -4.772e-08  5.167e-07  3.120e-08  1.067e-08  5.838e-09 
 -2.432e-09 -2.613e-09  1.157e-06  3.120e-08  4.929e-07  1.089e-08 -3.122e-08 
  1.206e-09  1.618e-09 -3.044e-07  1.067e-08  1.089e-08  4.497e-07 -2.749e-08 
  9.418e-10  9.802e-10  1.668e-06  5.838e-09 -3.122e-08 -2.749e-08  4.240e-07 
 PARAMETER  CORRELATION COEFFICIENTS  
       NO.  GLOBAL     13     14     20     21     22     23     24
       13  0.21824   1.000  0.217  0.000  0.011 -0.021  0.011  0.009
       14  0.21844   0.217  1.000  0.000  0.005 -0.023  0.015  0.009
       20  0.09612   0.000  0.000  1.000 -0.002  0.050 -0.014  0.078
       21  0.06905   0.011  0.005 -0.002  1.000  0.062  0.022  0.012
       22  0.11328  -0.021 -0.023  0.050  0.062  1.000  0.023 -0.068
       23  0.07224   0.011  0.015 -0.014  0.022  0.023  1.000 -0.063
       24  0.12380   0.009  0.009  0.078  0.012 -0.068 -0.063  1.000
MINUIT - FIT ALTOGETHER
 **********
 **   83 **RES 
 **********
