 + ++++++++++++++++++++++++++++++++++++++++++++++++++++++++++++++++++++ +
 +                                                                      +
 +           You have chose to blind your fitting according to          +
 +                omega_ref * (1 + (R +/- deltaR) *10^{-6})             +
 +                                                                      +
 + ++++++++++++++++++++++++++++++++++++++++++++++++++++++++++++++++++++ +
In main()...
reading format from /gm2data/zkhechad/run45/envelope/formats/formatB_sBin_constraintOn.txt
pBinTau 	= 0  
pBinPhi 	= 0  
constraintau 	= 1 
includeMopTerm 	= 0    
constrainMop    = 0   
Parameters after format file: pBinTau 0 pBinPhi 0 constraintau 1 includeMopTerm 0 constrainMop 0 c_e_scale 0.000000 
Opening file /gm2data/tbarrett/gm2fr/studies/run23_bunch_corrections/CorrectedFourier_Run3b.root.
reading full fit data from /gm2data/zkhechad/cboTemplates/Run4CBOTemplates/templateFits0_v2.0/noRF/sBin_constraintOn_cE0.0_seed0_noRF_calo0.root
windowBins = 17
fitting sliding window 324 from bin 460 at 68.482800 to bin 477 at 71.168400 (17 bins)

Reading data from /gm2data/cornell/histograms/aMethod/histogram_a_noRF.root
 **********
 **    1 **SET PRINTOUT            1
 **********
 **********
 **    2 **SET NOWARNINGS 
 **********
 PARAMETER DEFINITIONS:
    NO.   NAME         VALUE      STEP SIZE      LIMITS
     1 N0           7.53704e+07  1.00000e+02     no limits
     2 tau          6.43893e+01  constant
     3 A0           3.53537e-01  1.00000e-04     no limits
     4 phi          4.11945e+00  1.00000e-02     no limits
     5 R           -6.07681e+01  constant
     6 alpha_CBO    0.00000e+00  1.00000e-03     no limits
     7 w_CBO        2.32500e+00  constant
     8 beta_CBO     0.00000e+00  1.00000e-03     no limits
     9 alpha_2CBO   0.00000e+00  1.00000e-03     no limits
    10 beta_2CBO    0.00000e+00  1.00000e-03     no limits
    11 alpha_y      0.00000e+00  1.00000e-03     no limits
    12 w_y          1.44500e+01  constant
    13 beta_y       0.00000e+00  1.00000e-03     no limits
    14 alpha_vw     0.00000e+00  1.00000e-03     no limits
    15 w_vw         1.29000e+01  constant
    16 beta_vw      0.00000e+00  1.00000e-03     no limits
    17 LM          -5.35738e-04  constant
    18 zeta_y       0.00000e+00  constant
    19 zeta_vw      0.00000e+00  constant
    20 T_CBO        1.00000e+02  1.00000e+00    0.00000e+00  1.00000e+03
    21 alpha_A0     0.00000e+00  1.00000e-03     no limits
    22 beta_A0      0.00000e+00  1.00000e-03     no limits
    23 alpha_phi    0.00000e+00  1.00000e-03     no limits
    24 beta_phi     0.00000e+00  1.00000e-03     no limits
MINUIT - FIT ONLY WIGGLE
 **********
 **    3 **FIX            5
 **********
 PARAMETER    5  IS CONSTANT.   IGNORED.
 **********
 **    4 **FIX            6
 **********
 **********
 **    5 **FIX            7
 **********
 PARAMETER    7  IS CONSTANT.   IGNORED.
 **********
 **    6 **FIX            8
 **********
 **********
 **    7 **FIX            9
 **********
 **********
 **    8 **FIX           10
 **********
 **********
 **    9 **FIX           11
 **********
 **********
 **   10 **FIX           12
 **********
 PARAMETER   12  IS CONSTANT.   IGNORED.
 **********
 **   11 **FIX           13
 **********
 **********
 **   12 **FIX           14
 **********
 **********
 **   13 **FIX           15
 **********
 PARAMETER   15  IS CONSTANT.   IGNORED.
 **********
 **   14 **FIX           16
 **********
 **********
 **   15 **MIGRAD
 **********
 FIRST CALL TO USER FUNCTION AT NEW START POINT, WITH IFLAG=4.
 START MIGRAD MINIMIZATION.  STRATEGY  1.  CONVERGENCE WHEN EDM .LT. 1.00e-04
 FCN=1162.55 FROM MIGRAD    STATUS=INITIATE      435 CALLS         436 TOTAL
                     EDM= unknown      STRATEGY= 1      NO ERROR MATRIX       
  EXT PARAMETER               CURRENT GUESS       STEP         FIRST   
  NO.   NAME      VALUE            ERROR          SIZE      DERIVATIVE 
   1  N0           7.53704e+07   1.00000e+02   0.00000e+00   3.83529e-03
   2  tau          6.43893e+01   constant   
   3  A0           3.53537e-01   1.00000e-04   0.00000e+00   1.38126e+06
   4  phi          4.11945e+00   1.00000e-02   0.00000e+00  -6.79250e+03
   5  R           -6.07681e+01   constant   
   6  alpha_CBO    0.00000e+00     fixed    
   7  w_CBO        2.32500e+00   constant   
   8  beta_CBO     0.00000e+00     fixed    
   9  alpha_2CBO   0.00000e+00     fixed    
  10  beta_2CBO    0.00000e+00     fixed    
  11  alpha_y      0.00000e+00     fixed    
  12  w_y          1.44500e+01   constant   
  13  beta_y       0.00000e+00     fixed    
  14  alpha_vw     0.00000e+00     fixed    
  15  w_vw         1.29000e+01   constant   
  16  beta_vw      0.00000e+00     fixed    
  17  LM          -5.35738e-04   constant   
  18  zeta_y       0.00000e+00   constant   
  19  zeta_vw      0.00000e+00   constant   
  20  T_CBO        1.00000e+02   1.00000e+00   0.00000e+00   0.00000e+00
  21  alpha_A0     0.00000e+00   1.00000e-03   0.00000e+00  -1.44566e+05
  22  beta_A0      0.00000e+00   1.00000e-03   0.00000e+00   3.04450e+04
  23  alpha_phi    0.00000e+00   1.00000e-03   0.00000e+00   4.96083e+04
  24  beta_phi     0.00000e+00   1.00000e-03   0.00000e+00   2.44855e+03
 CALL LIMIT EXCEEDED IN MIGRAD.
 MIGRAD TERMINATED WITHOUT CONVERGENCE.
 FCN=147.752 FROM MIGRAD    STATUS=CALL LIMIT   1337 CALLS        1338 TOTAL
                     EDM=0.0436779    STRATEGY= 1  ERROR MATRIX UNCERTAINTY   0.4 per cent
  EXT PARAMETER                APPROXIMATE        STEP         FIRST   
  NO.   NAME      VALUE            ERROR          SIZE      DERIVATIVE 
   1  N0           7.53024e+07   4.12958e+03  -1.71057e+02   7.39917e-05
   2  tau          6.43893e+01   constant   
   3  A0           3.52226e-01   4.46474e-05  -2.76550e-06  -7.38729e+03
   4  phi          4.12145e+00   2.41921e-04  -1.18458e-05   1.68324e+02
   5  R           -6.07681e+01   constant   
   6  alpha_CBO    0.00000e+00     fixed    
   7  w_CBO        2.32500e+00   constant   
   8  beta_CBO     0.00000e+00     fixed    
   9  alpha_2CBO   0.00000e+00     fixed    
  10  beta_2CBO    0.00000e+00     fixed    
  11  alpha_y      0.00000e+00     fixed    
  12  w_y          1.44500e+01   constant   
  13  beta_y       0.00000e+00     fixed    
  14  alpha_vw     0.00000e+00     fixed    
  15  w_vw         1.29000e+01   constant   
  16  beta_vw      0.00000e+00     fixed    
  17  LM          -5.35738e-04   constant   
  18  zeta_y       0.00000e+00   constant   
  19  zeta_vw      0.00000e+00   constant   
  20  T_CBO        1.48377e+01   1.95350e+00  -2.70062e-03  -1.04936e+02
  21  alpha_A0    -1.89922e-02   1.48063e-02  -2.53060e-03   2.78699e+01
  22  beta_A0      1.42882e-02   9.04808e-03   1.32948e-03  -2.76492e+01
  23  alpha_phi   -2.45386e-02   1.39091e-02  -2.30027e-03   5.98170e+00
  24  beta_phi     1.47560e-01   7.72229e-02   1.33911e-02  -1.21735e+01
 EXTERNAL ERROR MATRIX.    NDIM=  25    NPAR=  8    ERR DEF=1
  1.705e+07  5.192e-02 -7.810e-01  2.078e+03  1.031e+01 -9.452e+00  1.129e+01 -4.579e+01 
  5.192e-02  1.993e-09  9.973e-11  1.479e-05  2.110e-07 -1.169e-07  1.879e-07 -1.085e-06 
 -7.810e-01  9.973e-11  5.853e-08 -9.213e-05 -8.826e-08  3.522e-07 -2.308e-07 -7.978e-08 
  2.078e+03  1.479e-05 -9.213e-05  3.816e+00  2.791e-02 -1.623e-02  2.613e-02 -1.453e-01 
  1.031e+01  2.110e-07 -8.826e-08  2.791e-02  2.192e-04 -1.268e-04  2.046e-04 -1.141e-03 
 -9.452e+00 -1.169e-07  3.522e-07 -1.623e-02 -1.268e-04  8.187e-05 -1.229e-04  6.486e-04 
  1.129e+01  1.879e-07 -2.308e-07  2.613e-02  2.046e-04 -1.229e-04  1.935e-04 -1.059e-03 
 -4.579e+01 -1.085e-06 -7.978e-08 -1.453e-01 -1.141e-03  6.486e-04 -1.059e-03  5.963e-03 
ERR MATRIX APPROXIMATE
 PARAMETER  CORRELATION COEFFICIENTS  
       NO.  GLOBAL      1      3      4     20     21     22     23     24
        1  0.86502   1.000  0.282 -0.782  0.258  0.169 -0.253  0.197 -0.144
        3  0.85041   0.282  1.000  0.009  0.170  0.319 -0.289  0.303 -0.315
        4  0.93537  -0.782  0.009  1.000 -0.195 -0.025  0.161 -0.069 -0.004
       20  0.99434   0.258  0.170 -0.195  1.000  0.965 -0.918  0.962 -0.963
       21  0.99986   0.169  0.319 -0.025  0.965  1.000 -0.947  0.994 -0.998
       22  0.99932  -0.253 -0.289  0.161 -0.918 -0.947  1.000 -0.976  0.928
       23  0.99988   0.197  0.303 -0.069  0.962  0.994 -0.976  1.000 -0.986
       24  0.99984  -0.144 -0.315 -0.004 -0.963 -0.998  0.928 -0.986  1.000
 ERR MATRIX APPROXIMATE
MINUIT - FIT ONLY 1-CBO + wiggle
 **********
 **   16 **RES 
 **********
                   PARAMETER   16  beta_vw RESTORED TO VARIABLE.
                   PARAMETER   14  alpha_vw RESTORED TO VARIABLE.
                   PARAMETER   13  beta_y RESTORED TO VARIABLE.
                   PARAMETER   11  alpha_y RESTORED TO VARIABLE.
                   PARAMETER   10  beta_2CBO RESTORED TO VARIABLE.
                   PARAMETER    9  alpha_2CBO RESTORED TO VARIABLE.
                   PARAMETER    8  beta_CBO RESTORED TO VARIABLE.
                   PARAMETER    6  alpha_CBO RESTORED TO VARIABLE.
 **********
 **   17 **FIX            8
 **********
 **********
 **   18 **FIX            9
 **********
 **********
 **   19 **FIX           11
 **********
 **********
 **   20 **FIX           12
 **********
 PARAMETER   12  IS CONSTANT.   IGNORED.
 **********
 **   21 **FIX           14
 **********
 **********
 **   22 **FIX           15
 **********
 PARAMETER   15  IS CONSTANT.   IGNORED.
 **********
 **   23 **FIX           16
 **********
 **********
 **   24 **MIGRAD
 **********
 START MIGRAD MINIMIZATION.  STRATEGY  1.  CONVERGENCE WHEN EDM .LT. 1.00e-04
 FCN=147.752 FROM MIGRAD    STATUS=INITIATE       28 CALLS        1366 TOTAL
                     EDM= unknown      STRATEGY= 1      NO ERROR MATRIX       
  EXT PARAMETER               CURRENT GUESS       STEP         FIRST   
  NO.   NAME      VALUE            ERROR          SIZE      DERIVATIVE 
   1  N0           7.53024e+07   4.12958e+03  -1.71057e+02   7.39917e-05
   2  tau          6.43893e+01   constant   
   3  A0           3.52226e-01   4.46474e-05  -2.76550e-06  -7.38729e+03
   4  phi          4.12145e+00   2.41921e-04  -1.18458e-05   1.68324e+02
   5  R           -6.07681e+01   constant   
   6  alpha_CBO    0.00000e+00   1.00000e-03   1.00000e-03  -1.75960e+04
   7  w_CBO        2.32500e+00   constant   
   8  beta_CBO     0.00000e+00     fixed    
   9  alpha_2CBO   0.00000e+00     fixed    
  10  beta_2CBO    0.00000e+00   1.00000e-03   1.00000e-03  -2.38041e+04
  11  alpha_y      0.00000e+00     fixed    
  12  w_y          1.44500e+01   constant   
  13  beta_y       0.00000e+00   1.00000e-03   1.00000e-03   1.59928e+05
  14  alpha_vw     0.00000e+00     fixed    
  15  w_vw         1.29000e+01   constant   
  16  beta_vw      0.00000e+00     fixed    
  17  LM          -5.35738e-04   constant   
  18  zeta_y       0.00000e+00   constant   
  19  zeta_vw      0.00000e+00   constant   
  20  T_CBO        1.48377e+01   1.95350e+00  -2.70062e-03  -1.04936e+02
  21  alpha_A0    -1.89922e-02   1.48063e-02  -2.53060e-03   2.78699e+01
  22  beta_A0      1.42882e-02   9.04808e-03   1.32948e-03  -2.76492e+01
  23  alpha_phi   -2.45386e-02   1.39091e-02  -2.30027e-03   5.98170e+00
  24  beta_phi     1.47560e-01   7.72229e-02   1.33911e-02  -1.21735e+01
 MIGRAD MINIMIZATION HAS CONVERGED.
 FCN=112.367 FROM MIGRAD    STATUS=CONVERGED    1801 CALLS        3139 TOTAL
                     EDM=7.40537e-08    STRATEGY= 1  ERROR MATRIX UNCERTAINTY   1.2 per cent
  EXT PARAMETER                                   STEP         FIRST   
  NO.   NAME      VALUE            ERROR          SIZE      DERIVATIVE 
   1  N0           7.46672e+07   1.32221e+05  -1.96414e+02   1.23224e-07
   2  tau          6.43893e+01   constant   
   3  A0           3.38968e-01   2.83085e-03  -4.15933e-06  -4.42809e+00
   4  phi          4.09096e+00   6.63643e-03  -9.63584e-06   3.57849e-01
   5  R           -6.07681e+01   constant   
   6  alpha_CBO   -5.33413e-03   1.57280e-03  -1.86712e-06  -3.59024e+00
   7  w_CBO        2.32500e+00   constant   
   8  beta_CBO     0.00000e+00     fixed    
   9  alpha_2CBO   0.00000e+00     fixed    
  10  beta_2CBO    8.15063e-04   4.64755e-04   4.84723e-07   1.22119e+00
  11  alpha_y      0.00000e+00     fixed    
  12  w_y          1.44500e+01   constant   
  13  beta_y      -6.39448e-05   4.61505e-05  -2.98158e-08  -9.92623e-01
  14  alpha_vw     0.00000e+00     fixed    
  15  w_vw         1.29000e+01   constant   
  16  beta_vw      0.00000e+00     fixed    
  17  LM          -5.35738e-04   constant   
  18  zeta_y       0.00000e+00   constant   
  19  zeta_vw      0.00000e+00   constant   
  20  T_CBO        1.79543e+01   5.47521e-02   6.36050e-07   1.37109e-01
  21  alpha_A0    -2.87930e+00   5.37110e-01  -8.77335e-04  -2.26186e-02
  22  beta_A0     -1.42657e+00   2.77492e-01  -4.07122e-04   1.92877e-02
  23  alpha_phi   -1.00986e+00   1.79603e-01  -2.55992e-04  -3.22715e-02
  24  beta_phi     3.31930e+00   7.09092e-01   1.06633e-03  -1.75079e-02
 EXTERNAL ERROR MATRIX.    NDIM=  25    NPAR= 11    ERR DEF=1
  1.748e+10 
  3.735e+02  8.014e-06 
  8.612e+02  1.863e-05  4.404e-05 
  2.029e+02  4.359e-06  1.011e-05  2.474e-06 
 -5.177e+01 -1.145e-06 -2.805e-06 -6.626e-07  2.160e-07 
 -1.578e+00 -3.569e-08 -9.282e-08 -1.699e-08  6.092e-09  2.130e-09 
 -6.811e+03 -1.454e-04 -3.329e-04 -8.256e-05  2.128e-05  5.189e-07  2.998e-03 
  6.980e+04  1.497e-03  3.490e-03  7.841e-04 -2.025e-04 -7.460e-06 -2.608e-02  2.885e-01 
  3.645e+04  7.838e-04  1.834e-03  4.236e-04 -1.131e-04 -3.664e-06 -1.404e-02  1.473e-01  7.700e-02 
  2.363e+04  5.073e-04  1.181e-03  2.784e-04 -7.404e-05 -2.250e-06 -9.256e-03  9.403e-02  4.960e-02  3.226e-02 
 -9.263e+04 -1.998e-03 -4.700e-03 -1.079e-03  2.943e-04  9.787e-06  3.563e-02 -3.757e-01 -1.964e-01 -1.265e-01  5.028e-01 
 PARAMETER  CORRELATION COEFFICIENTS  
       NO.  GLOBAL      1      3      4      6     10     13     20     21     22     23     24
        1  0.99995   1.000  0.998  0.981  0.976 -0.842 -0.259 -0.941  0.983  0.993  0.995 -0.988
        3  0.99998   0.998  1.000  0.992  0.979 -0.870 -0.273 -0.938  0.984  0.998  0.998 -0.995
        4  0.99997   0.981  0.992  1.000  0.968 -0.910 -0.303 -0.916  0.979  0.996  0.991 -0.999
        6  0.99990   0.976  0.979  0.968  1.000 -0.906 -0.234 -0.959  0.928  0.971  0.986 -0.968
       10  0.99675  -0.842 -0.870 -0.910 -0.906  1.000  0.284  0.836 -0.811 -0.877 -0.887  0.893
       13  0.45974  -0.259 -0.273 -0.303 -0.234  0.284  1.000  0.205 -0.301 -0.286 -0.271  0.299
       20  0.98767  -0.941 -0.938 -0.916 -0.959  0.836  0.205  1.000 -0.887 -0.924 -0.941  0.918
       21  0.99991   0.983  0.984  0.979  0.928 -0.811 -0.301 -0.887  1.000  0.988  0.975 -0.986
       22  0.99976   0.993  0.998  0.996  0.971 -0.877 -0.286 -0.924  0.988  1.000  0.995 -0.998
       23  0.99954   0.995  0.998  0.991  0.986 -0.887 -0.271 -0.941  0.975  0.995  1.000 -0.993
       24  0.99997  -0.988 -0.995 -0.999 -0.968  0.893  0.299  0.918 -0.986 -0.998 -0.993  1.000
MINUIT - FIT ONLY 2-CBO
 **********
 **   25 **RES 
 **********
                   PARAMETER   16  beta_vw RESTORED TO VARIABLE.
                   PARAMETER   14  alpha_vw RESTORED TO VARIABLE.
                   PARAMETER   11  alpha_y RESTORED TO VARIABLE.
                   PARAMETER    9  alpha_2CBO RESTORED TO VARIABLE.
                   PARAMETER    8  beta_CBO RESTORED TO VARIABLE.
 **********
 **   26 **FIX            0
 **********
 PARAMETER    0  IS UNDEFINED. IGNORED.
 **********
 **   27 **FIX            1
 **********
 **********
 **   28 **FIX            2
 **********
 PARAMETER    2  IS CONSTANT.   IGNORED.
 **********
 **   29 **FIX            3
 **********
 **********
 **   30 **FIX            4
 **********
 **********
 **   31 **FIX            5
 **********
 PARAMETER    5  IS CONSTANT.   IGNORED.
 **********
 **   32 **FIX            6
 **********
 **********
 **   33 **FIX            7
 **********
 PARAMETER    7  IS CONSTANT.   IGNORED.
 **********
 **   34 **FIX           10
 **********
 **********
 **   35 **FIX           11
 **********
 **********
 **   36 **FIX           12
 **********
 PARAMETER   12  IS CONSTANT.   IGNORED.
 **********
 **   37 **FIX           13
 **********
 **********
 **   38 **FIX           14
 **********
 **********
 **   39 **FIX           15
 **********
 PARAMETER   15  IS CONSTANT.   IGNORED.
 **********
 **   40 **FIX           16
 **********
 **********
 **   41 **MIGRAD
 **********
 START MIGRAD MINIMIZATION.  STRATEGY  1.  CONVERGENCE WHEN EDM .LT. 1.00e-04
 FCN=112.367 FROM MIGRAD    STATUS=INITIATE       18 CALLS        3157 TOTAL
                     EDM= unknown      STRATEGY= 1      NO ERROR MATRIX       
  EXT PARAMETER               CURRENT GUESS       STEP         FIRST   
  NO.   NAME      VALUE            ERROR          SIZE      DERIVATIVE 
   1  N0           7.46672e+07     fixed    
   2  tau          6.43893e+01   constant   
   3  A0           3.38968e-01     fixed    
   4  phi          4.09096e+00     fixed    
   5  R           -6.07681e+01   constant   
   6  alpha_CBO   -5.33413e-03     fixed    
   7  w_CBO        2.32500e+00   constant   
   8  beta_CBO     0.00000e+00   1.00000e-03   1.00000e-03   1.51329e+02
   9  alpha_2CBO   0.00000e+00   1.00000e-03   1.00000e-03  -1.35233e+03
  10  beta_2CBO    8.15063e-04     fixed    
  11  alpha_y      0.00000e+00     fixed    
  12  w_y          1.44500e+01   constant   
  13  beta_y      -6.39448e-05     fixed    
  14  alpha_vw     0.00000e+00     fixed    
  15  w_vw         1.29000e+01   constant   
  16  beta_vw      0.00000e+00     fixed    
  17  LM          -5.35738e-04   constant   
  18  zeta_y       0.00000e+00   constant   
  19  zeta_vw      0.00000e+00   constant   
  20  T_CBO        1.79543e+01   5.47521e-02   6.36050e-07   1.37109e-01
  21  alpha_A0    -2.87930e+00   5.37110e-01  -8.77335e-04  -2.26190e-02
  22  beta_A0     -1.42657e+00   2.77492e-01  -4.07122e-04   1.92943e-02
  23  alpha_phi   -1.00986e+00   1.79603e-01  -2.55992e-04  -3.22715e-02
  24  beta_phi     3.31930e+00   7.09092e-01   1.06633e-03  -1.75079e-02
 MIGRAD MINIMIZATION HAS CONVERGED.
 MIGRAD WILL VERIFY CONVERGENCE AND ERROR MATRIX.
 FCN=112.36 FROM MIGRAD    STATUS=CONVERGED     163 CALLS        3302 TOTAL
                     EDM=1.62869e-07    STRATEGY= 1      ERR MATRIX NOT POS-DEF
  EXT PARAMETER                APPROXIMATE        STEP         FIRST   
  NO.   NAME      VALUE            ERROR          SIZE      DERIVATIVE 
   1  N0           7.46672e+07     fixed    
   2  tau          6.43893e+01   constant   
   3  A0           3.38968e-01     fixed    
   4  phi          4.09096e+00     fixed    
   5  R           -6.07681e+01   constant   
   6  alpha_CBO   -5.33413e-03     fixed    
   7  w_CBO        2.32500e+00   constant   
   8  beta_CBO     5.10176e-06   9.98740e-05   2.31690e-07   2.73031e+00
   9  alpha_2CBO   9.78580e-06   1.20545e-04   2.24772e-07   1.12215e+01
  10  beta_2CBO    8.15063e-04     fixed    
  11  alpha_y      0.00000e+00     fixed    
  12  w_y          1.44500e+01   constant   
  13  beta_y      -6.39448e-05     fixed    
  14  alpha_vw     0.00000e+00     fixed    
  15  w_vw         1.29000e+01   constant   
  16  beta_vw      0.00000e+00     fixed    
  17  LM          -5.35738e-04   constant   
  18  zeta_y       0.00000e+00   constant   
  19  zeta_vw      0.00000e+00   constant   
  20  T_CBO        1.79543e+01   1.34924e-01   6.20842e-07   2.07687e+00
  21  alpha_A0    -2.87878e+00   8.35858e-02   5.13596e-05  -2.20271e-02
  22  beta_A0     -1.42831e+00   4.71769e-02   4.16539e-05   1.39662e-02
  23  alpha_phi   -1.00874e+00   3.31852e-02   3.33532e-05  -6.24735e-02
  24  beta_phi     3.31945e+00   9.61960e-02   4.18156e-05  -8.04739e-03
 EXTERNAL ERROR MATRIX.    NDIM=  25    NPAR=  7    ERR DEF=1
  9.975e-09  8.059e-09  1.422e-06  1.204e-06 -1.671e-06  1.387e-06 -2.438e-07 
  8.059e-09  1.453e-08  2.085e-07  8.623e-07 -2.593e-06  1.701e-06  1.781e-07 
  1.422e-06  2.085e-07  1.820e-02  1.116e-02  5.398e-03  3.968e-03 -1.288e-02 
  1.204e-06  8.623e-07  1.116e-02  6.987e-03  3.182e-03  2.512e-03 -7.913e-03 
 -1.671e-06 -2.593e-06  5.398e-03  3.182e-03  2.226e-03  8.453e-04 -3.955e-03 
  1.387e-06  1.701e-06  3.968e-03  2.512e-03  8.453e-04  1.101e-03 -2.755e-03 
 -2.438e-07  1.781e-07 -1.288e-02 -7.913e-03 -3.955e-03 -2.755e-03  9.254e-03 
ERR MATRIX NOT POS-DEF
 PARAMETER  CORRELATION COEFFICIENTS  
       NO.  GLOBAL      8      9     20     21     22     23     24
        8  0.89517   1.000  0.669  0.106  0.144 -0.355  0.418 -0.025
        9  0.93362   0.669  1.000  0.013  0.086 -0.456  0.425  0.015
       20  0.99735   0.106  0.013  1.000  0.989  0.848  0.886 -0.992
       21  0.99301   0.144  0.086  0.989  1.000  0.807  0.905 -0.984
       22  0.98551  -0.355 -0.456  0.848  0.807  1.000  0.540 -0.872
       23  0.98118   0.418  0.425  0.886  0.905  0.540  1.000 -0.863
       24  0.99651  -0.025  0.015 -0.992 -0.984 -0.872 -0.863  1.000
 ERR MATRIX NOT POS-DEF
MINUIT - FIT wiggle + 1-CBO + 2-CBO
 **********
 **   42 **RES 
 **********
                   PARAMETER   16  beta_vw RESTORED TO VARIABLE.
                   PARAMETER   14  alpha_vw RESTORED TO VARIABLE.
                   PARAMETER   13  beta_y RESTORED TO VARIABLE.
                   PARAMETER   11  alpha_y RESTORED TO VARIABLE.
                   PARAMETER   10  beta_2CBO RESTORED TO VARIABLE.
                   PARAMETER    6  alpha_CBO RESTORED TO VARIABLE.
                   PARAMETER    4  phi RESTORED TO VARIABLE.
                   PARAMETER    3  A0 RESTORED TO VARIABLE.
                   PARAMETER    1  N0 RESTORED TO VARIABLE.
 **********
 **   43 **FIX           10
 **********
 **********
 **   44 **FIX           11
 **********
 **********
 **   45 **FIX           12
 **********
 PARAMETER   12  IS CONSTANT.   IGNORED.
 **********
 **   46 **FIX           13
 **********
 **********
 **   47 **FIX           14
 **********
 **********
 **   48 **FIX           15
 **********
 PARAMETER   15  IS CONSTANT.   IGNORED.
 **********
 **   49 **FIX           16
 **********
 **********
 **   50 **MIGRAD
 **********
 START MIGRAD MINIMIZATION.  STRATEGY  1.  CONVERGENCE WHEN EDM .LT. 1.00e-04
 FCN=112.36 FROM MIGRAD    STATUS=INITIATE       22 CALLS        3324 TOTAL
                     EDM= unknown      STRATEGY= 1      NO ERROR MATRIX       
  EXT PARAMETER               CURRENT GUESS       STEP         FIRST   
  NO.   NAME      VALUE            ERROR          SIZE      DERIVATIVE 
   1  N0           7.46672e+07   1.32221e+05   1.32221e+05   6.24465e-07
   2  tau          6.43893e+01   constant   
   3  A0           3.38968e-01   2.83085e-03   2.83085e-03   2.13830e+02
   4  phi          4.09096e+00   6.63643e-03   6.63643e-03   2.30871e+00
   5  R           -6.07681e+01   constant   
   6  alpha_CBO   -5.33413e-03   1.57280e-03   1.57280e-03  -5.97733e+02
   7  w_CBO        2.32500e+00   constant   
   8  beta_CBO     5.10176e-06   9.98740e-05   2.31690e-07   2.73068e+00
   9  alpha_2CBO   9.78580e-06   1.20545e-04   2.24772e-07   1.12216e+01
  10  beta_2CBO    8.15063e-04     fixed    
  11  alpha_y      0.00000e+00     fixed    
  12  w_y          1.44500e+01   constant   
  13  beta_y      -6.39448e-05     fixed    
  14  alpha_vw     0.00000e+00     fixed    
  15  w_vw         1.29000e+01   constant   
  16  beta_vw      0.00000e+00     fixed    
  17  LM          -5.35738e-04   constant   
  18  zeta_y       0.00000e+00   constant   
  19  zeta_vw      0.00000e+00   constant   
  20  T_CBO        1.79543e+01   1.34924e-01   6.20842e-07   2.07759e+00
  21  alpha_A0    -2.87878e+00   8.35858e-02   5.13596e-05  -2.20239e-02
  22  beta_A0     -1.42831e+00   4.71769e-02   4.16539e-05   1.39746e-02
  23  alpha_phi   -1.00874e+00   3.31852e-02   3.33532e-05  -6.24773e-02
  24  beta_phi     3.31945e+00   9.61960e-02   4.18156e-05  -8.04912e-03
 MIGRAD MINIMIZATION HAS CONVERGED.
 MIGRAD WILL VERIFY CONVERGENCE AND ERROR MATRIX.
 FCN=112.205 FROM HESSE     STATUS=NOT POSDEF    100 CALLS        3772 TOTAL
                     EDM=0.000725162    STRATEGY= 1      ERR MATRIX NOT POS-DEF
  EXT PARAMETER                APPROXIMATE        STEP         FIRST   
  NO.   NAME      VALUE            ERROR          SIZE      DERIVATIVE 
   1  N0           7.47061e+07   2.71225e+04   3.56226e+01  -1.14115e-06
   2  tau          6.43893e+01   constant   
   3  A0           3.39344e-01   4.27579e-04   1.75337e-07   4.57907e+01
   4  phi          4.09052e+00   1.66437e-03   1.95051e-06  -2.44588e+01
   5  R           -6.07681e+01   constant   
   6  alpha_CBO   -4.64185e-03   4.25165e-04   2.13941e-07   4.92017e+01
   7  w_CBO        2.32500e+00   constant   
   8  beta_CBO     1.23747e-05   3.89413e-04   2.31502e-07   1.21508e+01
   9  alpha_2CBO   2.40428e-04   2.00246e-04   2.24608e-07   1.61588e+00
  10  beta_2CBO    8.15063e-04     fixed    
  11  alpha_y      0.00000e+00     fixed    
  12  w_y          1.44500e+01   constant   
  13  beta_y      -6.39448e-05     fixed    
  14  alpha_vw     0.00000e+00     fixed    
  15  w_vw         1.29000e+01   constant   
  16  beta_vw      0.00000e+00     fixed    
  17  LM          -5.35738e-04   constant   
  18  zeta_y       0.00000e+00   constant   
  19  zeta_vw      0.00000e+00   constant   
  20  T_CBO        1.79377e+01   1.28690e-01   6.20902e-07  -2.31037e+01
  21  alpha_A0    -2.92250e+00   8.92774e-02   5.14836e-05   2.07421e-01
  22  beta_A0     -1.42590e+00   7.57822e-02   4.17144e-05   7.65644e-02
  23  alpha_phi   -9.30487e-01   7.22894e-02   3.33720e-05  -1.56078e-01
  24  beta_phi     3.32423e+00   8.40490e-02   4.18601e-05  -7.95643e-02
 CALL LIMIT EXCEEDED IN MIGRAD.
 MIGRAD TERMINATED WITHOUT CONVERGENCE.
 FCN=111.183 FROM MIGRAD    STATUS=CALL LIMIT   1907 CALLS        5209 TOTAL
                     EDM=0.0362649    STRATEGY= 1      ERR MATRIX NOT POS-DEF
  EXT PARAMETER                APPROXIMATE        STEP         FIRST   
  NO.   NAME      VALUE            ERROR          SIZE      DERIVATIVE 
   1  N0           7.52739e+07   1.30531e+05   7.62094e+03  -3.86751e-05
   2  tau          6.43893e+01   constant   
   3  A0           3.32321e-01   3.43614e-03  -2.06986e-04  -4.98403e+03
   4  phi          4.14892e+00   1.36628e-02   9.20852e-04  -1.30189e+03
   5  R           -6.07681e+01   constant   
   6  alpha_CBO   -4.39001e-03   1.28421e-03  -3.34889e-05   4.40646e+03
   7  w_CBO        2.32500e+00   constant   
   8  beta_CBO     9.01257e-03   2.37971e-03   1.55939e-04   2.69288e+03
   9  alpha_2CBO   1.98948e-03   4.50382e-04   2.96410e-05  -3.50013e+03
  10  beta_2CBO    8.15063e-04     fixed    
  11  alpha_y      0.00000e+00     fixed    
  12  w_y          1.44500e+01   constant   
  13  beta_y      -6.39448e-05     fixed    
  14  alpha_vw     0.00000e+00     fixed    
  15  w_vw         1.29000e+01   constant   
  16  beta_vw      0.00000e+00     fixed    
  17  LM          -5.35738e-04   constant   
  18  zeta_y       0.00000e+00   constant   
  19  zeta_vw      0.00000e+00   constant   
  20  T_CBO        1.81340e+01   4.26264e-02   1.39174e-05  -1.58661e+03
  21  alpha_A0    -2.25787e+00   2.35678e-01  -8.11871e-03   1.14607e+01
  22  beta_A0      9.12600e-01   5.85718e-01   3.79970e-02   2.49826e+00
  23  alpha_phi    2.23156e+00   7.69646e-01   5.43230e-02   7.52593e+00
  24  beta_phi     2.38457e+00   2.25127e-01   4.68696e-03  -2.03032e+01
 EXTERNAL ERROR MATRIX.    NDIM=  25    NPAR= 11    ERR DEF=1
  1.704e+10 
 -2.646e+02  1.181e-05 
  1.200e+03 -4.129e-05  1.867e-04 
 -2.479e+01  3.485e-06 -9.844e-06  1.649e-06 
  1.651e+02 -6.937e-06  3.161e-05 -1.574e-06  5.663e-06 
  3.486e+01 -9.105e-07  4.688e-06 -1.485e-08  8.828e-07  2.028e-07 
  1.815e+03 -8.455e-05  4.632e-04 -3.034e-05  7.710e-05  7.619e-06  1.817e-03 
 -5.532e+03  5.537e-04 -1.243e-03  1.351e-04 -2.644e-04 -5.064e-05  8.176e-04  5.554e-02 
  6.743e+04 -1.770e-03  7.170e-03 -4.235e-04  1.093e-03  1.613e-04  1.514e-02 -5.189e-02  3.431e-01 
  8.342e+04 -2.389e-03  1.005e-02 -5.029e-04  1.642e-03  2.690e-04  2.054e-02 -8.641e-02  4.366e-01  5.924e-01 
  1.210e+03 -4.957e-04  7.642e-04 -1.695e-04  1.676e-04  2.227e-05 -1.238e-03 -5.045e-02  3.776e-02  5.831e-02  5.068e-02 
ERR MATRIX NOT POS-DEF
 PARAMETER  CORRELATION COEFFICIENTS  
       NO.  GLOBAL      1      3      4      6      8      9     20     21     22     23     24
        1  0.99998   1.000 -0.590  0.673 -0.148  0.532  0.593  0.326 -0.180  0.882  0.830  0.041
        3  0.99999  -0.590  1.000 -0.880  0.790 -0.848 -0.588 -0.577  0.684 -0.880 -0.903 -0.641
        4  0.99999   0.673 -0.880  1.000 -0.561  0.972  0.762  0.795 -0.386  0.896  0.955  0.248
        6  0.99993  -0.148  0.790 -0.561  1.000 -0.515 -0.026 -0.554  0.446 -0.563 -0.509 -0.586
        8  0.99995   0.532 -0.848  0.972 -0.515  1.000  0.824  0.760 -0.471  0.784  0.897  0.313
        9  0.99911   0.593 -0.588  0.762 -0.026  0.824  1.000  0.397 -0.477  0.611  0.776  0.220
       20  0.99470   0.326 -0.577  0.795 -0.554  0.760  0.397  1.000  0.081  0.606  0.626 -0.129
       21  0.99975  -0.180  0.684 -0.386  0.446 -0.471 -0.477  0.081  1.000 -0.376 -0.476 -0.951
       22  0.99997   0.882 -0.880  0.896 -0.563  0.784  0.611  0.606 -0.376  1.000  0.968  0.286
       23  0.99999   0.830 -0.903  0.955 -0.509  0.897  0.776  0.626 -0.476  0.968  1.000  0.337
       24  0.99990   0.041 -0.641  0.248 -0.586  0.313  0.220 -0.129 -0.951  0.286  0.337  1.000
 ERR MATRIX NOT POS-DEF
MINUIT - FIT ONLY 1-y
 **********
 **   51 **RES 
 **********
                   PARAMETER   16  beta_vw RESTORED TO VARIABLE.
                   PARAMETER   14  alpha_vw RESTORED TO VARIABLE.
                   PARAMETER   13  beta_y RESTORED TO VARIABLE.
                   PARAMETER   11  alpha_y RESTORED TO VARIABLE.
                   PARAMETER   10  beta_2CBO RESTORED TO VARIABLE.
 **********
 **   52 **FIX            0
 **********
 PARAMETER    0  IS UNDEFINED. IGNORED.
 **********
 **   53 **FIX            1
 **********
 **********
 **   54 **FIX            2
 **********
 PARAMETER    2  IS CONSTANT.   IGNORED.
 **********
 **   55 **FIX            3
 **********
 **********
 **   56 **FIX            4
 **********
 **********
 **   57 **FIX            5
 **********
 PARAMETER    5  IS CONSTANT.   IGNORED.
 **********
 **   58 **FIX            6
 **********
 **********
 **   59 **FIX            7
 **********
 PARAMETER    7  IS CONSTANT.   IGNORED.
 **********
 **   60 **FIX            8
 **********
 **********
 **   61 **FIX            9
 **********
 **********
 **   62 **FIX           13
 **********
 **********
 **   63 **FIX           14
 **********
 **********
 **   64 **FIX           15
 **********
 PARAMETER   15  IS CONSTANT.   IGNORED.
 **********
 **   65 **FIX           16
 **********
 **********
 **   66 **MIGRAD
 **********
 START MIGRAD MINIMIZATION.  STRATEGY  1.  CONVERGENCE WHEN EDM .LT. 1.00e-04
 FCN=111.183 FROM MIGRAD    STATUS=INITIATE       16 CALLS        5225 TOTAL
                     EDM= unknown      STRATEGY= 1      NO ERROR MATRIX       
  EXT PARAMETER               CURRENT GUESS       STEP         FIRST   
  NO.   NAME      VALUE            ERROR          SIZE      DERIVATIVE 
   1  N0           7.52739e+07     fixed    
   2  tau          6.43893e+01   constant   
   3  A0           3.32321e-01     fixed    
   4  phi          4.14892e+00     fixed    
   5  R           -6.07681e+01   constant   
   6  alpha_CBO   -4.39001e-03     fixed    
   7  w_CBO        2.32500e+00   constant   
   8  beta_CBO     9.01257e-03     fixed    
   9  alpha_2CBO   1.98948e-03     fixed    
  10  beta_2CBO    8.15063e-04   4.64755e-04   4.64755e-04   1.84994e+03
  11  alpha_y      0.00000e+00   1.00000e-03   1.00000e-03   3.99919e+05
  12  w_y          1.44500e+01   constant   
  13  beta_y      -6.39448e-05     fixed    
  14  alpha_vw     0.00000e+00     fixed    
  15  w_vw         1.29000e+01   constant   
  16  beta_vw      0.00000e+00     fixed    
  17  LM          -5.35738e-04   constant   
  18  zeta_y       0.00000e+00   constant   
  19  zeta_vw      0.00000e+00   constant   
  20  T_CBO        1.81340e+01   4.26264e-02   1.39174e-05  -1.58661e+03
  21  alpha_A0    -2.25787e+00   2.35678e-01  -8.11871e-03   1.14607e+01
  22  beta_A0      9.12600e-01   5.85718e-01   3.79970e-02   2.49826e+00
  23  alpha_phi    2.23156e+00   7.69646e-01   5.43230e-02   7.52593e+00
  24  beta_phi     2.38457e+00   2.25127e-01   4.68696e-03  -2.03032e+01
 MIGRAD MINIMIZATION HAS CONVERGED.
 MIGRAD WILL VERIFY CONVERGENCE AND ERROR MATRIX.
 FCN=34.8506 FROM HESSE     STATUS=NOT POSDEF     50 CALLS        5370 TOTAL
                     EDM=0.000995856    STRATEGY= 1      ERR MATRIX NOT POS-DEF
  EXT PARAMETER                APPROXIMATE        STEP         FIRST   
  NO.   NAME      VALUE            ERROR          SIZE      DERIVATIVE 
   1  N0           7.52739e+07     fixed    
   2  tau          6.43893e+01   constant   
   3  A0           3.32321e-01     fixed    
   4  phi          4.14892e+00     fixed    
   5  R           -6.07681e+01   constant   
   6  alpha_CBO   -4.39001e-03     fixed    
   7  w_CBO        2.32500e+00   constant   
   8  beta_CBO     9.01257e-03     fixed    
   9  alpha_2CBO   1.98948e-03     fixed    
  10  beta_2CBO    7.40593e-04   7.07149e-05   1.23676e-07  -2.97636e-01
  11  alpha_y     -3.81917e-04   4.36639e-05   1.26383e-07   3.59330e+01
  12  w_y          1.44500e+01   constant   
  13  beta_y      -6.39448e-05     fixed    
  14  alpha_vw     0.00000e+00     fixed    
  15  w_vw         1.29000e+01   constant   
  16  beta_vw      0.00000e+00     fixed    
  17  LM          -5.35738e-04   constant   
  18  zeta_y       0.00000e+00   constant   
  19  zeta_vw      0.00000e+00   constant   
  20  T_CBO        1.81309e+01   1.23650e-01   6.20209e-07  -3.64171e+01
  21  alpha_A0    -2.26335e+00   6.05885e-02   2.85629e-05  -9.58678e-02
  22  beta_A0      9.08380e-01   2.53995e-02   2.34798e-05   5.94924e-02
  23  alpha_phi    2.23511e+00   5.93878e-02   1.82130e-05   2.23832e-01
  24  beta_phi     2.37306e+00   6.42329e-02   2.22143e-05   1.41788e-01
 CALL LIMIT EXCEEDED IN MIGRAD.
 MIGRAD TERMINATED WITHOUT CONVERGENCE.
 FCN=34.1135 FROM MIGRAD    STATUS=CALL LIMIT   1156 CALLS        6365 TOTAL
                     EDM=0.00392787    STRATEGY= 1      ERR MATRIX NOT POS-DEF
  EXT PARAMETER                APPROXIMATE        STEP         FIRST   
  NO.   NAME      VALUE            ERROR          SIZE      DERIVATIVE 
   1  N0           7.52739e+07     fixed    
   2  tau          6.43893e+01   constant   
   3  A0           3.32321e-01     fixed    
   4  phi          4.14892e+00     fixed    
   5  R           -6.07681e+01   constant   
   6  alpha_CBO   -4.39001e-03     fixed    
   7  w_CBO        2.32500e+00   constant   
   8  beta_CBO     9.01257e-03     fixed    
   9  alpha_2CBO   1.98948e-03     fixed    
  10  beta_2CBO    6.93728e-04   6.74295e-05  -6.02854e-07   1.53156e+02
  11  alpha_y     -3.84453e-04   4.46813e-05  -4.48387e-07   1.42238e+02
  12  w_y          1.44500e+01   constant   
  13  beta_y      -6.39448e-05     fixed    
  14  alpha_vw     0.00000e+00     fixed    
  15  w_vw         1.29000e+01   constant   
  16  beta_vw      0.00000e+00     fixed    
  17  LM          -5.35738e-04   constant   
  18  zeta_y       0.00000e+00   constant   
  19  zeta_vw      0.00000e+00   constant   
  20  T_CBO        2.06114e+01   1.12846e+00   4.29406e-04  -1.09842e+03
  21  alpha_A0    -1.42149e+00   2.68077e-01   1.47570e-02   8.66649e+00
  22  beta_A0      5.69606e-01   1.08115e-01  -5.78177e-03  -1.26599e+00
  23  alpha_phi    1.40123e+00   2.64078e-01  -1.42891e-02  -1.51001e+01
  24  beta_phi     1.48012e+00   2.82734e-01  -1.53532e-02  -7.86182e+00
 EXTERNAL ERROR MATRIX.    NDIM=  25    NPAR=  7    ERR DEF=1
  4.547e-09  3.635e-10 -2.050e-05 -4.646e-06  2.004e-06  4.738e-06  5.517e-06 
  3.635e-10  1.996e-09 -4.497e-06 -1.040e-06  4.490e-07  1.039e-06  1.163e-06 
 -2.050e-05 -4.497e-06  1.273e+00  3.024e-01 -1.218e-01 -2.980e-01 -3.189e-01 
 -4.646e-06 -1.040e-06  3.024e-01  7.187e-02 -2.891e-02 -7.076e-02 -7.572e-02 
  2.004e-06  4.490e-07 -1.218e-01 -2.891e-02  1.169e-02  2.849e-02  3.050e-02 
  4.738e-06  1.039e-06 -2.980e-01 -7.076e-02  2.849e-02  6.974e-02  7.461e-02 
  5.517e-06  1.163e-06 -3.189e-01 -7.572e-02  3.050e-02  7.461e-02  7.994e-02 
ERR MATRIX NOT POS-DEF
 PARAMETER  CORRELATION COEFFICIENTS  
       NO.  GLOBAL     10     11     20     21     22     23     24
       10  0.80714   1.000  0.121 -0.269 -0.257  0.275  0.266  0.289
       11  0.16425   0.121  1.000 -0.089 -0.087  0.093  0.088  0.092
       20  0.99996  -0.269 -0.089  1.000  1.000 -0.998 -1.000 -1.000
       21  0.99976  -0.257 -0.087  1.000  1.000 -0.998 -0.999 -0.999
       22  0.99840   0.275  0.093 -0.998 -0.998  1.000  0.998  0.998
       23  0.99988   0.266  0.088 -1.000 -0.999  0.998  1.000  0.999
       24  0.99983   0.289  0.092 -1.000 -0.999  0.998  0.999  1.000
 ERR MATRIX NOT POS-DEF
MINUIT - FIT ONLY 2-y
 **********
 **   67 **RES 
 **********
                   PARAMETER   16  beta_vw RESTORED TO VARIABLE.
                   PARAMETER   14  alpha_vw RESTORED TO VARIABLE.
                   PARAMETER   13  beta_y RESTORED TO VARIABLE.
                   PARAMETER    9  alpha_2CBO RESTORED TO VARIABLE.
                   PARAMETER    8  beta_CBO RESTORED TO VARIABLE.
                   PARAMETER    6  alpha_CBO RESTORED TO VARIABLE.
                   PARAMETER    4  phi RESTORED TO VARIABLE.
                   PARAMETER    3  A0 RESTORED TO VARIABLE.
                   PARAMETER    1  N0 RESTORED TO VARIABLE.
 **********
 **   68 **FIX            0
 **********
 PARAMETER    0  IS UNDEFINED. IGNORED.
 **********
 **   69 **FIX            1
 **********
 **********
 **   70 **FIX            2
 **********
 PARAMETER    2  IS CONSTANT.   IGNORED.
 **********
 **   71 **FIX            3
 **********
 **********
 **   72 **FIX            4
 **********
 **********
 **   73 **FIX            5
 **********
 PARAMETER    5  IS CONSTANT.   IGNORED.
 **********
 **   74 **FIX            6
 **********
 **********
 **   75 **FIX            7
 **********
 PARAMETER    7  IS CONSTANT.   IGNORED.
 **********
 **   76 **FIX            8
 **********
 **********
 **   77 **FIX            9
 **********
 **********
 **   78 **FIX           10
 **********
 **********
 **   79 **FIX           11
 **********
 **********
 **   80 **FIX           12
 **********
 PARAMETER   12  IS CONSTANT.   IGNORED.
 **********
 **   81 **FIX           16
 **********
 **********
 **   82 **MIGRAD
 **********
 START MIGRAD MINIMIZATION.  STRATEGY  1.  CONVERGENCE WHEN EDM .LT. 1.00e-04
 FCN=34.1135 FROM MIGRAD    STATUS=INITIATE       16 CALLS        6381 TOTAL
                     EDM= unknown      STRATEGY= 1      NO ERROR MATRIX       
  EXT PARAMETER               CURRENT GUESS       STEP         FIRST   
  NO.   NAME      VALUE            ERROR          SIZE      DERIVATIVE 
   1  N0           7.52739e+07     fixed    
   2  tau          6.43893e+01   constant   
   3  A0           3.32321e-01     fixed    
   4  phi          4.14892e+00     fixed    
   5  R           -6.07681e+01   constant   
   6  alpha_CBO   -4.39001e-03     fixed    
   7  w_CBO        2.32500e+00   constant   
   8  beta_CBO     9.01257e-03     fixed    
   9  alpha_2CBO   1.98948e-03     fixed    
  10  beta_2CBO    6.93728e-04     fixed    
  11  alpha_y     -3.84453e-04     fixed    
  12  w_y          1.44500e+01   constant   
  13  beta_y      -6.39448e-05   4.61505e-05   4.61505e-05  -1.90447e+04
  14  alpha_vw     0.00000e+00   1.00000e-03   1.00000e-03   1.52223e+05
  15  w_vw         1.29000e+01   constant   
  16  beta_vw      0.00000e+00     fixed    
