 + ++++++++++++++++++++++++++++++++++++++++++++++++++++++++++++++++++++ +
 +                                                                      +
 +           You have chose to blind your fitting according to          +
 +                omega_ref * (1 + (R +/- deltaR) *10^{-6})             +
 +                                                                      +
 + ++++++++++++++++++++++++++++++++++++++++++++++++++++++++++++++++++++ +
In main()...
reading format from /gm2data/zkhechad/run45/envelope/formats/formatB_sBin_constraintOn.txt
pBinTau 	= 0  
pBinPhi 	= 0  
constraintau 	= 1 
includeMopTerm 	= 0    
constrainMop    = 0   
Parameters after format file: pBinTau 0 pBinPhi 0 constraintau 1 includeMopTerm 0 constrainMop 0 c_e_scale 0.000000 
Opening file /gm2data/tbarrett/gm2fr/studies/run23_bunch_corrections/CorrectedFourier_Run3b.root.
reading full fit data from /gm2data/zkhechad/cboTemplates/Run4CBOTemplates/fullFits/noRF/sBin_constraintOn_cE0.0_seed0_noRF_calo5.root
windowBins = 69
fitting sliding window 280 from bin 416 at 61.918000 to bin 485 at 72.362000 (69 bins)

Reading data from /gm2data/cornell/histograms/aMethod/histogram_a_noRF.root
 **********
 **    1 **SET PRINTOUT            1
 **********
 **********
 **    2 **SET NOWARNINGS 
 **********
 PARAMETER DEFINITIONS:
    NO.   NAME         VALUE      STEP SIZE      LIMITS
     1 N0           2.79633e+06  1.00000e+02     no limits
     2 tau          6.44140e+01  constant
     3 A0           3.58434e-01  1.00000e-04     no limits
     4 phi          4.11632e+00  1.00000e-02     no limits
     5 R           -6.26390e+01  constant
     6 alpha_CBO    0.00000e+00  1.00000e-03     no limits
     7 w_CBO        2.32500e+00  constant
     8 beta_CBO     0.00000e+00  1.00000e-03     no limits
     9 alpha_2CBO   0.00000e+00  1.00000e-03     no limits
    10 beta_2CBO    0.00000e+00  1.00000e-03     no limits
    11 alpha_y      0.00000e+00  1.00000e-03     no limits
    12 w_y          1.38860e+01  constant
    13 beta_y       0.00000e+00  1.00000e-03     no limits
    14 alpha_vw     0.00000e+00  1.00000e-03     no limits
    15 w_vw         1.43404e+01  constant
    16 beta_vw      0.00000e+00  1.00000e-03     no limits
    17 LM           3.79801e-04  constant
    18 zeta_y       0.00000e+00  constant
    19 zeta_vw      0.00000e+00  constant
    20 T_CBO        1.00000e+02  1.00000e+00    0.00000e+00  1.00000e+03
    21 alpha_A0     0.00000e+00  1.00000e-04   -1.00000e-02  1.00000e-02
    22 beta_A0      0.00000e+00  1.00000e-04   -1.00000e-02  1.00000e-02
    23 alpha_phi    0.00000e+00  1.00000e-04   -1.00000e-02  1.00000e-02
    24 beta_phi     0.00000e+00  1.00000e-04   -1.00000e-02  1.00000e-02
MINUIT - FIT ONLY WIGGLE
 **********
 **    3 **FIX            5
 **********
 PARAMETER    5  IS CONSTANT.   IGNORED.
 **********
 **    4 **FIX            6
 **********
 **********
 **    5 **FIX            7
 **********
 PARAMETER    7  IS CONSTANT.   IGNORED.
 **********
 **    6 **FIX            8
 **********
 **********
 **    7 **FIX            9
 **********
 **********
 **    8 **FIX           10
 **********
 **********
 **    9 **FIX           11
 **********
 **********
 **   10 **FIX           12
 **********
 PARAMETER   12  IS CONSTANT.   IGNORED.
 **********
 **   11 **FIX           13
 **********
 **********
 **   12 **FIX           14
 **********
 **********
 **   13 **FIX           15
 **********
 PARAMETER   15  IS CONSTANT.   IGNORED.
 **********
 **   14 **FIX           16
 **********
 **********
 **   15 **MIGRAD
 **********
 FIRST CALL TO USER FUNCTION AT NEW START POINT, WITH IFLAG=4.
 START MIGRAD MINIMIZATION.  STRATEGY  1.  CONVERGENCE WHEN EDM .LT. 1.00e-04
 FCN=4918.07 FROM MIGRAD    STATUS=INITIATE      435 CALLS         436 TOTAL
                     EDM= unknown      STRATEGY= 1      NO ERROR MATRIX       
  EXT PARAMETER               CURRENT GUESS       STEP         FIRST   
  NO.   NAME      VALUE            ERROR          SIZE      DERIVATIVE 
   1  N0           2.79633e+06   1.00000e+02   0.00000e+00   3.09546e-03
   2  tau          6.44140e+01   constant   
   3  A0           3.58434e-01   1.00000e-04   0.00000e+00  -1.92961e+05
   4  phi          4.11632e+00   1.00000e-02   0.00000e+00  -4.18071e+04
   5  R           -6.26390e+01   constant   
   6  alpha_CBO    0.00000e+00     fixed    
   7  w_CBO        2.32500e+00   constant   
   8  beta_CBO     0.00000e+00     fixed    
   9  alpha_2CBO   0.00000e+00     fixed    
  10  beta_2CBO    0.00000e+00     fixed    
  11  alpha_y      0.00000e+00     fixed    
  12  w_y          1.38860e+01   constant   
  13  beta_y       0.00000e+00     fixed    
  14  alpha_vw     0.00000e+00     fixed    
  15  w_vw         1.43404e+01   constant   
  16  beta_vw      0.00000e+00     fixed    
  17  LM           3.79801e-04   constant   
  18  zeta_y       0.00000e+00   constant   
  19  zeta_vw      0.00000e+00   constant   
  20  T_CBO        1.00000e+02   1.00000e+00   0.00000e+00   0.00000e+00
  21  alpha_A0     0.00000e+00   1.00000e-04   0.00000e+00  -1.98944e+02
  22  beta_A0      0.00000e+00   1.00000e-04   0.00000e+00  -1.75341e+02
  23  alpha_phi    0.00000e+00   1.00000e-04   0.00000e+00  -1.68823e+02
  24  beta_phi     0.00000e+00   1.00000e-04   0.00000e+00   1.64110e+02
 MIGRAD MINIMIZATION HAS CONVERGED.
 FCN=4596.53 FROM MIGRAD    STATUS=CONVERGED     800 CALLS         801 TOTAL
                     EDM=8.66604e-07    STRATEGY= 1  ERROR MATRIX UNCERTAINTY   0.4 per cent
  EXT PARAMETER                                   STEP         FIRST   
  NO.   NAME      VALUE            ERROR          SIZE      DERIVATIVE 
   1  N0           2.79650e+06   2.13392e+02   2.58720e-02   2.52514e-06
   2  tau          6.44140e+01   constant   
   3  A0           3.59516e-01   9.71861e-05  -5.70701e-08  -7.61176e+00
   4  phi          4.11717e+00   2.78885e-04   1.79946e-07  -1.22194e+00
   5  R           -6.26390e+01   constant   
   6  alpha_CBO    0.00000e+00     fixed    
   7  w_CBO        2.32500e+00   constant   
   8  beta_CBO     0.00000e+00     fixed    
   9  alpha_2CBO   0.00000e+00     fixed    
  10  beta_2CBO    0.00000e+00     fixed    
  11  alpha_y      0.00000e+00     fixed    
  12  w_y          1.38860e+01   constant   
  13  beta_y       0.00000e+00     fixed    
  14  alpha_vw     0.00000e+00     fixed    
  15  w_vw         1.43404e+01   constant   
  16  beta_vw      0.00000e+00     fixed    
  17  LM           3.79801e-04   constant   
  18  zeta_y       0.00000e+00   constant   
  19  zeta_vw      0.00000e+00   constant   
  20  T_CBO        7.09484e+01   7.41080e+00   6.02698e-05   3.53700e-02
  21  alpha_A0     7.45378e-03   1.15160e-03  -1.17723e-04   6.21769e-03
  22  beta_A0      6.91961e-03   8.90644e-04  -7.07127e-05  -5.11771e-03
  23  alpha_phi    4.88329e-03   8.65795e-04   3.80651e-05  -1.21243e-02
  24  beta_phi    -1.00000e-02   2.83216e-03   1.31528e-03** at limit **
 EXTERNAL ERROR MATRIX.    NDIM=  25    NPAR=  8    ERR DEF=1
  4.554e+04  1.197e-03  1.029e-02 -1.908e+02 -6.196e-03  3.073e-02  4.210e-02 -3.500e-05 
  1.197e-03  9.445e-09 -1.774e-09  1.733e-04 -1.265e-08 -8.028e-09 -1.149e-08 -9.188e-12 
  1.029e-02 -1.774e-09  7.778e-08 -1.732e-04 -1.556e-08  2.725e-09  1.731e-08 -1.538e-11 
 -1.908e+02  1.733e-04 -1.732e-04  5.494e+01 -5.733e-03 -4.346e-03 -2.644e-03  4.716e-06 
 -6.196e-03 -1.265e-08 -1.556e-08 -5.733e-03  1.340e-06  5.950e-07  2.938e-07  2.403e-10 
  3.073e-02 -8.028e-09  2.725e-09 -4.346e-03  5.950e-07  7.973e-07  3.737e-07 -5.175e-10 
  4.210e-02 -1.149e-08  1.731e-08 -2.644e-03  2.938e-07  3.737e-07  7.521e-07 -7.643e-10 
 -3.500e-05 -9.188e-12 -1.538e-11  4.716e-06  2.403e-10 -5.175e-10 -7.643e-10  1.238e-11 
 PARAMETER  CORRELATION COEFFICIENTS  
       NO.  GLOBAL      1      3      4     20     21     22     23     24
        1  0.34209   1.000  0.058  0.173 -0.121 -0.025  0.161  0.227 -0.047
        3  0.30748   0.058  1.000 -0.065  0.241 -0.112 -0.093 -0.136 -0.027
        4  0.23239   0.173 -0.065  1.000 -0.084 -0.048  0.011  0.072 -0.016
       20  0.78548  -0.121  0.241 -0.084  1.000 -0.668 -0.657 -0.411  0.181
       21  0.73585  -0.025 -0.112 -0.048 -0.668  1.000  0.576  0.293  0.059
       22  0.72673   0.161 -0.093  0.011 -0.657  0.576  1.000  0.483 -0.165
       23  0.55263   0.227 -0.136  0.072 -0.411  0.293  0.483  1.000 -0.250
       24  0.38589  -0.047 -0.027 -0.016  0.181  0.059 -0.165 -0.250  1.000
MINUIT - FIT ONLY 1-CBO + wiggle
 **********
 **   16 **RES 
 **********
                   PARAMETER   16  beta_vw RESTORED TO VARIABLE.
                   PARAMETER   14  alpha_vw RESTORED TO VARIABLE.
                   PARAMETER   13  beta_y RESTORED TO VARIABLE.
                   PARAMETER   11  alpha_y RESTORED TO VARIABLE.
                   PARAMETER   10  beta_2CBO RESTORED TO VARIABLE.
                   PARAMETER    9  alpha_2CBO RESTORED TO VARIABLE.
                   PARAMETER    8  beta_CBO RESTORED TO VARIABLE.
                   PARAMETER    6  alpha_CBO RESTORED TO VARIABLE.
 **********
 **   17 **FIX            8
 **********
 **********
 **   18 **FIX            9
 **********
 **********
 **   19 **FIX           11
 **********
 **********
 **   20 **FIX           12
 **********
 PARAMETER   12  IS CONSTANT.   IGNORED.
 **********
 **   21 **FIX           14
 **********
 **********
 **   22 **FIX           15
 **********
 PARAMETER   15  IS CONSTANT.   IGNORED.
 **********
 **   23 **FIX           16
 **********
 **********
 **   24 **MIGRAD
 **********
 START MIGRAD MINIMIZATION.  STRATEGY  1.  CONVERGENCE WHEN EDM .LT. 1.00e-04
 FCN=4596.53 FROM MIGRAD    STATUS=INITIATE       28 CALLS         829 TOTAL
                     EDM= unknown      STRATEGY= 1      NO ERROR MATRIX       
  EXT PARAMETER               CURRENT GUESS       STEP         FIRST   
  NO.   NAME      VALUE            ERROR          SIZE      DERIVATIVE 
   1  N0           2.79650e+06   2.13392e+02   2.58720e-02   2.52514e-06
   2  tau          6.44140e+01   constant   
   3  A0           3.59516e-01   9.71861e-05  -5.70701e-08  -7.61175e+00
   4  phi          4.11717e+00   2.78885e-04   1.79946e-07  -1.22195e+00
   5  R           -6.26390e+01   constant   
   6  alpha_CBO    0.00000e+00   1.00000e-03   1.00000e-03   3.06225e+05
   7  w_CBO        2.32500e+00   constant   
   8  beta_CBO     0.00000e+00     fixed    
   9  alpha_2CBO   0.00000e+00     fixed    
  10  beta_2CBO    0.00000e+00   1.00000e-03   1.00000e-03  -5.09827e+04
  11  alpha_y      0.00000e+00     fixed    
  12  w_y          1.38860e+01   constant   
  13  beta_y       0.00000e+00   1.00000e-03   1.00000e-03  -5.74595e+05
  14  alpha_vw     0.00000e+00     fixed    
  15  w_vw         1.43404e+01   constant   
  16  beta_vw      0.00000e+00     fixed    
  17  LM           3.79801e-04   constant   
  18  zeta_y       0.00000e+00   constant   
  19  zeta_vw      0.00000e+00   constant   
  20  T_CBO        7.09484e+01   7.41080e+00   6.02698e-05   3.53690e-02
  21  alpha_A0     7.45378e-03   1.15160e-03  -1.17723e-04   6.21836e-03
  22  beta_A0      6.91961e-03   8.90644e-04  -7.07127e-05  -5.11729e-03
  23  alpha_phi    4.88329e-03   8.65795e-04   3.80651e-05  -1.21242e-02
  24  beta_phi    -1.00000e-02   2.83216e-03   1.31528e-03** at limit **
 MIGRAD MINIMIZATION HAS CONVERGED.
 FCN=3441.38 FROM MIGRAD    STATUS=CONVERGED     197 CALLS         998 TOTAL
                     EDM=4.74792e-06    STRATEGY= 1  ERROR MATRIX UNCERTAINTY   3.0 per cent
  EXT PARAMETER                                   STEP         FIRST   
  NO.   NAME      VALUE            ERROR          SIZE      DERIVATIVE 
   1  N0           2.79625e+06   2.08215e+02  -1.26494e+00  -1.89825e-07
   2  tau          6.44140e+01   constant   
   3  A0           3.59141e-01   1.01013e-04   7.37048e-08   2.05880e+01
   4  phi          4.11801e+00   2.79833e-04  -5.99686e-07   7.28477e+00
   5  R           -6.26390e+01   constant   
   6  alpha_CBO   -1.77361e-03   1.06418e-04  -1.42382e-07  -1.31276e+01
   7  w_CBO        2.32500e+00   constant   
   8  beta_CBO     0.00000e+00     fixed    
   9  alpha_2CBO   0.00000e+00     fixed    
  10  beta_2CBO    3.16348e-04   1.03089e-04   1.39872e-07  -2.39555e+01
  11  alpha_y      0.00000e+00     fixed    
  12  w_y          1.38860e+01   constant   
  13  beta_y       3.04766e-03   1.02697e-04   3.87888e-08   3.47240e+00
  14  alpha_vw     0.00000e+00     fixed    
  15  w_vw         1.43404e+01   constant   
  16  beta_vw      0.00000e+00     fixed    
  17  LM           3.79801e-04   constant   
  18  zeta_y       0.00000e+00   constant   
  19  zeta_vw      0.00000e+00   constant   
  20  T_CBO        5.78054e+01   6.62984e+00  -1.27553e-05   6.05414e-02
  21  alpha_A0     5.44229e-03   1.36572e-03   1.01998e-03  -1.06810e-03
  22  beta_A0      6.49381e-03   1.29883e-03   4.55826e-05   8.95924e-03
  23  alpha_phi    4.40239e-03   1.13756e-03   4.79386e-04   7.49181e-03
  24  beta_phi    -1.00000e-02   3.39362e-03   1.30358e-05** at limit **
 EXTERNAL ERROR MATRIX.    NDIM=  25    NPAR= 11    ERR DEF=1
  4.335e+04 
  7.639e-04  1.020e-08 
  7.166e-03 -1.848e-09  7.831e-08 
  1.230e-03  2.313e-09 -4.788e-09  1.132e-08 
 -3.887e-04 -7.104e-10 -1.119e-10 -4.514e-10  1.063e-08 
 -2.616e-04 -9.617e-11  7.467e-12 -3.099e-11  9.729e-11  1.055e-08 
 -2.346e+02  1.118e-04 -2.193e-04  6.354e-05 -6.808e-05 -4.528e-06  4.397e+01 
 -1.136e-02 -7.506e-09 -3.023e-08  2.041e-08  1.967e-08  1.396e-09 -3.384e-03  1.882e-06 
  6.390e-02 -8.243e-09  6.992e-09  6.362e-09  7.973e-09  6.028e-10 -4.910e-03  3.422e-07  1.704e-06 
  3.425e-02 -1.100e-08 -4.924e-09  7.894e-09  1.219e-08  1.063e-09 -3.945e-03  3.525e-07  5.342e-07  1.301e-06 
  3.205e-09 -9.531e-16 -1.919e-16  7.889e-16  1.607e-16 -2.552e-17  5.424e-12 -1.520e-14 -7.043e-15 -1.321e-14  1.857e-15 
 PARAMETER  CORRELATION COEFFICIENTS  
       NO.  GLOBAL      1      3      4      6     10     13     20     21     22     23     24
        1  0.30362   1.000  0.036  0.123  0.056 -0.018 -0.012 -0.170 -0.040  0.235  0.144  0.000
        3  0.27439   0.036  1.000 -0.065  0.215 -0.068 -0.009  0.167 -0.054 -0.063 -0.095 -0.000
        4  0.26136   0.123 -0.065  1.000 -0.161 -0.004  0.000 -0.118 -0.079  0.019 -0.015 -0.000
        6  0.35699   0.056  0.215 -0.161  1.000 -0.041 -0.003  0.090  0.140  0.046  0.065  0.000
       10  0.17667  -0.018 -0.068 -0.004 -0.041  1.000  0.009 -0.100  0.139  0.059  0.104  0.000
       13  0.02091  -0.012 -0.009  0.000 -0.003  0.009  1.000 -0.007  0.010  0.004  0.009 -0.000
       20  0.72576  -0.170  0.167 -0.118  0.090 -0.100 -0.007  1.000 -0.372 -0.567 -0.522  0.000
       21  0.44923  -0.040 -0.054 -0.079  0.140  0.139  0.010 -0.372  1.000  0.191  0.225 -0.000
       22  0.59603   0.235 -0.063  0.019  0.046  0.059  0.004 -0.567  0.191  1.000  0.359 -0.000
       23  0.54651   0.144 -0.095 -0.015  0.065  0.104  0.009 -0.522  0.225  0.359  1.000 -0.000
       24  0.00071   0.000 -0.000 -0.000  0.000  0.000 -0.000  0.000 -0.000 -0.000 -0.000  1.000
MINUIT - FIT ONLY 2-CBO
 **********
 **   25 **RES 
 **********
                   PARAMETER   16  beta_vw RESTORED TO VARIABLE.
                   PARAMETER   14  alpha_vw RESTORED TO VARIABLE.
                   PARAMETER   11  alpha_y RESTORED TO VARIABLE.
                   PARAMETER    9  alpha_2CBO RESTORED TO VARIABLE.
                   PARAMETER    8  beta_CBO RESTORED TO VARIABLE.
 **********
 **   26 **FIX            0
 **********
 PARAMETER    0  IS UNDEFINED. IGNORED.
 **********
 **   27 **FIX            1
 **********
 **********
 **   28 **FIX            2
 **********
 PARAMETER    2  IS CONSTANT.   IGNORED.
 **********
 **   29 **FIX            3
 **********
 **********
 **   30 **FIX            4
 **********
 **********
 **   31 **FIX            5
 **********
 PARAMETER    5  IS CONSTANT.   IGNORED.
 **********
 **   32 **FIX            6
 **********
 **********
 **   33 **FIX            7
 **********
 PARAMETER    7  IS CONSTANT.   IGNORED.
 **********
 **   34 **FIX           10
 **********
 **********
 **   35 **FIX           11
 **********
 **********
 **   36 **FIX           12
 **********
 PARAMETER   12  IS CONSTANT.   IGNORED.
 **********
 **   37 **FIX           13
 **********
 **********
 **   38 **FIX           14
 **********
 **********
 **   39 **FIX           15
 **********
 PARAMETER   15  IS CONSTANT.   IGNORED.
 **********
 **   40 **FIX           16
 **********
 **********
 **   41 **MIGRAD
 **********
 START MIGRAD MINIMIZATION.  STRATEGY  1.  CONVERGENCE WHEN EDM .LT. 1.00e-04
 FCN=3441.38 FROM MIGRAD    STATUS=INITIATE       18 CALLS        1016 TOTAL
                     EDM= unknown      STRATEGY= 1      NO ERROR MATRIX       
  EXT PARAMETER               CURRENT GUESS       STEP         FIRST   
  NO.   NAME      VALUE            ERROR          SIZE      DERIVATIVE 
   1  N0           2.79625e+06     fixed    
   2  tau          6.44140e+01   constant   
   3  A0           3.59141e-01     fixed    
   4  phi          4.11801e+00     fixed    
   5  R           -6.26390e+01   constant   
   6  alpha_CBO   -1.77361e-03     fixed    
   7  w_CBO        2.32500e+00   constant   
   8  beta_CBO     0.00000e+00   1.00000e-03   1.00000e-03   1.04078e+06
   9  alpha_2CBO   0.00000e+00   1.00000e-03   1.00000e-03  -4.96904e+04
  10  beta_2CBO    3.16348e-04     fixed    
  11  alpha_y      0.00000e+00     fixed    
  12  w_y          1.38860e+01   constant   
  13  beta_y       3.04766e-03     fixed    
  14  alpha_vw     0.00000e+00     fixed    
  15  w_vw         1.43404e+01   constant   
  16  beta_vw      0.00000e+00     fixed    
  17  LM           3.79801e-04   constant   
  18  zeta_y       0.00000e+00   constant   
  19  zeta_vw      0.00000e+00   constant   
  20  T_CBO        5.78054e+01   6.62984e+00  -1.27553e-05   5.95950e-02
  21  alpha_A0     5.44229e-03   1.36572e-03   1.01998e-03  -1.05206e-03
  22  beta_A0      6.49381e-03   1.29883e-03   4.55826e-05   8.97187e-03
  23  alpha_phi    4.40239e-03   1.13756e-03   4.79386e-04   7.50127e-03
  24  beta_phi    -9.99998e-03   3.39362e-03   1.30358e-05   7.67386e-03
 MIGRAD MINIMIZATION HAS CONVERGED.
 MIGRAD WILL VERIFY CONVERGENCE AND ERROR MATRIX.
 COVARIANCE MATRIX CALCULATED SUCCESSFULLY
 FCN=466.021 FROM MIGRAD    STATUS=CONVERGED     642 CALLS        1640 TOTAL
                     EDM=4.63499e-06    STRATEGY= 1      ERROR MATRIX ACCURATE 
  EXT PARAMETER                                   STEP         FIRST   
  NO.   NAME      VALUE            ERROR          SIZE      DERIVATIVE 
   1  N0           2.79625e+06     fixed    
   2  tau          6.44140e+01   constant   
   3  A0           3.59141e-01     fixed    
   4  phi          4.11801e+00     fixed    
   5  R           -6.26390e+01   constant   
   6  alpha_CBO   -1.77361e-03     fixed    
   7  w_CBO        2.32500e+00   constant   
   8  beta_CBO    -5.70623e-03   1.04636e-04   1.08912e-06  -1.19592e+00
   9  alpha_2CBO   1.72064e-04   1.04553e-04   1.07752e-06  -2.69783e+00
  10  beta_2CBO    3.16348e-04     fixed    
  11  alpha_y      0.00000e+00     fixed    
  12  w_y          1.38860e+01   constant   
  13  beta_y       3.04766e-03     fixed    
  14  alpha_vw     0.00000e+00     fixed    
  15  w_vw         1.43404e+01   constant   
  16  beta_vw      0.00000e+00     fixed    
  17  LM           3.79801e-04   constant   
  18  zeta_y       0.00000e+00   constant   
  19  zeta_vw      0.00000e+00   constant   
  20  T_CBO        9.99998e+02   9.79495e+02   3.74534e-02  -3.96654e-04
  21  alpha_A0     1.26002e-03   4.21346e-04   4.45083e-04   4.08905e-02
  22  beta_A0     -1.15870e-03   4.07197e-04   4.24310e-04   2.29689e-02
  23  alpha_phi    1.99650e-03   3.81564e-04   4.04730e-04  -2.55569e-02
  24  beta_phi    -4.85029e-03   4.37387e-04   5.20724e-04  -2.72132e-02
 EXTERNAL ERROR MATRIX.    NDIM=  25    NPAR=  7    ERR DEF=1
  1.095e-08  1.819e-10  7.921e-08  1.209e-09  6.073e-09 -6.598e-10 -2.629e-09 
  1.819e-10  1.093e-08  3.920e-08 -3.310e-09 -4.076e-09  5.908e-09  4.766e-09 
  7.921e-08  3.920e-08  1.959e+01  1.008e-05 -9.789e-06  1.663e-05  4.123e-05 
  1.209e-09 -3.310e-09  1.008e-05  1.776e-07  2.510e-09 -9.627e-09  1.142e-08 
  6.073e-09 -4.076e-09 -9.789e-06  2.510e-09  1.659e-07 -1.151e-08  8.959e-09 
 -6.598e-10  5.908e-09  1.663e-05 -9.627e-09 -1.151e-08  1.457e-07  9.647e-09 
 -2.629e-09  4.766e-09  4.123e-05  1.142e-08  8.959e-09  9.647e-09  1.915e-07 
 PARAMETER  CORRELATION COEFFICIENTS  
       NO.  GLOBAL      8      9     20     21     22     23     24
        8  0.16433   1.000  0.017  0.000  0.027  0.143 -0.017 -0.057
        9  0.21472   0.017  1.000  0.000 -0.075 -0.096  0.148  0.104
       20  0.02455   0.000  0.000  1.000  0.005 -0.005  0.010  0.021
       21  0.11988   0.027 -0.075  0.005  1.000  0.015 -0.060  0.062
       22  0.19616   0.143 -0.096 -0.005  0.015  1.000 -0.074  0.050
       23  0.17454  -0.017  0.148  0.010 -0.060 -0.074  1.000  0.058
       24  0.16494  -0.057  0.104  0.021  0.062  0.050  0.058  1.000
MINUIT - FIT wiggle + 1-CBO + 2-CBO
 **********
 **   42 **RES 
 **********
                   PARAMETER   16  beta_vw RESTORED TO VARIABLE.
                   PARAMETER   14  alpha_vw RESTORED TO VARIABLE.
                   PARAMETER   13  beta_y RESTORED TO VARIABLE.
                   PARAMETER   11  alpha_y RESTORED TO VARIABLE.
                   PARAMETER   10  beta_2CBO RESTORED TO VARIABLE.
                   PARAMETER    6  alpha_CBO RESTORED TO VARIABLE.
                   PARAMETER    4  phi RESTORED TO VARIABLE.
                   PARAMETER    3  A0 RESTORED TO VARIABLE.
                   PARAMETER    1  N0 RESTORED TO VARIABLE.
 **********
 **   43 **FIX           10
 **********
 **********
 **   44 **FIX           11
 **********
 **********
 **   45 **FIX           12
 **********
 PARAMETER   12  IS CONSTANT.   IGNORED.
 **********
 **   46 **FIX           13
 **********
 **********
 **   47 **FIX           14
 **********
 **********
 **   48 **FIX           15
 **********
 PARAMETER   15  IS CONSTANT.   IGNORED.
 **********
 **   49 **FIX           16
 **********
 **********
 **   50 **MIGRAD
 **********
 START MIGRAD MINIMIZATION.  STRATEGY  1.  CONVERGENCE WHEN EDM .LT. 1.00e-04
 FCN=466.021 FROM MIGRAD    STATUS=INITIATE       22 CALLS        1662 TOTAL
                     EDM= unknown      STRATEGY= 1      NO ERROR MATRIX       
  EXT PARAMETER               CURRENT GUESS       STEP         FIRST   
  NO.   NAME      VALUE            ERROR          SIZE      DERIVATIVE 
   1  N0           2.79625e+06   2.08215e+02   2.08215e+02  -1.18617e-02
   2  tau          6.44140e+01   constant   
   3  A0           3.59141e-01   1.01013e-04   1.01013e-04   1.62725e+05
   4  phi          4.11801e+00   2.79833e-04   2.79833e-04   5.04501e+04
   5  R           -6.26390e+01   constant   
   6  alpha_CBO   -1.77361e-03   1.06418e-04   1.06418e-04  -2.84000e+04
   7  w_CBO        2.32500e+00   constant   
   8  beta_CBO    -5.70623e-03   1.04636e-04   1.08912e-06  -1.19593e+00
   9  alpha_2CBO   1.72064e-04   1.04553e-04   1.07752e-06  -2.69784e+00
  10  beta_2CBO    3.16348e-04     fixed    
  11  alpha_y      0.00000e+00     fixed    
  12  w_y          1.38860e+01   constant   
  13  beta_y       3.04766e-03     fixed    
  14  alpha_vw     0.00000e+00     fixed    
  15  w_vw         1.43404e+01   constant   
  16  beta_vw      0.00000e+00     fixed    
  17  LM           3.79801e-04   constant   
  18  zeta_y       0.00000e+00   constant   
  19  zeta_vw      0.00000e+00   constant   
  20  T_CBO        9.99998e+02   9.79495e+02   3.74534e-02  -3.97433e-04
  21  alpha_A0     1.26002e-03   4.21346e-04   4.45083e-04   4.08774e-02
  22  beta_A0     -1.15870e-03   4.07197e-04   4.24310e-04   2.29802e-02
  23  alpha_phi    1.99650e-03   3.81564e-04   4.04730e-04  -2.55786e-02
  24  beta_phi    -4.85029e-03   4.37387e-04   5.20724e-04   2.72724e-02
 MIGRAD MINIMIZATION HAS CONVERGED.
 MIGRAD WILL VERIFY CONVERGENCE AND ERROR MATRIX.
 COVARIANCE MATRIX CALCULATED SUCCESSFULLY
 FCN=358.577 FROM MIGRAD    STATUS=CONVERGED     244 CALLS        1884 TOTAL
                     EDM=1.45619e-05    STRATEGY= 1      ERROR MATRIX ACCURATE 
  EXT PARAMETER                                   STEP         FIRST   
  NO.   NAME      VALUE            ERROR          SIZE      DERIVATIVE 
   1  N0           2.79613e+06   1.38725e+00   1.86726e+00  -1.40191e-05
   2  tau          6.44140e+01   constant   
   3  A0           3.58401e-01   1.01128e-04   8.82024e-07   2.34612e+00
   4  phi          4.11616e+00   2.78898e-04   2.50391e-06  -2.84106e-01
   5  R           -6.26390e+01   constant   
   6  alpha_CBO   -1.67711e-03   1.07007e-04   9.34546e-07   2.78660e+01
   7  w_CBO        2.32500e+00   constant   
   8  beta_CBO    -5.92250e-03   1.06701e-04   9.55591e-07   4.37080e+00
   9  alpha_2CBO   9.91191e-05   1.04902e-04   9.45372e-07   1.57552e+01
  10  beta_2CBO    3.16348e-04     fixed    
  11  alpha_y      0.00000e+00     fixed    
  12  w_y          1.38860e+01   constant   
  13  beta_y       3.04766e-03     fixed    
  14  alpha_vw     0.00000e+00     fixed    
  15  w_vw         1.43404e+01   constant   
  16  beta_vw      0.00000e+00     fixed    
  17  LM           3.79801e-04   constant   
  18  zeta_y       0.00000e+00   constant   
  19  zeta_vw      0.00000e+00   constant   
  20  T_CBO        1.00000e+03   7.11193e+02   6.68225e-02** at limit **
  21  alpha_A0     1.55247e-03   4.31517e-04   3.92496e-04  -3.86885e-03
  22  beta_A0     -1.36668e-03   4.09481e-04   3.73732e-04  -4.27044e-02
  23  alpha_phi    1.92385e-03   3.85599e-04   3.55372e-04   6.17712e-02
  24  beta_phi    -4.46182e-03   4.50158e-04   4.47469e-04  -3.12010e-02
 EXTERNAL ERROR MATRIX.    NDIM=  25    NPAR= 11    ERR DEF=1
  1.924e+00 
  7.211e-08  1.023e-08 
  4.454e-07 -2.527e-09  7.778e-08 
  4.750e-08  2.270e-09 -4.802e-09  1.145e-08 
  1.308e-08  1.465e-09  3.729e-09 -1.644e-10  1.139e-08 
 -1.626e-08  8.194e-10  4.976e-10  3.505e-10  3.317e-10  1.100e-08 
 -4.762e-07 -8.904e-09 -3.031e-08 -1.117e-09  1.363e-09  1.424e-09  1.063e-01 
 -5.933e-07  2.791e-09 -1.401e-08  9.084e-09  7.063e-10 -3.030e-09  8.097e-07  1.863e-07 
  4.312e-07  3.843e-09 -4.215e-09  1.823e-09  6.482e-09 -3.794e-09 -6.858e-07  4.561e-09  1.678e-07 
  6.099e-07  1.784e-09 -1.319e-09  5.367e-09 -5.713e-10  6.148e-09  9.649e-07 -5.229e-09 -1.044e-08  1.488e-07 
  6.148e-07 -9.783e-09  1.227e-08 -4.106e-09  1.832e-09 -5.495e-09 -2.294e-06 -1.677e-08 -1.272e-08 -1.213e-08  2.028e-07 
 PARAMETER  CORRELATION COEFFICIENTS  
       NO.  GLOBAL      1      3      4      6      8      9     20     21     22     23     24
        1  0.00243   1.000  0.001  0.001  0.000  0.000 -0.000 -0.000 -0.001  0.001  0.001  0.001
        3  0.33566   0.001  1.000 -0.090  0.210  0.136  0.077 -0.000  0.064  0.093  0.046 -0.215
        4  0.24456   0.001 -0.090  1.000 -0.161  0.125  0.017 -0.000 -0.116 -0.037 -0.012  0.098
        6  0.33211   0.000  0.210 -0.161  1.000 -0.014  0.031 -0.000  0.197  0.042  0.130 -0.085
        8  0.25385   0.000  0.136  0.125 -0.014  1.000  0.030  0.000  0.015  0.148 -0.014  0.038
        9  0.22947  -0.000  0.077  0.017  0.031  0.030  1.000  0.000 -0.067 -0.088  0.152 -0.116
       20  0.01936  -0.000 -0.000 -0.000 -0.000  0.000  0.000  1.000  0.006 -0.005  0.008 -0.016
       21  0.24461  -0.001  0.064 -0.116  0.197  0.015 -0.067  0.006  1.000  0.026 -0.031 -0.086
       22  0.21882   0.001  0.093 -0.037  0.042  0.148 -0.088 -0.005  0.026  1.000 -0.066 -0.069
       23  0.21705   0.001  0.046 -0.012  0.130 -0.014  0.152  0.008 -0.031 -0.066  1.000 -0.070
       24  0.28029   0.001 -0.215  0.098 -0.085  0.038 -0.116 -0.016 -0.086 -0.069 -0.070  1.000
MINUIT - FIT ONLY 1-y
 **********
 **   51 **RES 
 **********
                   PARAMETER   16  beta_vw RESTORED TO VARIABLE.
                   PARAMETER   14  alpha_vw RESTORED TO VARIABLE.
                   PARAMETER   13  beta_y RESTORED TO VARIABLE.
                   PARAMETER   11  alpha_y RESTORED TO VARIABLE.
                   PARAMETER   10  beta_2CBO RESTORED TO VARIABLE.
 **********
 **   52 **FIX            0
 **********
 PARAMETER    0  IS UNDEFINED. IGNORED.
 **********
 **   53 **FIX            1
 **********
 **********
 **   54 **FIX            2
 **********
 PARAMETER    2  IS CONSTANT.   IGNORED.
 **********
 **   55 **FIX            3
 **********
 **********
 **   56 **FIX            4
 **********
 **********
 **   57 **FIX            5
 **********
 PARAMETER    5  IS CONSTANT.   IGNORED.
 **********
 **   58 **FIX            6
 **********
 **********
 **   59 **FIX            7
 **********
 PARAMETER    7  IS CONSTANT.   IGNORED.
 **********
 **   60 **FIX            8
 **********
 **********
 **   61 **FIX            9
 **********
 **********
 **   62 **FIX           13
 **********
 **********
 **   63 **FIX           14
 **********
 **********
 **   64 **FIX           15
 **********
 PARAMETER   15  IS CONSTANT.   IGNORED.
 **********
 **   65 **FIX           16
 **********
 **********
 **   66 **MIGRAD
 **********
 START MIGRAD MINIMIZATION.  STRATEGY  1.  CONVERGENCE WHEN EDM .LT. 1.00e-04
 FCN=358.575 FROM MIGRAD    STATUS=INITIATE       40 CALLS        1924 TOTAL
                     EDM= unknown      STRATEGY= 1      NO ERROR MATRIX       
  EXT PARAMETER               CURRENT GUESS       STEP         FIRST   
  NO.   NAME      VALUE            ERROR          SIZE      DERIVATIVE 
   1  N0           2.79613e+06     fixed    
   2  tau          6.44140e+01   constant   
   3  A0           3.58401e-01     fixed    
   4  phi          4.11616e+00     fixed    
   5  R           -6.26390e+01   constant   
   6  alpha_CBO   -1.67711e-03     fixed    
   7  w_CBO        2.32500e+00   constant   
   8  beta_CBO    -5.92250e-03     fixed    
   9  alpha_2CBO   9.91191e-05     fixed    
  10  beta_2CBO    3.16348e-04   1.03089e-04   0.00000e+00   6.95840e+04
  11  alpha_y      0.00000e+00   1.00000e-03   0.00000e+00   2.67818e+05
  12  w_y          1.38860e+01   constant   
  13  beta_y       3.04766e-03     fixed    
  14  alpha_vw     0.00000e+00     fixed    
  15  w_vw         1.43404e+01   constant   
  16  beta_vw      0.00000e+00     fixed    
  17  LM           3.79801e-04   constant   
  18  zeta_y       0.00000e+00   constant   
  19  zeta_vw      0.00000e+00   constant   
  20  T_CBO        9.49688e+02   7.11193e+02  -4.51995e-01   1.29453e-03
  21  alpha_A0     1.55247e-03   4.31517e-04   0.00000e+00  -5.44169e-01
  22  beta_A0     -1.36668e-03   4.09481e-04   0.00000e+00   6.19440e-01
  23  alpha_phi    1.92385e-03   3.85599e-04   0.00000e+00  -7.65165e-01
  24  beta_phi    -4.46182e-03   4.50158e-04   0.00000e+00   1.45304e+00
 MIGRAD MINIMIZATION HAS CONVERGED.
 MIGRAD WILL VERIFY CONVERGENCE AND ERROR MATRIX.
 COVARIANCE MATRIX CALCULATED SUCCESSFULLY
 FCN=159.678 FROM MIGRAD    STATUS=CONVERGED     920 CALLS        2804 TOTAL
                     EDM=8.24933e-06    STRATEGY= 1      ERROR MATRIX ACCURATE 
  EXT PARAMETER                                   STEP         FIRST   
  NO.   NAME      VALUE            ERROR          SIZE      DERIVATIVE 
   1  N0           2.79613e+06     fixed    
   2  tau          6.44140e+01   constant   
   3  A0           3.58401e-01     fixed    
   4  phi          4.11616e+00     fixed    
   5  R           -6.26390e+01   constant   
   6  alpha_CBO   -1.67711e-03     fixed    
   7  w_CBO        2.32500e+00   constant   
   8  beta_CBO    -5.92250e-03     fixed    
   9  alpha_2CBO   9.91191e-05     fixed    
  10  beta_2CBO   -7.77709e-05   1.04259e-04   6.31327e-07   8.66280e+00
  11  alpha_y     -1.37867e-03   1.01361e-04   6.27005e-07   2.08031e+00
  12  w_y          1.38860e+01   constant   
  13  beta_y       3.04766e-03     fixed    
  14  alpha_vw     0.00000e+00     fixed    
  15  w_vw         1.43404e+01   constant   
  16  beta_vw      0.00000e+00     fixed    
  17  LM           3.79801e-04   constant   
  18  zeta_y       0.00000e+00   constant   
  19  zeta_vw      0.00000e+00   constant   
  20  T_CBO        7.82553e+01   9.04884e+00   1.75038e-04   1.54966e-02
  21  alpha_A0     3.13733e-03   9.60974e-04   6.01478e-04  -2.83097e-02
  22  beta_A0     -2.63915e-03   9.41137e-04   5.63752e-04  -5.12913e-03
  23  alpha_phi    3.64538e-03   8.95216e-04   5.47982e-04  -6.27483e-03
  24  beta_phi    -9.99996e-03   1.88675e-02   1.36265e-02   9.10756e-04
 EXTERNAL ERROR MATRIX.    NDIM=  25    NPAR=  7    ERR DEF=1
  1.087e-08  1.229e-10 -1.128e-04  1.177e-08 -1.352e-08  1.278e-08  2.956e-13 
  1.229e-10  1.027e-08  2.088e-05 -3.365e-10  7.686e-10  9.320e-10 -2.353e-12 
 -1.128e-04  2.088e-05  8.191e+01 -2.304e-03  2.935e-03 -3.025e-03  1.396e-04 
  1.177e-08 -3.365e-10 -2.304e-03  9.266e-07 -9.500e-08  4.260e-08 -4.873e-09 
 -1.352e-08  7.686e-10  2.935e-03 -9.500e-08  8.886e-07 -1.641e-07  3.937e-09 
  1.278e-08  9.320e-10 -3.025e-03  4.260e-08 -1.641e-07  8.039e-07 -5.428e-09 
  2.956e-13 -2.353e-12  1.396e-04 -4.873e-09  3.937e-09 -5.428e-09  4.359e-09 
 PARAMETER  CORRELATION COEFFICIENTS  
       NO.  GLOBAL     10     11     20     21     22     23     24
       10  0.20698   1.000  0.012 -0.120  0.117 -0.138  0.137  0.000
       11  0.03368   0.012  1.000  0.023 -0.003  0.008  0.010 -0.000
       20  0.54324  -0.120  0.023  1.000 -0.264  0.344 -0.373  0.234
       21  0.28573   0.117 -0.003 -0.264  1.000 -0.105  0.049 -0.077
       22  0.36327  -0.138  0.008  0.344 -0.105  1.000 -0.194  0.063
       23  0.39405   0.137  0.010 -0.373  0.049 -0.194  1.000 -0.092
       24  0.23677   0.000 -0.000  0.234 -0.077  0.063 -0.092  1.000
MINUIT - FIT ONLY 2-y
 **********
 **   67 **RES 
 **********
                   PARAMETER   16  beta_vw RESTORED TO VARIABLE.
                   PARAMETER   14  alpha_vw RESTORED TO VARIABLE.
                   PARAMETER   13  beta_y RESTORED TO VARIABLE.
                   PARAMETER    9  alpha_2CBO RESTORED TO VARIABLE.
                   PARAMETER    8  beta_CBO RESTORED TO VARIABLE.
                   PARAMETER    6  alpha_CBO RESTORED TO VARIABLE.
                   PARAMETER    4  phi RESTORED TO VARIABLE.
                   PARAMETER    3  A0 RESTORED TO VARIABLE.
                   PARAMETER    1  N0 RESTORED TO VARIABLE.
 **********
 **   68 **FIX            0
 **********
 PARAMETER    0  IS UNDEFINED. IGNORED.
 **********
 **   69 **FIX            1
 **********
 **********
 **   70 **FIX            2
 **********
 PARAMETER    2  IS CONSTANT.   IGNORED.
 **********
 **   71 **FIX            3
 **********
 **********
 **   72 **FIX            4
 **********
 **********
 **   73 **FIX            5
 **********
 PARAMETER    5  IS CONSTANT.   IGNORED.
 **********
 **   74 **FIX            6
 **********
 **********
 **   75 **FIX            7
 **********
 PARAMETER    7  IS CONSTANT.   IGNORED.
 **********
 **   76 **FIX            8
 **********
 **********
 **   77 **FIX            9
 **********
 **********
 **   78 **FIX           10
 **********
 **********
 **   79 **FIX           11
 **********
 **********
 **   80 **FIX           12
 **********
 PARAMETER   12  IS CONSTANT.   IGNORED.
 **********
 **   81 **FIX           16
 **********
 **********
 **   82 **MIGRAD
 **********
 START MIGRAD MINIMIZATION.  STRATEGY  1.  CONVERGENCE WHEN EDM .LT. 1.00e-04
 FCN=159.678 FROM MIGRAD    STATUS=INITIATE       16 CALLS        2820 TOTAL
                     EDM= unknown      STRATEGY= 1      NO ERROR MATRIX       
  EXT PARAMETER               CURRENT GUESS       STEP         FIRST   
  NO.   NAME      VALUE            ERROR          SIZE      DERIVATIVE 
   1  N0           2.79613e+06     fixed    
   2  tau          6.44140e+01   constant   
   3  A0           3.58401e-01     fixed    
   4  phi          4.11616e+00     fixed    
   5  R           -6.26390e+01   constant   
   6  alpha_CBO   -1.67711e-03     fixed    
   7  w_CBO        2.32500e+00   constant   
   8  beta_CBO    -5.92250e-03     fixed    
   9  alpha_2CBO   9.91191e-05     fixed    
  10  beta_2CBO   -7.77709e-05     fixed    
  11  alpha_y     -1.37867e-03     fixed    
  12  w_y          1.38860e+01   constant   
  13  beta_y       3.04766e-03   1.02697e-04   1.02697e-04   2.22160e+04
  14  alpha_vw     0.00000e+00   1.00000e-03   1.00000e-03  -7.02937e+04
  15  w_vw         1.43404e+01   constant   
  16  beta_vw      0.00000e+00     fixed    
  17  LM           3.79801e-04   constant   
  18  zeta_y       0.00000e+00   constant   
  19  zeta_vw      0.00000e+00   constant   
  20  T_CBO        7.82553e+01   9.04884e+00   1.75038e-04   1.54094e-02
  21  alpha_A0     3.13733e-03   9.60974e-04   6.01478e-04  -2.83216e-02
  22  beta_A0     -2.63915e-03   9.41137e-04   5.63752e-04  -5.11934e-03
  23  alpha_phi    3.64538e-03   8.95216e-04   5.47982e-04  -6.28926e-03
  24  beta_phi    -9.99996e-03   1.88675e-02   1.36265e-02   9.19382e-04
 MIGRAD MINIMIZATION HAS CONVERGED.
 MIGRAD WILL VERIFY CONVERGENCE AND ERROR MATRIX.
 COVARIANCE MATRIX CALCULATED SUCCESSFULLY
 FCN=141.336 FROM MIGRAD    STATUS=CONVERGED     154 CALLS        2958 TOTAL
                     EDM=1.1106e-08    STRATEGY= 1      ERROR MATRIX ACCURATE 
  EXT PARAMETER                                   STEP         FIRST   
  NO.   NAME      VALUE            ERROR          SIZE      DERIVATIVE 
   1  N0           2.79613e+06     fixed    
   2  tau          6.44140e+01   constant   
   3  A0           3.58401e-01     fixed    
   4  phi          4.11616e+00     fixed    
   5  R           -6.26390e+01   constant   
   6  alpha_CBO   -1.67711e-03     fixed    
   7  w_CBO        2.32500e+00   constant   
   8  beta_CBO    -5.92250e-03     fixed    
   9  alpha_2CBO   9.91191e-05     fixed    
  10  beta_2CBO   -7.77709e-05     fixed    
  11  alpha_y     -1.37867e-03     fixed    
  12  w_y          1.38860e+01   constant   
  13  beta_y       2.79618e-03   1.07869e-04   5.99109e-07   9.74769e-02
  14  alpha_vw     4.42395e-04   1.07182e-04   5.95212e-07   3.38155e-02
  15  w_vw         1.43404e+01   constant   
  16  beta_vw      0.00000e+00     fixed    
  17  LM           3.79801e-04   constant   
  18  zeta_y       0.00000e+00   constant   
  19  zeta_vw      0.00000e+00   constant   
  20  T_CBO        7.83912e+01   1.03691e+01   1.66159e-04  -2.75872e-03
  21  alpha_A0     3.13438e-03   9.69482e-04   5.65375e-04  -7.73612e-04
  22  beta_A0     -2.54358e-03   9.38587e-04   5.28354e-04  -9.58573e-04
  23  alpha_phi    3.51463e-03   9.01949e-04   5.12089e-04  -7.57367e-04
  24  beta_phi    -1.00000e-02   1.07904e-02   2.12377e-02** at limit **
 EXTERNAL ERROR MATRIX.    NDIM=  25    NPAR=  7    ERR DEF=1
  1.164e-08 -3.478e-09 -8.138e-06  2.778e-10 -2.161e-09  2.668e-09 -7.706e-13 
 -3.478e-09  1.149e-08  2.837e-06 -9.221e-11  2.083e-09 -2.918e-09  1.031e-12 
 -8.138e-06  2.837e-06  1.076e+02 -3.102e-03  3.436e-03 -3.767e-03  2.772e-05 
  2.778e-10 -9.221e-11 -3.102e-03  9.432e-07 -1.029e-07  5.985e-08 -9.636e-10 
 -2.161e-09  2.083e-09  3.436e-03 -1.029e-07  8.837e-07 -1.686e-07  7.519e-10 
  2.668e-09 -2.918e-09 -3.767e-03  5.985e-08 -1.686e-07  8.160e-07 -1.034e-09 
 -7.706e-13  1.031e-12  2.772e-05 -9.636e-10  7.519e-10 -1.034e-09  2.483e-11 
 PARAMETER  CORRELATION COEFFICIENTS  
       NO.  GLOBAL     13     14     20     21     22     23     24
       13  0.30165   1.000 -0.301 -0.007  0.003 -0.021  0.027 -0.001
       14  0.30206  -0.301  1.000  0.003 -0.001  0.021 -0.030  0.002
       20  0.67323  -0.007  0.003  1.000 -0.308  0.352 -0.402  0.536
       21  0.31674   0.003 -0.001 -0.308  1.000 -0.113  0.068 -0.199
       22  0.36027  -0.021  0.021  0.352 -0.113  1.000 -0.198  0.161
       23  0.41261   0.027 -0.030 -0.402  0.068 -0.198  1.000 -0.230
       24  0.53886  -0.001  0.002  0.536 -0.199  0.161 -0.230  1.000
MINUIT - FIT ALTOGETHER
 **********
 **   83 **RES 
