 + ++++++++++++++++++++++++++++++++++++++++++++++++++++++++++++++++++++ +
 +                                                                      +
 +           You have chose to blind your fitting according to          +
 +                omega_ref * (1 + (R +/- deltaR) *10^{-6})             +
 +                                                                      +
 + ++++++++++++++++++++++++++++++++++++++++++++++++++++++++++++++++++++ +
In main()...
reading format from /gm2data/zkhechad/run45/envelope/formats/formatB_sBin_constraintOn.txt
pBinTau 	= 0  
pBinPhi 	= 0  
constraintau 	= 1 
includeMopTerm 	= 0    
constrainMop    = 0   
Parameters after format file: pBinTau 0 pBinPhi 0 constraintau 1 includeMopTerm 0 constrainMop 0 c_e_scale 0.000000 
Opening file /gm2data/tbarrett/gm2fr/studies/run23_bunch_corrections/CorrectedFourier_Run3b.root.
reading full fit data from /gm2data/zkhechad/cboTemplates/Run4CBOTemplates/fullFits/noRF/sBin_constraintOn_cE0.0_seed0_noRF_calo22.root
windowBins = 69
fitting sliding window 1750 from bin 1886 at 281.242000 to bin 1955 at 291.686000 (69 bins)

Reading data from /gm2data/cornell/histograms/aMethod/histogram_a_noRF.root
 **********
 **    1 **SET PRINTOUT            1
 **********
 **********
 **    2 **SET NOWARNINGS 
 **********
 PARAMETER DEFINITIONS:
    NO.   NAME         VALUE      STEP SIZE      LIMITS
     1 N0           3.01041e+06  1.00000e+02     no limits
     2 tau          6.44059e+01  constant
     3 A0           3.51736e-01  1.00000e-04     no limits
     4 phi          4.11589e+00  1.00000e-02     no limits
     5 R           -6.13499e+01  constant
     6 alpha_CBO    0.00000e+00  1.00000e-03     no limits
     7 w_CBO        2.32500e+00  constant
     8 beta_CBO     0.00000e+00  1.00000e-03     no limits
     9 alpha_2CBO   0.00000e+00  1.00000e-03     no limits
    10 beta_2CBO    0.00000e+00  1.00000e-03     no limits
    11 alpha_y      0.00000e+00  1.00000e-03     no limits
    12 w_y          1.38860e+01  constant
    13 beta_y       0.00000e+00  1.00000e-03     no limits
    14 alpha_vw     0.00000e+00  1.00000e-03     no limits
    15 w_vw         1.43404e+01  constant
    16 beta_vw      0.00000e+00  1.00000e-03     no limits
    17 LM           1.16863e-04  constant
    18 zeta_y       0.00000e+00  constant
    19 zeta_vw      0.00000e+00  constant
    20 T_CBO        1.00000e+02  1.00000e+00    0.00000e+00  1.00000e+03
    21 alpha_A0     0.00000e+00  1.00000e-03     no limits
    22 beta_A0      0.00000e+00  1.00000e-03     no limits
    23 alpha_phi    0.00000e+00  1.00000e-03     no limits
    24 beta_phi     0.00000e+00  1.00000e-03     no limits
MINUIT - FIT ONLY WIGGLE
 **********
 **    3 **FIX            5
 **********
 PARAMETER    5  IS CONSTANT.   IGNORED.
 **********
 **    4 **FIX            6
 **********
 **********
 **    5 **FIX            7
 **********
 PARAMETER    7  IS CONSTANT.   IGNORED.
 **********
 **    6 **FIX            8
 **********
 **********
 **    7 **FIX            9
 **********
 **********
 **    8 **FIX           10
 **********
 **********
 **    9 **FIX           11
 **********
 **********
 **   10 **FIX           12
 **********
 PARAMETER   12  IS CONSTANT.   IGNORED.
 **********
 **   11 **FIX           13
 **********
 **********
 **   12 **FIX           14
 **********
 **********
 **   13 **FIX           15
 **********
 PARAMETER   15  IS CONSTANT.   IGNORED.
 **********
 **   14 **FIX           16
 **********
 **********
 **   15 **MIGRAD
 **********
 FIRST CALL TO USER FUNCTION AT NEW START POINT, WITH IFLAG=4.
 START MIGRAD MINIMIZATION.  STRATEGY  1.  CONVERGENCE WHEN EDM .LT. 1.00e-04
 FCN=120.935 FROM MIGRAD    STATUS=INITIATE      437 CALLS         438 TOTAL
                     EDM= unknown      STRATEGY= 1      NO ERROR MATRIX       
  EXT PARAMETER               CURRENT GUESS       STEP         FIRST   
  NO.   NAME      VALUE            ERROR          SIZE      DERIVATIVE 
   1  N0           3.01041e+06   1.00000e+02   0.00000e+00  -3.43981e-03
   2  tau          6.44059e+01   constant   
   3  A0           3.51736e-01   1.00000e-04   0.00000e+00  -7.07017e+03
   4  phi          4.11589e+00   1.00000e-02   0.00000e+00  -2.55851e+01
   5  R           -6.13499e+01   constant   
   6  alpha_CBO    0.00000e+00     fixed    
   7  w_CBO        2.32500e+00   constant   
   8  beta_CBO     0.00000e+00     fixed    
   9  alpha_2CBO   0.00000e+00     fixed    
  10  beta_2CBO    0.00000e+00     fixed    
  11  alpha_y      0.00000e+00     fixed    
  12  w_y          1.38860e+01   constant   
  13  beta_y       0.00000e+00     fixed    
  14  alpha_vw     0.00000e+00     fixed    
  15  w_vw         1.43404e+01   constant   
  16  beta_vw      0.00000e+00     fixed    
  17  LM           1.16863e-04   constant   
  18  zeta_y       0.00000e+00   constant   
  19  zeta_vw      0.00000e+00   constant   
  20  T_CBO        1.00000e+02   1.00000e+00   0.00000e+00   0.00000e+00
  21  alpha_A0     0.00000e+00   1.00000e-03   0.00000e+00   9.20829e+01
  22  beta_A0      0.00000e+00   1.00000e-03   0.00000e+00   1.06870e+01
  23  alpha_phi    0.00000e+00   1.00000e-03   0.00000e+00   6.23277e+01
  24  beta_phi     0.00000e+00   1.00000e-03   0.00000e+00  -1.17527e+02
 CALL LIMIT EXCEEDED IN MIGRAD.
 MIGRAD TERMINATED WITHOUT CONVERGENCE.
 FCN=106.769 FROM MIGRAD    STATUS=CALL LIMIT   1337 CALLS        1338 TOTAL
                     EDM=0.00103247    STRATEGY= 1  ERROR MATRIX UNCERTAINTY   3.0 per cent
  EXT PARAMETER                APPROXIMATE        STEP         FIRST   
  NO.   NAME      VALUE            ERROR          SIZE      DERIVATIVE 
   1  N0           3.01252e+06   1.25066e+03   1.68365e+01   1.29626e-05
   2  tau          6.44059e+01   constant   
   3  A0           3.52426e-01   5.37190e-04   1.29285e-07  -8.62361e+00
   4  phi          4.11546e+00   1.58707e-03  -1.21728e-05  -7.09090e+00
   5  R           -6.13499e+01   constant   
   6  alpha_CBO    0.00000e+00     fixed    
   7  w_CBO        2.32500e+00   constant   
   8  beta_CBO     0.00000e+00     fixed    
   9  alpha_2CBO   0.00000e+00     fixed    
  10  beta_2CBO    0.00000e+00     fixed    
  11  alpha_y      0.00000e+00     fixed    
  12  w_y          1.38860e+01   constant   
  13  beta_y       0.00000e+00     fixed    
  14  alpha_vw     0.00000e+00     fixed    
  15  w_vw         1.43404e+01   constant   
  16  beta_vw      0.00000e+00     fixed    
  17  LM           1.16863e-04   constant   
  18  zeta_y       0.00000e+00   constant   
  19  zeta_vw      0.00000e+00   constant   
  20  T_CBO        5.13906e+01   2.80122e+01  -3.32827e-03  -3.51418e+00
  21  alpha_A0    -9.85075e-01   2.86440e+00  -7.66305e-02   1.36950e-02
  22  beta_A0      1.58008e-01   3.75625e-01   1.00762e-02  -4.53003e-02
  23  alpha_phi   -5.03639e-01   1.21075e+00  -3.22480e-02   1.76371e-01
  24  beta_phi     9.90270e-01   2.72202e+00   7.27651e-02  -6.46080e-02
 EXTERNAL ERROR MATRIX.    NDIM=  25    NPAR=  8    ERR DEF=1
  1.564e+06 -9.880e-02  8.238e-02 -7.877e+02 -2.428e+02  4.253e+01 -8.153e+01  2.237e+02 
 -9.880e-02  2.886e-07  5.464e-09  1.330e-03  1.593e-04 -2.374e-05  6.374e-05 -1.512e-04 
  8.238e-02  5.464e-09  2.519e-06 -1.399e-03 -1.292e-05  3.250e-06 -3.863e-06  1.624e-05 
 -7.877e+02  1.330e-03 -1.399e-03  7.889e+02  8.010e+01 -1.045e+01  3.391e+01 -7.617e+01 
 -2.428e+02  1.593e-04 -1.292e-05  8.010e+01  8.205e+00 -1.069e+00  3.463e+00 -7.795e+00 
  4.253e+01 -2.374e-05  3.250e-06 -1.045e+01 -1.069e+00  1.411e-01 -4.518e-01  1.016e+00 
 -8.153e+01  6.374e-05 -3.863e-06  3.391e+01  3.463e+00 -4.518e-01  1.466e+00 -3.292e+00 
  2.237e+02 -1.512e-04  1.624e-05 -7.617e+01 -7.795e+00  1.016e+00 -3.292e+00  7.409e+00 
ERR MATRIX APPROXIMATE
 PARAMETER  CORRELATION COEFFICIENTS  
       NO.  GLOBAL      1      3      4     20     21     22     23     24
        1  0.59802   1.000 -0.147  0.042 -0.022 -0.068  0.091 -0.054  0.066
        3  0.25575  -0.147  1.000  0.006  0.088  0.104 -0.118  0.098 -0.103
        4  0.44555   0.042  0.006  1.000 -0.031 -0.003  0.005 -0.002  0.004
       20  0.99817  -0.022  0.088 -0.031  1.000  0.996 -0.990  0.997 -0.996
       21  0.99979  -0.068  0.104 -0.003  0.996  1.000 -0.993  0.999 -1.000
       22  0.99457   0.091 -0.118  0.005 -0.990 -0.993  1.000 -0.993  0.994
       23  0.99922  -0.054  0.098 -0.002  0.997  0.999 -0.993  1.000 -0.999
       24  0.99984   0.066 -0.103  0.004 -0.996 -1.000  0.994 -0.999  1.000
 ERR MATRIX APPROXIMATE
MINUIT - FIT ONLY 1-CBO + wiggle
 **********
 **   16 **RES 
 **********
                   PARAMETER   16  beta_vw RESTORED TO VARIABLE.
                   PARAMETER   14  alpha_vw RESTORED TO VARIABLE.
                   PARAMETER   13  beta_y RESTORED TO VARIABLE.
                   PARAMETER   11  alpha_y RESTORED TO VARIABLE.
                   PARAMETER   10  beta_2CBO RESTORED TO VARIABLE.
                   PARAMETER    9  alpha_2CBO RESTORED TO VARIABLE.
                   PARAMETER    8  beta_CBO RESTORED TO VARIABLE.
                   PARAMETER    6  alpha_CBO RESTORED TO VARIABLE.
 **********
 **   17 **FIX            8
 **********
 **********
 **   18 **FIX            9
 **********
 **********
 **   19 **FIX           11
 **********
 **********
 **   20 **FIX           12
 **********
 PARAMETER   12  IS CONSTANT.   IGNORED.
 **********
 **   21 **FIX           14
 **********
 **********
 **   22 **FIX           15
 **********
 PARAMETER   15  IS CONSTANT.   IGNORED.
 **********
 **   23 **FIX           16
 **********
 **********
 **   24 **MIGRAD
 **********
 START MIGRAD MINIMIZATION.  STRATEGY  1.  CONVERGENCE WHEN EDM .LT. 1.00e-04
 FCN=106.769 FROM MIGRAD    STATUS=INITIATE       28 CALLS        1366 TOTAL
                     EDM= unknown      STRATEGY= 1      NO ERROR MATRIX       
  EXT PARAMETER               CURRENT GUESS       STEP         FIRST   
  NO.   NAME      VALUE            ERROR          SIZE      DERIVATIVE 
   1  N0           3.01252e+06   1.25066e+03   1.68365e+01   1.29626e-05
   2  tau          6.44059e+01   constant   
   3  A0           3.52426e-01   5.37190e-04   1.29285e-07  -8.62361e+00
   4  phi          4.11546e+00   1.58707e-03  -1.21728e-05  -7.09090e+00
   5  R           -6.13499e+01   constant   
   6  alpha_CBO    0.00000e+00   1.00000e-03   1.00000e-03   2.30628e+04
   7  w_CBO        2.32500e+00   constant   
   8  beta_CBO     0.00000e+00     fixed    
   9  alpha_2CBO   0.00000e+00     fixed    
  10  beta_2CBO    0.00000e+00   1.00000e-03   1.00000e-03  -5.04457e+03
  11  alpha_y      0.00000e+00     fixed    
  12  w_y          1.38860e+01   constant   
  13  beta_y       0.00000e+00   1.00000e-03   1.00000e-03   4.48134e+03
  14  alpha_vw     0.00000e+00     fixed    
  15  w_vw         1.43404e+01   constant   
  16  beta_vw      0.00000e+00     fixed    
  17  LM           1.16863e-04   constant   
  18  zeta_y       0.00000e+00   constant   
  19  zeta_vw      0.00000e+00   constant   
  20  T_CBO        5.13906e+01   2.80122e+01  -3.32827e-03  -3.51420e+00
  21  alpha_A0    -9.85075e-01   2.86440e+00  -7.66305e-02   1.36950e-02
  22  beta_A0      1.58008e-01   3.75625e-01   1.00762e-02  -4.53003e-02
  23  alpha_phi   -5.03639e-01   1.21075e+00  -3.22480e-02   1.76371e-01
  24  beta_phi     9.90270e-01   2.72202e+00   7.27651e-02  -6.46080e-02
 MIGRAD MINIMIZATION HAS CONVERGED.
 MIGRAD WILL VERIFY CONVERGENCE AND ERROR MATRIX.
 FCN=60.9834 FROM HESSE     STATUS=NOT POSDEF    100 CALLS        1607 TOTAL
                     EDM=0.00163389    STRATEGY= 1      ERR MATRIX NOT POS-DEF
  EXT PARAMETER                APPROXIMATE        STEP         FIRST   
  NO.   NAME      VALUE            ERROR          SIZE      DERIVATIVE 
   1  N0           3.01197e+06   1.22373e+03   4.30344e+00   5.99800e-07
   2  tau          6.44059e+01   constant   
   3  A0           3.51767e-01   5.40728e-04   1.96794e-06  -7.14437e-01
   4  phi          4.11581e+00   1.59194e-03   6.01702e-06   2.76653e-01
   5  R           -6.13499e+01   constant   
   6  alpha_CBO   -3.66451e-03   5.60999e-04   2.10439e-06   3.00571e-01
   7  w_CBO        2.32500e+00   constant   
   8  beta_CBO     0.00000e+00     fixed    
   9  alpha_2CBO   0.00000e+00     fixed    
  10  beta_2CBO    8.19106e-04   5.44966e-04   2.04691e-06   1.51412e+00
  11  alpha_y      0.00000e+00     fixed    
  12  w_y          1.38860e+01   constant   
  13  beta_y      -6.66405e-04   5.32111e-04   2.04771e-06  -2.21496e-01
  14  alpha_vw     0.00000e+00     fixed    
  15  w_vw         1.43404e+01   constant   
  16  beta_vw      0.00000e+00     fixed    
  17  LM           1.16863e-04   constant   
  18  zeta_y       0.00000e+00   constant   
  19  zeta_vw      0.00000e+00   constant   
  20  T_CBO        5.14176e+01   4.96884e+01   5.61794e-05   1.53996e-01
  21  alpha_A0    -9.72017e-01   5.30320e+00   2.21345e-03   3.55868e-03
  22  beta_A0      6.53987e-02   6.96801e-01   2.22026e-03   4.84663e-04
  23  alpha_phi   -2.02564e-01   1.23158e+00   2.13784e-03  -1.25023e-03
  24  beta_phi     1.15194e+00   6.26326e+00   2.00749e-03  -4.59150e-03
 CALL LIMIT EXCEEDED IN MIGRAD.
 MIGRAD TERMINATED WITHOUT CONVERGENCE.
 FCN=60.9209 FROM MIGRAD    STATUS=CALL LIMIT   1919 CALLS        3257 TOTAL
                     EDM=0.000368322    STRATEGY= 1      ERR MATRIX NOT POS-DEF
  EXT PARAMETER                APPROXIMATE        STEP         FIRST   
  NO.   NAME      VALUE            ERROR          SIZE      DERIVATIVE 
   1  N0           3.01198e+06   1.15455e+03  -2.02230e+00   2.35076e-06
   2  tau          6.44059e+01   constant   
   3  A0           3.51728e-01   5.32898e-04  -3.85657e-06   6.59355e+00
   4  phi          4.11586e+00   1.59407e-03  -8.75071e-06   8.84412e-01
   5  R           -6.13499e+01   constant   
   6  alpha_CBO   -3.66637e-03   5.63631e-04   2.50012e-06  -1.17439e+01
   7  w_CBO        2.32500e+00   constant   
   8  beta_CBO     0.00000e+00     fixed    
   9  alpha_2CBO   0.00000e+00     fixed    
  10  beta_2CBO    8.13935e-04   5.40294e-04  -7.04884e-07   1.81957e+00
  11  alpha_y      0.00000e+00     fixed    
  12  w_y          1.38860e+01   constant   
  13  beta_y      -6.65225e-04   5.32140e-04   1.35272e-07   9.77539e-01
  14  alpha_vw     0.00000e+00     fixed    
  15  w_vw         1.43404e+01   constant   
  16  beta_vw      0.00000e+00     fixed    
  17  LM           1.16863e-04   constant   
  18  zeta_y       0.00000e+00   constant   
  19  zeta_vw      0.00000e+00   constant   
  20  T_CBO        2.98448e+01   1.13430e+01  -1.59342e-03  -5.85993e+00
  21  alpha_A0    -5.48201e+01   1.75805e+02  -4.09150e+00   8.63537e-04
  22  beta_A0      2.89605e+00   1.75072e+01   3.42903e-01   6.62008e-04
  23  alpha_phi   -1.15009e+01   4.46643e+01  -1.00626e+00  -3.73985e-04
  24  beta_phi     6.35371e+01   2.14987e+02   4.97237e+00  -1.29479e-03
 EXTERNAL ERROR MATRIX.    NDIM=  25    NPAR= 11    ERR DEF=1
  1.333e+06 
 -4.105e-02  2.840e-07 
  8.027e-02  3.855e-08  2.541e-06 
  5.180e-02  5.254e-08 -2.185e-08  3.177e-07 
 -2.672e-03 -2.564e-10  4.012e-08 -4.768e-09  2.919e-07 
  3.623e-03 -2.598e-10 -1.896e-08  3.114e-09  3.869e-09  2.832e-07 
 -3.273e+01  3.336e-04 -2.159e-04 -2.402e-04 -1.749e-04  2.895e-05  1.289e+02 
 -5.331e+02  7.056e-03  1.294e-03 -3.449e-03 -1.949e-03  1.750e-04  1.990e+03  3.091e+04 
  4.946e+02 -4.980e-04 -1.807e-04  6.288e-04  6.902e-04 -9.081e-05 -1.729e+02 -2.654e+03  3.065e+02 
 -2.712e+02  1.549e-03  5.017e-04 -1.233e-03 -1.051e-03  1.245e-04  4.961e+02  7.670e+03 -7.430e+02  1.995e+03 
  1.142e+03 -8.338e-03 -1.680e-03  4.814e-03  3.446e-03 -3.590e-04 -2.431e+03 -3.769e+04  3.381e+03 -9.509e+03  4.622e+04 
ERR MATRIX NOT POS-DEF
 PARAMETER  CORRELATION COEFFICIENTS  
       NO.  GLOBAL      1      3      4      6     10     13     20     21     22     23     24
        1  0.33721   1.000 -0.067  0.044  0.080 -0.004  0.006 -0.002 -0.003  0.024 -0.005  0.005
        3  0.37334  -0.067  1.000  0.045  0.175 -0.001 -0.001  0.055  0.075 -0.053  0.065 -0.073
        4  0.26243   0.044  0.045  1.000 -0.024  0.047 -0.022 -0.012  0.005 -0.006  0.007 -0.005
        6  0.22142   0.080  0.175 -0.024  1.000 -0.016  0.010 -0.038 -0.035  0.064 -0.049  0.040
       10  0.22473  -0.004 -0.001  0.047 -0.016  1.000  0.013 -0.029 -0.021  0.073 -0.044  0.030
       13  0.05086   0.006 -0.001 -0.022  0.010  0.013  1.000  0.005  0.002 -0.010  0.005 -0.003
       20  0.99786  -0.002  0.055 -0.012 -0.038 -0.029  0.005  1.000  0.997 -0.870  0.979 -0.996
       21  0.99998  -0.003  0.075  0.005 -0.035 -0.021  0.002  0.997  1.000 -0.862  0.977 -0.997
       22  0.99922   0.024 -0.053 -0.006  0.064  0.073 -0.010 -0.870 -0.862  1.000 -0.950  0.898
       23  0.99989  -0.005  0.065  0.007 -0.049 -0.044  0.005  0.979  0.977 -0.950  1.000 -0.990
       24  0.99999   0.005 -0.073 -0.005  0.040  0.030 -0.003 -0.996 -0.997  0.898 -0.990  1.000
 ERR MATRIX NOT POS-DEF
MINUIT - FIT ONLY 2-CBO
 **********
 **   25 **RES 
 **********
                   PARAMETER   16  beta_vw RESTORED TO VARIABLE.
                   PARAMETER   14  alpha_vw RESTORED TO VARIABLE.
                   PARAMETER   11  alpha_y RESTORED TO VARIABLE.
                   PARAMETER    9  alpha_2CBO RESTORED TO VARIABLE.
                   PARAMETER    8  beta_CBO RESTORED TO VARIABLE.
 **********
 **   26 **FIX            0
 **********
 PARAMETER    0  IS UNDEFINED. IGNORED.
 **********
 **   27 **FIX            1
 **********
 **********
 **   28 **FIX            2
 **********
 PARAMETER    2  IS CONSTANT.   IGNORED.
 **********
 **   29 **FIX            3
 **********
 **********
 **   30 **FIX            4
 **********
 **********
 **   31 **FIX            5
 **********
 PARAMETER    5  IS CONSTANT.   IGNORED.
 **********
 **   32 **FIX            6
 **********
 **********
 **   33 **FIX            7
 **********
 PARAMETER    7  IS CONSTANT.   IGNORED.
 **********
 **   34 **FIX           10
 **********
 **********
 **   35 **FIX           11
 **********
 **********
 **   36 **FIX           12
 **********
 PARAMETER   12  IS CONSTANT.   IGNORED.
 **********
 **   37 **FIX           13
 **********
 **********
 **   38 **FIX           14
 **********
 **********
 **   39 **FIX           15
 **********
 PARAMETER   15  IS CONSTANT.   IGNORED.
 **********
 **   40 **FIX           16
 **********
 **********
 **   41 **MIGRAD
 **********
 START MIGRAD MINIMIZATION.  STRATEGY  1.  CONVERGENCE WHEN EDM .LT. 1.00e-04
 FCN=60.9209 FROM MIGRAD    STATUS=INITIATE       18 CALLS        3275 TOTAL
                     EDM= unknown      STRATEGY= 1      NO ERROR MATRIX       
  EXT PARAMETER               CURRENT GUESS       STEP         FIRST   
  NO.   NAME      VALUE            ERROR          SIZE      DERIVATIVE 
   1  N0           3.01198e+06     fixed    
   2  tau          6.44059e+01   constant   
   3  A0           3.51728e-01     fixed    
   4  phi          4.11586e+00     fixed    
   5  R           -6.13499e+01   constant   
   6  alpha_CBO   -3.66637e-03     fixed    
   7  w_CBO        2.32500e+00   constant   
   8  beta_CBO     0.00000e+00   1.00000e-03   1.00000e-03  -1.27918e+04
   9  alpha_2CBO   0.00000e+00   1.00000e-03   1.00000e-03   5.55585e+03
  10  beta_2CBO    8.13935e-04     fixed    
  11  alpha_y      0.00000e+00     fixed    
  12  w_y          1.38860e+01   constant   
  13  beta_y      -6.65225e-04     fixed    
  14  alpha_vw     0.00000e+00     fixed    
  15  w_vw         1.43404e+01   constant   
  16  beta_vw      0.00000e+00     fixed    
  17  LM           1.16863e-04   constant   
  18  zeta_y       0.00000e+00   constant   
  19  zeta_vw      0.00000e+00   constant   
  20  T_CBO        2.98448e+01   1.13430e+01  -1.59342e-03  -5.85994e+00
  21  alpha_A0    -5.48201e+01   1.75805e+02  -4.09150e+00   8.63537e-04
  22  beta_A0      2.89605e+00   1.75072e+01   3.42903e-01   6.62008e-04
  23  alpha_phi   -1.15009e+01   4.46643e+01  -1.00626e+00  -3.73985e-04
  24  beta_phi     6.35371e+01   2.14987e+02   4.97237e+00  -1.29479e-03
 MIGRAD MINIMIZATION HAS CONVERGED.
 MIGRAD WILL VERIFY CONVERGENCE AND ERROR MATRIX.
 FCN=47.0253 FROM HESSE     STATUS=NOT POSDEF     50 CALLS        3402 TOTAL
                     EDM=0.00158233    STRATEGY= 1      ERR MATRIX NOT POS-DEF
  EXT PARAMETER                APPROXIMATE        STEP         FIRST   
  NO.   NAME      VALUE            ERROR          SIZE      DERIVATIVE 
   1  N0           3.01198e+06     fixed    
   2  tau          6.44059e+01   constant   
   3  A0           3.51728e-01     fixed    
   4  phi          4.11586e+00     fixed    
   5  R           -6.13499e+01   constant   
   6  alpha_CBO   -3.66637e-03     fixed    
   7  w_CBO        2.32500e+00   constant   
   8  beta_CBO     1.79659e-03   5.27875e-04   1.77655e-06   2.53602e-01
   9  alpha_2CBO  -8.70197e-04   5.52821e-04   1.82495e-06   5.62535e-01
  10  beta_2CBO    8.13935e-04     fixed    
  11  alpha_y      0.00000e+00     fixed    
  12  w_y          1.38860e+01   constant   
  13  beta_y      -6.65225e-04     fixed    
  14  alpha_vw     0.00000e+00     fixed    
  15  w_vw         1.43404e+01   constant   
  16  beta_vw      0.00000e+00     fixed    
  17  LM           1.16863e-04   constant   
  18  zeta_y       0.00000e+00   constant   
  19  zeta_vw      0.00000e+00   constant   
  20  T_CBO        2.97077e+01   1.84632e+01   2.35582e-05  -2.86786e-01
  21  alpha_A0    -5.39547e+01   3.24597e+02   1.13477e-01  -1.83175e-05
  22  beta_A0      1.59799e+01   9.97937e+01   1.13629e-01   2.98956e-05
  23  alpha_phi   -1.91668e+01   1.18921e+02   1.09857e-01  -3.78242e-05
  24  beta_phi     5.72667e+01   3.43803e+02   1.02998e-01   1.02734e-04
 CALL LIMIT EXCEEDED IN MIGRAD.
 MIGRAD TERMINATED WITHOUT CONVERGENCE.
 FCN=46.9885 FROM MIGRAD    STATUS=CALL LIMIT   1154 CALLS        4411 TOTAL
                     EDM=0.00111072    STRATEGY= 1      ERR MATRIX NOT POS-DEF
  EXT PARAMETER                APPROXIMATE        STEP         FIRST   
  NO.   NAME      VALUE            ERROR          SIZE      DERIVATIVE 
   1  N0           3.01198e+06     fixed    
   2  tau          6.44059e+01   constant   
   3  A0           3.51728e-01     fixed    
   4  phi          4.11586e+00     fixed    
   5  R           -6.13499e+01   constant   
   6  alpha_CBO   -3.66637e-03     fixed    
   7  w_CBO        2.32500e+00   constant   
   8  beta_CBO     1.79971e-03   5.27602e-04   1.54474e-07  -3.13531e+00
   9  alpha_2CBO  -8.77406e-04   5.34098e-04   1.06182e-06  -7.58524e+00
  10  beta_2CBO    8.13935e-04     fixed    
  11  alpha_y      0.00000e+00     fixed    
  12  w_y          1.38860e+01   constant   
  13  beta_y      -6.65225e-04     fixed    
  14  alpha_vw     0.00000e+00     fixed    
  15  w_vw         1.43404e+01   constant   
  16  beta_vw      0.00000e+00     fixed    
  17  LM           1.16863e-04   constant   
  18  zeta_y       0.00000e+00   constant   
  19  zeta_vw      0.00000e+00   constant   
  20  T_CBO        4.37284e+01   3.42027e+01   2.81975e-03  -1.92969e+00
  21  alpha_A0    -2.44503e+00   1.43732e+01   1.90089e-01  -2.24717e-03
  22  beta_A0      7.76612e-01   5.28764e+00  -8.98517e-02  -8.55094e-03
  23  alpha_phi   -8.44815e-01   5.21430e+00   9.62184e-02   2.03459e-02
  24  beta_phi     2.62122e+00   1.55260e+01  -2.45574e-01  -1.30414e-02
 EXTERNAL ERROR MATRIX.    NDIM=  25    NPAR=  7    ERR DEF=1
  2.784e-07  1.521e-09  7.344e-05  4.585e-05  3.956e-05  1.635e-05 -1.409e-04 
  1.521e-09  2.853e-07 -3.341e-04 -1.669e-04 -1.198e-04  4.148e-05  1.767e-04 
  7.344e-05 -3.341e-04  1.181e+03  4.875e+02 -1.643e+02  1.666e+02 -5.261e+02 
  4.585e-05 -1.669e-04  4.875e+02  2.066e+02 -6.906e+01  6.891e+01 -2.195e+02 
  3.956e-05 -1.198e-04 -1.643e+02 -6.906e+01  2.796e+01 -2.132e+01  7.251e+01 
  1.635e-05  4.148e-05  1.666e+02  6.891e+01 -2.132e+01  2.719e+01 -7.472e+01 
 -1.409e-04  1.767e-04 -5.261e+02 -2.195e+02  7.251e+01 -7.472e+01  2.411e+02 
ERR MATRIX NOT POS-DEF
 PARAMETER  CORRELATION COEFFICIENTS  
       NO.  GLOBAL      8      9     20     21     22     23     24
        8  0.08896   1.000  0.005  0.004  0.006  0.014  0.006 -0.017
        9  0.23069   0.005  1.000 -0.018 -0.022 -0.042  0.015  0.021
       20  0.99240   0.004 -0.018  1.000  0.987 -0.904  0.930 -0.986
       21  0.99022   0.006 -0.022  0.987  1.000 -0.909  0.920 -0.984
       22  0.93561   0.014 -0.042 -0.904 -0.909  1.000 -0.773  0.883
       23  0.94649   0.006  0.015  0.930  0.920 -0.773  1.000 -0.923
       24  0.98886  -0.017  0.021 -0.986 -0.984  0.883 -0.923  1.000
 ERR MATRIX NOT POS-DEF
MINUIT - FIT wiggle + 1-CBO + 2-CBO
 **********
 **   42 **RES 
 **********
                   PARAMETER   16  beta_vw RESTORED TO VARIABLE.
                   PARAMETER   14  alpha_vw RESTORED TO VARIABLE.
                   PARAMETER   13  beta_y RESTORED TO VARIABLE.
                   PARAMETER   11  alpha_y RESTORED TO VARIABLE.
                   PARAMETER   10  beta_2CBO RESTORED TO VARIABLE.
                   PARAMETER    6  alpha_CBO RESTORED TO VARIABLE.
                   PARAMETER    4  phi RESTORED TO VARIABLE.
                   PARAMETER    3  A0 RESTORED TO VARIABLE.
                   PARAMETER    1  N0 RESTORED TO VARIABLE.
 **********
 **   43 **FIX           10
 **********
 **********
 **   44 **FIX           11
 **********
 **********
 **   45 **FIX           12
 **********
 PARAMETER   12  IS CONSTANT.   IGNORED.
 **********
 **   46 **FIX           13
 **********
 **********
 **   47 **FIX           14
 **********
 **********
 **   48 **FIX           15
 **********
 PARAMETER   15  IS CONSTANT.   IGNORED.
 **********
 **   49 **FIX           16
 **********
 **********
 **   50 **MIGRAD
 **********
 START MIGRAD MINIMIZATION.  STRATEGY  1.  CONVERGENCE WHEN EDM .LT. 1.00e-04
 FCN=46.9885 FROM MIGRAD    STATUS=INITIATE       22 CALLS        4433 TOTAL
                     EDM= unknown      STRATEGY= 1      NO ERROR MATRIX       
  EXT PARAMETER               CURRENT GUESS       STEP         FIRST   
  NO.   NAME      VALUE            ERROR          SIZE      DERIVATIVE 
   1  N0           3.01198e+06   1.15455e+03   1.15455e+03   1.45390e-04
   2  tau          6.44059e+01   constant   
   3  A0           3.51728e-01   5.32898e-04   5.32898e-04  -6.34267e+02
   4  phi          4.11586e+00   1.59407e-03   1.59407e-03  -1.05119e+03
   5  R           -6.13499e+01   constant   
   6  alpha_CBO   -3.66637e-03   5.63631e-04   5.63631e-04   6.44566e+02
   7  w_CBO        2.32500e+00   constant   
   8  beta_CBO     1.79971e-03   5.27602e-04   1.54474e-07  -3.13531e+00
   9  alpha_2CBO  -8.77406e-04   5.34098e-04   1.06182e-06  -7.58524e+00
  10  beta_2CBO    8.13935e-04     fixed    
  11  alpha_y      0.00000e+00     fixed    
  12  w_y          1.38860e+01   constant   
  13  beta_y      -6.65225e-04     fixed    
  14  alpha_vw     0.00000e+00     fixed    
  15  w_vw         1.43404e+01   constant   
  16  beta_vw      0.00000e+00     fixed    
  17  LM           1.16863e-04   constant   
  18  zeta_y       0.00000e+00   constant   
  19  zeta_vw      0.00000e+00   constant   
  20  T_CBO        4.37284e+01   3.42027e+01   2.81975e-03  -1.92968e+00
  21  alpha_A0    -2.44503e+00   1.43732e+01   1.90089e-01  -2.24717e-03
  22  beta_A0      7.76612e-01   5.28764e+00  -8.98517e-02  -8.55095e-03
  23  alpha_phi   -8.44815e-01   5.21430e+00   9.62184e-02   2.03459e-02
  24  beta_phi     2.62122e+00   1.55260e+01  -2.45574e-01  -1.30414e-02
 MIGRAD MINIMIZATION HAS CONVERGED.
 MIGRAD WILL VERIFY CONVERGENCE AND ERROR MATRIX.
 FCN=46.1711 FROM HESSE     STATUS=NOT POSDEF    100 CALLS        4652 TOTAL
                     EDM=0.000608839    STRATEGY= 1      ERR MATRIX NOT POS-DEF
  EXT PARAMETER                APPROXIMATE        STEP         FIRST   
  NO.   NAME      VALUE            ERROR          SIZE      DERIVATIVE 
   1  N0           3.01189e+06   1.22505e+03   3.75408e+00   3.54381e-07
   2  tau          6.44059e+01   constant   
   3  A0           3.51824e-01   5.42393e-04   1.71670e-06   2.04281e+00
   4  phi          4.11729e+00   1.64415e-03   5.24810e-06  -1.65633e-02
   5  R           -6.13499e+01   constant   
   6  alpha_CBO   -3.76220e-03   5.63208e-04   1.83587e-06   6.06960e-01
   7  w_CBO        2.32500e+00   constant   
   8  beta_CBO     1.92779e-03   5.46726e-04   1.76075e-06  -2.17811e-01
   9  alpha_2CBO  -8.81076e-04   5.56082e-04   1.80871e-06  -1.13960e+00
  10  beta_2CBO    8.13935e-04     fixed    
  11  alpha_y      0.00000e+00     fixed    
  12  w_y          1.38860e+01   constant   
  13  beta_y      -6.65225e-04     fixed    
  14  alpha_vw     0.00000e+00     fixed    
  15  w_vw         1.43404e+01   constant   
  16  beta_vw      0.00000e+00     fixed    
  17  LM           1.16863e-04   constant   
  18  zeta_y       0.00000e+00   constant   
  19  zeta_vw      0.00000e+00   constant   
  20  T_CBO        4.35243e+01   4.15415e+01   4.45086e-05  -1.18237e-01
  21  alpha_A0    -2.33299e+00   1.48311e+01   5.30002e-03  -1.05871e-03
  22  beta_A0      7.79787e-01   5.15024e+00   5.31104e-03  -2.13999e-04
  23  alpha_phi   -7.81915e-01   5.09767e+00   5.12264e-03  -5.01985e-04
  24  beta_phi     2.55946e+00   1.62166e+01   4.80462e-03   5.06148e-04
 CALL LIMIT EXCEEDED IN MIGRAD.
 MIGRAD TERMINATED WITHOUT CONVERGENCE.
 FCN=46.1481 FROM MIGRAD    STATUS=CALL LIMIT   1905 CALLS        6316 TOTAL
                     EDM=0.000271338    STRATEGY= 1      ERR MATRIX NOT POS-DEF
  EXT PARAMETER                APPROXIMATE        STEP         FIRST   
  NO.   NAME      VALUE            ERROR          SIZE      DERIVATIVE 
   1  N0           3.01188e+06   1.12430e+03  -1.23941e+00   3.94214e-06
   2  tau          6.44059e+01   constant   
   3  A0           3.51851e-01   5.30030e-04   4.32239e-07  -4.16514e+00
   4  phi          4.11726e+00   1.63194e-03  -1.00996e-06  -1.00426e+00
   5  R           -6.13499e+01   constant   
   6  alpha_CBO   -3.76218e-03   5.61067e-04   1.71761e-07  -1.04764e+00
   7  w_CBO        2.32500e+00   constant   
   8  beta_CBO     1.92960e-03   5.44407e-04   1.10769e-07  -3.29213e+00
   9  alpha_2CBO  -8.88020e-04   5.40298e-04  -8.62423e-07  -1.02180e+00
  10  beta_2CBO    8.13935e-04     fixed    
  11  alpha_y      0.00000e+00     fixed    
  12  w_y          1.38860e+01   constant   
  13  beta_y      -6.65225e-04     fixed    
  14  alpha_vw     0.00000e+00     fixed    
  15  w_vw         1.43404e+01   constant   
  16  beta_vw      0.00000e+00     fixed    
  17  LM           1.16863e-04   constant   
  18  zeta_y       0.00000e+00   constant   
  19  zeta_vw      0.00000e+00   constant   
  20  T_CBO        7.97825e+01   9.27477e+01   4.38829e-03  -5.34232e-01
  21  alpha_A0    -1.15461e-01   5.57602e-01   7.39175e-03   1.54872e-01
  22  beta_A0      4.05318e-02   2.32601e-01  -2.24465e-03  -1.43408e-01
  23  alpha_phi   -4.11827e-02   1.72874e-01   1.56649e-03  -1.30904e-01
  24  beta_phi     1.28980e-01   6.09707e-01  -7.42579e-03  -1.38944e-01
 EXTERNAL ERROR MATRIX.    NDIM=  25    NPAR= 11    ERR DEF=1
  1.264e+06 
 -3.498e-02  2.809e-07 
  3.190e-02  4.871e-08  2.663e-06 
  5.869e-02  5.426e-08 -1.205e-08  3.148e-07 
 -1.183e-02  1.800e-08  2.285e-07 -2.874e-09  2.964e-07 
  4.133e-02  1.705e-08  9.196e-09  3.451e-08  2.060e-09  2.919e-07 
 -8.582e+03  7.099e-03 -7.457e-03  1.024e-03 -8.819e-04 -1.014e-03  8.961e+03 
 -4.974e+01  4.409e-05 -2.445e-05  7.484e-06 -2.207e-06 -6.446e-06  5.231e+01  3.109e-01 
  4.282e+01 -1.974e-05  1.787e-05 -1.053e-06  3.198e-06 -6.117e-06 -2.043e+01 -1.182e-01  5.410e-02 
  2.860e+00  7.116e-06 -6.082e-07 -8.574e-07 -1.467e-06  4.805e-06  1.448e+01  8.609e-02 -3.457e-02  2.989e-02 
  5.543e+01 -4.899e-05  3.298e-05 -6.786e-06 -6.877e-07  4.324e-06 -5.718e+01 -3.312e-01  1.293e-01 -9.377e-02  3.717e-01 
ERR MATRIX NOT POS-DEF
 PARAMETER  CORRELATION COEFFICIENTS  
       NO.  GLOBAL      1      3      4      6      8      9     20     21     22     23     24
        1  0.45792   1.000 -0.059  0.017  0.093 -0.019  0.068 -0.081 -0.079  0.164  0.015  0.081
        3  0.38432  -0.059  1.000  0.056  0.182  0.062  0.060  0.141  0.149 -0.160  0.078 -0.152
        4  0.34261   0.017  0.056  1.000 -0.013  0.257  0.010 -0.048 -0.027  0.047 -0.002  0.033
        6  0.25155   0.093  0.182 -0.013  1.000 -0.009  0.114  0.019  0.024 -0.008 -0.009 -0.020
        8  0.31634  -0.019  0.062  0.257 -0.009  1.000  0.007 -0.017 -0.007  0.025 -0.016 -0.002
        9  0.26682   0.068  0.060  0.010  0.114  0.007  1.000 -0.020 -0.021 -0.049  0.051  0.013
       20  0.99870  -0.081  0.141 -0.048  0.019 -0.017 -0.020  1.000  0.991 -0.928  0.885 -0.991
       21  0.99578  -0.079  0.149 -0.027  0.024 -0.007 -0.021  0.991  1.000 -0.911  0.893 -0.974
       22  0.95805   0.164 -0.160  0.047 -0.008  0.025 -0.049 -0.928 -0.911  1.000 -0.860  0.911
       23  0.94008   0.015  0.078 -0.002 -0.009 -0.016  0.051  0.885  0.893 -0.860  1.000 -0.890
       24  0.99543   0.081 -0.152  0.033 -0.020 -0.002  0.013 -0.991 -0.974  0.911 -0.890  1.000
 ERR MATRIX NOT POS-DEF
MINUIT - FIT ONLY 1-y
 **********
 **   51 **RES 
 **********
                   PARAMETER   16  beta_vw RESTORED TO VARIABLE.
                   PARAMETER   14  alpha_vw RESTORED TO VARIABLE.
                   PARAMETER   13  beta_y RESTORED TO VARIABLE.
                   PARAMETER   11  alpha_y RESTORED TO VARIABLE.
                   PARAMETER   10  beta_2CBO RESTORED TO VARIABLE.
 **********
 **   52 **FIX            0
 **********
 PARAMETER    0  IS UNDEFINED. IGNORED.
 **********
 **   53 **FIX            1
 **********
 **********
 **   54 **FIX            2
 **********
 PARAMETER    2  IS CONSTANT.   IGNORED.
 **********
 **   55 **FIX            3
 **********
 **********
 **   56 **FIX            4
 **********
 **********
 **   57 **FIX            5
 **********
 PARAMETER    5  IS CONSTANT.   IGNORED.
 **********
 **   58 **FIX            6
 **********
 **********
 **   59 **FIX            7
 **********
 PARAMETER    7  IS CONSTANT.   IGNORED.
 **********
 **   60 **FIX            8
 **********
 **********
 **   61 **FIX            9
 **********
 **********
 **   62 **FIX           13
 **********
 **********
 **   63 **FIX           14
 **********
 **********
 **   64 **FIX           15
 **********
 PARAMETER   15  IS CONSTANT.   IGNORED.
 **********
 **   65 **FIX           16
 **********
 **********
 **   66 **MIGRAD
 **********
 START MIGRAD MINIMIZATION.  STRATEGY  1.  CONVERGENCE WHEN EDM .LT. 1.00e-04
 FCN=46.1481 FROM MIGRAD    STATUS=INITIATE       16 CALLS        6332 TOTAL
                     EDM= unknown      STRATEGY= 1      NO ERROR MATRIX       
  EXT PARAMETER               CURRENT GUESS       STEP         FIRST   
  NO.   NAME      VALUE            ERROR          SIZE      DERIVATIVE 
   1  N0           3.01188e+06     fixed    
   2  tau          6.44059e+01   constant   
   3  A0           3.51851e-01     fixed    
   4  phi          4.11726e+00     fixed    
   5  R           -6.13499e+01   constant   
   6  alpha_CBO   -3.76218e-03     fixed    
   7  w_CBO        2.32500e+00   constant   
   8  beta_CBO     1.92960e-03     fixed    
   9  alpha_2CBO  -8.88020e-04     fixed    
  10  beta_2CBO    8.13935e-04   5.40294e-04   5.40294e-04  -7.23020e+02
  11  alpha_y      0.00000e+00   1.00000e-03   1.00000e-03   4.88785e+03
  12  w_y          1.38860e+01   constant   
  13  beta_y      -6.65225e-04     fixed    
  14  alpha_vw     0.00000e+00     fixed    
  15  w_vw         1.43404e+01   constant   
  16  beta_vw      0.00000e+00     fixed    
  17  LM           1.16863e-04   constant   
  18  zeta_y       0.00000e+00   constant   
  19  zeta_vw      0.00000e+00   constant   
  20  T_CBO        7.97825e+01   9.27477e+01   4.38829e-03  -5.34228e-01
  21  alpha_A0    -1.15461e-01   5.57602e-01   7.39175e-03   1.54872e-01
  22  beta_A0      4.05318e-02   2.32601e-01  -2.24465e-03  -1.43408e-01
  23  alpha_phi   -4.11827e-02   1.72874e-01   1.56649e-03  -1.30904e-01
  24  beta_phi     1.28980e-01   6.09707e-01  -7.42579e-03  -1.38944e-01
 MIGRAD MINIMIZATION HAS CONVERGED.
 MIGRAD WILL VERIFY CONVERGENCE AND ERROR MATRIX.
 FCN=44.38 FROM HESSE     STATUS=NOT POSDEF     50 CALLS        6445 TOTAL
                     EDM=0.000367175    STRATEGY= 1      ERR MATRIX NOT POS-DEF
  EXT PARAMETER                APPROXIMATE        STEP         FIRST   
  NO.   NAME      VALUE            ERROR          SIZE      DERIVATIVE 
   1  N0           3.01188e+06     fixed    
   2  tau          6.44059e+01   constant   
   3  A0           3.51851e-01     fixed    
   4  phi          4.11726e+00     fixed    
   5  R           -6.13499e+01   constant   
   6  alpha_CBO   -3.76218e-03     fixed    
   7  w_CBO        2.32500e+00   constant   
   8  beta_CBO     1.92960e-03     fixed    
   9  alpha_2CBO  -8.88020e-04     fixed    
  10  beta_2CBO    9.13618e-04   5.43867e-04   1.75159e-06   9.65534e-01
  11  alpha_y     -7.08685e-04   5.37893e-04   1.77232e-06   4.69347e-01
  12  w_y          1.38860e+01   constant   
  13  beta_y      -6.65225e-04     fixed    
  14  alpha_vw     0.00000e+00     fixed    
  15  w_vw         1.43404e+01   constant   
  16  beta_vw      0.00000e+00     fixed    
  17  LM           1.16863e-04   constant   
  18  zeta_y       0.00000e+00   constant   
  19  zeta_vw      0.00000e+00   constant   
  20  T_CBO        7.97451e+01   1.37608e+02   1.11183e-04  -3.83396e-02
  21  alpha_A0    -1.13287e-01   7.40258e-01   2.62864e-04  -1.29568e-02
  22  beta_A0      3.93378e-02   2.64411e-01   2.63530e-04  -3.00526e-03
  23  alpha_phi   -3.93039e-02   2.63578e-01   2.53592e-04   9.30947e-04
  24  beta_phi     1.30522e-01   8.49599e-01   2.37940e-04   1.10268e-02
 CALL LIMIT EXCEEDED IN MIGRAD.
 MIGRAD TERMINATED WITHOUT CONVERGENCE.
 FCN=44.3691 FROM MIGRAD    STATUS=CALL LIMIT   1159 CALLS        7475 TOTAL
                     EDM=0.000263349    STRATEGY= 1      ERR MATRIX NOT POS-DEF
  EXT PARAMETER                APPROXIMATE        STEP         FIRST   
  NO.   NAME      VALUE            ERROR          SIZE      DERIVATIVE 
   1  N0           3.01188e+06     fixed    
   2  tau          6.44059e+01   constant   
   3  A0           3.51851e-01     fixed    
   4  phi          4.11726e+00     fixed    
   5  R           -6.13499e+01   constant   
   6  alpha_CBO   -3.76218e-03     fixed    
   7  w_CBO        2.32500e+00   constant   
   8  beta_CBO     1.92960e-03     fixed    
   9  alpha_2CBO  -8.88020e-04     fixed    
  10  beta_2CBO    9.16920e-04   5.56414e-04   1.88932e-06   6.52589e+00
  11  alpha_y     -7.06785e-04   5.42563e-04   1.06630e-06   6.08290e+00
  12  w_y          1.38860e+01   constant   
  13  beta_y      -6.65225e-04     fixed    
  14  alpha_vw     0.00000e+00     fixed    
  15  w_vw         1.43404e+01   constant   
  16  beta_vw      0.00000e+00     fixed    
  17  LM           1.16863e-04   constant   
  18  zeta_y       0.00000e+00   constant   
  19  zeta_vw      0.00000e+00   constant   
  20  T_CBO        2.02850e+02   5.58302e+02   1.14043e-02  -1.31551e-01
  21  alpha_A0    -1.26757e-02   5.91845e-02   4.72139e-04   7.31058e-01
  22  beta_A0      4.58699e-03   2.42271e-02  -1.43167e-04  -7.57802e-01
  23  alpha_phi   -4.46052e-03   2.37677e-02   1.55163e-04   7.98960e-01
  24  beta_phi     1.47704e-02   6.87980e-02  -4.97631e-04  -1.79630e+00
 EXTERNAL ERROR MATRIX.    NDIM=  25    NPAR=  7    ERR DEF=1
  3.096e-07  1.543e-08  3.459e-02  3.882e-06 -6.938e-07  1.438e-06 -1.901e-06 
  1.543e-08  2.944e-07  2.340e-02  1.987e-06 -2.512e-07  7.275e-07 -1.625e-06 
  3.459e-02  2.340e-02  3.788e+05  3.600e+01 -1.334e+01  1.283e+01 -4.193e+01 
  3.882e-06  1.987e-06  3.600e+01  3.503e-03 -1.280e-03  1.211e-03 -3.951e-03 
 -6.938e-07 -2.512e-07 -1.334e+01 -1.280e-03  5.870e-04 -4.422e-04  1.444e-03 
  1.438e-06  7.275e-07  1.283e+01  1.211e-03 -4.422e-04  5.649e-04 -1.374e-03 
