 + ++++++++++++++++++++++++++++++++++++++++++++++++++++++++++++++++++++ +
 +                                                                      +
 +           You have chose to blind your fitting according to          +
 +                omega_ref * (1 + (R +/- deltaR) *10^{-6})             +
 +                                                                      +
 + ++++++++++++++++++++++++++++++++++++++++++++++++++++++++++++++++++++ +
In main()...
reading format from /gm2data/zkhechad/run45/envelope/formats/formatB_sBin_constraintOn.txt
pBinTau 	= 0  
pBinPhi 	= 0  
constraintau 	= 1 
includeMopTerm 	= 0    
constrainMop    = 0   
Parameters after format file: pBinTau 0 pBinPhi 0 constraintau 1 includeMopTerm 0 constrainMop 0 c_e_scale 0.000000 
Opening file /gm2data/tbarrett/gm2fr/studies/run23_bunch_corrections/CorrectedFourier_Run3b.root.
reading reference data from /gm2data/zkhechad/cboTemplates/Run4CBOTemplates/templateFits2_floatScale/noRF/sBin_constraintOn_cE0.0_seed0_noRF_calo6.root (fixing 5-param to these terms)
windowBins = 69
fitting sliding window 0 from bin 136 at 20.142000 to bin 205 at 30.586000 (69 bins)

Reading data from /gm2data/cornell/histograms/aMethod/histogram_a_noRF.root
 **********
 **    1 **SET PRINTOUT            1
 **********
 **********
 **    2 **SET NOWARNINGS 
 **********
 PARAMETER DEFINITIONS:
    NO.   NAME         VALUE      STEP SIZE      LIMITS
     1 N0           2.90982e+06  1.00000e+02     no limits
     2 tau          6.44021e+01  constant
     3 A0           3.53681e-01  1.00000e-04     no limits
     4 phi          4.11547e+00  1.00000e-02     no limits
     5 R           -6.13652e+01  constant
     6 alpha_CBO    0.00000e+00  1.00000e-03     no limits
     7 w_CBO        2.32643e+00  constant
     8 beta_CBO     0.00000e+00  1.00000e-03     no limits
     9 alpha_2CBO   0.00000e+00  1.00000e-03     no limits
    10 beta_2CBO    0.00000e+00  1.00000e-03     no limits
    11 alpha_y      0.00000e+00  1.00000e-03     no limits
    12 w_y          1.38965e+01  constant
    13 beta_y       0.00000e+00  1.00000e-03     no limits
    14 alpha_vw     0.00000e+00  1.00000e-03     no limits
    15 w_vw         1.43195e+01  constant
    16 beta_vw      0.00000e+00  1.00000e-03     no limits
    17 LM          -9.38806e-05  constant
    18 zeta_y       0.00000e+00  constant
    19 zeta_vw      0.00000e+00  constant
    20 T_CBO        1.00000e+02  1.00000e+00    0.00000e+00  1.00000e+03
    21 alpha_A0     0.00000e+00  1.00000e-03     no limits
    22 beta_A0      0.00000e+00  1.00000e-03     no limits
    23 alpha_phi    0.00000e+00  1.00000e-03     no limits
    24 beta_phi     0.00000e+00  1.00000e-03     no limits
    25 alpha_xy     0.00000e+00  1.00000e-03     no limits
    26 w_xy         1.20754e+01  constant
    27 beta_xy      0.00000e+00  1.00000e-03     no limits
MINUIT - FIT ONLY WIGGLE
 **********
 **    3 **FIX            5
 **********
 PARAMETER    5  IS CONSTANT.   IGNORED.
 **********
 **    4 **FIX            6
 **********
 **********
 **    5 **FIX            7
 **********
 PARAMETER    7  IS CONSTANT.   IGNORED.
 **********
 **    6 **FIX            8
 **********
 **********
 **    7 **FIX            9
 **********
 **********
 **    8 **FIX           10
 **********
 **********
 **    9 **FIX           11
 **********
 **********
 **   10 **FIX           12
 **********
 PARAMETER   12  IS CONSTANT.   IGNORED.
 **********
 **   11 **FIX           13
 **********
 **********
 **   12 **FIX           14
 **********
 **********
 **   13 **FIX           15
 **********
 PARAMETER   15  IS CONSTANT.   IGNORED.
 **********
 **   14 **FIX           16
 **********
 **********
 **   15 **MIGRAD
 **********
 FIRST CALL TO USER FUNCTION AT NEW START POINT, WITH IFLAG=4.
 START MIGRAD MINIMIZATION.  STRATEGY  1.  CONVERGENCE WHEN EDM .LT. 1.00e-04
 FCN=25651.2 FROM MIGRAD    STATUS=INITIATE      629 CALLS         630 TOTAL
                     EDM= unknown      STRATEGY= 1      NO ERROR MATRIX       
  EXT PARAMETER               CURRENT GUESS       STEP         FIRST   
  NO.   NAME      VALUE            ERROR          SIZE      DERIVATIVE 
   1  N0           2.90982e+06   1.00000e+02   0.00000e+00  -1.89931e-01
   2  tau          6.44021e+01   constant   
   3  A0           3.53681e-01   1.00000e-04   0.00000e+00  -9.02797e+05
   4  phi          4.11547e+00   1.00000e-02   0.00000e+00  -5.24984e+04
   5  R           -6.13652e+01   constant   
   6  alpha_CBO    0.00000e+00     fixed    
   7  w_CBO        2.32643e+00   constant   
   8  beta_CBO     0.00000e+00     fixed    
   9  alpha_2CBO   0.00000e+00     fixed    
  10  beta_2CBO    0.00000e+00     fixed    
  11  alpha_y      0.00000e+00     fixed    
  12  w_y          1.38965e+01   constant   
  13  beta_y       0.00000e+00     fixed    
  14  alpha_vw     0.00000e+00     fixed    
  15  w_vw         1.43195e+01   constant   
  16  beta_vw      0.00000e+00     fixed    
  17  LM          -9.38806e-05   constant   
  18  zeta_y       0.00000e+00   constant   
  19  zeta_vw      0.00000e+00   constant   
  20  T_CBO        1.00000e+02   1.00000e+00   0.00000e+00   0.00000e+00
  21  alpha_A0     0.00000e+00   1.00000e-03   0.00000e+00  -6.24684e+04
  22  beta_A0      0.00000e+00   1.00000e-03   0.00000e+00   1.56810e+05
  23  alpha_phi    0.00000e+00   1.00000e-03   0.00000e+00  -3.96405e+04
  24  beta_phi     0.00000e+00   1.00000e-03   0.00000e+00   1.63099e+05
  25  alpha_xy     0.00000e+00   1.00000e-03   0.00000e+00   2.19675e+04
  26  w_xy         1.20754e+01   constant   
  27  beta_xy      0.00000e+00   1.00000e-03   0.00000e+00  -1.39935e+05
 MIGRAD MINIMIZATION HAS CONVERGED.
 FCN=23140.1 FROM MIGRAD    STATUS=CONVERGED     758 CALLS         759 TOTAL
                     EDM=2.49892e-07    STRATEGY= 1  ERROR MATRIX UNCERTAINTY   2.3 per cent
  EXT PARAMETER                                   STEP         FIRST   
  NO.   NAME      VALUE            ERROR          SIZE      DERIVATIVE 
   1  N0           2.91045e+06   1.57942e+02   5.29939e-03  -6.66855e-07
   2  tau          6.44021e+01   constant   
   3  A0           3.56196e-01   7.13342e-05   1.79836e-07   2.18905e+00
   4  phi          4.11635e+00   2.10058e-04   4.56652e-08  -2.65845e+00
   5  R           -6.13652e+01   constant   
   6  alpha_CBO    0.00000e+00     fixed    
   7  w_CBO        2.32643e+00   constant   
   8  beta_CBO     0.00000e+00     fixed    
   9  alpha_2CBO   0.00000e+00     fixed    
  10  beta_2CBO    0.00000e+00     fixed    
  11  alpha_y      0.00000e+00     fixed    
  12  w_y          1.38965e+01   constant   
  13  beta_y       0.00000e+00     fixed    
  14  alpha_vw     0.00000e+00     fixed    
  15  w_vw         1.43195e+01   constant   
  16  beta_vw      0.00000e+00     fixed    
  17  LM          -9.38806e-05   constant   
  18  zeta_y       0.00000e+00   constant   
  19  zeta_vw      0.00000e+00   constant   
  20  T_CBO        1.00000e+02   5.20646e+02  -0.00000e+00   0.00000e+00
  21  alpha_A0     8.26058e-04   2.81083e-04   8.96963e-07   2.20673e+00
  22  beta_A0     -6.94886e-03   2.86859e-04  -4.10062e-07  -1.26963e+00
  23  alpha_phi    3.07998e-03   2.97831e-04   5.49903e-07   5.32039e-01
  24  beta_phi    -7.66033e-03   2.84145e-04  -8.67262e-08   6.82666e-01
  25  alpha_xy    -8.39586e-05   7.21764e-05   1.21910e-07  -1.72325e+00
  26  w_xy         1.20754e+01   constant   
  27  beta_xy      4.02093e-04   7.18024e-05   1.09016e-07  -8.72601e-01
 EXTERNAL ERROR MATRIX.    NDIM=  28    NPAR= 10    ERR DEF=1
  2.495e+04 -1.034e-03 -3.647e-03  0.000e+00  3.689e-03  1.125e-02 -1.107e-02  1.596e-03 -5.234e-05  1.386e-05 
 -1.034e-03  5.089e-09 -7.927e-11  0.000e+00 -3.190e-09 -2.257e-09  3.239e-09 -2.315e-09 -2.625e-11  1.355e-10 
 -3.647e-03 -7.927e-11  4.412e-08  0.000e+00  3.836e-09 -5.045e-09  9.367e-10  1.532e-09  4.437e-10 -1.294e-10 
  0.000e+00  0.000e+00  0.000e+00  1.800e+05  0.000e+00  0.000e+00  0.000e+00  0.000e+00  0.000e+00  0.000e+00 
  3.689e-03 -3.190e-09  3.836e-09  0.000e+00  7.901e-08  4.113e-09 -1.095e-08  3.743e-09  3.034e-10 -3.858e-10 
  1.125e-02 -2.257e-09 -5.045e-09  0.000e+00  4.113e-09  8.229e-08 -5.425e-09  2.464e-09 -1.658e-10  2.179e-10 
 -1.107e-02  3.239e-09  9.367e-10  0.000e+00 -1.095e-08 -5.425e-09  8.870e-08 -9.888e-09 -2.292e-10  1.904e-10 
  1.596e-03 -2.315e-09  1.532e-09  0.000e+00  3.743e-09  2.464e-09 -9.888e-09  8.074e-08 -1.332e-10 -5.380e-10 
 -5.234e-05 -2.625e-11  4.437e-10  0.000e+00  3.034e-10 -1.658e-10 -2.292e-10 -1.332e-10  5.209e-09  2.718e-11 
  1.386e-05  1.355e-10 -1.294e-10  0.000e+00 -3.858e-10  2.179e-10  1.904e-10 -5.380e-10  2.718e-11  5.156e-09 
 PARAMETER  CORRELATION COEFFICIENTS  
       NO.  GLOBAL      1      3      4     20     21     22     23     24     25     27
        1  0.34766   1.000 -0.092 -0.110  0.000  0.083  0.248 -0.235  0.036 -0.005  0.001
        3  0.24789  -0.092  1.000 -0.005  0.000 -0.159 -0.110  0.152 -0.114 -0.005  0.026
        4  0.15125  -0.110 -0.005  1.000  0.000  0.065 -0.084  0.015  0.026  0.029 -0.009
       20  0.00000   0.000  0.000  0.000  1.000  0.000  0.000  0.000  0.000  0.000  0.000
       21  0.21260   0.083 -0.159  0.065  0.000  1.000  0.051 -0.131  0.047  0.015 -0.019
       22  0.27136   0.248 -0.110 -0.084  0.000  0.051  1.000 -0.063  0.030 -0.008  0.011
       23  0.29986  -0.235  0.152  0.015  0.000 -0.131 -0.063  1.000 -0.117 -0.011  0.009
       24  0.15799   0.036 -0.114  0.026  0.000  0.047  0.030 -0.117  1.000 -0.006 -0.026
       25  0.03600  -0.005 -0.005  0.029  0.000  0.015 -0.008 -0.011 -0.006  1.000  0.005
       27  0.04173   0.001  0.026 -0.009  0.000 -0.019  0.011  0.009 -0.026  0.005  1.000
MINUIT - FIT ONLY 1-CBO + wiggle
 **********
 **   16 **RES 
 **********
                   PARAMETER   16  beta_vw RESTORED TO VARIABLE.
                   PARAMETER   14  alpha_vw RESTORED TO VARIABLE.
                   PARAMETER   13  beta_y RESTORED TO VARIABLE.
                   PARAMETER   11  alpha_y RESTORED TO VARIABLE.
                   PARAMETER   10  beta_2CBO RESTORED TO VARIABLE.
                   PARAMETER    9  alpha_2CBO RESTORED TO VARIABLE.
                   PARAMETER    8  beta_CBO RESTORED TO VARIABLE.
                   PARAMETER    6  alpha_CBO RESTORED TO VARIABLE.
 **********
 **   17 **FIX            8
 **********
 **********
 **   18 **FIX            9
 **********
 **********
 **   19 **FIX           11
 **********
 **********
 **   20 **FIX           12
 **********
 PARAMETER   12  IS CONSTANT.   IGNORED.
 **********
 **   21 **FIX           14
 **********
 **********
 **   22 **FIX           15
 **********
 PARAMETER   15  IS CONSTANT.   IGNORED.
 **********
 **   23 **FIX           16
 **********
 **********
 **   24 **MIGRAD
 **********
 START MIGRAD MINIMIZATION.  STRATEGY  1.  CONVERGENCE WHEN EDM .LT. 1.00e-04
 FCN=23140.1 FROM MIGRAD    STATUS=INITIATE      957 CALLS        1716 TOTAL
                     EDM= unknown      STRATEGY= 1      NO ERROR MATRIX       
  EXT PARAMETER               CURRENT GUESS       STEP         FIRST   
  NO.   NAME      VALUE            ERROR          SIZE      DERIVATIVE 
   1  N0           2.91045e+06   1.57942e+02   0.00000e+00  -6.66860e-07
   2  tau          6.44021e+01   constant   
   3  A0           3.56196e-01   7.13342e-05   0.00000e+00   2.18907e+00
   4  phi          4.11635e+00   2.10058e-04   0.00000e+00  -2.65845e+00
   5  R           -6.13652e+01   constant   
   6  alpha_CBO    0.00000e+00   1.00000e-03   0.00000e+00  -4.14097e+05
   7  w_CBO        2.32643e+00   constant   
   8  beta_CBO     0.00000e+00     fixed    
   9  alpha_2CBO   0.00000e+00     fixed    
  10  beta_2CBO    0.00000e+00   1.00000e-03   0.00000e+00   6.15165e+04
  11  alpha_y      0.00000e+00     fixed    
  12  w_y          1.38965e+01   constant   
  13  beta_y       0.00000e+00   1.00000e-03   0.00000e+00  -1.34479e+06
  14  alpha_vw     0.00000e+00     fixed    
  15  w_vw         1.43195e+01   constant   
  16  beta_vw      0.00000e+00     fixed    
  17  LM          -9.38806e-05   constant   
  18  zeta_y       0.00000e+00   constant   
  19  zeta_vw      0.00000e+00   constant   
  20  T_CBO        1.00000e+02   5.20646e+02   0.00000e+00   0.00000e+00
  21  alpha_A0     8.26058e-04   2.81083e-04   0.00000e+00   2.20673e+00
  22  beta_A0     -6.94886e-03   2.86859e-04   0.00000e+00  -1.26963e+00
  23  alpha_phi    3.07998e-03   2.97831e-04   0.00000e+00   5.32050e-01
  24  beta_phi    -7.66033e-03   2.84145e-04   0.00000e+00   6.82659e-01
  25  alpha_xy    -8.39586e-05   7.21764e-05   0.00000e+00  -1.72325e+00
  26  w_xy         1.20754e+01   constant   
  27  beta_xy      4.02093e-04   7.18024e-05   0.00000e+00  -8.72594e-01
 MIGRAD MINIMIZATION HAS CONVERGED.
 FCN=20619.5 FROM MIGRAD    STATUS=CONVERGED    1123 CALLS        1882 TOTAL
                     EDM=1.39976e-06    STRATEGY= 1  ERROR MATRIX UNCERTAINTY   4.0 per cent
  EXT PARAMETER                                   STEP         FIRST   
  NO.   NAME      VALUE            ERROR          SIZE      DERIVATIVE 
   1  N0           2.91060e+06   1.44413e+02  -6.71242e-01   2.61947e-06
   2  tau          6.44021e+01   constant   
   3  A0           3.56355e-01   7.03755e-05   3.63764e-08  -1.38819e+01
   4  phi          4.11553e+00   2.12244e-04  -1.05466e-08  -2.88927e+00
   5  R           -6.13652e+01   constant   
   6  alpha_CBO    1.05767e-03   7.32587e-05   2.26091e-07   2.31140e+00
   7  w_CBO        2.32643e+00   constant   
   8  beta_CBO     0.00000e+00     fixed    
   9  alpha_2CBO   0.00000e+00     fixed    
  10  beta_2CBO   -1.31654e-04   7.43628e-05   2.60223e-07  -1.02514e+01
  11  alpha_y      0.00000e+00     fixed    
  12  w_y          1.38965e+01   constant   
  13  beta_y       3.41694e-03   7.12956e-05  -1.17786e-07  -5.05074e+00
  14  alpha_vw     0.00000e+00     fixed    
  15  w_vw         1.43195e+01   constant   
  16  beta_vw      0.00000e+00     fixed    
  17  LM          -9.38806e-05   constant   
  18  zeta_y       0.00000e+00   constant   
  19  zeta_vw      0.00000e+00   constant   
  20  T_CBO        1.00000e+02   5.20646e+02  -0.00000e+00   0.00000e+00
  21  alpha_A0     2.53268e-05   2.79509e-04   1.06977e-06   1.78780e+00
  22  beta_A0     -6.82663e-03   2.70415e-04  -5.16230e-07  -1.76742e+00
  23  alpha_phi    2.84667e-03   2.71976e-04  -2.43366e-07  -5.05675e+00
  24  beta_phi    -7.88188e-03   2.87774e-04  -1.43199e-06   7.58527e-01
  25  alpha_xy    -2.92427e-04   7.23860e-05  -6.32086e-09   4.46234e+00
  26  w_xy         1.20754e+01   constant   
  27  beta_xy      2.24498e-04   7.14867e-05  -1.77157e-07  -4.75437e+00
 EXTERNAL ERROR MATRIX.    NDIM=  28    NPAR= 13    ERR DEF=1
 ELEMENTS ABOVE DIAGONAL ARE NOT PRINTED.
  2.086e+04 
  3.292e-04  4.953e-09 
 -2.568e-03 -1.102e-09  4.505e-08 
 -3.820e-04  5.766e-10 -3.024e-09  5.367e-09 
 -1.291e-03  1.711e-10  2.860e-10  5.588e-10  5.530e-09 
  2.945e-04  4.375e-11 -3.127e-10 -5.185e-11 -1.362e-10  5.083e-09 
  0.000e+00  0.000e+00  0.000e+00  0.000e+00  0.000e+00  0.000e+00  1.800e+05 
 -1.221e-03 -9.591e-10  6.133e-09 -2.253e-09  1.747e-09 -3.622e-10  0.000e+00  7.813e-08 
  4.307e-03 -3.468e-10 -1.198e-09 -1.754e-10 -8.916e-11  1.942e-10  0.000e+00 -4.979e-09  7.312e-08 
 -4.024e-03  5.873e-10 -3.496e-09 -7.203e-10  4.641e-10 -2.530e-10  0.000e+00  1.553e-09  1.457e-09  7.397e-08 
  9.427e-04 -1.063e-09  3.742e-09 -1.377e-09 -2.613e-09 -1.313e-12  0.000e+00  2.833e-09  4.254e-09 -2.733e-09  8.281e-08 
 -1.993e-04 -3.454e-11  1.754e-10  4.617e-11  8.190e-11 -3.111e-10  0.000e+00  4.788e-10 -2.110e-10  7.310e-11 -3.804e-10 
 -1.993e-04 -3.454e-11  1.754e-10  4.617e-11  8.190e-11 -3.111e-10  0.000e+00  4.788e-10 -2.110e-10  7.310e-11 -3.804e-10  5.240e-09 
  2.943e-05 -5.443e-12 -3.984e-10  8.847e-11 -7.288e-11 -3.017e-10  0.000e+00 -1.695e-11  5.564e-11 -3.650e-10 -2.256e-10 
  2.943e-05 -5.443e-12 -3.984e-10  8.847e-11 -7.288e-11 -3.017e-10  0.000e+00 -1.695e-11  5.564e-11 -3.650e-10 -2.256e-10  5.683e-11  5.110e-09 
 PARAMETER  CORRELATION COEFFICIENTS  
       NO.  GLOBAL      1      3      4      6     10     13     20     21     22     23     24     25     27
        1  0.22011   1.000  0.032 -0.084 -0.036 -0.120  0.029  0.000 -0.030  0.110 -0.102  0.023 -0.019  0.003
        3  0.14697   0.032  1.000 -0.074  0.112  0.033  0.009  0.000 -0.049 -0.018  0.031 -0.052 -0.007 -0.001
        4  0.25338  -0.084 -0.074  1.000 -0.194  0.018 -0.021  0.000  0.103 -0.021 -0.061  0.061  0.011 -0.026
        6  0.27148  -0.036  0.112 -0.194  1.000  0.103 -0.010  0.000 -0.110 -0.009 -0.036 -0.065  0.009  0.017
       10  0.22056  -0.120  0.033  0.018  0.103  1.000 -0.026  0.000  0.084 -0.004  0.023 -0.122  0.015 -0.014
       13  0.09610   0.029  0.009 -0.021 -0.010 -0.026  1.000  0.000 -0.018  0.010 -0.013 -0.000 -0.060 -0.059
       20  0.00000   0.000  0.000  0.000  0.000  0.000  0.000  1.000  0.000  0.000  0.000  0.000  0.000  0.000
       21  0.18905  -0.030 -0.049  0.103 -0.110  0.084 -0.018  0.000  1.000 -0.066  0.020  0.035  0.024 -0.001
       22  0.14646   0.110 -0.018 -0.021 -0.009 -0.004  0.010  0.000 -0.066  1.000  0.020  0.055 -0.011  0.003
       23  0.15057  -0.102  0.031 -0.061 -0.036  0.023 -0.013  0.000  0.020  0.020  1.000 -0.035  0.004 -0.019
       24  0.16744   0.023 -0.052  0.061 -0.065 -0.122 -0.000  0.000  0.035  0.055 -0.035  1.000 -0.018 -0.011
       25  0.07156  -0.019 -0.007  0.011  0.009  0.015 -0.060  0.000  0.024 -0.011  0.004 -0.018  1.000  0.011
       27  0.07270   0.003 -0.001 -0.026  0.017 -0.014 -0.059  0.000 -0.001  0.003 -0.019 -0.011  0.011  1.000
MINUIT - FIT ONLY 2-CBO
 **********
 **   25 **RES 
 **********
                   PARAMETER   16  beta_vw RESTORED TO VARIABLE.
                   PARAMETER   14  alpha_vw RESTORED TO VARIABLE.
                   PARAMETER   11  alpha_y RESTORED TO VARIABLE.
                   PARAMETER    9  alpha_2CBO RESTORED TO VARIABLE.
                   PARAMETER    8  beta_CBO RESTORED TO VARIABLE.
 **********
 **   26 **FIX            0
 **********
 PARAMETER    0  IS UNDEFINED. IGNORED.
 **********
 **   27 **FIX            1
 **********
 **********
 **   28 **FIX            2
 **********
 PARAMETER    2  IS CONSTANT.   IGNORED.
 **********
 **   29 **FIX            3
 **********
 **********
 **   30 **FIX            4
 **********
 **********
 **   31 **FIX            5
 **********
 PARAMETER    5  IS CONSTANT.   IGNORED.
 **********
 **   32 **FIX            6
 **********
 **********
 **   33 **FIX            7
 **********
 PARAMETER    7  IS CONSTANT.   IGNORED.
 **********
 **   34 **FIX           10
 **********
 **********
 **   35 **FIX           11
 **********
 **********
 **   36 **FIX           12
 **********
 PARAMETER   12  IS CONSTANT.   IGNORED.
 **********
 **   37 **FIX           13
 **********
 **********
 **   38 **FIX           14
 **********
 **********
 **   39 **FIX           15
 **********
 PARAMETER   15  IS CONSTANT.   IGNORED.
 **********
 **   40 **FIX           16
 **********
 **********
 **   41 **MIGRAD
 **********
 START MIGRAD MINIMIZATION.  STRATEGY  1.  CONVERGENCE WHEN EDM .LT. 1.00e-04
 FCN=20619.5 FROM MIGRAD    STATUS=INITIATE      515 CALLS        2397 TOTAL
                     EDM= unknown      STRATEGY= 1      NO ERROR MATRIX       
  EXT PARAMETER               CURRENT GUESS       STEP         FIRST   
  NO.   NAME      VALUE            ERROR          SIZE      DERIVATIVE 
   1  N0           2.91060e+06     fixed    
   2  tau          6.44021e+01   constant   
   3  A0           3.56355e-01     fixed    
   4  phi          4.11553e+00     fixed    
   5  R           -6.13652e+01   constant   
   6  alpha_CBO    1.05767e-03     fixed    
   7  w_CBO        2.32643e+00   constant   
   8  beta_CBO     0.00000e+00   1.00000e-03   0.00000e+00   3.44633e+06
   9  alpha_2CBO   0.00000e+00   1.00000e-03   0.00000e+00   1.10752e+05
  10  beta_2CBO   -1.31654e-04     fixed    
  11  alpha_y      0.00000e+00     fixed    
  12  w_y          1.38965e+01   constant   
  13  beta_y       3.41694e-03     fixed    
  14  alpha_vw     0.00000e+00     fixed    
  15  w_vw         1.43195e+01   constant   
  16  beta_vw      0.00000e+00     fixed    
  17  LM          -9.38806e-05   constant   
  18  zeta_y       0.00000e+00   constant   
  19  zeta_vw      0.00000e+00   constant   
  20  T_CBO        1.00000e+02   5.20646e+02   0.00000e+00   0.00000e+00
  21  alpha_A0     2.53268e-05   2.79509e-04   0.00000e+00   1.78780e+00
  22  beta_A0     -6.82663e-03   2.70415e-04   0.00000e+00  -1.76743e+00
  23  alpha_phi    2.84667e-03   2.71976e-04   0.00000e+00  -5.05674e+00
  24  beta_phi    -7.88188e-03   2.87774e-04   0.00000e+00   7.58524e-01
  25  alpha_xy    -2.92427e-04   7.23860e-05   0.00000e+00   4.46235e+00
  26  w_xy         1.20754e+01   constant   
  27  beta_xy      2.24498e-04   7.14867e-05   0.00000e+00  -4.75437e+00
 MIGRAD MINIMIZATION HAS CONVERGED.
 FCN=4923.26 FROM MIGRAD    STATUS=CONVERGED     630 CALLS        2512 TOTAL
                     EDM=5.13539e-08    STRATEGY= 1  ERROR MATRIX UNCERTAINTY   1.6 per cent
  EXT PARAMETER                                   STEP         FIRST   
  NO.   NAME      VALUE            ERROR          SIZE      DERIVATIVE 
   1  N0           2.91060e+06     fixed    
   2  tau          6.44021e+01   constant   
   3  A0           3.56355e-01     fixed    
   4  phi          4.11553e+00     fixed    
   5  R           -6.13652e+01   constant   
   6  alpha_CBO    1.05767e-03     fixed    
   7  w_CBO        2.32643e+00   constant   
   8  beta_CBO    -9.11256e-03   7.27736e-05   1.24361e-08   4.14656e-03
   9  alpha_2CBO   7.22526e-05   7.24953e-05   2.42851e-07   2.60751e+00
  10  beta_2CBO   -1.31654e-04     fixed    
  11  alpha_y      0.00000e+00     fixed    
  12  w_y          1.38965e+01   constant   
  13  beta_y       3.41694e-03     fixed    
  14  alpha_vw     0.00000e+00     fixed    
  15  w_vw         1.43195e+01   constant   
  16  beta_vw      0.00000e+00     fixed    
  17  LM          -9.38806e-05   constant   
  18  zeta_y       0.00000e+00   constant   
  19  zeta_vw      0.00000e+00   constant   
  20  T_CBO        1.00000e+02   5.20646e+02  -0.00000e+00   0.00000e+00
  21  alpha_A0     8.00127e-04   2.73360e-04  -8.82367e-07  -6.87947e-01
  22  beta_A0     -6.18754e-03   2.78622e-04  -5.44109e-07   2.85048e-01
  23  alpha_phi    3.19502e-03   2.89501e-04   1.58971e-07   1.03264e-01
  24  beta_phi    -2.69799e-03   2.83801e-04  -2.42626e-07  -4.52294e-01
  25  alpha_xy    -2.37700e-04   7.14642e-05   2.18917e-08   3.24592e+00
  26  w_xy         1.20754e+01   constant   
  27  beta_xy      2.74560e-04   7.08934e-05   5.42210e-08   2.86240e+00
 EXTERNAL ERROR MATRIX.    NDIM=  28    NPAR=  9    ERR DEF=1
  5.296e-09 -2.077e-10  0.000e+00 -5.046e-10 -3.289e-10 -8.903e-11 -3.031e-09 -3.430e-11 -3.293e-11 
 -2.077e-10  5.256e-09  0.000e+00  1.269e-09 -2.832e-09 -3.026e-09  2.183e-10 -1.061e-10  7.641e-11 
  0.000e+00  0.000e+00  1.800e+05  0.000e+00  0.000e+00  0.000e+00  0.000e+00  0.000e+00  0.000e+00 
 -5.046e-10  1.269e-09  0.000e+00  7.473e-08  1.600e-09 -8.237e-09  1.887e-09  3.701e-10 -2.029e-10 
 -3.289e-10 -2.832e-09  0.000e+00  1.600e-09  7.763e-08  1.716e-09  2.259e-09 -1.138e-10  2.295e-10 
 -8.903e-11 -3.026e-09  0.000e+00 -8.237e-09  1.716e-09  8.381e-08 -7.258e-09 -2.778e-10  3.869e-11 
 -3.031e-09  2.183e-10  0.000e+00  1.887e-09  2.259e-09 -7.258e-09  8.054e-08  1.083e-10 -3.666e-10 
 -3.430e-11 -1.061e-10  0.000e+00  3.701e-10 -1.138e-10 -2.778e-10  1.083e-10  5.107e-09 -4.022e-12 
 -3.293e-11  7.641e-11  0.000e+00 -2.029e-10  2.295e-10  3.869e-11 -3.666e-10 -4.022e-12  5.026e-09 
 PARAMETER  CORRELATION COEFFICIENTS  
       NO.  GLOBAL      8      9     20     21     22     23     24     25     27
        8  0.15609   1.000 -0.039  0.000 -0.025 -0.016 -0.004 -0.147 -0.007 -0.006
        9  0.21195  -0.039  1.000  0.000  0.064 -0.140 -0.144  0.011 -0.020  0.015
       20  0.00000   0.000  0.000  1.000  0.000  0.000  0.000  0.000  0.000  0.000
       21  0.12390  -0.025  0.064  0.000  1.000  0.021 -0.104  0.024  0.019 -0.010
       22  0.14845  -0.016 -0.140  0.000  0.021  1.000  0.021  0.029 -0.006  0.012
       23  0.19448  -0.004 -0.144  0.000 -0.104  0.021  1.000 -0.088 -0.013  0.002
       24  0.17537  -0.147  0.011  0.000  0.024  0.029 -0.088  1.000  0.005 -0.018
       25  0.03456  -0.007 -0.020  0.000  0.019 -0.006 -0.013  0.005  1.000 -0.001
       27  0.03117  -0.006  0.015  0.000 -0.010  0.012  0.002 -0.018 -0.001  1.000
MINUIT - FIT wiggle + 1-CBO + 2-CBO
 **********
 **   42 **RES 
 **********
                   PARAMETER   16  beta_vw RESTORED TO VARIABLE.
                   PARAMETER   14  alpha_vw RESTORED TO VARIABLE.
                   PARAMETER   13  beta_y RESTORED TO VARIABLE.
                   PARAMETER   11  alpha_y RESTORED TO VARIABLE.
                   PARAMETER   10  beta_2CBO RESTORED TO VARIABLE.
                   PARAMETER    6  alpha_CBO RESTORED TO VARIABLE.
                   PARAMETER    4  phi RESTORED TO VARIABLE.
                   PARAMETER    3  A0 RESTORED TO VARIABLE.
                   PARAMETER    1  N0 RESTORED TO VARIABLE.
 **********
 **   43 **FIX           10
 **********
 **********
 **   44 **FIX           11
 **********
 **********
 **   45 **FIX           12
 **********
 PARAMETER   12  IS CONSTANT.   IGNORED.
 **********
 **   46 **FIX           13
 **********
 **********
 **   47 **FIX           14
 **********
 **********
 **   48 **FIX           15
 **********
 PARAMETER   15  IS CONSTANT.   IGNORED.
 **********
 **   49 **FIX           16
 **********
 **********
 **   50 **MIGRAD
 **********
 START MIGRAD MINIMIZATION.  STRATEGY  1.  CONVERGENCE WHEN EDM .LT. 1.00e-04
 FCN=4923.26 FROM MIGRAD    STATUS=INITIATE      951 CALLS        3463 TOTAL
                     EDM= unknown      STRATEGY= 1      NO ERROR MATRIX       
  EXT PARAMETER               CURRENT GUESS       STEP         FIRST   
  NO.   NAME      VALUE            ERROR          SIZE      DERIVATIVE 
   1  N0           2.91060e+06   1.44413e+02   0.00000e+00   1.39245e-01
   2  tau          6.44021e+01   constant   
   3  A0           3.56355e-01   7.03755e-05   0.00000e+00   8.41608e+05
   4  phi          4.11553e+00   2.12244e-04   0.00000e+00   4.93171e+03
   5  R           -6.13652e+01   constant   
   6  alpha_CBO    1.05767e-03   7.32587e-05   0.00000e+00  -1.27519e+05
   7  w_CBO        2.32643e+00   constant   
   8  beta_CBO    -9.11256e-03   7.27736e-05   0.00000e+00   4.12772e-03
   9  alpha_2CBO   7.22526e-05   7.24953e-05   0.00000e+00   2.60750e+00
  10  beta_2CBO   -1.31654e-04     fixed    
  11  alpha_y      0.00000e+00     fixed    
  12  w_y          1.38965e+01   constant   
  13  beta_y       3.41694e-03     fixed    
  14  alpha_vw     0.00000e+00     fixed    
  15  w_vw         1.43195e+01   constant   
  16  beta_vw      0.00000e+00     fixed    
  17  LM          -9.38806e-05   constant   
  18  zeta_y       0.00000e+00   constant   
  19  zeta_vw      0.00000e+00   constant   
  20  T_CBO        1.00000e+02   5.20646e+02   0.00000e+00   0.00000e+00
  21  alpha_A0     8.00127e-04   2.73360e-04   0.00000e+00  -6.87946e-01
  22  beta_A0     -6.18754e-03   2.78622e-04   0.00000e+00   2.85053e-01
  23  alpha_phi    3.19502e-03   2.89501e-04   0.00000e+00   1.03270e-01
  24  beta_phi    -2.69799e-03   2.83801e-04   0.00000e+00  -4.52312e-01
  25  alpha_xy    -2.37700e-04   7.14642e-05   0.00000e+00   3.24591e+00
  26  w_xy         1.20754e+01   constant   
  27  beta_xy      2.74560e-04   7.08934e-05   0.00000e+00   2.86240e+00
 MIGRAD MINIMIZATION HAS CONVERGED.
 FCN=3908.21 FROM MIGRAD    STATUS=CONVERGED    1145 CALLS        3657 TOTAL
                     EDM=3.17029e-07    STRATEGY= 1  ERROR MATRIX UNCERTAINTY   1.8 per cent
  EXT PARAMETER                                   STEP         FIRST   
  NO.   NAME      VALUE            ERROR          SIZE      DERIVATIVE 
   1  N0           2.90927e+06   1.58492e+02   4.25625e-01   2.83691e-06
   2  tau          6.44021e+01   constant   
   3  A0           3.54188e-01   7.34326e-05  -1.47686e-07   2.34056e+00
   4  phi          4.11588e+00   2.13800e-04  -3.76253e-08   2.04529e+00
   5  R           -6.13652e+01   constant   
   6  alpha_CBO    1.24551e-03   7.28945e-05   2.22699e-07   2.31018e+00
   7  w_CBO        2.32643e+00   constant   
   8  beta_CBO    -9.71055e-03   7.52122e-05  -9.53486e-08  -5.52039e-01
   9  alpha_2CBO   2.19887e-04   7.09449e-05  -1.49629e-07  -7.89224e+00
  10  beta_2CBO   -1.31654e-04     fixed    
  11  alpha_y      0.00000e+00     fixed    
  12  w_y          1.38965e+01   constant   
  13  beta_y       3.41694e-03     fixed    
  14  alpha_vw     0.00000e+00     fixed    
  15  w_vw         1.43195e+01   constant   
  16  beta_vw      0.00000e+00     fixed    
  17  LM          -9.38806e-05   constant   
  18  zeta_y       0.00000e+00   constant   
  19  zeta_vw      0.00000e+00   constant   
  20  T_CBO        1.00000e+02   5.20646e+02  -0.00000e+00   0.00000e+00
  21  alpha_A0     1.82696e-03   2.88226e-04  -8.55278e-07  -6.37529e-01
  22  beta_A0     -6.04656e-03   2.92576e-04   3.79335e-08  -1.73341e-01
  23  alpha_phi    2.44856e-03   2.95438e-04  -2.21238e-07   3.05086e-03
  24  beta_phi    -1.55798e-03   2.89726e-04   3.85296e-07   5.97926e-01
  25  alpha_xy    -1.71171e-04   7.17024e-05  -1.91835e-08   3.19928e+00
  26  w_xy         1.20754e+01   constant   
  27  beta_xy      2.51033e-04   7.11291e-05   2.69869e-08   8.35555e+00
 EXTERNAL ERROR MATRIX.    NDIM=  28    NPAR= 13    ERR DEF=1
 ELEMENTS ABOVE DIAGONAL ARE NOT PRINTED.
  2.512e+04 
 -9.321e-04  5.392e-09 
 -5.374e-03 -4.987e-10  4.571e-08 
 -1.003e-05  3.667e-10 -2.415e-09  5.314e-09 
  8.746e-04  1.271e-09 -2.791e-10 -1.224e-10  5.657e-09 
 -1.568e-04 -4.191e-10  1.490e-09 -3.476e-10 -3.188e-10  5.033e-09 
  0.000e+00  0.000e+00  0.000e+00  0.000e+00  0.000e+00  0.000e+00  1.800e+05 
  3.834e-03 -3.277e-09  6.570e-09 -1.384e-09 -1.056e-09  7.867e-10  0.000e+00  8.307e-08 
  9.574e-03 -1.610e-09 -4.772e-09  1.711e-09 -3.815e-10 -6.687e-10  0.000e+00  1.602e-09  8.560e-08 
 -1.115e-02  3.478e-09 -8.349e-10 -9.497e-10  3.328e-10 -1.774e-09  0.000e+00 -1.152e-08 -8.943e-09  8.728e-08 
  1.589e-03 -3.088e-09  3.419e-09 -7.221e-10 -3.693e-09  4.813e-10  0.000e+00  5.034e-09  1.105e-09 -1.019e-08  8.394e-08 
 -9.362e-05 -1.203e-10  5.759e-12  1.190e-12 -7.433e-11 -3.987e-12  0.000e+00  6.374e-11  3.714e-11 -1.396e-10  8.417e-11 
 -9.362e-05 -1.203e-10  5.759e-12  1.190e-12 -7.433e-11 -3.987e-12  0.000e+00  6.374e-11  3.714e-11 -1.396e-10  8.417e-11  5.141e-09 
 -2.322e-05  1.133e-10 -3.262e-10  1.786e-11 -9.599e-12  1.510e-12  0.000e+00 -1.770e-11  1.320e-10  2.467e-10 -4.315e-10 
 -2.322e-05  1.133e-10 -3.262e-10  1.786e-11 -9.599e-12  1.510e-12  0.000e+00 -1.770e-11  1.320e-10  2.467e-10 -4.315e-10  5.227e-12  5.059e-09 
 PARAMETER  CORRELATION COEFFICIENTS  
       NO.  GLOBAL      1      3      4      6      8      9     20     21     22     23     24     25     27
        1  0.35699   1.000 -0.080 -0.159 -0.001  0.073 -0.014  0.000  0.084  0.206 -0.238  0.035 -0.008 -0.002
        3  0.33669  -0.080  1.000 -0.032  0.069  0.230 -0.080  0.000 -0.155 -0.075  0.160 -0.145 -0.023  0.022
        4  0.27043  -0.159 -0.032  1.000 -0.155 -0.017  0.098  0.000  0.107 -0.076 -0.013  0.055  0.000 -0.021
        6  0.21234  -0.001  0.069 -0.155  1.000 -0.022 -0.067  0.000 -0.066  0.080 -0.044 -0.034  0.000  0.003
        8  0.29277   0.073  0.230 -0.017 -0.022  1.000 -0.060  0.000 -0.049 -0.017  0.015 -0.169 -0.014 -0.002
        9  0.16452  -0.014 -0.080  0.098 -0.067 -0.060  1.000  0.000  0.038 -0.032 -0.085  0.023 -0.001  0.000
       20  0.00000   0.000  0.000  0.000  0.000  0.000  0.000  1.000  0.000  0.000  0.000  0.000  0.000  0.000
       21  0.23203   0.084 -0.155  0.107 -0.066 -0.049  0.038  0.000  1.000  0.019 -0.135  0.060  0.003 -0.001
       22  0.24025   0.206 -0.075 -0.076  0.080 -0.017 -0.032  0.000  0.019  1.000 -0.103  0.013  0.002  0.006
       23  0.32744  -0.238  0.160 -0.013 -0.044  0.015 -0.085  0.000 -0.135 -0.103  1.000 -0.119 -0.007  0.012
       24  0.23440   0.035 -0.145  0.055 -0.034 -0.169  0.023  0.000  0.060  0.013 -0.119  1.000  0.004 -0.021
       25  0.02714  -0.008 -0.023  0.000  0.000 -0.014 -0.001  0.000  0.003  0.002 -0.007  0.004  1.000  0.001
       27  0.03791  -0.002  0.022 -0.021  0.003 -0.002  0.000  0.000 -0.001  0.006  0.012 -0.021  0.001  1.000
MINUIT - FIT ONLY 1-y
 **********
 **   51 **RES 
 **********
                   PARAMETER   16  beta_vw RESTORED TO VARIABLE.
                   PARAMETER   14  alpha_vw RESTORED TO VARIABLE.
                   PARAMETER   13  beta_y RESTORED TO VARIABLE.
                   PARAMETER   11  alpha_y RESTORED TO VARIABLE.
                   PARAMETER   10  beta_2CBO RESTORED TO VARIABLE.
 **********
 **   52 **FIX            0
 **********
 PARAMETER    0  IS UNDEFINED. IGNORED.
 **********
 **   53 **FIX            1
 **********
 **********
 **   54 **FIX            2
 **********
 PARAMETER    2  IS CONSTANT.   IGNORED.
 **********
 **   55 **FIX            3
 **********
 **********
 **   56 **FIX            4
 **********
 **********
 **   57 **FIX            5
 **********
 PARAMETER    5  IS CONSTANT.   IGNORED.
 **********
 **   58 **FIX            6
 **********
 **********
 **   59 **FIX            7
 **********
 PARAMETER    7  IS CONSTANT.   IGNORED.
 **********
 **   60 **FIX            8
 **********
 **********
 **   61 **FIX            9
 **********
 **********
 **   62 **FIX           13
 **********
 **********
 **   63 **FIX           14
 **********
 **********
 **   64 **FIX           15
 **********
 PARAMETER   15  IS CONSTANT.   IGNORED.
 **********
 **   65 **FIX           16
 **********
 **********
 **   66 **MIGRAD
 **********
 START MIGRAD MINIMIZATION.  STRATEGY  1.  CONVERGENCE WHEN EDM .LT. 1.00e-04
 FCN=3908.21 FROM MIGRAD    STATUS=INITIATE      513 CALLS        4170 TOTAL
                     EDM= unknown      STRATEGY= 1      NO ERROR MATRIX       
  EXT PARAMETER               CURRENT GUESS       STEP         FIRST   
  NO.   NAME      VALUE            ERROR          SIZE      DERIVATIVE 
   1  N0           2.90927e+06     fixed    
   2  tau          6.44021e+01   constant   
   3  A0           3.54188e-01     fixed    
   4  phi          4.11588e+00     fixed    
   5  R           -6.13652e+01   constant   
   6  alpha_CBO    1.24551e-03     fixed    
   7  w_CBO        2.32643e+00   constant   
   8  beta_CBO    -9.71055e-03     fixed    
   9  alpha_2CBO   2.19887e-04     fixed    
  10  beta_2CBO   -1.31654e-04   7.43628e-05   0.00000e+00  -1.30097e+05
  11  alpha_y      0.00000e+00   1.00000e-03   0.00000e+00   7.91180e+05
  12  w_y          1.38965e+01   constant   
  13  beta_y       3.41694e-03     fixed    
  14  alpha_vw     0.00000e+00     fixed    
  15  w_vw         1.43195e+01   constant   
  16  beta_vw      0.00000e+00     fixed    
  17  LM          -9.38806e-05   constant   
  18  zeta_y       0.00000e+00   constant   
  19  zeta_vw      0.00000e+00   constant   
  20  T_CBO        1.00000e+02   5.20646e+02   0.00000e+00   0.00000e+00
  21  alpha_A0     1.82696e-03   2.88226e-04   0.00000e+00  -6.37524e-01
  22  beta_A0     -6.04656e-03   2.92576e-04   0.00000e+00  -1.73338e-01
  23  alpha_phi    2.44856e-03   2.95438e-04   0.00000e+00   3.07894e-03
  24  beta_phi    -1.55798e-03   2.89726e-04   0.00000e+00   5.97914e-01
  25  alpha_xy    -1.71171e-04   7.17024e-05   0.00000e+00   3.19929e+00
  26  w_xy         1.20754e+01   constant   
  27  beta_xy      2.51033e-04   7.11291e-05   0.00000e+00   8.35555e+00
 MIGRAD MINIMIZATION HAS CONVERGED.
 MIGRAD WILL VERIFY CONVERGENCE AND ERROR MATRIX.
  MNHESS FAILS AND WILL RETURN DIAGONAL MATRIX. 
 FCN=3075.97 FROM MIGRAD    STATUS=CONVERGED     597 CALLS        4254 TOTAL
                     EDM=6.34967e-06    STRATEGY= 1  ERROR MATRIX UNCERTAINTY 100.0 per cent
  EXT PARAMETER                APPROXIMATE        STEP         FIRST   
  NO.   NAME      VALUE            ERROR          SIZE      DERIVATIVE 
   1  N0           2.90927e+06     fixed    
   2  tau          6.44021e+01   constant   
   3  A0           3.54188e-01     fixed    
   4  phi          4.11588e+00     fixed    
   5  R           -6.13652e+01   constant   
   6  alpha_CBO    1.24551e-03     fixed    
   7  w_CBO        2.32643e+00   constant   
   8  beta_CBO    -9.71055e-03     fixed    
   9  alpha_2CBO   2.19887e-04     fixed    
  10  beta_2CBO    2.11835e-04   7.21212e-05   1.95341e-06  -3.75067e+01
  11  alpha_y     -2.04729e-03   7.17763e-05   1.94407e-06  -6.06177e+00
  12  w_y          1.38965e+01   constant   
  13  beta_y       3.41694e-03     fixed    
  14  alpha_vw     0.00000e+00     fixed    
  15  w_vw         1.43195e+01   constant   
  16  beta_vw      0.00000e+00     fixed    
  17  LM          -9.38806e-05   constant   
  18  zeta_y       0.00000e+00   constant   
  19  zeta_vw      0.00000e+00   constant   
  20  T_CBO        1.00000e+02   7.59439e+02  -0.00000e+00   0.00000e+00
  21  alpha_A0     1.99163e-03   2.73155e-04   5.27374e-06   2.71519e-01
  22  beta_A0     -6.05972e-03   2.76843e-04   1.34686e-06  -7.76581e+00
  23  alpha_phi    2.43520e-03   2.84804e-04  -2.08073e-06  -4.95296e+00
  24  beta_phi    -1.58696e-03   2.81039e-04  -2.51427e-06   2.97551e+00
  25  alpha_xy    -1.26357e-04   7.16731e-05  -9.54053e-08  -2.33683e+01
  26  w_xy         1.20754e+01   constant   
  27  beta_xy      1.13002e-04   7.13088e-05   4.07478e-07  -1.31101e+01
 EXTERNAL ERROR MATRIX.    NDIM=  28    NPAR=  9    ERR DEF=1
  5.201e-09  0.000e+00  0.000e+00  0.000e+00  0.000e+00  0.000e+00  0.000e+00  0.000e+00  0.000e+00 
  0.000e+00  5.152e-09  0.000e+00  0.000e+00  0.000e+00  0.000e+00  0.000e+00  0.000e+00  0.000e+00 
  0.000e+00  0.000e+00  5.421e+05  0.000e+00  0.000e+00  0.000e+00  0.000e+00  0.000e+00  0.000e+00 
  0.000e+00  0.000e+00  0.000e+00  7.461e-08  0.000e+00  0.000e+00  0.000e+00  0.000e+00  0.000e+00 
  0.000e+00  0.000e+00  0.000e+00  0.000e+00  7.664e-08  0.000e+00  0.000e+00  0.000e+00  0.000e+00 
  0.000e+00  0.000e+00  0.000e+00  0.000e+00  0.000e+00  8.111e-08  0.000e+00  0.000e+00  0.000e+00 
  0.000e+00  0.000e+00  0.000e+00  0.000e+00  0.000e+00  0.000e+00  7.898e-08  0.000e+00  0.000e+00 
  0.000e+00  0.000e+00  0.000e+00  0.000e+00  0.000e+00  0.000e+00  0.000e+00  5.137e-09  0.000e+00 
  0.000e+00  0.000e+00  0.000e+00  0.000e+00  0.000e+00  0.000e+00  0.000e+00  0.000e+00  5.085e-09 
ERR MATRIX APPROXIMATE
 PARAMETER  CORRELATION COEFFICIENTS  
       NO.  GLOBAL     10     11     20     21     22     23     24     25     27
       10  0.00000   1.000  0.000  0.000  0.000  0.000  0.000  0.000  0.000  0.000
       11  0.00000   0.000  1.000  0.000  0.000  0.000  0.000  0.000  0.000  0.000
       20  0.00000   0.000  0.000  1.000  0.000  0.000  0.000  0.000  0.000  0.000
       21  0.00000   0.000  0.000  0.000  1.000  0.000  0.000  0.000  0.000  0.000
       22  0.00000   0.000  0.000  0.000  0.000  1.000  0.000  0.000  0.000  0.000
       23  0.00000   0.000  0.000  0.000  0.000  0.000  1.000  0.000  0.000  0.000
       24  0.00000   0.000  0.000  0.000  0.000  0.000  0.000  1.000  0.000  0.000
       25  0.00000   0.000  0.000  0.000  0.000  0.000  0.000  0.000  1.000  0.000
       27  0.00000   0.000  0.000  0.000  0.000  0.000  0.000  0.000  0.000  1.000
 ERR MATRIX APPROXIMATE
MINUIT - FIT ONLY 2-y
 **********
 **   67 **RES 
 **********
                   PARAMETER   16  beta_vw RESTORED TO VARIABLE.
                   PARAMETER   14  alpha_vw RESTORED TO VARIABLE.
                   PARAMETER   13  beta_y RESTORED TO VARIABLE.
                   PARAMETER    9  alpha_2CBO RESTORED TO VARIABLE.
